-- 1st mean values --
Format: XTAB(V:1;HEAD:2;COL:TCFFFFFFFFFFFFFFFFFFFFFFFF)
StartTime: 2015/05/27 00:00:00
EndTime: 2015/05/28 00:00:00
Period: 24 h
Station: Gia Lam

Time	MeasPt	Wind Spd.	Wind Dir.	Temp	RH	Barometer	Radiation	InnerTemp	NO	NO2	NOx	SO2	CO	O3	PM-10	PM-2.5	PM-1	CH4	NMHC	THC	BENZEN	TOLUEN	ETHYL BENZEN	MP-XYLEN	O-XYLEN
		m/s	degree	°C	%	hPa	W/m²	°C	µg/m3	µg/m3	µg/m3	µg/m3	µg/m3	µg/m3	µg/m3	µg/m3	µg/m3	ppm	ppmC	ppmC	ug/m3	ug/m3	ug/m3	ug/m3	ug/m3
2015/05/27 00:05:00		3.18962	148.422	30.7104	63.213	1001.72	1.18854	26.6366	4.60737	19.0611	23.6685	50.56	557.71	31.2807							0.0	0.0	0.0	0.0	0.0
2015/05/27 00:10:00		2.00062	143.382	30.7115	63.519	1001.67	1.15208	26.5684	4.6565	19.2905	23.947	50.703	528.75	25.6231							0.0	0.0	0.0	0.0	0.0
2015/05/27 00:15:00		3.13813	141.195	30.7099	63.848	1001.7	1.15208	26.4766	4.63193	16.1239	20.7558	50.875	509.17	22.4229							0.0	0.0	0.0	0.0	0.0
2015/05/27 00:20:00		2.43271	137.849	30.6391	64.07	1001.68	1.13021	26.4076	0.263533	0.02054	0.284073	50.384	483.958	20.7335							0.0	0.0	0.0	0.0	0.0
2015/05/27 00:25:00		3.28362	132.617	30.613	64.233	1001.6	1.17396	26.4011	0.158567	0.23621	0.394777	49.3684	472.292	21.8515							0.0	0.0	0.0	0.0	0.0
2015/05/27 00:30:00		3.28911	136.565	30.6172	64.484	1001.53	1.14479	26.5209	18.2776	0.558	18.8356	48.887	455.625	20.3228							0.0	0.0	0.0	0.0	0.0
2015/05/27 00:35:00		2.60191	139.319	30.6099	64.588	1001.52	1.17396	26.6506	219.865	10.0988	229.964	48.6391	435.0	21.5086							0.0	0.0	0.0	0.0	0.0
2015/05/27 00:40:00		2.0429	137.24	30.613	64.685	1001.53	1.1375	26.755	215.186	9.6641	224.85	47.8526	411.458	22.6444							0.0	0.0	0.0	0.0	0.0
2015/05/27 00:45:00		2.27159	131.939	30.5375	64.991	1001.51	1.16667	26.8401	217.163	7.1924	224.355	48.1004	411.458	22.3801							0.0	0.0	0.0	0.0	0.0
2015/05/27 00:50:00		2.73897	140.29	30.5021	65.227	1001.43	1.17396	26.9037	197.701	4.577	202.278	48.2196	394.375	22.0943							0.0	0.0	0.0	0.0	0.0
2015/05/27 00:55:00		2.77368	146.727	30.5036	65.519	1001.33	1.21042	26.9612	6.1685	18.6298	24.7983	48.3674	363.958	22.1658							0.0	0.0	0.0	0.0	0.0
2015/05/27 01:00:00		2.60065	150.517	30.5052	65.666	1001.37	1.20313	27.0012	3.82793	18.6811	22.5091	49.4589	340.833	21.7872							0.0	0.0	0.0	0.0	0.0
2015/05/27 01:05:00		1.4893	145.006	30.5031	65.707	1001.37	1.11563	27.0232	8.0422	21.276	29.3182	50.064	340.208	21.6586							0.0	0.0	0.0	0.0	0.0
2015/05/27 01:10:00		1.91281	148.964	30.5057	65.802	1001.32	1.16667	27.0533	8.5135	28.9066	37.4201	50.45	347.292	21.48							0.0	0.0	0.0	0.0	0.0
2015/05/27 01:15:00		2.12234	144.019	30.5026	65.856	1001.28	1.12292	27.0613	5.9362	23.7887	29.7249	51.599	349.375	21.3871							0.0	0.0	0.0	0.0	0.0
2015/05/27 01:20:00		1.83069	150.494	30.5042	66.026	1001.21	1.1375	27.0739	8.9333	29.2661	38.1994	51.766	336.25	21.0621							0.0	0.0	0.0	0.0	0.0
2015/05/27 01:25:00		1.75406	142.607	30.5078	66.18	1001.14	1.15937	27.0809	6.3583	27.5544	33.9127	52.729	336.667	21.0764							0.0	0.0	0.0	0.0	0.0
2015/05/27 01:30:00		2.09116	150.761	30.5052	66.186	1001.07	1.23229	27.0919	3.40137	22.4023	25.8037	52.729	332.917	21.1871							0.0	0.0	0.0	0.0	0.0
2015/05/27 01:35:00		2.24743	148.048	30.4479	66.261	1000.97	1.19583	27.0884	3.26067	21.7142	24.9749	53.153	326.667	21.105							0.0	0.0	0.0	0.0	0.0
2015/05/27 01:40:00		2.58065	147.515	30.5016	66.336	1000.9	1.13021	27.0893	3.08647	19.8279	22.9144	53.239	321.25	21.4979							0.0	0.0	0.0	0.0	0.0
2015/05/27 01:45:00		1.96181	147.887	30.5052	66.286	1000.82	1.23229	27.0935	4.89323	23.5046	28.3978	53.115	324.792	21.0193							0.0	0.0	0.0	0.0	0.0
2015/05/27 01:50:00		2.24959	144.487	30.5068	66.276	1000.73	1.18125	27.0968	4.83517	25.0828	29.9179	53.005	317.917	20.805							0.0	0.0	0.0	0.0	0.0
2015/05/27 01:55:00		2.78367	143.966	30.5063	66.253	1000.73	1.14479	27.0946	4.30587	24.1961	28.502	53.263	307.083	21.2371							0.0	0.0	0.0	0.0	0.0
2015/05/27 02:00:00		2.12532	154.134	30.5063	66.155	1000.73	1.17396	27.0995	3.14677	22.1969	25.3437	53.353	284.583	20.0156							0.0	0.0	0.0	0.0	0.0
2015/05/27 02:05:00		2.30982	144.314	30.5031	66.174	1000.68	1.15208	27.0986	2.8207	20.5879	23.4086	53.411	272.292	20.4585							0.0	0.0	0.0	0.0	0.0
2015/05/27 02:10:00		1.72825	137.301	30.5021	66.343	1000.67	1.15937	27.0957	2.4254	21.4985	23.9239	52.767	262.5	20.1049							0.0	0.0	0.0	0.0	0.0
2015/05/27 02:15:00		1.99952	144.149	30.5031	66.461	1000.65	1.18854	27.1013	2.91897	20.1258	23.0447	53.487	265.625	20.5621							0.0	0.0	0.0	0.0	0.0
2015/05/27 02:20:00		2.41709	134.747	30.5052	66.573	1000.61	1.17396	27.1164	4.00437	22.4468	26.4512	53.63	267.292	21.405							0.0	0.0	0.0	0.0	0.0
2015/05/27 02:25:00		2.45757	136.066	30.5089	66.631	1000.58	1.12292	27.1094	4.7838	25.36	30.1439	53.525	265.417	20.78							0.0	0.0	0.0	0.0	0.0
2015/05/27 02:30:00		1.76462	145.015	30.4844	66.679	1000.59	1.19583	27.1097	3.70733	22.6419	26.3493	52.853	251.042	20.4049							0.0	0.0	0.0	0.0	0.0
2015/05/27 02:35:00		2.14397	143.334	30.4036	66.869	1000.56	1.15208	27.1038	2.5929	19.2254	21.8183	53.444	236.042	21.1014							0.0	0.0	0.0	0.0	0.0
2015/05/27 02:40:00		1.72256	146.555	30.4068	66.978	1000.51	1.20313	27.118	3.44157	21.8717	25.3132	53.496	241.458	20.8478							0.0	0.0	0.0	0.0	0.0
2015/05/27 02:45:00		2.42543	145.479	30.4083	67.073	1000.46	1.14479	27.1239	3.74307	23.6997	27.4428	53.458	230.208	20.3942							0.0	0.0	0.0	0.0	0.0
2015/05/27 02:50:00		2.25657	146.386	30.4052	67.14	1000.43	1.13021	27.1255	5.59	23.1725	28.7626	53.787	220.833	20.1513							0.0	0.0	0.0	0.0	0.0
2015/05/27 02:55:00		2.22472	145.538	30.4094	67.214	1000.39	1.13021	27.1161	3.22717	22.4468	25.674	53.172	204.167	20.2835							0.0	0.0	0.0	0.0	0.0
2015/05/27 03:00:00		2.26732	146.104	30.3177	67.344	1000.41	1.17396	27.0973	2.3182	20.5503	22.8685	53.11	210.625	20.4585							0.0	0.0	0.0	0.0	0.0
2015/05/27 03:05:00		2.24001	146.159	30.3115	67.546	1000.45	1.16667	27.111	2.3785	20.1566	22.5351	53.52	207.917	20.6657							0.0	0.0	0.0	0.0	0.0
2015/05/27 03:10:00		1.83708	141.587	30.312	67.588	1000.51	1.1375	27.1083	2.06137	18.7119	20.7733	53.024	209.167	20.1763							0.0	0.0	0.0	0.0	0.0
2015/05/27 03:15:00		1.70447	144.961	30.3078	67.586	1000.54	1.18854	27.1091	1.96757	19.5233	21.4908	53.191	222.708	20.5764							0.0	0.0	0.0	0.0	0.0
2015/05/27 03:20:00		2.1273	142.208	30.3104	67.689	1000.58	1.12292	27.1091	2.28247	17.8321	20.1146	52.734	243.125	20.2228							0.0	0.0	0.0	0.0	0.0
2015/05/27 03:25:00		1.75153	144.698	30.3094	67.752	1000.63	1.15937	27.115	2.2445	19.8622	22.1067	53.296	246.042	20.855							0.0	0.0	0.0	0.0	0.0
2015/05/27 03:30:00		2.06072	139.539	30.3078	67.863	1000.62	1.18125	27.1089	3.02617	20.7351	23.7613	52.943	251.875	20.7228							0.0	0.0	0.0	0.0	0.0
2015/05/27 03:35:00		1.59577	149.523	30.3083	67.794	1000.62	1.11563	27.108	4.69893	25.1683	29.8673	53.053	275.625	20.3228							0.0	0.0	0.0	0.0	0.0
2015/05/27 03:40:00		1.90784	130.294	30.3073	67.863	1000.62	1.14479	27.0919	5.5789	22.974	28.5529	53.039	283.958	20.7335							0.0	0.0	0.0	0.0	0.0
2015/05/27 03:45:00		1.59325	136.466	30.3089	67.839	1000.6	1.13021	27.0766	9.3845	29.1634	38.5478	52.753	313.75	20.8264							0.0	0.0	0.0	0.0	0.0
2015/05/27 03:50:00		1.82651	146.352	30.3062	67.786	1000.61	1.21042	27.0836	6.2466	26.637	32.8836	52.862	325.417	21.2336							0.0	0.0	0.0	0.0	0.0
2015/05/27 03:55:00		1.68932	148.74	30.2672	67.854	1000.62	1.20313	27.0715	4.00883	23.1075	27.1163	52.786	332.708	21.2086							0.0	0.0	0.0	0.0	0.0
2015/05/27 04:00:00		1.72818	154.281	30.212	67.889	1000.63	1.16667	27.0374	2.93013	20.2456	23.1757	52.676	326.875	21.3693							0.0	0.0	0.0	0.0	0.0
2015/05/27 04:05:00		1.54278	148.197	30.2089	68.02	1000.62	1.15937	27.0302	3.19367	19.3795	22.5732	52.424	353.125	21.13							0.0	0.0	0.0	0.0	0.0
2015/05/27 04:10:00		1.46152	149.013	30.2109	68.098	1000.62	1.19583	27.0433	5.8	23.5696	29.3696	52.381	393.125	21.8836							0.0	0.0	0.0	0.0	0.0
2015/05/27 04:15:00		1.14646	143.018	30.1922	68.181	1000.63	1.1375	27.0482	3.9664	20.9371	24.9035	52.672	415.417	21.5764							0.0	0.0	0.0	0.0	0.0
2015/05/27 04:20:00		1.44719	137.049	30.113	68.192	1000.63	1.18854	27.0288	3.35447	19.9888	23.3433	52.104	423.125	21.105							0.0	0.0	0.0	0.0	0.0
2015/05/27 04:25:00		1.32531	137.418	30.1141	68.253	1000.66	1.1375	27.0015	3.9195	19.6431	23.5626	52.662	442.917	21.2336							0.0	0.0	0.0	0.0	0.0
2015/05/27 04:30:00		1.76178	148.219	30.1146	68.273	1000.71	1.18125	27.0036	5.695	23.6005	29.2955	52.028	478.75	21.3086							0.0	0.0	0.0	0.0	0.0
2015/05/27 04:35:00		1.77314	144.982	30.1172	68.314	1000.67	1.15937	27.0176	7.7206	25.0862	32.8068	52.004	502.5	22.1372							0.0	0.0	0.0	0.0	0.0
2015/05/27 04:40:00		1.73854	143.74	30.1167	68.155	1000.72	1.16667	27.0103	6.8563	26.2843	33.1407	51.876	524.58	22.4158							0.0	0.0	0.0	0.0	0.0
2015/05/27 04:45:00		1.64731	138.332	30.1146	68.116	1000.78	1.11563	26.9811	5.1568	25.0485	30.2053	51.866	546.46	21.73							0.0	0.0	0.0	0.0	0.0
2015/05/27 04:50:00		1.43979	142.245	30.1177	67.947	1000.78	1.14479	26.9644	6.8541	25.8188	32.6729	52.138	572.5	22.2265							0.0	0.0	0.0	0.0	0.0
2015/05/27 04:55:00		1.25156	133.16	30.1156	67.789	1000.88	1.15937	26.9703	6.3516	27.147	33.4986	52.028	609.38	21.7122							0.0	0.0	0.0	0.0	0.0
2015/05/27 05:00:00		1.19261	130.185	30.1135	67.782	1000.96	1.15937	26.976	8.8261	26.2159	35.042	51.633	713.13	23.0408							0.0	0.0	0.0	0.0	0.0
2015/05/27 05:05:00		1.56086	128.632	30.0141	67.786	1000.97	1.17396	26.9647	13.8467	29.0915	42.9382	51.518	773.96	23.6623							0.0	0.0	0.0	0.0	0.0
2015/05/27 05:10:00		2.01338	133.146	30.0042	67.898	1000.97	1.12292	26.9526	23.7202	32.8811	56.601	51.242	848.75	23.5766							0.0	0.0	0.0	0.0	0.0
2015/05/27 05:15:00		1.45117	146.391	30.1042	67.898	1001.0	1.12292	26.9582	18.9856	32.5114	51.497	50.918	901.04	23.2265							0.0	0.0	0.0	0.0	0.0
2015/05/27 05:20:00		1.77673	144.639	30.1099	67.811	1001.06	1.17396	26.9768	14.9723	30.4266	45.3988	51.094	934.79	25.9089							0.0	0.0	0.0	0.0	0.0
2015/05/27 05:25:00		1.42984	147.411	30.0276	67.724	1001.09	1.07917	26.9768	30.045	31.0359	61.081	50.975	1010.63	25.0088							0.0	0.0	0.0	0.0	0.0
2015/05/27 05:30:00		1.40026	145.884	30.0031	67.736	1001.12	1.18125	26.9531	21.6991	29.5091	51.208	51.089	1119.58	24.3338							0.0	0.0	0.0	0.0	0.0
2015/05/27 05:35:00		1.61747	151.899	30.0031	67.832	1001.13	1.15937	26.9421	31.6039	31.0291	62.633	51.351	1220.42	24.0052							0.0	0.0	0.0	0.0	0.0
2015/05/27 05:40:00		1.26321	143.938	30.0354	67.843	1001.14	1.15208	26.9386	56.642	33.5076	90.149	50.965	1297.92	26.241							0.0	0.0	0.0	0.0	0.0
2015/05/27 05:45:00		1.59297	144.14	30.0516	67.587	1001.23	1.19583	26.9263	41.741	32.7305	74.471	50.865	1412.5	26.3696							0.0	0.0	0.0	0.0	0.0
2015/05/27 05:50:00		0.95351	135.348	30.0875	67.588	1001.28	1.50208	26.9424	44.4657	31.5802	76.046	50.536	1642.5	24.6159							0.0	0.0	0.0	0.0	0.0
2015/05/27 05:55:00		1.32266	145.79	30.1151	67.499	1001.35	5.6948	26.9921	64.039	33.7849	97.823	50.86	1824.79	17.4083							0.0	0.0	0.0	0.0	0.0
2015/05/27 06:00:00		1.57561	142.012	30.1146	67.384	1001.36	10.6458	26.9598	55.371	31.3201	86.691	50.77	1984.79	21.7372							0.0	0.0	0.0	0.0	0.0
2015/05/27 06:05:00		1.09433	153.018	30.1141	67.483	1001.43	16.9385	26.9263	68.686	31.3304	100.016	50.536	2113.96	32.6593							0.0	0.0	0.0	0.0	0.0
2015/05/27 06:10:00		1.29489	134.059	30.1156	67.37	1001.43	22.4146	26.8546	88.634	31.1181	119.752	51.237	2195.21	34.4202							0.0	0.0	0.0	0.0	0.0
2015/05/27 06:15:00		1.22679	121.032	30.1167	67.108	1001.47	28.6854	26.7979	73.017	32.5456	105.562	51.418	2277.5	32.1021							0.0	0.0	0.0	0.0	0.0
2015/05/27 06:20:00		0.95475	127.417	30.1443	67.079	1001.51	39.7469	26.7539	85.108	34.8221	119.93	51.127	2320.83	33.1129							0.0	0.0	0.0	0.0	0.0
2015/05/27 06:25:00		0.66612	117.153	30.213	66.897	1001.54	50.138	26.6876	93.458	33.6206	127.079	50.96	2389.79	33.1201							0.0	0.0	0.0	0.0	0.0
2015/05/27 06:30:00		0.88586	104.594	30.213	66.634	1001.53	60.944	26.6116	76.521	30.9401	107.461	50.04	2590.83	33.0129							0.0	0.0	0.0	0.0	0.0
2015/05/27 06:35:00		0.81675	124.968	30.2479	66.285	1001.6	76.832	26.5783	93.26	31.3954	124.655	50.012	3425.83	31.5164							0.0	0.0	0.0	0.0	0.0
2015/05/27 06:40:00		0.80864	100.676	30.3068	66.078	1001.65	91.875	26.5574	66.274	31.0804	97.355	50.469	3846.25	31.5414							0.0	0.0	0.0	0.0	0.0
2015/05/27 06:45:00		0.96762	130.811	30.4	65.88	1001.64	106.407	26.5617	80.27	29.9199	110.19	49.9928	3797.5	33.8201							0.0	0.0	0.0	0.0	0.0
2015/05/27 06:50:00		1.02407	78.837	30.4828	65.645	1001.66	120.364	26.566	120.794	32.0287	152.823	49.9833	3607.5	34.3523							0.0	0.0	0.0	0.0	0.0
2015/05/27 06:55:00		0.98738	126.108	30.5589	65.537	1001.72	132.439	26.5896	110.353	33.915	144.268	50.531	3621.25	35.2738							0.0	0.0	0.0	0.0	0.0
2015/05/27 07:00:00		1.5809	124.245	30.649	65.44	1001.81	145.447	26.61	120.073	36.8898	156.963	50.231	3647.71	36.0524							0.0	0.0	0.0	0.0	0.0
2015/05/27 07:05:00		1.5348	131.309	30.7266	65.134	1001.88	160.497	26.6294	97.304	32.3984	129.703	50.736	3615.21	36.3453							0.0	0.0	0.0	0.0	0.0
2015/05/27 07:10:00		1.64382	139.102	30.813	64.621	1001.94	176.313	26.6393	104.743	32.6517	137.395	50.717	3607.29	36.106							0.0	0.0	0.0	0.0	0.0
2015/05/27 07:15:00		1.44445	117.313	30.9057	63.753	1002.0	191.581	26.678	127.972	35.6198	163.592	50.579	3629.38	36.2488							0.0	0.0	0.0	0.0	0.0
2015/05/27 07:20:00		1.64517	130.574	31.0151	63.078	1002.13	205.734	26.6994	142.478	41.4223	183.9	51.189	3823.33	36.7096							0.0	0.0	0.0	0.0	0.0
2015/05/27 07:25:00		1.86204	136.856	31.1568	62.484	1002.15	220.741	26.7333	160.197	39.6935	199.891	51.356	4027.71	37.1596							0.0	0.0	0.0	0.0	0.0
2015/05/27 07:30:00		1.74087	147.619	31.2667	61.629	1002.16	236.512	26.7424	147.701	40.8472	188.549	51.232	4178.75	38.0168							0.0	0.0	0.0	0.0	0.0
2015/05/27 07:35:00		1.34861	159.653	31.3984	60.992	1002.21	251.832	26.777	118.898	44.0206	162.919	51.447	4443.96	37.824							0.0	0.0	0.0	0.0	0.0
2015/05/27 07:40:00		2.01556	149.05	31.5354	60.073	1002.28	264.097	26.8012	119.135	50.265	169.4	50.689	4633.33	37.5668							0.0	0.0	0.0	0.0	0.0
2015/05/27 07:45:00		1.93441	156.089	31.6698	59.254	1002.32	275.691	26.8336	133.493	50.077	183.57	51.814	4711.04	38.7883							0.0	0.0	0.0	0.0	0.0
2015/05/27 07:50:00		2.56924	136.663	31.8177	58.473	1002.38	290.019	26.8736	112.832	50.953	163.785	52.033	4702.08	39.349							0.0	0.0	0.0	0.0	0.0
2015/05/27 07:55:00		2.01516	166.032	31.9599	57.813	1002.46	305.55	26.9244	100.627	51.227	151.854	52.543	4606.25	39.5883							0.0	0.0	0.0	0.0	0.0
2015/05/27 08:00:00		2.45906	168.519	32.0844	56.893	1002.49	318.835	26.9792	109.013	54.78	163.794	52.419	4503.54	38.8097							0.0	0.0	0.0	0.0	0.0
2015/05/27 08:05:00		1.63108	155.206	32.1474	56.541	1002.56	332.434	27.0264	73.541	54.318	127.859	52.595	4449.38	38.2275							0.0	0.0	0.0	0.0	0.0
2015/05/27 08:10:00		1.22664	154.044	32.3073	56.31	1002.6	344.378	27.0809	89.177	57.851	147.028	53.01	4622.5	39.5133							0.0	0.0	0.0	0.0	0.0
2015/05/27 08:15:00		2.13807	146.198	32.5099	55.516	1002.65	352.18	27.1389	115.343	60.394	175.737	52.91	4789.38	41.2313							0.0	0.0	0.0	0.0	0.0
2015/05/27 08:20:00		1.85333	158.811	32.6979	54.117	1002.7	360.033	27.1947	117.596	60.275	177.871	53.124	4895.63	41.1813							0.0	0.0	0.0	0.0	0.0
2015/05/27 08:25:00		2.20143	165.607	32.8318	52.993	1002.73	358.123	27.2398	129.381	68.847	198.228	53.792	4997.08	42.2385							0.0	0.0	0.0	0.0	0.0
2015/05/27 08:30:00		2.45102	161.774	32.9677	44.3536	1002.69	362.972	27.3019	132.452	75.529	207.981	54.025	5111.3	42.4528							0.0	0.0	0.0	0.0	0.0
2015/05/27 08:35:00		2.09213	157.085	33.0786	43.2687	1002.66	386.349	27.3612	137.06	75.481	212.541	54.426	5088.5	42.6028							0.0	0.0	0.0	0.0	0.0
2015/05/27 08:40:00		1.85185	151.914	33.2089	41.9594	1002.63	413.605	27.4216	99.651	71.89	171.541	55.403	4981.04	42.4993							0.0	0.0	0.0	0.0	0.0
2015/05/27 08:45:00		1.51071	158.863	33.3896	41.2411	1002.6	447.774	27.4769	74.515	70.329	144.844	55.26	4882.29	43.2243							0.0	0.0	0.0	0.0	0.0
2015/05/27 08:50:00		1.41307	150.846	33.6953	40.4719	1002.63	468.686	27.5459	93.387	86.09	179.477	55.308	5000.6	43.3065							0.0	0.0	0.0	0.0	0.0
2015/05/27 08:55:00		2.46963	154.701	34.1266	38.4698	1002.65	479.646	27.6122	103.584	91.43	195.015	56.58	5084.8	42.9886							0.0	0.0	0.0	0.0	0.0
2015/05/27 09:00:00		2.12487	159.183	34.5448	36.0943	1002.63	480.834	27.7159	106.38	92.943	199.324	56.614	5032.1	42.41							0.0	0.0	0.0	0.0	0.0
2015/05/27 09:05:00		2.34456	132.349	34.8177	34.6365	1002.61	482.497	27.8088	91.183	93.481	184.663	57.024	4964.58	43.4815							0.0	0.0	0.0	0.0	0.0
2015/05/27 09:10:00		2.14237	141.151	35.026	33.4031	1002.58	483.474	27.8976	81.24	87.042	168.281	57.31	4825.83	42.4278							0.0	0.0	0.0	0.0	0.0
2015/05/27 09:15:00		1.52878	120.844	35.2146	32.3245	1002.58	495.447	28.0047	79.786	85.618	165.403	57.434	4575.83	41.1635							0.0	0.0	0.0	0.0	0.0
2015/05/27 09:20:00		1.69479	128.54	35.3271	31.9312	1002.51	511.92	28.0917	70.019	86.922	156.941	58.344	4357.92	41.8314							0.0	0.0	0.0	0.0	0.0
2015/05/27 09:25:00		2.09709	143.715	35.424	31.3771	1002.5	524.54	28.1669	52.461	89.544	142.005	58.468	4196.25	41.9099							0.0	0.0	0.0	0.0	0.0
2015/05/27 09:30:00		1.85276	140.825	35.525	31.4714	1002.48	540.02	28.2107	61.799	97.887	159.685	58.544	4112.08	40.0527							0.0	0.0	0.0	0.0	0.0
2015/05/27 09:35:00		1.65512	144.379	35.6536	31.0641	1002.5	556.25	28.238	73.608	102.977	176.586	58.601	4016.46	39.0133							0.0	0.0	0.0	0.0	0.0
2015/05/27 09:40:00		1.41385	110.16	35.7526	30.0224	1002.48	574.69	28.2523	74.991	99.752	174.743	59.498	4033.54	38.1418							0.0	0.0	0.0	0.0	0.0
2015/05/27 09:45:00		1.28419	144.754	35.8198	29.849	1002.46	614.87	28.2858	80.007	102.347	182.354	59.712	4037.5	37.1846							0.0	0.0	0.0	0.0	0.0
2015/05/27 09:50:00		1.31841	159.976	35.9667	28.9161	1002.47	613.9	28.3199	57.191	98.623	155.814	59.588	3764.58	37.0524							0.0	0.0	0.0	0.0	0.0
2015/05/27 09:55:00		1.36069	130.549	36.1474	28.9552	1002.45	621.73	28.3357	29.4197	89.63	119.049	59.407	3505.21	35.8774							0.0	0.0	0.0	0.0	0.0
2015/05/27 10:00:00		1.30442	112.969	36.4021	27.2854	1002.43	642.14	28.3784	26.2908	101.177	127.467	59.631	3451.46	35.3345							0.0	0.0	0.0	0.0	0.0
2015/05/27 10:05:00		1.20276	83.078	36.4729	25.8953	1002.4	650.2	28.4131	24.8637	107.496	132.36	59.741	3425.83	35.7738							0.0	0.0	0.0	0.0	0.0
2015/05/27 10:10:00		1.26478	128.456	36.413	26.476	1002.36	658.9	28.4684	21.2792	108.725	130.004	59.378	3285.0	34.8273							0.0	0.0	0.0	0.0	0.0
2015/05/27 10:15:00		1.36513	115.439	36.525	25.7193	1002.26	660.33	28.4826	24.4952	107.209	131.704	60.041	3164.17	34.0308							0.0	0.0	0.0	0.0	0.0
2015/05/27 10:20:00		1.24336	112.603	36.6234	25.6047	1002.22	669.86	28.5266	17.5294	108.544	126.073	59.54	3097.5	33.988							0.0	0.0	0.0	0.0	0.0
2015/05/27 10:25:00		0.81776	70.884	36.6818	24.4562	1002.22	692.55	28.5809	22.9631	122.98	145.943	59.545	2975.63	33.3879							0.0	0.0	0.0	0.0	0.0
2015/05/27 10:30:00		1.11282	107.133	36.7615	24.9031	1002.21	678.53	28.7124	23.7381	127.115	150.853	59.741	2860.83	33.3094							0.0	0.0	0.0	0.0	0.0
2015/05/27 10:35:00		1.30401	88.992	37.0583	23.201	1002.21	641.84	28.8466	22.9989	141.647	164.646	59.664	2816.67	34.9166							0.0	0.0	0.0	0.0	0.0
2015/05/27 10:40:00		1.04302	109.147	37.1109	23.2604	1002.19	632.87	28.9183	31.3091	166.288	197.598	59.784	2828.33	35.1988							0.0	0.0	0.0	0.0	0.0
2015/05/27 10:45:00		1.25948	127.259	37.3099	22.5156	1002.17	608.34	28.9307	27.9122	162.968	190.88	60.441	2733.96	34.3094							0.0	0.0	0.0	0.0	0.0
2015/05/27 10:50:00		0.389771	41.1111	37.3932	21.5583	1002.12	633.95	29.0096	15.381	160.164	175.545	60.375	2695.42	34.0951							0.0	0.0	0.0	0.0	0.0
2015/05/27 10:55:00		1.00717	24.9032	37.2188	22.138	1002.09	667.62	29.0502	9.9361	145.252	155.188	61.109	2464.58	34.9023							0.0	0.0	0.0	0.0	0.0
2015/05/27 11:00:00		0.59145	324.333	36.8266	23.6964	1002.03	666.92	29.0639	6.0255	124.37	130.395	61.576	2187.71	35.6845							0.0	0.0	0.0	0.0	0.0
2015/05/27 11:05:00		1.3549	306.956	36.774	23.7151	1001.91	706.47	29.1253	6.0791	112.528	118.608	61.514	1952.92	35.7059							0.0	0.0	0.0	0.0	0.0
2015/05/27 11:10:00		0.9136	313.983	36.8083	23.7833	1001.92	729.52	29.1401	5.9585	114.113	120.072	61.128	1769.17	37.5668							0.0	0.0	0.0	0.0	0.0
2015/05/27 11:15:00		0.79353	260.748	36.8734	23.0354	1001.9	771.82	29.1804	6.3963	135.28	141.676	61.852	1638.54	37.3096							0.0	0.0	0.0	0.0	0.0
2015/05/27 11:20:00		0.287607	42.7023	37.0328	23.3745	1001.95	768.04	29.2077	8.2298	166.713	174.943	61.933	1624.58	36.9882							0.0	0.0	0.0	0.0	0.0
2015/05/27 11:25:00		1.16441	58.231	37.3005	22.4208	1001.95	791.61	29.2604	10.6106	226.101	236.711	61.847	1668.13	36.1345							0.0	0.0	0.0	0.0	0.0
2015/05/27 11:30:00		0.90174	62.593	37.3776	22.3083	1001.84	769.93	29.3498	12.0555	262.292	274.348	62.419	1601.04	35.7988							0.0	0.0	0.0	0.0	0.0
2015/05/27 11:35:00		1.21289	83.973	37.4208	22.4016	1001.79	801.7	29.4096	10.72	249.113	259.833	62.629	1614.38	36.831							0.0	0.0	0.0	0.0	0.0
2015/05/27 11:40:00		1.47407	99.951	37.5969	22.7276	1001.73	807.13	29.5014	10.3046	239.079	249.383	62.686	1698.54	36.7274							0.0	0.0	0.0	0.0	0.0
2015/05/27 11:45:00		1.58087	99.688	37.9615	21.4161	1001.7	792.46	29.6118	13.5921	236.812	250.405	62.877	1826.04	36.0024							0.0	0.0	0.0	0.0	0.0
2015/05/27 11:50:00		1.81136	96.214	38.1943	20.1193	1001.65	692.91	29.687	15.506	247.425	262.931	62.634	1920.63	36.5346							0.0	0.0	0.0	0.0	0.0
2015/05/27 11:55:00		1.5553	124.884	38.1906	20.1755	1001.61	823.54	29.8488	10.0388	238.623	248.662	63.32	1998.13	33.738							0.0	0.0	0.0	0.0	0.0
2015/05/27 12:00:00		0.52901	23.539	38.2427	19.3818	1001.52	798.12	30.3023	11.3744	255.939	267.313	64.483	2092.08	37.1489							0.0	0.0	0.0	0.0	0.0
2015/05/27 12:05:00		0.99818	323.502	38.1083	19.8245	1001.48	831.48	30.6575	11.1332	264.401	275.534	65.299	2192.08	44.4601							0.0	0.0	0.0	0.0	0.0
2015/05/27 12:10:00		1.31258	310.884	38.026	16.6771	1001.47	859.73	30.7713	11.3878	247.89	259.278	66.285	2095.63	39.9991							0.0	0.0	0.0	0.0	0.0
2015/05/27 12:15:00		1.34054	301.491	37.8187	16.8927	1001.41	855.49	30.7786	8.2432	202.401	210.644	67.138	1847.29	35.9167							0.0	0.0	0.0	0.0	0.0
2015/05/27 12:20:00		0.88137	329.207	37.8406	17.0578	1001.29	852.75	30.781	8.1025	186.585	194.688	68.411	1624.79	34.513							0.0	0.0	0.0	0.0	0.0
2015/05/27 12:25:00		1.41376	287.113	38.0833	16.6307	1001.23	862.56	30.807	7.4191	162.239	169.658	69.379	1444.58	33.1522							0.0	0.0	0.0	0.0	0.0
2015/05/27 12:30:00		1.04223	324.663	38.1318	15.9969	1001.18	864.55	30.8704	6.8072	149.596	156.403	69.474	1320.21	31.2449							0.0	0.0	0.0	0.0	0.0
2015/05/27 12:35:00		1.13185	294.614	38.2594	16.0193	1001.12	869.67	30.9477	6.0389	131.863	137.902	70.218	1215.83	30.3949							0.0	0.0	0.0	0.0	0.0
2015/05/27 12:40:00		1.06371	96.616	38.525	16.4807	1001.05	869.79	31.0535	5.331	122.333	127.664	70.18	1160.83	30.5449							0.0	0.0	0.0	0.0	0.0
2015/05/27 12:45:00		0.69039	64.885	38.8766	16.9271	1000.99	840.19	31.1563	5.3466	125.718	131.065	70.356	1151.25	30.6627							0.0	0.0	0.0	0.0	0.0
2015/05/27 12:50:00		0.93656	308.998	38.7536	17.887	1000.94	792.47	31.3021	4.67883	126.879	131.558	70.814	1152.5	32.5736							0.0	0.0	0.0	0.0	0.0
2015/05/27 12:55:00		1.05008	316.1	38.4188	18.737	1000.8	873.95	31.4717	4.11603	101.077	105.193	71.052	1067.92	33.9451							0.0	0.0	0.0	0.0	0.0
2015/05/27 13:00:00		0.78678	73.329	38.399	19.6964	1000.65	861.52	31.7139	3.93067	98.359	102.29	72.205	1038.96	34.9916							0.0	0.0	0.0	0.0	0.0
2015/05/27 13:05:00		1.84626	84.584	38.7771	19.4385	1000.6	853.03	31.9228	5.5431	132.014	137.557	72.797	1090.42	35.5952							0.0	0.0	0.0	0.0	0.0
2015/05/27 13:10:00		2.09617	74.814	39.2016	19.4276	1000.53	806.52	32.1158	5.0339	134.688	139.722	73.416	1073.13	36.2488							0.0	0.0	0.0	0.0	0.0
2015/05/27 13:15:00		2.84324	94.434	39.3286	18.762	1000.45	812.77	32.3062	5.0071	120.587	125.594	74.336	1056.67	36.4524							0.0	0.0	0.0	0.0	0.0
2015/05/27 13:20:00		2.52415	91.851	39.474	18.0031	1000.36	795.94	32.474	4.7503	130.011	134.762	75.132	1094.17	35.981							0.0	0.0	0.0	0.0	0.0
2015/05/27 13:25:00		1.98919	114.844	39.6292	17.3245	1000.28	781.56	32.6221	6.5303	132.921	139.451	75.928	1125.42	35.8167							0.0	0.0	0.0	0.0	0.0
2015/05/27 13:30:00		2.04203	84.482	39.7292	16.9396	1000.24	779.36	32.7129	5.4828	136.276	141.759	77.253	1158.96	35.3238							0.0	0.0	0.0	0.0	0.0
2015/05/27 13:35:00		2.20917	89.552	39.5099	16.6958	1000.21	774.04	32.8136	4.3148	129.221	133.535	77.873	1165.63	35.8452							0.0	0.0	0.0	0.0	0.0
2015/05/27 13:40:00		1.44262	104.075	39.4057	16.525	1000.12	570.82	32.9043	5.8067	137.409	143.216	79.193	1177.71	36.406							0.0	0.0	0.0	0.0	0.0
2015/05/27 13:45:00		2.31707	88.564	39.3745	16.7516	1000.06	585.59	32.9942	7.3477	149.439	156.786	79.551	1217.5	36.8381							0.0	0.0	0.0	0.0	0.0
2015/05/27 13:50:00		1.44256	89.514	39.2349	17.7589	1000.0	568.7	33.0699	5.1076	141.996	147.104	80.681	1238.13	36.5703							0.0	0.0	0.0	0.0	0.0
2015/05/27 13:55:00		2.10885	93.891	39.0891	17.4151	999.97	291.871	33.1051	5.3109	131.165	136.476	81.634	1255.21	36.3274							0.0	0.0	0.0	0.0	0.0
2015/05/27 14:00:00		1.60643	86.487	38.8536	19.0536	999.9	447.147	33.1121	4.623	129.416	134.039	81.043	1263.54	36.7346							0.0	0.0	0.0	0.0	0.0
2015/05/27 14:05:00		2.21887	66.292	38.7703	18.8094	999.85	597.03	33.1059	5.1456	127.697	132.843	81.624	1282.29	36.7167							0.0	0.0	0.0	0.0	0.0
2015/05/27 14:10:00		1.49915	77.491	38.7042	19.0505	999.74	697.72	33.0987	4.19867	119.687	123.885	82.611	1258.33	36.5417							0.0	0.0	0.0	0.0	0.0
2015/05/27 14:15:00		1.58906	59.294	38.7021	19.6109	999.68	585.46	33.0716	3.9999	106.021	110.021	82.735	1203.96	36.2596							0.0	0.0	0.0	0.0	0.0
2015/05/27 14:20:00		2.02069	91.053	38.7682	20.4448	999.63	660.66	33.0587	4.35053	99.02	103.37	82.94	1220.83	36.9739							0.0	0.0	0.0	0.0	0.0
2015/05/27 14:25:00		1.14676	83.742	39.0047	19.4063	999.56	685.71	33.0077	5.264	112.665	117.929	82.73	1276.67	36.9667							0.0	0.0	0.0	0.0	0.0
2015/05/27 14:30:00		1.74982	68.291	39.2031	19.1302	999.54	639.44	32.9972	6.3471	119.628	125.976	82.654	1344.38	34.7702							0.0	0.0	0.0	0.0	0.0
2015/05/27 14:35:00		1.67193	78.006	39.1167	19.551	999.52	628.01	33.0096	4.4354	127.458	131.893	83.054	1352.29	35.2095							0.0	0.0	0.0	0.0	0.0
2015/05/27 14:40:00		0.85346	78.949	39.2385	19.0792	999.49	571.64	33.0098	5.1679	118.194	123.362	83.278	1373.96	35.5524							0.0	0.0	0.0	0.0	0.0
2015/05/27 14:45:00		1.9801	81.352	39.1375	19.8031	999.43	639.87	32.9999	9.3219	147.57	156.892	83.102	1400.83	35.5523							0.0	0.0	0.0	0.0	0.0
2015/05/27 14:50:00		1.42859	94.958	39.1792	19.226	999.36	619.87	32.9884	4.68777	128.474	133.162	83.336	1445.42	34.8666							0.0	0.0	0.0	0.0	0.0
2015/05/27 14:55:00		2.10272	76.492	39.2943	19.1234	999.29	623.27	32.9731	4.73913	129.121	133.86	83.312	1494.17	34.9737							0.0	0.0	0.0	0.0	0.0
2015/05/27 15:00:00		1.92834	66.669	39.4026	18.0531	999.23	552.25	32.9881	6.7536	123.298	130.052	83.541	1474.38	35.981							0.0	0.0	0.0	0.0	0.0
2015/05/27 15:05:00		1.50073	89.661	39.3021	18.7078	999.1	576.8	32.9575	6.3695	131.867	138.236	83.417	1408.96	35.2309							0.0	0.0	0.0	0.0	0.0
2015/05/27 15:10:00		2.51987	85.982	39.4073	19.3568	999.0	567.04	32.9553	4.23663	114.004	118.24	84.156	1453.54	35.9381							0.0	0.0	0.0	0.0	0.0
2015/05/27 15:15:00		2.71227	100.045	39.55	18.3563	998.9	554.03	32.9435	3.90833	116.941	120.849	83.612	1458.54	36.1738							0.0	0.0	0.0	0.0	0.0
2015/05/27 15:20:00		2.11363	96.496	39.612	18.3703	998.86	546.84	32.9446	3.8458	118.988	122.834	83.645	1429.17	35.3916							0.0	0.0	0.0	0.0	0.0
2015/05/27 15:25:00		2.43223	86.753	39.6146	17.8922	998.78	539.5	32.9446	5.0697	123.928	128.998	84.279	1442.71	35.2916							0.0	0.0	0.0	0.0	0.0
2015/05/27 15:30:00		1.53119	89.788	39.4839	18.1557	998.68	517.14	32.9384	4.1674	127.848	132.015	84.89	1443.75	35.9167							0.0	0.0	0.0	0.0	0.0
2015/05/27 15:35:00		2.42464	77.815	39.4547	18.3625	998.66	504.79	32.9355	4.18973	112.522	116.711	84.842	1427.92	35.9381							0.0	0.0	0.0	0.0	0.0
2015/05/27 15:40:00		1.82262	95.705	39.4271	17.5438	998.59	492.093	32.9019	6.2489	135.441	141.69	84.299	1508.54	35.3702							0.0	0.0	0.0	0.0	0.0
2015/05/27 15:45:00		1.6523	84.688	39.4219	17.6948	998.47	479.573	32.8837	8.3661	146.813	155.179	84.384	1542.5	34.6809							0.0	0.0	0.0	0.0	0.0
2015/05/27 15:50:00		1.27834	108.25	39.5109	16.7302	998.32	457.078	32.8461	8.1182	148.713	156.831	84.642	1617.92	34.8059							0.0	0.0	0.0	0.0	0.0
2015/05/27 15:55:00		2.09244	136.362	39.4562	15.7328	998.23	441.569	32.7913	10.7021	156.926	167.628	83.369	1665.83	34.288							0.0	0.0	0.0	0.0	0.0
2015/05/27 16:00:00		2.74493	141.709	39.4068	14.2031	998.15	430.952	32.7703	5.4114	135.622	141.034	84.103	1667.29	34.2094							0.0	0.0	0.0	0.0	0.0
2015/05/27 16:05:00		3.68525	136.979	39.4094	14.4901	998.09	417.82	32.7617	3.96193	117.835	121.796	84.036	1681.88	34.5201							0.0	0.0	0.0	0.0	0.0
2015/05/27 16:10:00		2.97288	138.973	39.4026	15.8036	998.04	403.273	32.7338	5.963	129.549	135.512	83.665	1717.71	33.3451							0.0	0.0	0.0	0.0	0.0
2015/05/27 16:15:00		2.80976	133.969	39.4063	15.101	997.98	385.022	32.6659	4.9111	119.967	124.878	83.779	1748.75	33.4986							0.0	0.0	0.0	0.0	0.0
2015/05/27 16:20:00		3.22359	134.72	39.3542	15.2312	997.94	364.831	32.6391	5.9742	114.61	120.584	83.669	1756.46	32.7022							0.0	0.0	0.0	0.0	0.0
2015/05/27 16:25:00		2.70736	141.3	39.2047	14.8635	997.88	346.106	32.5943	6.164	121.919	128.083	83.769	1732.5	31.7164							0.0	0.0	0.0	0.0	0.0
2015/05/27 16:30:00		3.93476	135.208	39.0083	16.0547	997.82	334.221	32.5314	10.2666	114.107	124.373	82.668	1698.54	31.3307							0.0	0.0	0.0	0.0	0.0
2015/05/27 16:35:00		3.92996	140.66	38.8255	16.5073	997.87	320.564	32.4952	4.51133	100.571	105.082	82.535	1642.71	31.3306							0.0	0.0	0.0	0.0	0.0
2015/05/27 16:40:00		3.69544	140.931	38.5984	17.7479	997.83	314.067	32.4479	5.7866	109.687	115.474	82.096	1569.38	32.0164							0.0	0.0	0.0	0.0	0.0
2015/05/27 16:45:00		4.22389	138.884	38.4823	17.6714	997.89	300.395	32.3945	3.75423	92.3	96.054	82.725	1562.08	31.8664							0.0	0.0	0.0	0.0	0.0
2015/05/27 16:50:00		3.70563	145.81	38.2755	18.0885	997.94	280.16	32.3719	4.30363	91.293	95.597	82.239	1526.46	30.8592							0.0	0.0	0.0	0.0	0.0
2015/05/27 16:55:00		4.06145	138.959	38.1542	17.8297	997.99	262.755	32.3306	4.6967	90.547	95.244	82.249	1536.67	30.5592							0.0	0.0	0.0	0.0	0.0
2015/05/27 17:00:00		4.12488	129.311	37.9813	18.4328	998.01	237.387	32.2919	5.1478	76.83	81.978	81.391	1489.38	30.4092							0.0	0.0	0.0	0.0	0.0
2015/05/27 17:05:00		4.1643	136.379	37.8781	18.6927	998.0	222.017	32.2283	16.654	112.761	129.415	81.424	1453.33	29.9306							0.0	0.0	0.0	0.0	0.0
2015/05/27 17:10:00		4.44633	143.448	37.7938	20.0979	998.02	211.728	32.1829	3.73413	83.05	86.784	80.819	1525.0	29.9841							0.0	0.0	0.0	0.0	0.0
2015/05/27 17:15:00		4.90703	146.851	37.7313	24.8073	998.1	200.134	32.1306	5.6146	78.405	84.019	80.886	1533.54	30.127							0.0	0.0	0.0	0.0	0.0
2015/05/27 17:20:00		4.01886	138.431	37.4568	27.3776	998.18	184.085	32.0809	6.4901	74.067	80.557	80.566	1524.38	29.7913							0.0	0.0	0.0	0.0	0.0
2015/05/27 17:25:00		4.91825	135.973	37.1927	28.7953	998.21	168.474	32.0374	8.8217	77.018	85.84	80.576	1533.75	28.2233							0.0	0.0	0.0	0.0	0.0
2015/05/27 17:30:00		4.58345	133.215	37.0021	29.8135	998.29	152.753	32.0022	7.8055	68.289	76.094	80.137	1551.46	28.6305							0.0	0.0	0.0	0.0	0.0
2015/05/27 17:35:00		4.24899	147.761	36.7552	30.5224	998.29	136.799	31.9638	8.3906	72.15	80.541	80.109	1623.75	28.7555							0.0	0.0	0.0	0.0	0.0
2015/05/27 17:40:00		3.12038	148.21	36.6016	31.3755	998.32	120.757	31.9107	5.0808	70.404	75.485	80.075	1681.04	28.7162							0.0	0.0	0.0	0.0	0.0
2015/05/27 17:45:00		3.98137	149.544	36.5734	31.5156	998.24	108.741	31.8688	6.298	76.998	83.296	79.365	1856.46	29.2984							0.0	0.0	0.0	0.0	0.0
2015/05/27 17:50:00		4.31884	135.859	36.4885	31.8099	998.19	96.111	31.8127	5.3019	73.862	79.164	79.351	1958.54	28.7341							0.0	0.0	0.0	0.0	0.0
2015/05/27 17:55:00		4.81518	150.493	36.2906	30.9432	998.21	88.586	31.9008	6.8854	74.882	81.767	79.108	1933.13	24.6838							0.0	0.0	0.0	0.0	0.0
2015/05/27 18:00:00		4.97946	149.223	36.0583	31.5745	998.34	75.542	31.901	7.7497	80.222	87.972	78.474	1898.75	32.5986							0.0	0.0	0.0	0.0	0.0
2015/05/27 18:05:00		4.63243	148.844	35.824	32.3667	998.43	61.768	31.7115	7.2137	70.103	77.317	78.855	1837.92	29.1377							0.0	0.0	0.0	0.0	0.0
2015/05/27 18:10:00		3.82356	131.197	35.6531	33.7818	998.54	51.618	31.4371	3.43933	52.476	55.916	77.949	1797.5	26.7661							0.0	0.0	0.0	0.0	0.0
2015/05/27 18:15:00		4.39023	133.109	35.512	34.1172	998.68	37.8146	31.1445	13.7774	77.21	90.987	76.419	1867.5	25.5874							0.0	0.0	0.0	0.0	0.0
2015/05/27 18:20:00		3.78616	139.777	35.3187	34.9938	998.77	24.3323	30.9848	8.5537	78.449	87.003	74.765	1847.08	25.2874							0.0	0.0	0.0	0.0	0.0
2015/05/27 18:25:00		2.98703	142.325	35.1542	35.412	998.76	17.3104	30.8092	5.4024	64.307	69.71	73.626	1821.88	25.2445							0.0	0.0	0.0	0.0	0.0
2015/05/27 18:30:00		3.71351	144.605	35.0109	36.0042	998.78	13.1104	30.6642	12.5893	73.331	85.921	72.186	1890.83	25.3517							0.0	0.0	0.0	0.0	0.0
2015/05/27 18:35:00		3.86559	141.648	34.851	36.0932	998.78	8.6625	30.523	19.2893	82.509	101.798	71.076	1941.04	26.2982							0.0	0.0	0.0	0.0	0.0
2015/05/27 18:40:00		4.21664	140.218	34.6844	36.2724	998.83	3.23021	30.3823	13.2437	78.668	91.912	69.388	1990.42	26.1339							0.0	0.0	0.0	0.0	0.0
2015/05/27 18:45:00		5.1997	144.436	34.4635	35.7625	998.85	1.14479	30.2771	13.1253	72.328	85.453	69.145	1985.63	26.9446							0.0	0.0	0.0	0.0	0.0
2015/05/27 18:50:00		3.38087	142.218	34.263	36.026	998.85	1.18125	30.1622	11.055	69.042	80.097	67.982	1879.38	26.0946							0.0	0.0	0.0	0.0	0.0
2015/05/27 18:55:00		4.10109	141.826	34.1516	36.9615	998.84	1.13021	30.0607	8.643	65.731	74.374	67.329	1792.08	25.1445							0.0	0.0	0.0	0.0	0.0
2015/05/27 19:00:00		4.0351	133.399	33.9911	37.5797	998.84	1.10833	29.9909	11.2471	68.381	79.628	65.885	1732.5	25.2338							0.0	0.0	0.0	0.0	0.0
2015/05/27 19:05:00		4.01961	134.555	33.8526	37.9151	998.92	1.16667	29.9146	13.2526	67.19	80.442	65.499	1713.96	27.2161							0.0	0.0	0.0	0.0	0.0
2015/05/27 19:10:00		4.25343	137.239	33.688	38.3318	999.01	1.15208	29.8666	11.3855	67.166	78.551	65.146	1671.88	27.7304							0.0	0.0	0.0	0.0	0.0
2015/05/27 19:15:00		3.92356	134.775	33.5495	38.9354	999.04	1.13021	29.7968	9.5252	66.526	76.051	64.769	1618.54	27.7304							0.0	0.0	0.0	0.0	0.0
2015/05/27 19:20:00		4.30879	140.143	33.3932	39.5292	999.04	1.12292	29.7401	8.5425	62.068	70.611	64.255	1566.46	27.7304							0.0	0.0	0.0	0.0	0.0
2015/05/27 19:25:00		4.84814	136.567	33.2734	40.0995	999.07	1.11563	29.67	6.8161	54.708	61.524	64.169	1549.58	27.9233							0.0	0.0	0.0	0.0	0.0
2015/05/27 19:30:00		4.32487	137.239	33.1563	40.513	999.17	1.15937	29.5796	6.5883	53.623	60.211	64.212	1525.83	27.6018							0.0	0.0	0.0	0.0	0.0
2015/05/27 19:35:00		4.881	141.402	33.0573	40.9818	999.27	1.15208	29.5176	5.8647	46.6189	52.484	63.597	1482.92	28.2233							0.0	0.0	0.0	0.0	0.0
2015/05/27 19:40:00		4.11861	130.493	32.9641	41.301	999.3	1.11563	29.4239	10.4364	55.153	65.59	63.702	1436.88	28.5947							0.0	0.0	0.0	0.0	0.0
2015/05/27 19:45:00		4.46048	145.071	32.8854	41.588	999.5	1.14479	29.3533	8.71	55.194	63.904	63.707	1403.75	27.9911							0.0	0.0	0.0	0.0	0.0
2015/05/27 19:50:00		4.29558	144.145	32.8526	41.8036	999.59	1.18854	29.2805	8.3303	57.115	65.445	63.177	1376.04	27.509							0.0	0.0	0.0	0.0	0.0
2015/05/27 19:55:00		3.10613	132.786	32.7891	41.9182	999.59	1.14479	29.2198	5.9094	49.7445	55.654	62.624	1353.96	29.7877							0.0	0.0	0.0	0.0	0.0
2015/05/27 20:00:00		3.73206	137.501	32.6953	42.2031	999.68	1.1375	29.1197	17.1833	61.709	78.892	62.372	1339.79	28.9519							0.0	0.0	0.0	0.0	0.0
2015/05/27 20:05:00		4.17499	136.346	32.687	42.374	999.77	1.15937	29.0343	8.5559	53.852	62.408	61.914	1337.71	28.5733							0.0	0.0	0.0	0.0	0.0
2015/05/27 20:10:00		3.57241	143.442	32.6177	42.501	999.78	1.15208	28.9814	8.6899	55.886	64.576	61.595	1323.33	28.1626							0.0	0.0	0.0	0.0	0.0
2015/05/27 20:15:00		4.03551	142.491	32.5875	42.5823	999.82	1.20313	28.9336	16.8974	55.037	71.934	60.603	1304.79	28.5733							0.0	0.0	0.0	0.0	0.0
2015/05/27 20:20:00		4.23754	139.158	32.5068	42.8505	999.84	1.19583	28.8824	11.2828	55.41	66.693	60.594	1289.17	28.8233							0.0	0.0	0.0	0.0	0.0
2015/05/27 20:25:00		4.44906	146.686	32.4797	43.1885	999.87	1.24688	28.8254	14.4966	57.153	71.649	60.699	1259.58	28.8091							0.0	0.0	0.0	0.0	0.0
2015/05/27 20:30:00		3.39173	141.349	32.4234	43.5255	999.9	1.1375	28.7755	7.6603	51.213	58.873	60.737	1239.17	28.7376							0.0	0.0	0.0	0.0	0.0
2015/05/27 20:35:00		4.61584	146.318	32.3786	43.912	999.98	1.20313	28.7084	9.476	51.059	60.535	60.213	1216.25	28.9091							0.0	0.0	0.0	0.0	0.0
2015/05/27 20:40:00		4.32271	142.175	32.3391	44.1464	1000.03	1.1375	28.6429	8.7323	52.531	61.263	59.888	1197.92	29.1234							0.0	0.0	0.0	0.0	0.0
2015/05/27 20:45:00		3.60675	138.877	32.251	44.6599	1000.05	1.16667	28.5817	6.3248	45.7083	52.033	59.912	1168.54	29.2305							0.0	0.0	0.0	0.0	0.0
2015/05/27 20:50:00		3.2281	149.362	32.1464	45.349	1000.19	1.16667	28.5529	6.2578	46.2869	52.545	59.374	1134.38	28.7341							0.0	0.0	0.0	0.0	0.0
2015/05/27 20:55:00		3.31466	140.877	32.087	45.9667	1000.29	1.18125	28.5137	14.2866	53.52	67.807	59.102	1122.29	28.7662							0.0	0.0	0.0	0.0	0.0
2015/05/27 21:00:00		2.45208	141.37	32.0687	46.4995	1000.32	1.18854	28.4676	10.6374	53.452	64.089	58.959	1142.5	29.7234							0.0	0.0	0.0	0.0	0.0
2015/05/27 21:05:00		2.54452	139.472	31.9807	46.8885	1000.33	1.15937	28.3991	10.5815	54.085	64.667	58.864	1160.63	28.8876							0.0	0.0	0.0	0.0	0.0
2015/05/27 21:10:00		3.34523	141.409	31.9703	47.0974	1000.33	1.14479	28.3508	8.5537	51.935	60.489	58.501	1176.25	29.1662							0.0	0.0	0.0	0.0	0.0
2015/05/27 21:15:00		3.26824	138.251	31.8792	47.2818	1000.32	1.1375	28.2786	5.2215	45.6022	50.824	58.768	1152.29	29.2091							0.0	0.0	0.0	0.0	0.0
2015/05/27 21:20:00		3.67669	142.86	31.813	47.5786	1000.38	1.17396	28.2413	5.8067	46.6703	52.477	57.929	1124.38	29.4448							0.0	0.0	0.0	0.0	0.0
2015/05/27 21:25:00		2.84232	149.204	31.7792	48.0042	1000.55	1.17396	28.1919	4.8575	44.1747	49.0322	58.158	1119.17	29.6627							0.0	0.0	0.0	0.0	0.0
2015/05/27 21:30:00		2.51471	138.514	31.7844	48.0234	1000.63	1.10833	28.1398	11.3878	55.681	67.068	57.743	1197.29	28.9591							0.0	0.0	0.0	0.0	0.0
2015/05/27 21:35:00		3.07358	147.606	31.8818	47.9625	1000.71	1.13021	28.1089	14.4564	57.923	72.379	57.653	1217.5	29.0519							0.0	0.0	0.0	0.0	0.0
2015/05/27 21:40:00		2.42223	151.347	31.875	47.8594	1000.7	1.15208	28.0823	18.1458	57.947	76.093	56.947	1226.67	29.7127							0.0	0.0	0.0	0.0	0.0
2015/05/27 21:45:00		2.41932	148.465	31.8776	47.8297	1000.67	1.15937	28.0477	12.7523	56.547	69.299	56.747	1247.5	30.0234							0.0	0.0	0.0	0.0	0.0
2015/05/27 21:50:00		2.4631	136.546	31.8776	47.9219	1000.62	1.15937	27.962	17.3351	57.622	74.957	56.466	1296.88	29.5913							0.0	0.0	0.0	0.0	0.0
2015/05/27 21:55:00		2.7209	141.361	31.8802	48.0156	1000.51	1.10833	27.9078	15.0661	56.916	71.982	57.043	1322.29	29.5555							0.0	0.0	0.0	0.0	0.0
2015/05/27 22:00:00		3.71158	142.116	31.8802	48.0531	1000.44	1.14479	27.8584	14.07	55.311	69.381	56.418	1355.0	28.6555							0.0	0.0	0.0	0.0	0.0
2015/05/27 22:05:00		2.8701	136.89	31.862	48.0208	1000.47	1.17396	27.8232	16.3949	59.22	75.615	56.423	1343.75	29.9377							0.0	0.0	0.0	0.0	0.0
2015/05/27 22:10:00		2.90445	139.95	31.7844	48.2802	1000.3	1.18125	27.7913	9.5475	52.339	61.887	55.841	1300.21	29.7877							0.0	0.0	0.0	0.0	0.0
2015/05/27 22:15:00		2.9057	144.279	31.7828	48.4802	1000.19	1.10104	27.7384	11.7004	56.817	68.518	55.679	1258.54	29.7877							0.0	0.0	0.0	0.0	0.0
2015/05/27 22:20:00		2.92003	139.067	31.7109	48.574	1000.27	1.10104	27.7083	7.6916	50.32	58.011	55.856	1239.58	28.6126							0.0	0.0	0.0	0.0	0.0
2015/05/27 22:25:00		2.73317	140.989	31.6328	49.1094	1000.47	1.15937	27.6834	6.9077	49.1933	56.101	55.408	1211.67	30.7092							0.0	0.0	0.0	0.0	0.0
2015/05/27 22:30:00		2.86174	145.463	31.5833	49.4911	1000.63	1.15208	27.6227	13.2548	53.12	66.375	55.703	1221.04	30.0877							0.0	0.0	0.0	0.0	0.0
2015/05/27 22:35:00		2.36932	136.13	31.5891	49.8505	1000.72	1.10833	27.5744	10.7647	53.63	64.395	55.331	1215.21	28.5091							0.0	0.0	0.0	0.0	0.0
2015/05/27 22:40:00		2.02833	154.524	31.5839	50.009	1000.83	1.1375	27.5475	9.5319	52.343	61.875	55.003	1254.58	30.0234							0.0	0.0	0.0	0.0	0.0
2015/05/27 22:45:00		1.7856	156.985	31.5854	50.078	1000.96	1.09375	27.5159	15.5864	56.328	71.914	54.645	1330.0	29.702							0.0	0.0	0.0	0.0	0.0
2015/05/27 22:50:00		1.93551	150.095	31.5891	50.074	1001.14	1.15208	27.5022	16.0889	57.899	73.988	54.569	1395.0	30.8521							0.0	0.0	0.0	0.0	0.0
2015/05/27 22:55:00		2.50747	154.198	31.5859	50.088	1001.21	1.18125	27.4528	11.5553	53.219	64.774	54.373	1406.04	30.1949							0.0	0.0	0.0	0.0	0.0
2015/05/27 23:00:00		1.81314	149.384	31.5906	50.17	1001.16	1.15208	27.3717	9.2572	49.7513	59.008	54.483	1400.83	29.527							0.0	0.0	0.0	0.0	0.0
2015/05/27 23:05:00		2.35042	138.438	31.5849	50.313	1001.08	1.15937	27.3486	9.5743	52.093	61.667	54.173	1425.21	28.6019							0.0	0.0	0.0	0.0	0.0
2015/05/27 23:10:00		1.04628	129.709	31.587	50.366	1000.98	1.15937	27.3158	10.7222	51.706	62.428	54.106	1444.38	30.5377							0.0	0.0	0.0	0.0	0.0
2015/05/27 23:15:00		0.54695	80.487	31.587	50.316	1001.03	1.16667	27.2541	12.6474	52.332	64.98	53.782	1455.63	29.9806							0.0	0.0	0.0	0.0	0.0
2015/05/27 23:20:00		0.61197	125.465	31.588	50.408	1001.03	1.15208	27.2071	10.0031	52.199	62.202	53.849	1467.5	29.6377							0.0	0.0	0.0	0.0	0.0
2015/05/27 23:25:00		0.69557	53.878	31.6797	50.435	1000.98	1.18854	27.1746	32.4548	56.177	88.632	53.596	1507.29	29.9377							0.0	0.0	0.0	0.0	0.0
2015/05/27 23:30:00		0.63096	66.182	31.6807	50.42	1001.02	1.16667	27.1513	41.6651	58.717	100.382	53.182	1492.29	30.1949							0.0	0.0	0.0	0.0	0.0
2015/05/27 23:35:00		0.97411	48.879	31.588	50.619	1001.07	1.1375	27.1287	33.5067	58.334	91.84	53.191	1415.63	30.5592							0.0	0.0	0.0	0.0	0.0
2015/05/27 23:40:00		0.63118	37.3313	31.526	51.003	1001.23	1.12292	27.1105	11.0751	54.178	65.253	52.777	1312.92	29.9663							0.0	0.0	0.0	0.0	0.0
2015/05/27 23:45:00		0.70941	34.947	31.3464	52.251	1001.18	1.17396	27.0782	7.1467	46.4273	53.574	52.681	1182.71	29.877							0.0	0.0	0.0	0.0	0.0
2015/05/27 23:50:00		0.53884	63.227	31.1568	53.798	1001.01	1.15208	27.057	2.63533	36.7666	39.4019	52.819	1075.0	29.7877							0.0	0.0	0.0	0.0	0.0
2015/05/27 23:55:00		1.57786	65.059	31.0094	55.404	1000.82	1.13021	27.0656	1.73083	31.3406	33.0715	52.109	981.04	28.5412							0.0	0.0	0.0	0.0	0.0
2015/05/28 00:00:00		1.46435	57.473	30.976	56.029	1000.67	1.12292	27.147	4.62747	36.6331	41.2605	52.7	928.13	35.0488							0.0	0.0	0.0	0.0	0.0
