-- 1st mean values --
Format: XTAB(V:1;HEAD:2;COL:TCFFFFFFFFFFFFFFFFFFFFFFFF)
StartTime: 2016/08/09 00:00:00
EndTime: 2016/08/10 00:00:00
Period: 24 h
Station: Gia Lam

Time	MeasPt	Wind Spd.	Wind Dir.	Temp	RH	Barometer	Radiation	InnerTemp	NO	NO2	NOx	SO2	CO	O3	PM-10	PM-2.5	PM-1	CH4	NMHC	THC	BENZEN	TOLUEN	ETHYL BENZEN	MP-XYLEN	O-XYLEN
		m/s	degree	°C	%	hPa	W/m²	°C	µg/m3	µg/m3	µg/m3	µg/m3	µg/m3	µg/m3	µg/m3	µg/m3	µg/m3	ppm	ppmC	ppmC	ug/m3	ug/m3	ug/m3	ug/m3	ug/m3
2016/08/09 00:05:00		0.449299	244.485	31.4797	0.363021	1001.91	1.10833	27.4742	45.5176	19.0269	64.544	27.1509	1261.88	22.1015	16.485	11.2058	7.3617								
2016/08/09 00:10:00		0.58812	293.372	31.4812	0.355208	1001.85	1.11563	27.5421	40.133	18.8797	59.013	26.66	1246.88	21.4514	17.8725	12.05	7.6517								
2016/08/09 00:15:00		0.95374	185.183	31.4844	0.357812	1001.78	1.17396	27.5974	37.6004	18.0889	55.689	26.6552	1220.63	21.5014	19.215	12.8992	8.615								
2016/08/09 00:20:00		0.80017	133.528	31.4812	0.359896	1001.71	1.07917	27.7191	45.4148	22.2345	67.649	27.1462	1247.29	21.5014	21.4325	14.3467	8.8342								
2016/08/09 00:25:00		0.93303	140.565	31.4885	0.35625	1001.63	1.10833	27.8396	44.4992	21.4027	65.902	26.7696	1246.04	21.7515	20.5692	13.715	7.7892								
2016/08/09 00:30:00		0.79474	117.486	31.487	0.35625	1001.54	1.10833	27.9561	44.7471	20.0505	64.798	27.108	1218.33	21.7014	25.8375	17.2408	10.685								
2016/08/09 00:35:00		0.89868	136.024	31.4021	0.358333	1001.55	1.08646	28.0487	47.9273	21.9333	69.861	26.803	1211.46	22.3265	26.3633	17.8483	12.06								
2016/08/09 00:40:00		0.87128	143.962	31.3786	0.358333	1001.43	1.09375	28.1218	46.2814	20.718	66.999	26.9746	1189.58	21.5514	22.7833	15.2983	9.4783								
2016/08/09 00:45:00		0.70083	130.142	31.2958	0.355208	1001.24	1.08646	28.1935	47.9318	22.0086	69.94	26.6075	1177.08	22.0765	23.1125	15.4183	9.0508								
2016/08/09 00:50:00		0.65337	99.188	31.2839	0.360938	1001.14	1.12292	28.263	58.125	22.4297	80.554	26.2119	1167.5	22.0515	25.49	17.085	10.1467								
2016/08/09 00:55:00		0.0	502.0	31.275	0.355208	1001.12	1.10104	28.3137	60.144	22.3475	82.491	26.3597	1146.25	22.0015	31.4333	20.9517	9.045								
2016/08/09 01:00:00		0.0	502.0	31.1891	0.359896	1001.15	1.07917	28.3623	61.761	22.7583	84.519	26.1881	1109.58	21.8657	19.7333	13.2483	7.7667								
2016/08/09 01:05:00		0.62113	292.575	31.1604	0.358854	1001.13	1.14479	28.3959	49.9686	21.9812	71.95	26.4693	1028.54	21.9015	17.52	11.7217	7.5333								
2016/08/09 01:10:00		0.67392	319.04	31.0938	0.354167	1001.09	1.18125	28.4294	46.498	21.074	67.572	26.3883	979.17	21.7764	14.0283	9.46	5.96								
2016/08/09 01:15:00		0.75123	312.151	31.0911	0.360938	1001.01	1.14479	28.4681	45.053	20.9987	66.052	26.1976	921.04	22.1943	11.4683	7.6867	4.52333								
2016/08/09 01:20:00		0.609	339.655	31.0302	0.363021	1001.01	1.15208	28.4885	42.918	22.1113	65.029	26.2548	880.0	21.58	9.8417	6.6792	4.25083								
2016/08/09 01:25:00		0.72672	327.706	30.9604	0.359375	1000.95	1.12292	28.5095	42.3596	22.1661	64.526	26.3215	857.08	22.6087	9.0592	6.1833	3.7825								
2016/08/09 01:30:00		0.0	502.0	30.9047	0.361458	1000.81	1.07187	28.5186	42.641	21.8785	64.52	26.2739	818.96	22.2658	9.0967	6.2142	4.06667								
2016/08/09 01:35:00		0.55082	35.1021	30.8948	0.3625	1000.7	1.10104	28.5237	42.6142	22.3818	64.996	26.3215	769.58	22.2301	9.4008	6.3983	4.22917								
2016/08/09 01:40:00		0.0	502.0	30.8307	0.360417	1000.63	1.08646	28.5282	37.5669	21.5944	59.161	26.1166	731.04	21.8157	8.7308	6.0892	3.87917								
2016/08/09 01:45:00		0.51966	83.543	30.8229	0.359896	1000.62	1.09375	28.5344	36.5128	23.597	60.11	25.7924	692.5	22.5158	9.4717	6.5175	3.90167								
2016/08/09 01:50:00		0.62685	336.352	30.7729	0.359896	1000.6	1.09375	28.5299	36.2068	23.5046	59.711	26.107	654.38	22.3408	10.8008	7.2125	3.8875								
2016/08/09 01:55:00		0.65243	327.55	30.7208	0.363021	1000.62	1.12292	28.5202	38.4223	28.5643	66.987	25.9021	632.08	21.8657	11.4575	7.7292	4.7125								
2016/08/09 02:00:00		0.74267	313.72	30.6453	0.363542	1000.61	1.1375	28.514	40.9214	30.6457	71.567	25.6304	617.29	21.7907	10.3458	6.9258	4.3175								
2016/08/09 02:05:00		0.59314	322.057	30.625	0.361458	1000.54	1.15208	28.5062	38.228	32.3231	70.551	25.7019	604.58	22.4908	8.5492	5.8092	3.67083								
2016/08/09 02:10:00		0.52937	322.448	30.6193	0.363021	1000.46	1.11563	28.4952	36.9974	35.6609	72.658	25.5779	608.75	21.8657	8.3783	5.6717	3.31833								
2016/08/09 02:15:00		0.53049	301.64	30.5724	0.365625	1000.37	1.10104	28.4834	36.5619	44.5821	81.144	25.4826	592.71	22.0658	9.1008	6.1508	3.22083								
2016/08/09 02:20:00		0.0	502.0	30.5083	0.360938	1000.32	1.08646	28.4705	34.3933	49.4637	83.857	25.5827	568.33	22.3908	8.6292	5.7817	3.25833								
2016/08/09 02:25:00		0.60364	337.466	30.4516	0.358854	1000.3	1.10833	28.4541	33.8171	20.653	54.47	25.2919	554.38	22.2408	7.8125	5.3142	2.92167								
2016/08/09 02:30:00		0.79996	314.168	30.4104	0.3625	1000.29	1.15937	28.4332	30.9317	15.1037	46.0354	25.4063	545.0	22.0408	7.9058	5.325	3.0575								
2016/08/09 02:35:00		1.07566	307.904	30.4083	0.3625	1000.31	1.09375	28.4225	31.2019	15.761	46.9629	25.187	527.92	22.8158	8.245	5.5508	3.06333								
2016/08/09 02:40:00		0.57486	322.999	30.3318	0.359896	1000.32	1.11563	28.4203	32.0975	15.7918	47.8893	25.249	507.29	21.9908	8.8692	5.9408	3.13917								
2016/08/09 02:45:00		0.365256	331.797	30.3146	0.359896	1000.31	1.10104	28.4206	36.2537	18.8489	55.103	25.3205	532.92	21.6407	8.9408	5.9942	3.27917								
2016/08/09 02:50:00		0.55432	339.738	30.313	0.359896	1000.28	1.15937	28.4072	34.4	18.0307	52.431	25.392	525.63	22.8908	9.15	6.1275	3.21917								
2016/08/09 02:55:00		0.64099	158.22	30.3208	0.360417	1000.26	1.07917	28.4015	31.5481	15.6481	47.1961	25.5017	542.71	22.4658	8.2767	5.5408	3.14583								
2016/08/09 03:00:00		0.368233	171.009	30.3198	0.363021	1000.23	1.10104	28.3878	32.323	15.4221	47.7451	25.2013	532.08	21.9908	9.9358	6.7017	3.46								
2016/08/09 03:05:00		0.400172	350.674	30.3115	0.360417	1000.2	1.07917	28.3814	31.9277	16.6237	48.5514	25.4492	521.04	22.3158	9.3767	6.25	3.5								
2016/08/09 03:10:00		0.53423	317.249	30.2755	0.359896	1000.21	1.13021	28.3701	31.6843	15.2475	46.9318	25.5255	502.5	21.6407	8.9225	6.0117	3.585								
2016/08/09 03:15:00		0.0	502.0	30.2198	0.360417	1000.26	1.05729	28.3712	31.4453	18.1231	49.5685	25.2014	491.042	21.3657	10.6275	7.0892	3.7175								
2016/08/09 03:20:00		0.5625	127.012	30.2177	0.356771	1000.33	1.07187	28.3583	31.222	16.1718	47.3938	25.454	488.542	21.4407	9.3175	6.285	3.4875								
2016/08/09 03:25:00		0.495932	76.478	30.2177	0.358333	1000.33	1.07917	28.3481	31.0567	17.4145	48.4712	25.3444	502.08	21.5157	10.8733	7.2658	3.79								
2016/08/09 03:30:00		0.350815	41.8679	30.2172	0.360938	1000.3	1.15208	28.3363	32.1466	16.8291	48.9757	25.0965	523.13	22.1158	10.5858	7.09	3.76667								
2016/08/09 03:35:00		0.71199	63.131	30.2292	0.360417	1000.27	1.07187	28.3226	35.7155	17.4042	53.12	25.4635	536.25	22.5908	13.8225	9.2675	4.425								
2016/08/09 03:40:00		0.50154	42.1028	30.3125	0.360417	1000.28	1.11563	28.3033	37.3882	18.8318	56.22	25.3158	556.67	21.8657	16.4892	11.0283	5.1825								
2016/08/09 03:45:00		0.52959	41.3022	30.3115	0.359896	1000.32	1.1375	28.3022	38.2793	20.006	58.285	25.535	575.63	22.1908	15.4125	10.31	5.7483								
2016/08/09 03:50:00		0.485487	53.084	30.3161	0.356771	1000.34	1.13021	28.2907	35.5547	18.3662	53.921	25.4206	581.67	22.4158	17.5717	11.8717	7.2533								
2016/08/09 03:55:00		0.84036	61.981	30.2745	0.358333	1000.32	1.12292	28.2764	34.074	18.2635	52.337	25.4826	600.0	22.1908	20.3433	13.7117	8.4367								
2016/08/09 04:00:00		0.67921	60.618	30.2167	0.358854	1000.29	1.12292	28.2652	35.7691	19.3932	55.162	25.4254	627.5	22.0908	16.6342	11.2275	6.9392								
2016/08/09 04:05:00		1.27457	62.337	30.2208	0.360938	1000.27	1.10104	28.2568	35.4452	18.8318	54.277	25.4349	631.88	22.4622	28.7392	19.1583	10.6967								
2016/08/09 04:10:00		0.97056	82.535	30.2203	0.359896	1000.36	1.05729	28.256	40.5797	18.5271	59.107	25.7448	619.38	21.2657	36.0717	24.0567	14.15								
2016/08/09 04:15:00		0.93032	89.962	30.1984	0.360417	1000.41	1.10104	28.2566	40.5975	17.9793	58.577	25.7305	645.83	22.4444	36.2817	24.1933	14.195								
2016/08/09 04:20:00		0.82602	86.605	30.1083	0.361458	1000.41	1.01354	28.2501	44.6845	19.2049	63.889	25.883	690.63	22.2836	29.1767	19.4583	12.8383								
2016/08/09 04:25:00		0.56182	58.838	29.9937	0.360938	1000.41	1.04271	28.2437	46.2613	20.2627	66.524	26.026	732.08	22.1872	27.115	18.2033	12.9058								
2016/08/09 04:30:00		0.87716	131.673	29.8786	0.357292	1000.45	1.15937	28.2348	43.416	19.0132	62.429	25.9116	783.75	22.3158	27.3767	18.5567	13.1158								
2016/08/09 04:35:00		1.17237	147.77	29.8156	0.361979	1000.46	1.12292	28.2289	48.3405	19.4308	67.771	26.0784	892.08	22.5729	29.055	19.4392	12.8525								
2016/08/09 04:40:00		0.9594	95.543	29.7891	0.360938	1000.46	1.15937	28.2123	50.86	18.8386	69.698	26.2453	980.42	21.6657	29.2783	19.6458	12.9858								
2016/08/09 04:45:00		0.62408	152.905	29.7172	0.363542	1000.46	1.12292	28.1903	53.732	19.9854	73.717	26.393	1045.42	21.7657	28.7467	19.2042	13.1033								
2016/08/09 04:50:00		0.73009	172.254	29.7172	0.361458	1000.48	1.09375	28.1664	47.704	18.9618	66.666	26.5551	1100.0	21.9015	26.315	17.76	13.1467								
2016/08/09 04:55:00		0.59181	332.435	29.6203	0.361979	1000.56	1.10833	28.1441	42.7415	17.0722	59.814	26.5122	1071.67	22.2836	21.1458	14.55	11.0983								
2016/08/09 05:00:00		0.61429	85.723	29.5099	0.357812	1000.61	1.11563	28.1229	41.2363	19.0406	60.277	26.4836	1012.5	22.1372	20.9883	14.59	10.7933								
2016/08/09 05:05:00		0.60278	123.199	29.5068	0.35625	1000.61	1.10833	28.0952	45.9419	17.5001	63.442	26.2548	970.42	21.8336	23.1725	15.9083	10.8158								
2016/08/09 05:10:00		0.75313	118.763	29.5568	0.357812	1000.57	1.15208	28.0737	53.147	17.6199	70.767	26.3072	993.13	22.1443	33.3492	22.2233	13.4517								
2016/08/09 05:15:00		0.51518	103.628	29.6198	0.365104	1000.61	1.1375	28.0479	51.769	17.0995	68.868	26.393	1088.54	21.33	33.4367	22.2892	14.3508								
2016/08/09 05:20:00		0.58248	110.851	29.5875	0.361979	1000.6	1.11563	28.0286	63.835	18.1882	82.024	26.6409	1192.08	21.7943	26.6917	17.9842	12.1933								
2016/08/09 05:25:00		0.53243	314.867	29.4984	0.355208	1000.59	1.10104	28.0141	50.348	17.1167	67.465	26.5408	1205.63	22.1693	21.79	14.6583	9.9867								
2016/08/09 05:30:00		0.63333	329.544	29.4458	0.361979	1000.62	1.18125	28.002	59.067	17.055	76.122	26.6552	1179.17	22.0872	24.1483	16.2417	10.785								
2016/08/09 05:35:00		0.63213	325.657	29.401	0.358854	1000.63	1.14479	27.9932	66.683	16.9078	83.591	26.4741	1202.92	22.3193	26.195	17.5125	11.1758								
2016/08/09 05:40:00		0.71331	319.229	29.4	0.359896	1000.65	1.08646	28.0292	80.983	17.2228	98.206	26.6886	1328.13	22.0086	32.3442	21.5675	12.4808								
2016/08/09 05:45:00		0.98643	322.497	29.399	0.358854	1000.63	1.12292	27.961	98.807	18.1437	116.951	27.1176	1572.71	22.3515	27.7592	18.5492	12.2683								
2016/08/09 05:50:00		0.6012	323.288	29.4026	0.361458	1000.66	1.13021	27.8063	87.833	15.4837	103.316	27.0222	1703.96	22.1765	20.5642	13.7683	8.8867								
2016/08/09 05:55:00		0.82874	316.393	29.3552	0.361979	1000.74	1.21771	27.616	82.955	14.1486	97.104	26.8316	1646.67	22.4765	18.9	12.6058	6.8217								
2016/08/09 06:00:00		0.53994	12.3942	29.3099	0.364583	1000.86	5.2063	27.4455	117.779	13.2551	131.034	26.722	1672.08	22.4765	27.1967	18.1392	7.83								
2016/08/09 06:05:00		0.0	502.0	29.3073	0.363542	1000.95	12.4542	27.2898	120.531	15.0216	135.552	26.9746	1856.25	21.4764	24.4633	16.3517	10.3508								
2016/08/09 06:10:00		0.5525	316.774	29.3	0.360938	1001.0	17.7844	27.1236	105.023	13.0292	118.052	26.8649	1942.29	21.9015	42.9417	30.9917	26.285								
2016/08/09 06:15:00		0.76536	331.506	29.3062	0.359896	1001.05	28.9042	26.9902	106.284	12.122	118.406	27.089	1965.21	22.4765	34.3283	23.13	17.21								
2016/08/09 06:20:00		0.66712	323.612	29.2849	0.364062	1001.17	43.05	26.8492	135.467	13.1867	148.654	27.2367	2031.04	21.8193	25.9675	17.3108	10.135								
2016/08/09 06:25:00		0.70613	323.903	29.3031	0.364062	1001.25	56.729	26.7596	123.767	14.3985	138.165	27.3845	2094.38	22.5872	21.33	14.2208	6.8217								
2016/08/09 06:30:00		0.66345	336.57	29.3396	0.361458	1001.31	71.057	26.7064	117.739	13.8816	131.621	27.8993	2151.25	21.8372	16.9142	11.2742	6.0792								
2016/08/09 06:35:00		0.37378	343.697	29.3995	0.361458	1001.39	94.179	26.6557	109.451	14.0186	123.47	27.4322	2156.46	20.8621	14.8458	9.9133	5.9133								
2016/08/09 06:40:00		0.57995	35.0436	29.399	0.357292	1001.44	110.33	26.6122	100.978	12.6561	113.634	27.1271	2121.04	22.0372	17.7867	11.8925	6.1475								
2016/08/09 06:45:00		0.50118	352.71	29.4573	0.363021	1001.43	130.499	26.5681	100.779	13.2688	114.048	27.3845	2137.08	21.9872	14.5642	9.7383	5.4825								
2016/08/09 06:50:00		0.73048	330.516	29.4922	0.360938	1001.45	145.957	26.5448	102.858	13.4503	116.309	27.2081	2162.29	21.3871	17.5125	11.6792	6.4208								
2016/08/09 06:55:00		0.75828	314.113	29.5708	0.3625	1001.47	163.027	26.5268	104.297	13.084	117.381	26.7744	2110.63	21.5872	19.0375	12.6967	6.5475								
2016/08/09 07:00:00		0.66925	322.076	29.6995	0.363021	1001.5	168.955	26.5313	116.145	15.0353	131.18	26.8935	2174.79	21.3871	20.155	13.4425	6.9025								
2016/08/09 07:05:00		0.84128	326.627	29.8302	0.364583	1001.56	179.477	26.5268	110.997	17.2296	128.226	27.2606	2331.67	21.8122	17.1617	11.435	6.5183								
2016/08/09 07:10:00		0.73039	337.786	29.925	0.371354	1001.55	201.95	26.5034	105.802	17.4111	123.213	27.1128	2369.17	21.5371	15.5983	10.4383	6.0333								
2016/08/09 07:15:00		0.95794	321.75	29.9984	0.36875	1001.6	205.435	26.4978	101.518	17.346	118.864	27.0413	2334.38	20.9871	16.4017	11.0783	6.9967								
2016/08/09 07:20:00		0.86732	312.992	30.1042	0.367708	1001.61	183.655	26.4943	98.72	17.9075	116.627	26.8554	2312.29	20.9871	16.8033	11.2283	6.3517								
2016/08/09 07:25:00		1.07485	308.646	30.1599	0.364583	1001.61	186.594	26.4916	85.577	20.0231	105.6	26.5217	2287.92	21.3121	12.31	8.3183	4.91667								
2016/08/09 07:30:00		0.92011	326.991	30.213	0.365625	1001.65	199.413	26.4903	92.717	19.3213	112.038	26.6504	2321.04	21.9872	17.0542	11.4125	6.5567								
2016/08/09 07:35:00		1.0721	319.93	30.3307	0.364583	1001.66	226.508	26.4956	95.019	22.9466	117.966	26.5694	2431.04	22.0622	20.9508	13.9758	8.1008								
2016/08/09 07:40:00		1.26373	298.022	30.4099	0.367188	1001.68	252.525	26.505	79.761	22.1729	101.934	26.6123	2490.63	21.1371	17.5333	11.74	7.9433								
2016/08/09 07:45:00		0.84761	307.64	30.4057	0.363542	1001.68	269.515	26.5187	72.711	22.0634	94.774	26.7553	2374.17	21.3121	18.6942	12.6208	8.24								
2016/08/09 07:50:00		0.79197	304.657	30.4724	0.366667	1001.65	281.67	26.5287	75.484	24.8911	100.375	26.3978	2253.13	22.1122	21.4458	14.3008	8.7142								
2016/08/09 07:55:00		1.10673	312.113	30.5812	0.365625	1001.72	287.933	26.5397	82.564	30.8511	113.415	26.2691	2326.04	21.4121	21.98	14.665	8.8867								
2016/08/09 08:00:00		1.04952	294.936	30.6703	0.367188	1001.76	305.791	26.5389	63.762	27.5784	91.34	26.4741	2348.13	21.2621	19.19	12.9108	8.2608								
2016/08/09 08:05:00		1.42944	305.553	30.7182	0.368229	1001.72	336.066	26.5577	61.231	29.5571	90.788	25.9926	2305.0	21.8872	19.4725	12.9842	8.6358								
2016/08/09 08:10:00		1.51668	313.13	30.7896	0.367188	1001.72	363.614	26.5665	75.5	31.9774	107.477	25.9164	2309.58	21.8622	19.35	12.9317	8.1633								
2016/08/09 08:15:00		1.59062	313.289	30.8156	0.368229	1001.75	384.38	26.5802	61.968	30.4916	92.46	26.0546	2304.58	21.0121	19.2725	12.9317	8.5508								
2016/08/09 08:20:00		1.65408	323.061	30.8958	0.367708	1001.72	403.659	26.6014	59.753	29.2866	89.039	26.1976	2514.79	21.1871	19.0558	12.8833	8.9742								
2016/08/09 08:25:00		1.84817	325.122	30.9047	0.369792	1001.75	433.694	26.617	64.505	32.686	97.191	26.0546	2577.92	21.1871	18.4167	12.5567	8.4842								
2016/08/09 08:30:00		1.90201	323.594	30.9057	0.367188	1001.77	462.766	26.6525	51.963	25.4114	77.374	26.0212	2487.08	21.6872	18.8692	12.7675	8.815								
2016/08/09 08:35:00		1.83547	325.11	30.9849	0.36875	1001.77	487.061	26.6951	49.4304	27.8796	77.31	26.0737	2383.75	21.9122	24.5758	16.6033	12.205								
2016/08/09 08:40:00		1.37148	300.999	31.1417	0.368229	1001.77	517.03	26.7354	46.6811	34.8324	81.514	26.3501	2396.67	21.8372	26.7783	17.9575	12.7325								
2016/08/09 08:45:00		2.03248	306.469	31.3422	0.366667	1001.8	548.3	26.7867	43.3423	33.4665	76.809	26.3787	2373.13	22.2122	26.4517	18.3575	14.0125								
2016/08/09 08:50:00		1.46046	303.29	31.3797	0.364062	1001.85	561.27	26.8283	38.123	28.2699	66.393	26.4884	2233.96	21.9908	29.785	20.4867	15.8925								
2016/08/09 08:55:00		1.05822	320.787	31.4745	0.366667	1001.88	596.43	26.864	36.0661	31.3577	67.424	26.4216	2128.13	22.2372	26.0467	18.1717	14.0967								
2016/08/09 09:00:00		1.91218	316.389	31.4958	0.369271	1001.88	597.45	26.9169	40.1263	34.3395	74.466	27.1223	2115.42	22.055	29.8175	20.6917	16.0192								
2016/08/09 09:05:00		1.76662	309.11	31.612	0.368229	1001.88	604.9	26.9719	42.1542	38.1017	80.256	27.6276	2114.79	22.4015	29.7958	20.5967	16.1608								
2016/08/09 09:10:00		1.8563	314.32	31.7115	0.369792	1001.84	623.64	27.0382	34.7395	37.5437	72.283	27.5704	2088.96	22.9372	30.5758	20.8692	16.79								
2016/08/09 09:15:00		1.52023	314.072	31.7849	0.370313	1001.82	617.48	27.0769	32.8456	34.8632	67.709	27.0794	1992.08	23.398	29.5292	20.8492	17.1475								
2016/08/09 09:20:00		1.14417	316.84	31.8505	0.364062	1001.81	623.63	27.1351	35.2844	38.8411	74.126	26.8316	1906.46	22.9872	40.565	28.1583	22.4892								
2016/08/09 09:25:00		2.11983	313.196	31.9844	0.366667	1001.81	631.66	27.1985	32.8568	40.3234	73.18	26.7648	1876.04	22.948	37.1317	26.195	21.38								
2016/08/09 09:30:00		1.59686	312.436	32.0781	0.363542	1001.75	625.88	27.2653	29.6274	35.4965	65.124	26.9031	1819.17	22.2015	39.8067	27.7533	22.4233								
2016/08/09 09:35:00		1.62136	317.39	32.088	0.367708	1001.73	617.04	27.3247	27.1417	32.3094	59.451	26.4407	1746.88	22.2265	40.0083	28.97	24.1942								
2016/08/09 09:40:00		1.89044	314.1	32.1094	0.366146	1001.71	628.57	27.3819	25.5784	32.7921	58.37	26.4216	1647.5	22.6015	42.2917	30.8108	25.0008								
2016/08/09 09:45:00		2.0312	308.907	32.3203	0.365625	1001.68	632.21	27.4533	24.5644	35.0618	59.626	26.4359	1612.71	23.0265	41.7758	30.4217	24.7092								
2016/08/09 09:50:00		2.35038	311.53	32.476	0.366667	1001.59	658.34	27.5207	21.4266	28.9032	50.33	26.7934	1535.21	23.2765	36.1058	27.3967	23.0067								
2016/08/09 09:55:00		1.39468	319.926	32.625	0.36875	1001.53	689.32	27.5948	19.5841	30.5806	50.165	26.4693	1467.71	22.7515	42.3117	30.2767	24.7858								
2016/08/09 10:00:00		1.37676	298.836	32.8526	0.368229	1001.51	730.09	27.6925	19.6243	33.9321	53.556	26.3787	1448.96	23.2765	39.6142	29.7842	24.4683								
2016/08/09 10:05:00		2.16984	322.32	33.0969	0.364583	1001.45	765.56	27.7663	19.1352	35.7704	54.906	26.4312	1403.54	22.948	40.7525	29.1817	23.5								
2016/08/09 10:10:00		1.58172	308.807	33.3516	0.364062	1001.36	777.79	27.8211	17.1743	32.1828	49.3571	26.2977	1357.08	22.7587	41.705	28.9925	23.2575								
2016/08/09 10:15:00		0.92024	316.574	33.6031	0.369792	1001.35	780.89	27.8361	16.9979	33.8773	50.875	26.4312	1346.88	22.873	42.4217	28.03	22.6267								
2016/08/09 10:20:00		1.44133	324.339	33.724	0.367708	1001.29	695.3	27.8163	20.4551	41.015	61.47	26.4169	1330.63	21.9479	37.93	26.38	21.4467								
2016/08/09 10:25:00		1.84759	304.942	33.6958	0.370833	1001.23	666.04	27.7311	17.6746	34.2778	51.952	26.2786	1278.96	21.8586	38.9967	27.615	22.095								
2016/08/09 10:30:00		1.40666	319.015	33.8406	0.367188	1001.14	737.55	27.6613	17.8577	35.0447	52.902	26.4407	1289.79	21.9015	40.4967	27.235	21.055								
2016/08/09 10:35:00		1.56071	300.678	34.1625	0.369792	1001.09	830.35	27.6221	17.8979	39.2074	57.105	26.5074	1325.21	22.2015	32.5267	21.2917	16.515								
2016/08/09 10:40:00		2.34905	305.758	34.4464	0.359896	1001.03	844.03	27.6068	16.5892	29.9302	46.5194	26.2691	1278.33	22.4765	29.3667	19.6133	15.4983								
2016/08/09 10:45:00		1.6185	316.894	34.5729	0.367188	1001.05	841.6	27.6447	15.2514	30.2417	45.4932	26.2739	1222.29	21.8765	37.8733	21.7733	16.9133								
2016/08/09 10:50:00		2.26985	304.354	34.6115	0.36875	1001.04	819.55	27.6919	14.1839	29.4235	43.6075	25.9736	1147.08	21.9265	32.6417	20.4483	16.06								
2016/08/09 10:55:00		1.53519	299.668	34.713	0.366667	1001.0	836.67	27.7521	14.7623	29.8617	44.6241	26.0498	1108.96	21.9265	30.5275	20.3092	16.3825								
2016/08/09 11:00:00		1.52085	309.949	34.8823	0.367188	1000.92	828.9	27.8595	13.0002	28.0303	41.0305	25.8401	1136.46	22.4515	31.0492	21.0383	17.1592								
2016/08/09 11:05:00		2.3155	306.847	34.988	0.366146	1000.84	835.61	27.9797	12.6139	27.729	40.3429	25.8592	1090.83	21.7014	24.9917	15.825	12.23								
2016/08/09 11:10:00		1.51634	305.308	35.1141	0.366667	1000.69	867.85	28.1014	13.0293	28.8176	41.8469	25.8401	1065.63	22.4515	31.2125	17.395	12.9267								
2016/08/09 11:15:00		1.37457	312.218	35.1531	0.364062	1000.63	829.24	28.2464	13.5117	26.3528	39.8645	25.7114	1040.21	22.4765	25.27	15.4608	12.3133								
2016/08/09 11:20:00		0.64555	328.361	35.2943	0.364062	1000.61	806.98	28.4332	13.7886	28.8176	42.6062	25.7734	1081.88	23.0015	29.2208	15.4458	12.42								
2016/08/09 11:25:00		0.68204	342.941	35.3052	0.361458	1000.56	829.81	28.5667	15.1398	31.4844	46.6242	25.9926	1101.46	22.2015	23.1992	14.2475	11.3517								
2016/08/09 11:30:00		1.56495	323.244	35.2156	0.365625	1000.49	883.26	28.6783	14.9991	26.88	41.8791	26.107	1058.13	21.5764	24.38	14.9692	11.9875								
2016/08/09 11:35:00		1.7708	307.005	35.3755	0.364062	1000.41	892.93	28.8074	15.6534	30.9127	46.5661	26.1738	1023.13	21.7372	30.0933	16.6125	13.14								
2016/08/09 11:40:00		1.86085	302.616	35.5083	0.364583	1000.38	895.61	28.9822	13.668	24.4358	38.1038	26.0022	968.13	23.0051	23.83	16.365	13.3233								
2016/08/09 11:45:00		2.09414	319.927	35.5469	0.367708	1000.3	889.17	29.5396	12.9801	28.8758	41.8559	26.0641	985.42	22.9444	29.105	18.4908	14.4783								
2016/08/09 11:50:00		1.7055	317.761	35.6901	0.367188	1000.18	667.04	30.0768	12.2096	30.6114	42.8211	26.4502	1014.17	21.555	25.2792	17.2492	13.8442								
2016/08/09 11:55:00		0.60692	30.538	35.6865	0.366667	1000.15	875.56	30.4765	12.5491	33.3809	45.93	26.4979	960.83	22.4051	29.7217	19.51	15.8567								
2016/08/09 12:00:00		0.73079	12.4803	35.6198	0.363542	1000.13	880.5	30.7302	13.3911	41.7304	55.121	26.8649	926.25	22.6301	30.7667	19.8042	16.0992								
2016/08/09 12:05:00		1.01127	359.467	35.6229	0.368229	1000.11	804.47	30.9206	12.2186	40.1283	52.347	27.0079	924.58	22.8551	32.2583	21.6942	17.2767								
2016/08/09 12:10:00		0.95709	348.838	35.6797	0.361979	1000.07	754.86	31.1117	12.2811	53.599	65.88	27.2844	957.29	22.2801	33.11	20.9933	16.7067								
2016/08/09 12:15:00		0.9101	309.528	35.7271	0.363542	1000.03	871.71	31.2876	12.1158	53.746	65.862	27.8707	962.71	22.6658	29.3542	19.0725	15.6208								
2016/08/09 12:20:00		1.00523	299.475	35.6922	0.361979	999.96	626.35	31.4452	10.8518	36.9823	47.834	27.8278	927.71	22.9015	27.135	18.2633	14.6583								
2016/08/09 12:25:00		1.03614	337.063	35.6208	0.364062	999.97	524.95	31.5995	9.9115	33.2406	43.1521	27.8469	859.58	22.8301	24.8108	17.9342	14.5267								
2016/08/09 12:30:00		0.62846	317.266	35.6307	0.364062	999.98	925.12	31.7027	9.8378	40.3063	50.144	27.8087	865.0	23.3194	28.38	18.6825	14.5092								
2016/08/09 12:35:00		0.84645	16.5373	35.95	0.366667	1000.0	905.33	31.8183	10.4029	35.7293	46.1322	27.8564	838.54	22.5194	25.025	17.0067	14.08								
2016/08/09 12:40:00		1.66559	62.361	36.0578	0.365104	1000.0	886.04	31.919	10.4609	34.5414	45.0024	27.8182	815.83	22.2193	22.1667	16.315	13.5433								
2016/08/09 12:45:00		0.85889	53.239	35.8271	0.360417	999.93	906.91	32.039	10.4855	31.4775	41.9631	27.7992	751.88	22.7944	22.2725	16.1383	13.64								
2016/08/09 12:50:00		0.90258	19.3268	35.7198	0.366667	999.92	890.53	32.1529	9.1232	27.4209	36.5441	27.6991	680.0	23.6444	24.2975	15.1042	12.9242								
2016/08/09 12:55:00		0.68535	53.169	35.699	0.366146	999.83	829.3	32.2758	8.6787	31.7035	40.3822	27.6371	661.67	23.248	20.6183	16.1642	13.7142								
2016/08/09 13:00:00		0.57914	16.3918	35.7422	0.361979	999.75	809.3	32.3709	8.9579	25.0999	34.0578	27.7658	641.88	23.2408	23.71	16.1617	13.5892								
2016/08/09 13:05:00		0.89797	44.7988	35.9719	0.363021	999.73	423.135	32.4839	10.1416	33.422	43.5636	28.2711	625.63	22.8622	26.2833	16.8833	14.0267								
2016/08/09 13:10:00		0.85367	43.9857	35.9073	0.361458	999.7	876.91	32.5902	10.1505	28.8484	38.9989	28.0232	611.04	22.5515	22.5642	16.23	13.9767								
2016/08/09 13:15:00		0.418476	38.7654	36.0745	0.356771	999.56	852.56	32.6697	10.5123	31.9329	42.4452	28.0089	626.46	23.7944	23.5367	16.9833	14.53								
2016/08/09 13:20:00		0.68542	44.8175	36.1979	0.35625	999.45	263.251	32.7462	10.921	30.1664	41.0874	28.1996	640.63	23.4337	23.5983	16.7217	14.3767								
2016/08/09 13:25:00		1.13415	339.664	35.9766	0.359896	999.28	708.56	32.8136	10.959	30.5567	41.5156	28.3092	658.54	23.8087	21.9075	16.44	14.1967								
2016/08/09 13:30:00		1.2167	335.764	36.1547	0.3625	999.24	910.84	32.8552	14.1102	35.8526	49.9628	28.2902	693.33	23.0587	22.8525	16.0183	13.6508								
2016/08/09 13:35:00		1.00931	23.3262	36.4807	0.354688	999.15	440.212	32.8802	16.0599	37.1569	53.217	28.2854	702.29	23.7587	25.5483	17.0517	13.88								
2016/08/09 13:40:00		1.05959	45.5189	36.4542	0.359896	999.13	612.33	32.9124	15.984	37.5197	53.504	28.4379	738.33	23.3873	24.1317	17.225	14.6317								
2016/08/09 13:45:00		0.76076	67.824	36.3771	0.359896	999.05	835.83	32.9204	15.506	38.9952	54.501	28.4904	753.33	22.9658	27.8417	18.1217	15.2275								
2016/08/09 13:50:00		0.72898	45.8504	36.6229	0.360417	999.0	789.22	32.9314	15.5418	35.6746	51.216	28.3998	840.63	22.9479	21.8033	16.4567	14.1617								
2016/08/09 13:55:00		0.84103	37.2829	36.6245	0.355729	998.96	255.544	32.9282	15.0482	34.3223	49.3705	28.7001	841.25	23.6587	23.6367	16.6342	14.0992								
2016/08/09 14:00:00		0.6579	39.1235	36.2859	0.358854	998.93	249.404	32.9105	14.3626	31.3714	45.734	28.2854	821.04	22.9337	22.3908	16.705	14.4717								
2016/08/09 14:05:00		0.58595	274.29	35.9391	0.355729	998.84	298.718	32.8767	13.9717	29.0401	43.0119	28.3998	780.63	23.2301	22.8417	17.0217	14.31								
2016/08/09 14:10:00		0.86363	22.621	35.799	0.3625	998.72	620.61	32.8098	13.4581	31.6213	45.0794	28.4808	787.29	22.8194	22.18	16.1517	14.1617								
2016/08/09 14:15:00		1.53736	321.578	35.9437	0.360938	998.61	316.218	32.7317	13.5809	32.5593	46.1402	29.091	811.88	23.3623	24.9408	17.3217	14.8167								
2016/08/09 14:20:00		1.26139	326.411	35.9432	0.359896	998.51	424.71	32.653	12.7635	32.1109	44.8744	28.9098	799.17	23.5516	25.8833	17.9267	15.3275								
2016/08/09 14:25:00		0.89849	309.192	36.1359	0.357292	998.4	767.1	32.5999	13.4402	36.8487	50.289	28.8717	790.21	23.348	23.3433	16.9183	14.6133								
2016/08/09 14:30:00		1.4042	297.803	36.4604	0.361979	998.33	711.75	32.5776	11.7094	28.5335	40.2429	28.8765	769.17	23.6516	21.1533	16.1025	13.8583								
2016/08/09 14:35:00		0.232111	270.681	36.6312	0.361458	998.22	733.83	32.5191	10.6865	29.3996	40.0861	28.4522	737.5	23.1801	23.9817	16.9308	13.8533								
2016/08/09 14:40:00		1.66445	329.924	36.8688	0.361458	998.14	699.27	32.4793	14.4899	38.2455	52.735	28.4284	830.83	23.6659	26.0658	16.4017	13.6908								
2016/08/09 14:45:00		2.02917	319.887	36.962	0.357812	998.13	702.02	32.4315	13.4469	35.3733	48.8202	28.9337	882.08	23.8373	25.8892	16.4667	13.465								
2016/08/09 14:50:00		1.80802	308.955	37.0193	0.361458	998.1	680.76	32.388	12.7948	33.9389	46.7337	28.6047	851.88	23.1087	27.1025	15.3642	12.3375								
2016/08/09 14:55:00		1.51593	321.109	37.0615	0.360938	998.6	539.26	32.4576	9.2058	34.2505	43.4563	29.3245	868.33	27.834	21.2392	13.5308	10.975								
2016/08/09 15:00:00		0.58538	240.594	36.9536	0.364062	998.53	658.67	32.6952	0.87993	28.1535	29.0334	29.7678	784.79	33.9487	23.06	14.1092	11.3692								
2016/08/09 15:05:00		1.16459	281.41	36.8979	0.361979	998.46	642.71	32.9296	1.10327	23.419	24.5223	30.0681	973.33	36.4346	22.7992	14.4483	11.91								
2016/08/09 15:10:00		1.37835	313.509	36.9542	0.3625	998.06	601.35	33.0724	1.64373	31.0394	32.6831	30.3637	1231.88	32.9629	25.125	15.9017	12.7208								
2016/08/09 15:15:00		0.63955	339.718	37.0026	0.361979	997.79	647.53	32.9352	3.60237	44.3972	47.9996	29.6677	1218.13	27.7983	22.1483	13.855	11.1767								
2016/08/09 15:20:00		0.70497	60.733	37.0042	0.358333	997.75	626.25	32.7268	3.6984	45.5577	49.2561	29.4294	1202.5	25.7981	35.65	16.2867	12.1092								
2016/08/09 15:25:00		0.400783	36.1937	37.099	0.355208	997.74	611.85	32.4989	13.2258	49.4295	62.655	29.2816	1429.17	24.6124	27.265	16.1967	12.4717								
2016/08/09 15:30:00		1.98954	315.073	37.0995	0.359375	997.74	588.07	32.2761	27.0211	53.339	80.36	29.4675	1483.13	23.3908	24.5517	14.7742	11.8175								
2016/08/09 15:35:00		1.297	323.735	37.1047	0.358854	997.73	599.32	32.1021	21.3484	48.9331	70.282	29.539	1460.0	23.1551	24.94	14.4908	11.1767								
2016/08/09 15:40:00		1.46079	282.303	37.1552	0.357292	997.71	587.1	31.933	21.8532	47.6425	69.496	29.3436	1501.25	23.223	20.305	13.3725	11.0083								
2016/08/09 15:45:00		1.1056	310.428	37.1984	0.360938	997.78	574.69	31.7982	21.8219	42.4973	64.319	28.8669	1418.33	22.7229	22.2467	13.7342	11.3308								
2016/08/09 15:50:00		0.984	306.166	37.2245	0.357292	997.77	572.28	31.6731	21.7437	44.0617	65.805	28.7144	1498.13	23.3087	23.3025	14.7092	11.7825								
2016/08/09 15:55:00		1.35294	293.266	37.2922	0.363021	997.75	545.99	31.5493	19.9347	39.6353	59.57	28.3187	1375.42	23.5301	16.7467	12.1092	10.3683								
2016/08/09 16:00:00		0.85494	286.046	37.2021	0.363021	997.7	529.99	31.439	17.1118	35.1987	52.311	28.1043	1212.71	23.3694	21.4	12.7933	10.9325								
2016/08/09 16:05:00		2.29105	167.632	37.2964	0.357292	997.73	430.668	31.3426	19.0749	37.4786	56.554	28.4332	1441.67	22.8051	44.0675	17.8033	12.405								
2016/08/09 16:10:00		2.41599	184.761	37.3995	0.358333	997.75	374.383	31.3053	20.3099	42.9115	63.221	28.5952	1694.58	24.1837	47.7492	18.5783	12.3325								
2016/08/09 16:15:00		2.49961	172.295	37.3984	0.357812	997.78	304.427	31.4296	20.4797	44.096	64.576	28.743	1749.38	23.1337	40.8533	17.3725	11.855								
2016/08/09 16:20:00		1.3943	171.751	37.3714	0.353646	997.81	180.483	31.5526	23.2088	46.4615	69.67	28.6381	2025.83	23.4837	38.3958	16.8567	11.7492								
2016/08/09 16:25:00		1.70705	162.198	37.2516	0.356771	997.72	288.159	31.62	28.4906	50.867	79.358	28.9432	2371.67	23.5587	38.61	16.6767	11.245								
2016/08/09 16:30:00		1.81152	135.446	37.2068	0.360938	997.64	324.479	31.6734	33.6139	55.054	88.668	29.1005	2507.92	22.9337	41.2717	16.7317	11.6525								
2016/08/09 16:35:00		1.59857	166.461	37.2026	0.355729	997.58	260.67	31.7236	36.6222	55.831	92.453	29.396	2639.79	23.4087	36.1233	16.365	11.1167								
2016/08/09 16:40:00		2.3708	181.408	37.1354	0.354688	997.51	303.275	31.8433	38.8622	54.989	93.851	29.0004	2446.04	23.4337	39.8283	15.2867	9.9567								
2016/08/09 16:45:00		2.26902	180.639	37.0047	0.357812	997.57	190.991	31.8825	36.2917	51.487	87.779	29.5867	2457.29	23.1801	48.0717	17.6783	10.3867								
2016/08/09 16:50:00		1.21183	147.044	36.8766	0.35625	997.69	135.997	31.8602	34.7976	52.504	87.301	29.253	2668.13	23.1051	46.7933	16.6633	10.5183								
2016/08/09 16:55:00		1.2126	147.672	36.7969	0.359896	997.66	215.418	31.824	39.9677	55.756	95.724	29.52	3088.96	23.3158	47.2217	17.1583	9.895								
2016/08/09 17:00:00		1.39857	156.827	36.8161	0.355208	997.63	296.756	31.8103	39.0699	58.464	97.534	29.4723	3194.79	23.6337	46.07	15.675	9.4367								
2016/08/09 17:05:00		1.68026	136.508	36.8958	0.358333	997.59	293.46	31.7768	37.7322	56.304	94.036	29.4151	3260.0	23.5908	40.6433	14.1783	8.7317								
2016/08/09 17:10:00		1.62925	141.275	36.9	0.355208	997.58	289.909	31.7158	37.2475	54.835	92.082	29.6391	3093.33	22.5229	35.0842	12.9875	8.4917								
2016/08/09 17:15:00		1.25988	161.953	36.9729	0.357292	997.58	275.953	31.6723	41.4194	58.898	100.318	29.4771	3429.58	23.2694	40.8042	15.4	9.175								
2016/08/09 17:20:00		1.56288	136.63	37.0953	0.353646	997.55	255.041	31.614	46.5538	58.717	105.271	29.3627	3433.13	22.7587	52.185	17.3142	9.9142								
2016/08/09 17:25:00		1.3004	145.767	37.1005	0.357292	997.65	241.048	31.5697	43.0296	59.111	102.14	28.9146	4140.83	22.4586	41.5367	16.5592	9.7375								
2016/08/09 17:30:00		2.13241	164.4	37.1	0.355729	997.61	230.11	31.5603	42.8175	60.685	103.503	29.1005	4341.25	22.9337	54.921	17.4742	10.2742								
2016/08/09 17:35:00		1.37399	172.612	37.1047	0.357812	997.55	219.501	31.6124	48.3137	61.456	109.769	29.0242	4437.29	23.2337	59.297	17.0767	9.7958								
2016/08/09 17:40:00		1.34262	129.192	37.0844	0.356771	997.62	205.056	31.7427	62.763	63.284	126.047	29.3055	4679.58	23.8587	48.5275	17.93	12.2992								
2016/08/09 17:45:00		1.36355	139.822	36.9536	0.356771	997.67	181.832	31.6613	54.111	61.603	115.714	29.6153	4747.71	23.1372	57.485	23.1708	15.8925								
2016/08/09 17:50:00		1.58281	160.379	36.825	0.361979	997.7	159.461	31.3394	57.823	57.892	115.715	29.8775	4637.92	23.6337	44.435	17.1217	9.9033								
2016/08/09 17:55:00		1.71966	162.554	36.7464	0.363021	997.9	136.434	31.0159	54.134	56.081	110.215	29.2912	4545.83	23.1087	61.004	18.3292	8.295								
2016/08/09 18:00:00		1.39879	162.637	36.6521	0.357292	998.05	107.749	30.7056	51.586	52.422	104.007	29.3388	4261.46	22.8587	51.348	16.7492	9.5508								
2016/08/09 18:05:00		1.16195	146.507	36.5766	0.358333	998.13	78.254	30.4465	51.579	53.616	105.195	30.1778	4617.08	23.4373	51.09	17.4733	9.8458								
2016/08/09 18:10:00		1.62139	151.496	36.4943	0.357292	998.17	68.731	30.2185	56.025	54.873	110.898	30.5496	4585.63	22.8051	59.265	16.7367	8.545								
2016/08/09 18:15:00		1.66339	171.553	36.4635	0.360417	998.19	56.357	30.0532	57.555	53.897	111.452	30.5019	4609.17	22.873	62.743	18.4392	8.3208								
2016/08/09 18:20:00		2.13033	165.147	36.3432	0.361979	998.23	43.6406	29.9052	50.248	47.5535	97.801	30.3589	4195.21	23.3194	46.5667	15.43	8.4733								
2016/08/09 18:25:00		1.76654	164.163	36.2167	0.357292	998.26	27.7594	29.7936	50.52	48.0362	98.556	29.8918	4274.17	22.7194	50.403	17.6142	9.8267								
2016/08/09 18:30:00		1.72298	163.313	36.0901	0.361979	998.28	15.7354	29.7152	71.67	51.278	122.948	29.5772	4275.83	22.2443	52.558	17.3	10.1175								
2016/08/09 18:35:00		1.22583	161.32	36.0089	0.359375	998.38	8.4875	29.6153	61.937	50.217	112.154	29.1386	4333.54	22.6194	51.469	17.0875	9.8317								
2016/08/09 18:40:00		0.97352	151.368	35.9021	0.360938	998.41	2.23854	29.5256	57.377	47.2146	104.591	28.9003	4293.13	22.973	72.282	20.4017	10.1125								
2016/08/09 18:45:00		1.12715	154.252	35.7797	0.361458	998.36	1.24688	29.4548	57.091	48.7346	105.825	28.7525	4551.67	23.0944	67.384	22.1583	11.8417								
2016/08/09 18:50:00		1.90496	162.903	35.7198	0.363542	998.35	1.20313	29.4215	65.303	49.2754	114.578	28.7764	4400.83	23.2944	57.998	22.1183	12.2017								
2016/08/09 18:55:00		1.85607	167.414	35.6609	0.358854	998.36	1.18854	29.3879	63.974	50.22	114.194	28.8526	4158.75	23.3801	55.186	21.1033	13.0517								
2016/08/09 19:00:00		1.91084	166.674	35.551	0.360938	998.54	1.225	29.3675	61.834	49.0563	110.891	28.5952	4015.0	22.7551	56.963	23.2683	15.8517								
2016/08/09 19:05:00		1.74249	169.016	35.462	0.3625	998.74	1.225	29.3484	64.99	49.5322	114.522	28.7049	3944.38	23.0301	51.139	24.2017	17.5092								
2016/08/09 19:10:00		1.82936	165.876	35.3443	0.360938	998.9	1.23958	29.3307	60.15	46.6429	106.793	28.7764	3833.54	23.5659	60.803	27.5983	19.6392								
2016/08/09 19:15:00		1.55051	163.209	35.2339	0.358333	999.0	1.16667	29.2982	58.491	46.2527	104.744	28.9718	3830.63	23.298	69.487	29.7483	21.3392								
2016/08/09 19:20:00		1.5573	164.825	35.1318	0.363021	999.04	1.16667	29.2861	63.576	47.3447	110.921	28.7907	3740.83	22.5515	68.084	32.9558	24.1783								
2016/08/09 19:25:00		1.49788	154.755	35.0271	0.359375	999.09	1.14479	29.2671	63.228	47.177	110.405	28.8383	3748.54	23.1015	62.115	31.7858	23.8525								
2016/08/09 19:30:00		1.8637	158.034	34.8922	0.360417	999.16	1.08646	29.255	56.555	42.131	98.686	28.8669	3413.13	23.3373	59.995	30.2817	22.765								
2016/08/09 19:35:00		1.99744	165.251	34.8083	0.360938	999.23	1.10833	29.2314	53.58	44.0241	97.604	28.8574	3437.5	22.7694	65.885	31.2217	23.7467								
2016/08/09 19:40:00		1.71917	161.814	34.813	0.360938	999.22	1.20313	29.2005	58.049	43.3325	101.381	28.5714	3708.54	22.33	65.365	35.0617	26.2767								
2016/08/09 19:45:00		2.38284	170.227	34.7745	0.360417	999.23	1.09375	29.1736	65.03	43.3291	108.359	28.8574	3685.0	22.3301	64.868	36.1117	27.925								
2016/08/09 19:50:00		2.18669	164.462	34.7073	0.361979	999.2	1.14479	29.1414	65.517	40.3988	105.916	28.7239	3513.96	22.5872	67.75	39.5617	31.16								
2016/08/09 19:55:00		2.08678	163.008	34.6109	0.363021	999.18	1.16667	29.1071	65.481	38.0675	103.549	28.6905	3552.92	22.8408	76.543	42.0567	33.56								
2016/08/09 20:00:00		2.56861	165.419	34.562	0.3625	999.17	1.20313	29.0794	67.813	36.9925	104.805	29.7297	3460.83	23.4551	72.542	42.7217	35.3983								
2016/08/09 20:05:00		2.07467	172.788	34.4797	0.361458	999.22	1.05729	29.059	73.361	35.7875	109.148	30.602	3388.33	22.23	72.638	46.35	38.6117								
2016/08/09 20:10:00		1.921	165.722	34.4052	0.355729	999.3	1.15208	29.0276	77.075	33.9526	111.027	30.5162	3404.58	22.8801	76.629	48.6025	40.16								
2016/08/09 20:15:00		1.6207	166.023	34.3464	0.3625	999.24	1.15937	28.9898	83.348	33.1036	116.452	31.0119	3408.33	22.8301	68.928	44.175	36.3125								
2016/08/09 20:20:00		1.78039	165.205	34.3063	0.361458	999.24	1.10833	28.9487	80.123	31.5939	111.717	30.3399	3242.5	23.1051	67.637	42.8033	34.94								
2016/08/09 20:25:00		1.82311	163.178	34.2141	0.361979	999.3	1.15208	28.9143	75.84	29.3927	105.232	30.4542	3322.92	22.7051	71.173	41.1842	32.8433								
2016/08/09 20:30:00		2.19647	164.885	34.2104	0.363021	999.46	1.14479	28.8963	82.175	29.6974	111.873	30.1968	3332.08	23.4051	65.783	40.3542	32.6633								
2016/08/09 20:35:00		1.37237	152.803	34.1255	0.363021	999.57	1.1375	28.863	75.433	29.1736	104.607	30.3017	3116.46	22.6551	65.318	39.1867	32.165								
2016/08/09 20:40:00		1.02016	126.329	34.1078	0.357292	999.7	1.1375	28.827	80.581	28.3178	108.899	29.5629	3055.83	22.3801	58.791	37.8783	31.6658								
2016/08/09 20:45:00		1.63941	130.929	33.9979	0.358333	999.83	1.15208	28.7873	73.47	27.0204	100.49	29.7869	3022.71	23.1801	77.15	38.5	32.1067								
2016/08/09 20:50:00		1.92886	125.143	33.9979	0.358333	999.86	1.11563	28.7597	72.085	28.4034	100.489	30.03	3074.58	23.2301	71.569	40.8433	33.28								
2016/08/09 20:55:00		1.68816	103.89	34.0026	0.361458	999.9	1.16667	28.7111	71.96	29.3653	101.326	29.8441	3081.88	22.9837	64.47	40.475	32.6825								
2016/08/09 21:00:00		1.5581	95.064	33.9417	0.363021	999.98	1.12292	28.6609	69.649	30.0706	99.719	29.8298	3018.54	22.8837	66.813	45.2517	38.2725								
2016/08/09 21:05:00		1.75611	99.402	33.7203	0.367188	1000.01	1.16667	28.6359	64.081	31.1831	95.264	29.5772	2935.83	23.1551	76.871	56.01	48.0258								
2016/08/09 21:10:00		2.0625	129.339	33.426	0.359375	999.96	1.11563	28.6246	63.005	27.284	90.289	30.2397	2795.21	23.4623	82.017	61.96	54.396								
2016/08/09 21:15:00		2.10563	127.26	33.2333	0.360938	999.99	1.16667	28.5959	59.958	26.9348	86.893	30.7211	2742.92	23.1194	108.625	76.228	51.759								
2016/08/09 21:20:00		1.98077	120.099	33.0833	0.3625	1000.04	1.18125	28.5548	59.902	25.7674	85.67	30.9547	2718.96	22.0729	74.285	54.613	45.28								
2016/08/09 21:25:00		2.0913	126.108	32.938	0.3625	1000.09	1.16667	28.5006	59.402	24.8808	84.283	30.7259	2684.58	23.0051	70.703	52.186	44.4492								
2016/08/09 21:30:00		2.31244	133.581	32.8245	0.356771	1000.11	1.18854	28.4522	58.717	24.2303	82.947	30.2445	2681.67	22.9908	91.852	64.81	44.6392								
2016/08/09 21:35:00		2.62839	126.862	32.7656	0.360417	1000.15	1.11563	28.4198	56.635	24.3639	80.999	29.8346	2625.0	22.3408	74.031	51.707	42.67								
2016/08/09 21:40:00		2.3129	124.056	32.6833	0.361458	1000.26	1.07187	28.3701	56.916	22.4262	79.343	29.9442	2552.5	22.9408	63.937	46.2025	38.9133								
2016/08/09 21:45:00		1.28137	104.475	32.5995	0.364062	1000.37	1.10104	28.3293	59.956	23.0904	83.046	29.7869	2495.83	22.5158	62.111	44.3075	36.9725								
2016/08/09 21:50:00		1.89744	99.743	32.5	0.364062	1000.45	1.16667	28.2778	67.078	22.4673	89.546	29.806	2653.54	23.3158	61.05	43.3342	36.39								
2016/08/09 21:55:00		1.787	91.678	32.349	0.359375	1000.5	1.15208	28.2431	62.194	20.8104	83.004	30.1825	2633.96	22.9408	53.731	39.3408	33.0575								
2016/08/09 22:00:00		2.58466	91.648	32.1745	0.365104	1000.58	1.18854	28.1945	64.992	21.4403	86.433	29.806	2517.08	23.0158	47.425	33.615	27.7242								
2016/08/09 22:05:00		1.88067	101.845	32.0057	0.365104	1000.62	1.15208	28.1322	61.37	20.5366	81.906	29.52	2449.38	22.3658	47.955	33.9467	28.26								
2016/08/09 22:10:00		2.09524	99.03	31.8859	0.363021	1000.66	1.09375	28.0791	64.525	21.4095	85.935	30.2541	2479.17	22.1158	52.043	35.9542	27.3525								
2016/08/09 22:15:00		2.06596	92.246	31.8021	0.360938	1000.77	1.16667	28.0248	63.313	20.2456	83.558	29.8155	2418.96	22.7622	44.96	30.9733	23.7867								
2016/08/09 22:20:00		1.50172	101.24	31.7115	0.364583	1000.8	1.17396	27.9674	62.73	20.5366	83.266	29.949	2391.88	22.5158	43.8083	30.3342	23.2933								
2016/08/09 22:25:00		1.62185	88.916	31.6964	0.363542	1000.91	1.12292	27.9121	61.066	19.1159	80.182	29.4485	2334.38	22.2051	43.065	29.6992	22.9817								
2016/08/09 22:30:00		1.87837	95.518	31.6063	0.363021	1000.95	1.21771	27.86	61.504	19.133	80.637	29.539	2414.58	23.1658	43.6717	29.7942	23.3792								
2016/08/09 22:35:00		1.94894	91.549	31.5969	0.361979	1000.94	1.14479	27.83	61.644	19.6876	81.332	29.1243	2500.0	23.1515	42.6367	29.7275	23.865								
2016/08/09 22:40:00		2.10045	95.018	31.588	0.364062	1000.9	1.10833	27.7663	62.652	19.9478	82.599	29.0957	2384.58	22.0729	43.6658	31.5067	26.0467								
2016/08/09 22:45:00		1.19257	131.63	31.4812	0.363542	1000.85	1.12292	27.6799	60.584	17.7466	78.33	29.4294	2287.92	22.7658	51.477	39.4358	34.2042								
2016/08/09 22:50:00		1.83325	128.387	31.487	0.359896	1000.79	1.1375	27.5821	64.773	18.0547	82.828	29.4294	2246.67	21.5014	57.23	41.1933	34.6167								
2016/08/09 22:55:00		1.67701	128.344	31.4812	0.364583	1000.82	1.14479	27.496	61.651	17.9657	79.617	29.4437	2266.88	22.6265	53.983	38.4	31.4233								
2016/08/09 23:00:00		1.43722	118.875	31.4812	0.363021	1000.83	1.16667	27.4619	64.07	18.0684	82.138	29.2864	2231.67	22.2515	48.4233	34.0267	27.915								
2016/08/09 23:05:00		1.6972	133.854	31.4786	0.365104	1000.79	1.12292	27.4015	61.28	19.1912	80.472	29.2769	2236.67	22.1515	45.665	33.0967	27.0417								
2016/08/09 23:10:00		1.47105	133.852	31.4807	0.361979	1000.71	1.15937	27.3142	59.355	18.1402	77.496	29.4961	2110.21	22.5265	44.6633	32.2567	26.7								
2016/08/09 23:15:00		1.13888	105.358	31.3828	0.360417	1000.75	1.1375	27.1886	56.488	18.1711	74.659	29.2244	2090.21	22.4765	46.685	32.5017	26.345								
2016/08/09 23:20:00		1.35688	82.924	31.3755	0.361979	1000.75	1.12292	27.1236	54.889	17.4761	72.365	28.948	2139.58	22.3658	43.98	31.115	25.4333								
2016/08/09 23:25:00		1.72098	89.533	31.3052	0.360417	1000.7	1.13021	27.1	50.971	17.6028	68.574	28.5333	2049.38	21.7979	40.4067	29.8467	24.265								
2016/08/09 23:30:00		2.50291	91.943	31.2542	0.360938	1000.66	1.15937	27.0251	49.5644	17.2947	66.859	28.7144	1920.42	21.5014	42.2258	29.9475	24.125								
2016/08/09 23:35:00		2.04647	95.265	31.1891	0.360417	1000.65	1.12292	26.922	49.2472	16.9866	66.234	28.457	1827.29	21.3228	46.0192	33.1333	26.1125								
2016/08/09 23:40:00		1.62903	86.938	31.1177	0.361979	1000.63	1.14479	26.9013	47.2663	16.812	64.078	27.8564	1747.08	21.6193	40.0625	30.7375	25.1158								
2016/08/09 23:45:00		1.47765	94.485	31.0318	0.360938	1000.62	1.12292	27.2541	44.6175	16.8257	61.443	27.4226	1620.21	21.8943	36.6283	26.7625	22.1917								
2016/08/09 23:50:00		1.24784	78.332	30.9849	0.361458	1000.62	1.16667	27.4101	42.3351	14.6587	56.994	27.3178	1579.38	21.5764	35.2967	24.5742	19.3258								
2016/08/09 23:55:00		2.12421	75.804	30.9609	0.35625	1000.57	1.14479	27.4232	42.076	14.532	56.608	27.1033	1453.33	21.1514	38.6275	26.2908	18.8342								
2016/08/10 00:00:00		2.03801	90.825	30.9057	0.360938	1000.49	1.11563	27.4265	46.5784	14.7169	61.295	27.3464	1393.13	21.3264	37.2092	25.2883	18.1733								
