-- 1st mean values --
Format: XTAB(V:1;HEAD:2;COL:TCFFFFFFFFFFFFFFFFFFFFFFFF)
StartTime: 2016/10/18 00:00:00
EndTime: 2016/10/19 00:00:00
Period: 24 h
Station: Gia Lam

Time	MeasPt	Wind Spd.	Wind Dir.	Temp	RH	Barometer	Radiation	InnerTemp	NO	NO2	NOx	SO2	CO	O3	PM-10	PM-2.5	PM-1	CH4	NMHC	THC	BENZEN	TOLUEN	ETHYL BENZEN	MP-XYLEN	O-XYLEN
		m/s	degree	°C	%	hPa	W/m²	°C	µg/m3	µg/m3	µg/m3	µg/m3	µg/m3	µg/m3	µg/m3	µg/m3	µg/m3	ppm	ppmC	ppmC	ug/m3	ug/m3	ug/m3	ug/m3	ug/m3
2016/10/18 00:05:00		0.86296	325.544	27.6958	0.367708	1007.89	1.05	26.7319	53.622	0.0	53.622	29.7488	3334.79	3.11092	66.812	52.321	46.4933				7.0019	0.0	3.7119	7.6961	0.61512
2016/10/18 00:10:00		1.06653	325.676	27.6969	0.364583	1007.87	1.12292	26.7998	48.5437	0.0	48.5437	29.5724	3223.75	3.11092	65.083	50.789	45.3775				7.0019	0.0	3.7119	7.6961	0.61512
2016/10/18 00:15:00		0.89742	320.599	27.6932	0.369792	1007.82	1.15208	27.0817	43.9118	0.0	43.9118	29.9204	3228.96	3.46452	64.483	49.0175	43.6392				6.4226	0.0	3.01954	6.2233	0.485969
2016/10/18 00:20:00		1.06872	330.914	27.6927	0.361979	1007.81	1.15937	27.2774	39.2218	0.0	39.2218	30.3065	3176.67	3.71453	69.575	47.5358	42.7275				6.3812	0.0	2.97008	6.118	0.476744
2016/10/18 00:25:00		1.2219	334.263	27.6375	0.365625	1007.81	1.13021	27.3499	34.9584	0.0	34.9584	30.3494	3005.21	4.10385	61.611	47.105	41.7925				6.3812	0.0	2.97008	6.118	0.476744
2016/10/18 00:30:00		1.4116	334.37	27.5938	0.359375	1007.78	1.06458	27.3902	29.5604	0.0	29.5604	30.3684	2883.13	3.55738	59.962	46.4625	41.27				6.0297	0.0	2.38125	5.375	0.415838
2016/10/18 00:35:00		1.27956	343.522	27.5745	0.364062	1007.72	1.05729	27.3687	27.805	0.003423	27.8084	30.2111	2737.92	3.95741	63.293	45.3042	40.4917				6.0046	0.0	2.33919	5.3219	0.411488
2016/10/18 00:40:00		1.52682	334.833	27.4859	0.360938	1007.65	1.07917	27.3043	25.1808	0.407377	25.5882	29.7964	2631.04	3.74311	64.813	51.182	44.2492				6.0046	0.0	2.33919	5.3219	0.411488
2016/10/18 00:45:00		1.13698	336.562	27.488	0.357292	1007.6	1.09375	27.2745	21.9894	3.57738	25.5668	29.4961	2566.46	3.72882	65.937	52.114	45.1725				5.2593	0.0	1.72248	4.02771	0.386674
2016/10/18 00:50:00		1.27584	333.039	27.4875	0.361458	1007.54	1.15937	27.2262	22.0318	3.31036	25.3422	29.3627	2462.71	4.13242	63.17	47.9967	42.2817				5.2061	0.0	1.67843	3.93527	0.384902
2016/10/18 00:55:00		1.15017	349.906	27.4844	0.361979	1007.49	1.11563	27.1475	19.9928	3.7999	23.7927	29.3007	2343.96	4.54316	61.137	46.2825	41.1458				5.2061	0.0	1.67843	3.93527	0.384902
2016/10/18 01:00:00		1.22658	349.178	27.451	0.358333	1007.42	1.09375	27.2562	17.9962	5.8436	23.8398	28.9384	2344.17	4.74317	64.761	49.135	42.5825				5.7073	0.0	1.38247	3.33859	0.352702
2016/10/18 01:05:00		1.11401	348.115	27.3911	0.360417	1007.4	1.04271	27.463	17.4133	7.0178	24.4311	29.4437	2374.58	5.2396	52.78	39.5808	34.9392				5.7431	0.0	1.36133	3.29597	0.350402
2016/10/18 01:10:00		1.14739	355.499	27.3927	0.367708	1007.37	1.14479	27.5445	16.645	6.5968	23.2418	29.7011	2232.92	5.4754	42.7083	30.3825	27.3117				5.7431	0.0	1.36133	3.29597	0.350402
2016/10/18 01:15:00		1.55991	357.325	27.3917	0.358854	1007.34	1.1375	27.5789	14.0119	10.0475	24.0594	29.7297	2053.13	5.5075	40.8467	27.3992	24.54				4.33713	0.0	1.03041	2.56838	0.307188
2016/10/18 01:20:00		1.32063	355.385	27.3927	0.365625	1007.28	1.05729	27.5596	14.9142	7.2951	22.2093	29.7488	1872.92	5.8504	37.0358	26.3425	23.6258				4.23671	0.0	1.00678	2.51641	0.304102
2016/10/18 01:25:00		1.0352	353.822	27.3911	0.3625	1007.25	1.10104	27.4917	13.2079	8.9657	22.1736	29.3245	1685.42	5.9397	38.105	26.4708	23.4092				4.23671	0.0	1.00678	2.51641	0.304102
2016/10/18 01:30:00		1.23831	339.215	27.3901	0.365625	1007.17	1.13021	27.4469	12.4642	9.0034	21.4676	29.0147	1557.08	5.8932	38.8442	26.2625	23.6825				2.60358	0.0	1.00943	2.43679	0.020273
2016/10/18 01:35:00		1.19544	331.641	27.3172	0.365104	1007.13	1.07917	27.3929	9.6882	11.701	21.3892	28.8765	1468.54	5.4146	42.7583	31.2942	27.7008				2.48693	0.0	1.00962	2.43111	0.0
2016/10/18 01:40:00		1.19801	322.529	27.2964	0.365104	1007.08	1.07187	27.3188	11.4905	10.0132	21.5038	28.4904	1398.33	5.0753	43.99	33.6275	30.135				2.48693	0.0	1.00962	2.43111	0.0
2016/10/18 01:45:00		1.06731	334.813	27.2995	0.364583	1007.05	1.10833	27.2777	11.524	10.3419	21.8659	28.3903	1321.67	5.7397	41.76	32.1267	28.625				1.9662	0.0	0.96228	2.26392	0.0
2016/10/18 01:50:00		1.65205	334.741	27.2964	0.361979	1007.0	1.13021	27.2294	11.6625	8.8356	20.4981	28.2234	1264.58	5.7075	45.335	32.2533	27.92				1.92901	0.0	0.9589	2.25197	0.0
2016/10/18 01:55:00		1.04942	334.375	27.3042	0.364062	1006.95	1.11563	27.1878	10.9277	11.3757	22.3034	28.1662	1259.17	5.2111	49.4717	35.3933	30.5133				1.92901	0.0	0.9589	2.25197	0.0
2016/10/18 02:00:00		0.92519	334.668	27.2995	0.3625	1006.86	1.12292	27.2103	12.6206	8.8972	21.5178	28.0995	1250.21	4.94319	60.058	43.1842	36.665				2.54184	0.0	0.84122	2.11618	0.0
2016/10/18 02:05:00		1.51548	326.043	27.2974	0.365625	1006.78	1.1375	27.2165	11.7049	10.3727	22.0776	27.8326	1262.71	5.7111	67.952	46.395	39.325				2.58561	0.0	0.83282	2.10648	0.0
2016/10/18 02:10:00		1.56802	321.969	27.2964	0.360417	1006.71	1.15208	27.2079	10.9947	11.2867	22.2814	27.5895	1251.88	5.4682	63.923	43.3217	37.4683				2.58561	0.0	0.83282	2.10648	0.0
2016/10/18 02:15:00		0.86752	336.991	27.301	0.367708	1006.65	1.11563	27.2433	11.9394	9.4587	21.3981	27.8135	1209.58	5.5218	48.7417	34.1517	30.4683				2.57747	0.0	0.70541	1.88312	0.0
2016/10/18 02:20:00		1.33256	333.954	27.2948	0.361979	1006.64	1.12292	27.2621	10.9791	10.9786	21.9577	27.7182	1175.83	5.6111	38.425	28.7792	25.8775				2.57689	0.0	0.69631	1.86717	0.0
2016/10/18 02:25:00		1.46982	323.198	27.3542	0.364062	1006.6	1.07187	27.231	10.9411	11.8276	22.7687	27.5514	1107.08	6.1504	39.8783	28.2575	25.4208				2.57689	0.0	0.69631	1.86717	0.0
2016/10/18 02:30:00		0.6557	314.371	27.3932	0.364583	1006.59	1.13021	27.253	9.6547	11.79	21.4447	27.3988	1065.42	5.8397	39.7283	30.6025	27.9283				2.87338	0.0	0.59942	1.65353	0.0
2016/10/18 02:35:00		0.72218	305.38	27.3281	0.3625	1006.56	1.06458	27.2683	9.8825	11.8892	21.7717	27.4655	1022.08	6.004	41.7167	31.5075	28.81				2.89456	0.0	0.5925	1.63827	0.0
2016/10/18 02:40:00		0.96586	305.691	27.2958	0.364583	1006.51	1.10833	27.2484	9.5475	12.5123	22.0598	27.5799	1007.71	5.954	38.105	30.9825	28.1417				2.89456	0.0	0.5925	1.63827	0.0
2016/10/18 02:45:00		1.26374	332.95	27.2854	0.363542	1006.51	1.1375	27.2592	8.7033	12.9676	21.6709	27.456	955.42	5.7004	39.2517	31.3342	28.2083				2.62476	0.0	0.57702	1.56574	0.0
2016/10/18 02:50:00		0.9535	308.56	27.1964	0.365104	1006.55	1.10833	27.2653	9.5006	11.4408	20.9414	27.5609	964.79	5.9183	41.9183	32.6658	29.6075				2.60549	0.0	0.57591	1.56055	0.0
2016/10/18 02:55:00		0.99905	318.946	27.1911	0.367188	1006.62	1.13021	27.2565	7.9417	13.4708	21.4125	27.6848	910.0	6.0897	40.055	32.4275	29.6675				2.60549	0.0	0.57591	1.56055	0.0
2016/10/18 03:00:00		0.78056	314.575	27.1958	0.366146	1006.67	1.15208	27.2747	8.978	11.5435	20.5215	27.6705	884.79	5.7004	45.2867	33.1583	29.0942				3.30521	0.0	0.59626	1.62513	0.0
2016/10/18 03:05:00		1.02433	330.059	27.1542	0.361458	1006.68	1.10833	27.275	9.9227	10.9204	20.8431	27.5609	843.13	5.679	39.4783	29.7133	26.9775				3.35519	0.0	0.59771	1.62974	0.0
2016/10/18 03:10:00		0.84234	325.128	27.0958	0.366667	1006.68	1.14479	27.2533	9.4939	11.8927	21.3866	27.456	834.17	5.6325	40.8542	29.66	26.4292				3.35519	0.0	0.59771	1.62974	0.0
2016/10/18 03:15:00		1.10784	351.068	27.0948	0.363542	1006.65	1.11563	27.2554	9.4738	11.79	21.2638	27.518	844.38	5.7254	46.0975	31.7458	29.0583				2.33229	0.0	0.59904	1.44707	0.0
2016/10/18 03:20:00		0.86804	343.256	27.0969	0.361458	1006.62	1.13021	27.2632	9.3063	11.9029	21.2092	27.7563	850.83	6.0504	50.543	38.9633	35.0908				2.25923	0.0	0.59914	1.43402	0.0
2016/10/18 03:25:00		1.12155	329.574	27.0958	0.363542	1006.6	1.10833	27.2398	9.0182	12.4644	21.4826	27.4179	849.79	6.3826	53.48	40.6092	36.145				2.25923	0.0	0.59914	1.43402	0.0
2016/10/18 03:30:00		0.75974	337.259	27.0969	0.364062	1006.61	1.02813	27.2535	8.9646	11.3929	20.3575	27.2606	830.21	6.4076	47.4633	36.4092	32.545				3.02893	0.0	0.58985	1.50523	0.0
2016/10/18 03:35:00		1.18524	347.343	27.0932	0.363021	1006.68	1.12292	27.2511	9.4805	11.499	20.9795	27.17	839.79	6.0147	44.3258	31.9633	28.1267				3.0839	0.0	0.58918	1.51032	0.0
2016/10/18 03:40:00		0.82191	344.45	27.0948	0.365625	1006.66	1.06458	27.221	9.5743	11.273	20.8473	27.0175	836.25	6.6433	33.7308	27.0092	23.9792				3.0839	0.0	0.58918	1.51032	0.0
2016/10/18 03:45:00		1.01445	340.824	27.1005	0.363542	1006.59	1.10104	27.2211	9.0718	11.1772	20.249	26.8363	862.92	6.2576	36.3117	26.1683	22.9675				2.83298	0.0	0.52592	1.43867	0.0
2016/10/18 03:50:00		1.61451	353.28	27.0979	0.369792	1006.63	1.15208	27.2036	8.6832	12.4096	21.0928	26.8316	896.46	6.4969	40.3933	29.0742	25.24				2.81505	0.0	0.5214	1.43355	0.0
2016/10/18 03:55:00		1.57373	339.63	27.0911	0.360938	1006.6	1.10833	27.1443	8.9445	11.4271	20.3716	26.8125	1016.04	6.479	45.9425	34.1808	29.7383				2.81505	0.0	0.5214	1.43355	0.0
2016/10/18 04:00:00		1.28516	343.885	27.0938	0.361979	1006.62	1.10104	27.1421	9.2125	11.3141	20.5266	26.7696	1112.29	5.7682	43.575	32.3417	28.8567				1.98287	0.0	0.49928	1.38224	0.0
2016/10/18 04:05:00		1.25961	329.735	27.1	0.3625	1006.63	1.09375	27.1295	9.7686	11.2628	21.0314	26.5217	1225.63	5.5182	42.0542	32.1108	28.2083				1.92343	0.0	0.4977	1.37858	0.0
2016/10/18 04:10:00		1.04977	326.501	27.0938	0.36875	1006.74	1.10833	27.0952	11.2694	9.3183	20.5877	26.4598	1376.88	6.1897	41.9733	31.815	28.6892				1.92343	0.0	0.4977	1.37858	0.0
2016/10/18 04:15:00		1.23416	327.899	27.0167	0.364583	1006.79	1.08646	27.1067	8.2678	12.704	20.9718	26.4598	1551.04	5.9147	39.7592	30.3983	27.67				1.92343	0.0	0.4977	1.37858	0.0
2016/10/18 04:20:00		1.43441	338.372	26.9901	0.369271	1006.79	1.10104	27.1021	9.2929	12.9299	22.2228	26.1976	1687.71	5.5004	47.9866	34.6342	28.87				1.92343	0.0	0.4977	1.37858	0.0
2016/10/18 04:25:00		1.09183	336.233	26.9703	0.361458	1006.82	1.10104	27.085	9.5743	11.588	21.1623	26.4073	1673.33	5.4682	39.0383	31.1408	27.67				1.92343	0.0	0.4977	1.37858	0.0
2016/10/18 04:30:00		1.1116	322.203	26.8922	0.364583	1006.86	1.07187	27.0842	10.5123	10.828	21.3403	26.2977	1613.33	5.6325	35.7433	28.86	26.615				3.26527	0.0	0.76933	1.89032	0.0
2016/10/18 04:35:00		1.35428	318.781	26.8865	0.366667	1006.89	1.11563	27.0546	10.7669	10.4241	21.1909	26.3501	1524.79	5.7361	35.3642	28.1117	25.7425				3.36112	0.0	0.78874	1.92688	0.0
2016/10/18 04:40:00		1.2853	331.036	26.7943	0.364062	1006.92	1.1375	27.0154	10.4922	11.0539	21.5461	26.4407	1497.29	5.6825	34.665	28.2742	25.3483				3.36112	0.0	0.78874	1.92688	0.0
2016/10/18 04:45:00		1.24479	338.105	26.7974	0.368229	1006.97	1.1375	27.1402	9.6346	11.3586	20.9932	26.3072	1500.21	5.6861	33.1283	26.9983	24.6075				2.32325	0.0	0.77591	1.94545	0.0
2016/10/18 04:50:00		0.90591	319.986	26.701	0.367188	1007.02	1.11563	27.3591	11.9506	9.4381	21.3887	26.7458	1600.63	5.1432	36.3217	26.8758	23.99				2.24911	0.0	0.77499	1.94678	0.0
2016/10/18 04:55:00		1.4429	323.479	26.6958	0.368229	1007.06	1.14479	27.4254	12.156	9.7257	21.8817	26.8745	1558.75	4.81104	38.8833	27.2792	23.7958				2.24911	0.0	0.77499	1.94678	0.0
2016/10/18 05:00:00		1.07881	323.727	26.6927	0.365104	1007.13	1.19583	27.4699	12.1784	9.6743	21.8527	26.7458	1472.08	4.56816	64.675	34.07	25.1467				2.25725	0.0	0.84223	2.06709	0.0
2016/10/18 05:05:00		1.20224	321.921	26.6021	0.367188	1007.19	1.13021	27.4412	14.4318	7.4115	21.8433	26.598	1391.46	4.08956	47.265	28.675	24.5467				2.25783	0.0	0.84704	2.07568	0.0
2016/10/18 05:10:00		1.06518	328.915	26.5896	0.368229	1007.21	1.14479	27.3542	16.9577	5.9224	22.8801	26.6743	1415.42	4.13956	38.955	28.41	25.3367				2.25783	0.0	0.84704	2.07568	0.0
2016/10/18 05:15:00		1.35493	336.055	26.4854	0.368229	1007.24	1.12292	27.2755	17.6009	6.1141	23.715	26.5599	1409.17	3.75739	37.0933	27.56	24.7733				2.20218	0.0	0.89659	2.29064	0.0
2016/10/18 05:20:00		0.88654	337.629	26.4682	0.364062	1007.3	1.13021	27.2009	21.8331	2.32787	24.1609	26.2167	1420.63	3.87526	42.135	31.4717	28.3117				2.1982	0.0	0.90013	2.306	0.0
2016/10/18 05:25:00		1.03657	331.105	26.4063	0.364062	1007.31	1.10833	27.1488	22.2619	1.89653	24.1584	26.3168	1445.83	4.0967	48.8983	35.2117	31.75				2.1982	0.0	0.90013	2.306	0.0
2016/10/18 05:30:00		0.93317	327.882	26.3484	0.367188	1007.33	1.1375	27.351	26.5923	1.37618	27.9685	26.25	1654.79	2.86805	49.3934	36.2733	32.5				2.53733	0.0	0.89614	2.61915	0.81296
2016/10/18 05:35:00		1.162	328.737	26.3224	0.366146	1007.43	1.1375	27.4944	34.5586	0.0	34.5586	26.4884	1724.79	4.08956	48.7733	36.2408	32.5142				2.56155	0.0	0.89586	2.64152	0.87103
2016/10/18 05:40:00		1.16941	337.219	26.3214	0.363542	1007.53	1.10104	27.667	37.2721	0.0	37.2721	26.7839	1701.25	3.79668	46.7067	36.3325	32.1317				2.56155	0.0	0.89586	2.64152	0.87103
2016/10/18 05:45:00		0.76482	330.625	26.3245	0.364583	1007.53	1.1375	27.8984	38.0203	0.0	38.0203	27.0651	1709.17	3.4788	50.71	36.0258	31.7283				3.06438	0.0	0.82685	2.47521	0.058069
2016/10/18 05:50:00		0.90591	324.683	26.3203	0.36875	1007.57	0.99896	28.114	41.7209	0.0	41.7209	27.3082	1739.38	3.23236	42.7808	34.6833	30.8125				3.10029	0.0	0.82192	2.46333	0.0
2016/10/18 05:55:00		0.75208	320.04	26.3234	0.366667	1007.62	1.10833	28.2874	43.1257	0.0	43.1257	27.661	1750.83	3.78596	43.5792	33.835	29.1108				3.10029	0.0	0.82192	2.46333	0.0
2016/10/18 06:00:00		1.05263	326.973	26.3214	0.366667	1007.69	1.10104	28.4861	46.46	0.0	46.46	27.7515	1771.88	2.93591	42.665	31.0317	27.4908				2.9444	0.0	0.73344	2.20856	0.0
2016/10/18 06:05:00		1.10069	315.857	26.3234	0.366667	1007.72	1.1375	28.6807	45.4171	0.0	45.4171	27.6419	1825.21	3.03234	42.5458	30.1108	26.55				2.93326	0.0	0.72712	2.19037	0.0
2016/10/18 06:10:00		0.88467	324.875	26.3172	0.363542	1007.73	1.12292	28.8061	49.5398	0.0	49.5398	28.1805	1924.38	2.64303	40.0992	28.1692	25.1017				2.93326	0.0	0.72712	2.19037	0.0
2016/10/18 06:15:00		0.9887	315.766	26.3781	0.365625	1007.79	1.37083	28.6238	54.192	0.0	54.192	28.0661	1973.13	2.28587	40.8283	27.5617	24.01				2.85288	0.0	0.9753	2.89452	0.0
2016/10/18 06:20:00		1.13143	328.786	26.4063	0.364062	1007.89	2.81458	28.3666	59.141	0.0	59.141	27.4083	2042.71	2.82161	37.0983	26.6633	23.2667				2.84714	0.0	0.99303	2.94481	0.0
2016/10/18 06:25:00		0.82383	323.895	26.4057	0.367188	1007.89	4.96562	28.0654	58.81	0.0	58.81	26.9603	2224.79	2.45016	38.4992	26.0683	22.785				2.84714	0.0	0.99303	2.94481	0.0
2016/10/18 06:30:00		0.6943	304.336	26.3682	0.364583	1007.96	9.7781	27.9325	59.594	0.0	59.594	26.741	2368.13	2.5966	38.8233	25.1717	22.2433				3.37014	0.0	1.22529	3.88516	1.3079
2016/10/18 06:35:00		0.85046	311.977	26.3724	0.365625	1008.0	12.9646	28.0576	63.496	0.0	63.496	26.6838	2482.5	2.63232	37.775	25.4	22.48				3.4075	0.0	1.24188	3.95233	1.40132
2016/10/18 06:40:00		1.04858	325.673	26.4063	0.368229	1008.05	11.5281	28.2195	67.033	0.0	67.033	27.0032	2530.21	3.06092	39.4258	26.3225	23.0583				3.4075	0.0	1.24188	3.95233	1.40132
2016/10/18 06:45:00		0.85042	321.331	26.4089	0.366146	1008.13	14.0146	28.4445	66.549	0.0	66.549	27.5465	2559.79	2.3823	41.0975	26.6575	23.0433				3.67697	0.0	1.32726	4.42383	0.093421
2016/10/18 06:50:00		1.12169	325.071	26.4906	0.368229	1008.17	18.1635	28.6582	72.179	0.0	72.179	28.028	2570.21	2.61446	37.9708	25.3558	22.3392				3.69622	0.0	1.33336	4.4575	0.0
2016/10/18 06:55:00		1.08357	331.851	26.5557	0.363542	1008.23	19.6875	28.706	74.144	0.0	74.144	28.252	2616.67	2.71804	40.5158	25.5925	22.4775				3.69622	0.0	1.33336	4.4575	0.0
2016/10/18 07:00:00		1.23699	314.585	26.6255	0.370313	1008.22	22.6698	28.4651	74.821	0.0	74.821	28.1901	2782.71	2.7359	45.0558	26.6917	22.2992				4.07374	0.126757	1.40547	4.87062	0.198286
2016/10/18 07:05:00		1.36715	326.925	26.7005	0.365625	1008.2	24.6458	28.2128	74.538	0.0	74.538	28.028	2955.83	2.168	47.025	26.4517	21.9				4.10071	0.135811	1.41062	4.90013	0.212449
2016/10/18 07:10:00		1.40958	340.265	26.7974	0.367188	1008.3	23.8	27.9505	78.823	0.0	78.823	27.4226	3181.04	2.97163	45.5158	25.3025	21.21				4.10071	0.135811	1.41062	4.90013	0.212449
2016/10/18 07:15:00		1.38761	329.767	26.8573	0.366667	1008.22	23.151	27.7567	80.119	0.0	80.119	27.0032	3269.58	3.37522	47.9633	25.2358	20.655				4.49451	0.009054	1.69863	5.9395	0.213113
2016/10/18 07:20:00		1.75	332.046	26.9151	0.365104	1008.24	24.8281	27.8369	81.461	0.0	81.461	27.2367	3523.13	2.93234	48.3717	23.0383	19.9092				4.52264	0.0	1.7192	6.0138	0.21316
2016/10/18 07:25:00		1.65709	321.351	26.9885	0.366146	1008.24	30.4865	27.9967	82.191	0.0	82.191	27.1319	3653.13	3.97169	38.7658	23.9108	19.9433				4.52264	0.0	1.7192	6.0138	0.21316
2016/10/18 07:30:00		1.56743	324.951	27.0365	0.3625	1008.29	33.6729	28.2501	78.564	0.0	78.564	27.6562	3638.54	3.0502	39.985	22.7517	19.2542				4.57471	0.141037	1.81874	6.3234	0.243989
2016/10/18 07:35:00		1.20604	333.194	27.0932	0.361458	1008.37	34.2781	28.5124	82.74	0.0	82.74	27.9374	3734.79	2.88948	42.8308	22.9717	19.5858				4.57843	0.151112	1.82585	6.3455	0.246191
2016/10/18 07:40:00		1.42982	321.383	27.1339	0.366146	1008.44	41.7375	28.518	83.163	0.0	83.163	28.0852	3777.92	3.54666	43.2033	26.9492	23.3533				4.57843	0.151112	1.82585	6.3455	0.246191
2016/10/18 07:45:00		1.41548	334.027	27.1974	0.36875	1008.45	52.165	28.3191	76.436	0.0	76.436	27.6038	3765.83	4.28957	44.3058	27.2483	23.2233				4.82252	0.154605	1.91566	6.7613	0.215318
2016/10/18 07:50:00		1.69917	328.731	27.1938	0.368229	1008.48	67.273	28.1183	69.155	0.0	69.155	27.4036	3740.63	3.39666	39.385	24.2325	20.7833				4.83996	0.154854	1.92207	6.791	0.213113
2016/10/18 07:55:00		1.87575	322.693	27.2891	0.367708	1008.39	81.667	27.8866	67.235	0.0	67.235	27.1319	3860.63	2.87876	46.6567	26.8017	22.0358				4.83996	0.154854	1.92207	6.791	0.213113
2016/10/18 08:00:00		1.5575	333.14	27.3318	0.366146	1008.4	85.903	27.6995	66.632	0.0	66.632	26.3454	4008.13	3.62524	46.9083	27.67	23.12				5.1719	0.152129	1.97737	7.0918	0.270391
2016/10/18 08:05:00		1.45162	319.019	27.3932	0.365625	1008.35	102.441	27.7599	64.072	0.0	64.072	26.3168	4182.5	4.10742	44.935	27.15	23.525				5.1956	0.151934	1.98132	7.1132	0.274483
2016/10/18 08:10:00		1.47732	329.724	27.425	0.366667	1008.34	116.9	27.922	64.93	0.0	64.93	26.6028	4308.75	3.91455	52.385	27.0867	22.7567				5.1956	0.151934	1.98132	7.1132	0.274483
2016/10/18 08:15:00		1.30187	313.382	27.5063	0.367188	1008.43	140.452	28.1919	66.522	0.0	66.522	26.7029	4189.38	4.32172	56.748	26.0083	21.1783				6.0353	0.197501	2.49627	8.2278	0.255862
2016/10/18 08:20:00		1.48798	344.291	27.6167	0.368229	1008.56	148.385	28.4364	67.094	0.0	67.094	26.9364	4140.42	3.42523	40.6567	24.5133	20.835				6.0953	0.200755	2.53306	8.3075	0.254532
2016/10/18 08:25:00		1.67863	324.357	27.6948	0.366146	1008.58	144.069	28.3787	63.858	0.0	63.858	26.8745	3903.96	5.0039	39.1333	21.7617	18.8817				6.0953	0.200755	2.53306	8.3075	0.254532
2016/10/18 08:30:00		1.36979	333.541	27.7672	0.365104	1008.62	135.712	28.2219	55.442	0.0	55.442	26.3692	3535.83	6.004	39.09	20.935	17.7333				5.0766	0.141369	2.51757	7.2327	0.264041
2016/10/18 08:35:00		0.95004	336.279	27.799	0.368229	1008.6	142.917	28.0471	50.773	0.0	50.773	26.25	3345.83	4.6646	37.9433	22.0967	18.5333				5.0038	0.137127	2.51646	7.1559	0.264721
2016/10/18 08:40:00		0.94254	320.222	27.8719	0.367188	1008.62	157.704	27.8802	48.3673	0.0	48.3673	25.9926	3392.92	4.56459	45.95	23.0433	19.3617				5.0038	0.137127	2.51646	7.1559	0.264721
2016/10/18 08:45:00		1.41337	328.412	27.9255	0.366667	1008.63	165.178	27.7212	53.247	0.0	53.247	25.7114	3325.83	4.55387	37.5175	21.5667	18.0183				3.39415	0.009142	2.11653	5.8201	0.017648
2016/10/18 08:50:00		1.54936	321.622	27.9964	0.366146	1008.74	144.747	27.5706	52.684	0.0	52.684	25.5875	3181.46	5.4754	51.164	21.1317	16.9992				3.27917	0.0	2.08797	5.7247	0.0
2016/10/18 08:55:00		1.53328	326.383	27.999	0.370833	1008.7	123.455	27.4125	47.0072	0.0	47.0072	25.4063	2945.83	5.2611	51.659	19.6633	15.9117				3.27917	0.0	2.08797	5.7247	0.0
2016/10/18 09:00:00		1.61212	328.917	27.9964	0.370313	1008.69	125.067	27.3266	42.545	0.0	42.545	25.2585	2750.0	6.3826	46.7767	18.6025	15.4483				4.06222	0.158504	1.99905	6.0697	2.25842
2016/10/18 09:05:00		0.59856	337.18	27.9927	0.369271	1008.76	129.799	27.4748	40.2536	0.0	40.2536	25.2586	2712.29	5.2003	46.3483	21.1233	17.2183				4.11815	0.169826	1.9927	6.0944	2.41973
2016/10/18 09:10:00		0.85211	319.655	28.0505	0.364583	1008.84	146.657	27.6973	46.1719	0.0	46.1719	25.6113	2972.5	3.89312	46.6325	22.5817	18.9533				4.11815	0.169826	1.9927	6.0944	2.41973
2016/10/18 09:15:00		1.4904	324.041	28.1031	0.371354	1008.86	183.261	28.0082	50.259	0.0	50.259	25.7924	2901.46	5.2182	47.2675	21.2758	17.4233				2.76328	0.011322	1.51092	4.29726	1.59395
2016/10/18 09:20:00		1.3528	322.773	28.1333	0.367188	1008.89	216.847	28.2641	49.4951	0.0	49.4951	26.1833	2986.88	4.17528	48.5242	23.5033	19.4525				2.66651	0.0	1.47651	4.1689	1.53496
2016/10/18 09:25:00		1.06076	309.758	28.2599	0.369271	1008.91	226.618	28.259	51.688	0.0	51.688	26.1213	3239.79	3.32879	45.4633	22.6108	18.87				2.66651	0.0	1.47651	4.1689	1.53496
2016/10/18 09:30:00		1.04595	313.226	28.3323	0.366146	1008.92	224.438	28.1803	51.711	0.0	51.711	26.0498	3193.75	5.7432	48.025	19.865	15.8142				3.78379	0.0	2.03836	6.0633	0.301059
2016/10/18 09:35:00		1.0095	336.807	28.3995	0.364583	1008.93	216.045	28.0455	48.7224	0.0	48.7224	25.7686	3082.08	4.87175	48.2517	22.3817	17.9475				3.8636	0.0	2.07849	6.1986	0.212923
2016/10/18 09:40:00		0.40634	343.209	28.4818	0.365625	1008.96	187.454	27.8796	46.3707	0.0	46.3707	25.7638	3060.83	4.22885	47.065	24.2608	20.56				3.8636	0.0	2.07849	6.1986	0.212923
2016/10/18 09:45:00		0.74151	317.472	28.5	0.366146	1008.93	189.875	27.7478	43.4495	0.0	43.4495	25.5732	2942.08	6.1254	41.5533	23.8158	20.4958				4.28669	0.126604	2.2121	6.5348	0.240877
2016/10/18 09:50:00		0.78406	309.621	28.499	0.364583	1008.86	235.222	27.6213	42.3686	0.0	42.3686	25.2109	2924.17	5.7325	56.497	21.84	16.9283				4.31691	0.135647	2.22164	6.5588	0.242874
2016/10/18 09:55:00		0.321171	308.107	28.4911	0.3625	1008.78	314.366	27.4869	38.726	0.0	38.726	25.4492	2747.92	6.204	41.8933	20.635	16.865				4.31691	0.135647	2.22164	6.5588	0.242874
2016/10/18 10:00:00		1.09952	315.029	28.5464	0.367708	1008.79	344.619	27.4093	35.9879	0.0	35.9879	25.4349	2629.17	6.1826	42.2733	19.5433	15.9025				4.4178	0.143017	3.20421	7.0232	0.275428
2016/10/18 10:05:00		0.78319	22.0602	28.6479	0.365625	1008.69	254.953	27.3679	33.634	0.006847	33.6409	25.0774	2568.33	6.1361	38.7792	18.8442	15.4092				4.425	0.143544	3.27439	7.0564	0.277753
2016/10/18 10:10:00		1.38407	321.948	28.7021	0.364062	1008.66	190.247	27.3295	32.1868	0.013693	32.2005	25.2967	2461.04	5.4789	43.6242	18.8925	15.135				4.425	0.143544	3.27439	7.0564	0.277753
2016/10/18 10:15:00		0.73596	337.405	28.7271	0.365104	1008.62	185.529	27.3131	36.8366	0.0	36.8366	25.3348	2566.25	3.79668	44.3725	21.5	15.245				3.3471	0.00957	2.29801	5.6498	0.213884
2016/10/18 10:20:00		1.4803	327.698	28.8042	0.368229	1008.51	231.78	27.3096	37.6607	0.0	37.6607	24.9011	2569.58	6.2111	53.302	19.3483	14.275				3.27011	0.0	2.22827	5.5494	0.209322
2016/10/18 10:25:00		1.46197	331.347	28.7151	0.365625	1008.45	308.693	27.2586	35.8338	0.0	35.8338	25.2586	2398.54	7.1183	48.8208	18.0717	14.675				3.27011	0.0	2.22827	5.5494	0.209322
2016/10/18 10:30:00		1.42737	331.137	28.7318	0.367708	1008.38	616.09	27.2632	31.6798	0.11297	31.7928	25.3396	2234.38	6.4254	40.43	16.5308	13.6308				3.81427	0.0	2.83702	6.0271	0.232321
2016/10/18 10:35:00		0.71771	331.167	28.9594	0.372396	1008.29	692.25	27.2514	32.4928	0.201977	32.6947	25.2633	2381.67	4.84675	44.2333	17.9917	14.4592				3.85313	0.0	2.8805	6.0612	0.233964
2016/10/18 10:40:00		1.53996	339.552	29.2302	0.36875	1008.23	534.47	27.2458	34.1901	0.0	34.1901	25.3444	2387.08	6.2826	34.2467	16.7183	13.3617				3.85313	0.0	2.8805	6.0612	0.233964
2016/10/18 10:45:00		1.96874	329.584	29.3417	0.36875	1008.45	474.95	27.3032	31.4855	0.48269	31.9682	24.391	2367.71	5.5468	40.3717	16.5033	13.4008				2.47126	0.0	1.45907	3.66697	0.015598
2016/10/18 10:50:00		2.31737	324.258	29.4672	0.359896	1008.62	353.237	27.5827	27.7581	11.8037	39.5617	21.0544	1815.21	10.3364	37.8717	15.8558	13.16				2.37255	0.0	1.35754	3.49596	0.0
2016/10/18 10:55:00		2.16395	324.265	29.4141	0.363542	1008.52	250.06	27.9183	145.294	10.9307	156.225	29.0052	61.042	3.25736	42.4475	16.115	13.0842				2.37255	0.0	1.35754	3.49596	0.0
2016/10/18 11:00:00		1.63282	334.02	29.3109	0.363542	1008.38	284.535	28.1623	334.46	5.4397	339.899	28.5714	16397.5	4.19671	35.0358	15.45	12.8467				3.56241	0.0	2.1689	5.2488	0.0
2016/10/18 11:05:00		1.91519	325.764	29.2073	0.368229	1008.27	341.688	28.3527	315.318	0.0	315.318	29.3865	24860.4	3.01091	40.0658	15.72	13.1008				3.6474	0.0	2.22685	5.374	0.0
2016/10/18 11:10:00		1.58463	336.634	29.2047	0.364062	1008.1	398.752	28.5951	365.796	10.157	375.952	28.3521	29374.2	3.38237	30.5592	15.2883	12.4942				3.6474	0.0	2.22685	5.374	0.0
2016/10/18 11:15:00		1.50836	314.454	29.2328	0.367708	1007.94	499.304	28.7551	158.091	67.618	225.709	28.0757	35872.9	3.21093	32.3783	15.4792	12.5258				2.83409	0.0	2.53609	5.5819	0.0
2016/10/18 11:20:00		1.92825	321.976	29.3453	0.372917	1007.81	467.214	28.896	316.258	18.931	335.189	27.3368	36520.2	2.21443	30.0683	14.7708	12.1633				2.776	0.0	2.55818	5.5968	0.0
2016/10/18 11:25:00		2.2412	317.417	29.4161	0.367708	1007.71	442.859	28.9922	369.818	0.157473	369.975	27.1319	8165.4	3.77525	55.263	17.1883	12.3117				2.776	0.0	2.55818	5.5968	0.0
2016/10/18 11:30:00		1.31452	322.431	29.5146	0.370313	1007.61	442.786	29.2808	96.123	77.97	174.092	27.5036	1527.08	9.1935	45.2017	15.82	12.1583				2.776	0.0	2.55818	5.5968	0.0
2016/10/18 11:35:00		1.71067	318.415	29.6167	0.365625	1007.35	337.152	29.716	21.7482	91.28	113.028	27.742	1355.83	3.56809	69.82	18.6933	12.7167				2.776	0.0	2.55818	5.5968	0.0
2016/10/18 11:40:00		1.00626	325.716	29.6057	0.363542	1006.86	421.276	29.8754	12.3682	96.959	109.327		1526.67	6.3433	47.8717	17.41	13.8117				2.776	0.0	2.55818	5.5968	0.0
2016/10/18 11:45:00		1.46351	309.585	29.626	0.364062	1006.74	573.83	29.8977	16.0398	101.964	118.004		1702.29	5.5504	70.212	19.2917	12.6575				3.12098	0.0	2.92493	5.3225	0.0
2016/10/18 11:50:00		1.91514	321.395	29.7198	0.36875	1006.66	567.42	29.8593	17.4468	95.453	112.9		1612.5	6.1504	37.6533	15.71	12.52				3.14562	0.0	2.95113	5.3029	0.0
2016/10/18 11:55:00		1.84099	317.167	29.813	0.364583	1006.52	438.112	29.8134	18.358	88.64	106.998		1571.46	7.1576	45.8025	19.5267	14.35				3.14562	0.0	2.95113	5.3029	0.0
2016/10/18 12:00:00		1.07014	314.468	29.9104	0.361979	1006.35	522.92	29.7672	22.4137	85.929	108.343		1677.08	5.4361	30.49	15.185	12.7917				3.36075	0.0	3.66914	6.2893	0.0
2016/10/18 12:05:00		2.73272	316.789	30.0568	0.364062	1006.23	913.65	29.7254	29.1003	81.794	110.894		1627.29	6.0718	32.2925	14.2675	11.7817				3.37611	0.0	3.72043	6.3597	0.0
2016/10/18 12:10:00		1.46963	304.878	30.3042	0.367188	1006.1	785.49	29.706	30.5632	77.556	108.119		1492.92	7.6255	31.2583	14.2492	11.5025				3.37611	0.0	3.72043	6.3597	0.0
2016/10/18 12:15:00		1.50602	318.983	30.4813	0.365104	1005.93	747.29	29.7173	28.3209	77.689	106.01		1381.88	7.6398	29.1025	13.1575	10.6425				3.39174	0.0	2.30563	5.5945	0.0
2016/10/18 12:20:00		2.05413	314.532	30.6141	0.364583	1005.78	495.367	29.7764	26.7196	74.221	100.941		1285.21	7.5898	46.6033	16.2767	11.8				3.39285	0.0	2.20457	5.5399	0.0
2016/10/18 12:25:00		0.97142	294.342	30.6703	0.361458	1005.69	534.97	29.8872	25.5136	69.805	95.319		1291.67	7.8934	36.1167	14.27	11.3342				3.39285	0.0	2.20457	5.5399	0.0
2016/10/18 12:30:00		0.96774	309.035	30.7313	0.366146	1005.51	616.87	29.9745	21.9492	69.682	91.631		1327.08	7.1826	25.3883	13.5533	11.3175				2.31918	0.0	1.56088	4.0471	0.0
2016/10/18 12:35:00		1.13423	4.41135	30.8266	0.366146	1005.42	741.26	30.0709	22.6728	68.152	90.825		1338.33	7.6577	23.375	12.48	10.6583				2.24249	0.0	1.5149	3.94048	0.0
2016/10/18 12:40:00		0.83013	313.4	30.9724	0.365625	1005.32	937.2	30.1587	22.7867	69.056	91.842		1278.96	6.2183	24.7008	12.6025	10.375				2.24249	0.0	1.5149	3.94048	0.0
2016/10/18 12:45:00		0.83012	322.036	31.3693	0.365625	1005.24	956.44	30.2693	22.4115	69.168	91.58		1333.13	7.004	23.6892	12.5042	10.3017				2.43874	0.0	1.45916	3.7494	0.0
2016/10/18 12:50:00		1.13473	313.088	31.7458	0.364062	1005.14	945.55	30.3861	24.7364	69.364	94.1		1521.04	5.1539	26.275	13.6108	11.2175				2.45276	0.0	1.45518	3.73575	0.0
2016/10/18 12:55:00		0.60804	272.179	32.1422	0.363542	1004.99	703.49	30.5861	28.8413	70.175	99.016		1474.38	6.204	24.6533	12.1292	10.3308				2.45276	0.0	1.45518	3.73575	0.0
2016/10/18 13:00:00		0.69412	307.401	32.1974	0.360938	1004.82	483.758	30.7718	30.0361	72.332	102.368		1697.71	5.0861	27.5517	13.3092	10.9792				2.40915	0.0	1.33794	3.60262	0.0
2016/10/18 13:05:00		1.96619	305.394	32.0812	0.3625	1004.68	382.339	30.9225	33.9221	73.626	107.548		1589.38	6.7647	29.84	15.4992	12.1467				2.40603	0.0	1.32957	3.59311	0.0
2016/10/18 13:10:00		1.35877	307.146	31.8062	0.359896	1004.52	278.25	31.0154	31.0433	73.143	104.186		1498.96	6.5397	24.8892	13.6933	11.3767				2.40603	0.0	1.32957	3.59311	0.0
2016/10/18 13:15:00		1.58158	303.361	31.5281	0.3625	1004.45	229.235	31.0283	29.1919	73.718	102.91		1365.63	7.2148	31.15	13.7425	11.0025				3.6102	0.0	1.77064	5.4632	0.0
2016/10/18 13:20:00		1.44744	314.076	31.2531	0.356771	1004.39	216.628	30.9794	28.5576	70.134	98.691		1230.42	5.6718	21.2433	13.16	11.2233				3.69622	0.0	1.80215	5.5968	0.0
2016/10/18 13:25:00		1.16565	313.16	31.026	0.3625	1004.28	226.472	31.0084	30.9808	71.883	102.864		1151.46	7.4148	20.2075	12.5033	10.7667				3.69622	0.0	1.80215	5.5968	0.0
2016/10/18 13:30:00		1.42541	321.27	30.9057	0.360938	1004.22	234.077	31.0111	28.6202	69.815	98.436		1210.83	6.4826	20.7767	13.2	11.5008				2.08327	0.0	1.4354	3.93457	0.0
2016/10/18 13:35:00		1.42107	304.901	30.8339	0.360417	1004.13	249.849	30.9716	26.4181	73.574	99.992		1258.54	6.1504	20.2033	12.8883	11.0275				1.96806	0.0	1.4092	3.81584	0.0
2016/10/18 13:40:00		1.43767	311.029	30.8214	0.360938	1004.03	282.406	30.9727	28.5063	71.88	100.386		1273.13	6.079	22.8333	12.2442	10.1892				1.96806	0.0	1.4092	3.81584	0.0
2016/10/18 13:45:00		1.18879	323.352	30.8229	0.364062	1003.93	268.771	30.952	28.8078	70.391	99.198		1345.42	6.7219	27.2933	13.0225	10.3508				2.43639	0.0	1.45388	3.84194	0.0
2016/10/18 13:50:00		1.26985	327.36	30.7693	0.359896	1003.89	253.961	30.9002	29.0869	71.839	100.926		1316.67	7.7827	20.1233	12.4758	10.7108				2.46984	0.0	1.45708	3.8438	0.0
2016/10/18 13:55:00		1.42855	322.998	30.7208	0.365104	1003.81	253.05	30.8889	26.963	70.822	97.785		1303.75	7.4184	30.8792	15.0933	12.7333				2.46984	0.0	1.45708	3.8438	0.0
2016/10/18 14:00:00		1.74183	330.47	30.7219	0.3625	1003.8	229.921	30.8607	25.1272	72.184	97.312		1528.13	6.0647	27.8608	14.1283	11.995				2.99415	0.0	1.52521	4.54972	0.0
2016/10/18 14:05:00		1.50263	334.918	30.7193	0.363021	1003.7	235.528	30.8124	25.1339	74.125	99.259		1555.83	7.1112	29.5417	14.2325	12.0117				3.0316	0.0	1.53007	4.60015	0.0
2016/10/18 14:10:00		1.41603	330.591	30.7667	0.359896	1003.62	261.005	30.8161	27.0613	74.098	101.159		1561.04	6.0433	25.4925	15.3942	12.5667				3.0316	0.0	1.53007	4.60015	0.0
2016/10/18 14:15:00		1.13881	321.32	30.8224	0.3625	1003.61	274.261	30.8016	29.6542	73.081	102.736		1565.83	7.1648	30.2667	15.1858	12.3917				3.13542	0.0	2.53255	5.2295	0.0
2016/10/18 14:20:00		1.48258	327.167	30.8609	0.358333	1003.55	272.344	30.7767	30.9473	75.474	106.422		1743.33	4.82175	33.0267	16.6508	12.9192				3.14283	0.0	2.60416	5.2745	0.0
2016/10/18 14:25:00		1.52348	328.648	30.9667	0.360417	1003.45	274.159	30.7737	39.6216	77.128	116.749		1895.21	4.83246	29.6633	16.1542	13.3858				3.14283	0.0	2.60416	5.2745	0.0
2016/10/18 14:30:00		1.35637	326.227	31.063	0.359896	1003.37	315.926	30.7579	41.7164	81.708	123.425		2125.42	4.72889	31.6467	17.3533	14.5				3.02925	0.0	3.01205	5.2966	1.83469
2016/10/18 14:35:00		1.13735	325.59	31.1641	0.361458	1003.33	318.34	30.7238	44.7292	80.907	125.636		2198.96	5.954	37.2017	18.7983	15.48				3.02113	0.0	3.04118	5.2982	1.96574
2016/10/18 14:40:00		1.58334	314.53	31.2859	0.363542	1003.34	305.783	30.7877	35.4207	87.524	122.945		1964.17	6.3647	42.3983	20.8	15.7817				3.02113	0.0	3.04118	5.2982	1.96574
2016/10/18 14:45:00		1.95897	320.857	31.2885	0.3625	1003.58	303.712	30.8838	26.2618	95.326	121.588		1571.25	4.22885	35.3167	17.7133	14.3				4.33792	0.0	3.38183	7.178	0.131049
2016/10/18 14:50:00		2.15297	305.82	31.2896	0.359375	1003.6	291.258	31.1174	33.7166	129.399	163.115		1898.75	2.87876	38.815	16.2308	12.6142				4.43198	0.0	3.40616	7.3123	0.0
2016/10/18 14:55:00		1.39793	301.128	31.3312	0.360417	1003.07	296.902	31.2793	23.6711	118.31	141.981	28.6953	1636.46	3.03592	41.8933	15.245	11.7517				4.43198	0.0	3.40616	7.3123	0.0
2016/10/18 15:00:00		1.01846	305.161	31.45	0.365625	1002.85	280.109	31.2527	46.8955	150.408	197.303	29.1577	1972.92	3.08949	41.2225	16.6833	12.4058				3.24245	0.0	5.1156	6.954	0.0
2016/10/18 15:05:00		1.41017	311.772	31.5974	0.361979	1002.8	246.422	31.2057	56.55	154.991	211.542	29.2912	2172.29	4.15742	32.26	14.3633	11.6417				3.15748	0.0	5.2377	6.9284	0.0
2016/10/18 15:10:00		1.3729	312.646	31.6036	0.35625	1002.71	254.545	31.177	37.549	135.756	173.305	29.1577	2180.63	4.50744	42.6375	15.5367	11.4708				3.15748	0.0	5.2377	6.9284	0.0
2016/10/18 15:15:00		1.02332	319.791	31.6187	0.360938	1002.69	312.667	31.1678	74.741	150.12	224.861	29.2816	2497.5	2.92877	48.875	17.5292	12.4117				4.49672	0.0	9.6307	11.6169	0.236944
2016/10/18 15:20:00		1.80326	307.172	31.6964	0.365625	1002.62	284.164	31.1694	56.115	133.062	189.176	29.3436	2561.67	4.48244	61.729	17.5933	11.9325				4.59238	0.0	9.9445	11.9518	0.253868
2016/10/18 15:25:00		1.87095	318.869	31.6953	0.364583	1002.59	278.039	31.167	41.9085	115.674	157.583	29.1053	2413.13	6.1361	28.7067	15.6633	12.8008				4.59238	0.0	9.9445	11.9518	0.253868
2016/10/18 15:30:00		1.33687	310.153	31.6938	0.363021	1002.55	251.387	31.1689	36.4279	103.72	140.148	28.9718	2259.79	6.8255	46.5458	15.1658	11.965				4.65096	0.0	11.6079	13.2389	0.334324
2016/10/18 15:35:00		1.30799	316.199	31.7	0.360938	1002.52	239.137	31.1743	45.0709	115.479	160.55	29.234	2225.0	5.1325	30.8392	15.61	12.9333				4.65515	0.0	11.7268	13.3308	0.340071
2016/10/18 15:40:00		1.54081	303.832	31.7031	0.361979	1002.44	244.796	31.1668	52.452	128.601	181.053	29.4628	2339.58	4.15028	60.935	18.7733	12.9383				4.65515	0.0	11.7268	13.3308	0.340071
2016/10/18 15:45:00		1.16976	308.0	31.7016	0.363542	1002.41	207.091	31.1563	55.324	119.933	175.257	29.315	2324.17	5.0968	52.148	18.695	13.1533				3.72435	0.0	5.9269	8.0939	0.022671
2016/10/18 15:50:00		1.52852	312.592	31.6979	0.363021	1002.4	178.792	31.1533	67.777	124.082	191.859	29.5057	2439.58	3.59667	53.361	18.3058	14.3017				3.65786	0.0	5.5126	7.7198	0.0
2016/10/18 15:55:00		1.39597	308.603	31.6943	0.3625	1002.38	143.901	31.1268	59.523	126.085	185.608	29.3484	2612.71	4.39672	41.185	18.1508	13.1475				3.65786	0.0	5.5126	7.7198	0.0
2016/10/18 16:00:00		0.9735	308.641	31.6286	0.358854	1002.37	129.033	31.127	44.5237	106.387	150.911	29.2006	2646.88	5.8254	29.555	16.7142	13.9217				4.02563	0.0	12.1619	13.2885	0.0
2016/10/18 16:05:00		1.37285	321.295	31.5589	0.361979	1002.37	124.972	31.1101	37.9577	101.142	139.1	29.4199	2662.29	6.3647	32.0458	17.2117	14.7183				4.05189	0.0	12.6368	13.6862	0.0
2016/10/18 16:10:00		1.39641	320.593	31.4859	0.361458	1002.34	118.118	31.0843	44.1128	117.122	161.235	29.6725	2766.88	4.7396	32.6908	19.3508	16.8483				4.05189	0.0	12.6368	13.6862	0.0
2016/10/18 16:15:00		1.60765	320.365	31.4875	0.360417	1002.34	102.594	31.0752	34.6747	105.863	140.538	29.3388	2700.21	5.4754	33.8808	19.3883	16.3958				4.32853	0.0	7.8545	10.8599	0.234113
2016/10/18 16:20:00		1.33149	323.823	31.4885	0.360417	1002.39	83.037	31.0522	50.565	116.64	167.205	29.5915	2812.92	3.63953	37.8625	20.8242	17.3817				4.34829	0.0	7.5129	10.658	0.250835
2016/10/18 16:25:00		1.24144	324.01	31.4802	0.359896	1002.4	66.69	31.0293	70.562	119.817	190.379	29.7774	3136.25	3.3788	46.6217	24.7142	20.6125				4.34829	0.0	7.5129	10.658	0.250835
2016/10/18 16:30:00		1.04599	313.137	31.45	0.358854	1002.45	45.974	31.0122	63.48	132.88	196.36	29.8632	3529.79	3.42166	41.4342	24.655	20.6242				4.69327	0.0	4.90495	8.5261	0.016722
2016/10/18 16:35:00		1.27468	316.392	31.3818	0.363021	1002.45	44.7344	31.003	60.28	128.358	188.638	29.6582	3838.54	3.03949	42.7842	25.75	22.1458				4.71791	0.0	4.71867	8.3738	0.0
2016/10/18 16:40:00		1.28583	319.094	31.3214	0.358854	1002.42	42.6417	30.9622	54.317	116.133	170.45	29.7059	4040.63	3.85026	43.8392	25.2342	21.1317				4.71791	0.0	4.71867	8.3738	0.0
2016/10/18 16:45:00		1.76763	323.941	31.2729	0.359896	1002.43	33.6365	30.9496	73.713	126.03	199.743	29.744	4209.58	2.51445	43.9542	25.0375	20.9308				7.1035	0.19981	5.5526	11.3107	0.37627
2016/10/18 16:50:00		1.0334	324.468	31.1911	0.361458	1002.47	23.6396	30.9316	78.316	127.348	205.664	29.8632	4315.42	2.43588	52.786	26.5917	21.5533				7.2739	0.214082	5.6122	11.5205	0.403147
2016/10/18 16:55:00		1.00424	322.881	31.1437	0.359896	1002.51	11.6083	30.8935	64.575	123.065	187.64	29.7202	4627.08	2.73232	50.312	28.3	23.3383				7.2739	0.214082	5.6122	11.5205	0.403147
2016/10/18 17:00:00		0.81907	328.239	31.0969	0.357292	1002.49	8.7281	30.8723	71.007	131.542	202.548	30.0348	4842.71	2.5966	56.928	33.9725	28.94				6.968	0.232815	7.3066	13.0509	0.461973
2016/10/18 17:05:00		1.21861	321.743	31.0	0.360938	1002.43	14.5031	30.8462	67.889	126.417	194.306	30.1826	4919.58	2.62517	63.248	37.2892	32.8542				6.9461	0.234153	7.4276	13.1602	0.466175
2016/10/18 17:10:00		1.45444	327.029	30.9474	0.35625	1002.41	14.0729	30.8159	63.273	123.384	186.656	30.0252	4985.42	3.08235	60.613	41.9483	37.0642				6.9461	0.234153	7.4276	13.1602	0.466175
2016/10/18 17:15:00		1.56333	321.738	30.9057	0.360417	1002.41	12.4615	30.8011	78.669	129.926	208.595	30.2111	5459.4	2.22515	67.969	44.4283	38.95				8.1373	0.273961	6.7197	14.7437	0.53531
2016/10/18 17:20:00		1.53865	333.287	30.9052	0.35625	1002.41	8.4875	30.7651	108.815	122.412	231.226	30.3112	6061.3	2.34301	67.577	41.8275	36.4083				8.2223	0.276805	6.6692	14.8568	0.54025
2016/10/18 17:25:00		1.01812	329.235	30.8698	0.35625	1002.44	1.6625	30.7141	132.734	126.783	259.517	30.3351	6397.5	2.00371	66.083	41.3858	35.6233				8.2223	0.276805	6.6692	14.8568	0.54025
2016/10/18 17:30:00		0.96031	341.813	30.8198	0.355208	1002.45	1.08646	30.7045	126.864	125.075	251.939	30.5114	6623.3	1.97513	64.978	38.4283	32.0483				8.7561	0.259339	5.8198	14.7152	1.38594
2016/10/18 17:35:00		1.01447	332.131	30.8193	0.359375	1002.48	1.07187	30.3869	158.54	134.999	293.539	30.7307	6809.4	1.75726	60.69	35.4217	29.6983				8.7942	0.258091	5.7591	14.7051	1.44634
2016/10/18 17:40:00		0.70254	330.295	30.7437	0.360938	1002.47	1.05729	29.9707	111.899	126.451	238.35	30.1397	6723.1	2.29301	69.005	39.2033	32.66				8.7942	0.258091	5.7591	14.7051	1.44634
2016/10/18 17:45:00		0.66369	8.17	30.7198	0.360417	1002.49	1.17396	29.5439	292.04	137.495	429.534	31.2979	7408.3	1.67511	82.685	46.69	38.0433				9.8161	0.34623	5.6883	15.8728	2.37563
2016/10/18 17:50:00		0.66623	15.5624	30.7156	0.361979	1002.55	1.11563	29.1261	157.412	133.281	290.693	30.1063	7860.8	1.7144	91.133	46.735	37.2133				9.8891	0.352525	5.6833	15.9562	2.44201
2016/10/18 17:55:00		0.62613	34.0269	30.7193	0.359896	1002.58	1.13021	28.6751	212.026	137.553	349.579	30.6783	8573.5	1.6644	102.38	54.083	43.955				9.8891	0.352525	5.6833	15.9562	2.44201
2016/10/18 18:00:00		0.74855	36.3458	30.7073	0.359375	1002.61	1.12292	28.2912	177.322	135.574	312.896	30.4828	8887.7	2.00728	103.392	60.325	50.978				14.8621	0.87763	7.0989	20.2112	1.77191
2016/10/18 18:05:00		0.76652	18.5689	30.6156	0.359375	1002.69	1.20313	27.9766	171.277	135.177	306.454	30.0348	9057.3	2.16443	115.585	66.469	56.298				15.2173	0.91514	7.2001	20.5151	1.72405
2016/10/18 18:10:00		0.87423	16.5798	30.4875	0.361458	1002.7	1.11563	27.6909	138.668	130.624	269.292	29.3436	8922.7	2.6466	128.882	86.866	75.689				15.2173	0.91514	7.2001	20.5151	1.72405
2016/10/18 18:15:00		0.95138	11.1179	30.3458	0.3625	1002.72	1.11563	27.4707	130.087	128.649	258.736	28.8431	8570.4	2.70732	128.298	80.522	69.269				20.5775	1.06639	13.3096	29.1711	1.8417
2016/10/18 18:20:00		0.83719	353.716	30.2203	0.359896	1002.74	1.14479	27.2973	121.299	130.491	251.79	28.6191	8400.8	2.66089	134.33	79.364	66.795				20.9603	1.07719	13.746	29.7893	1.85011
2016/10/18 18:25:00		0.96195	2.76806	30.1323	0.366667	1002.74	1.19583	27.1094	183.035	132.784	315.819	29.0242	9017.3	2.4073	130.585	81.757	69.593				20.9603	1.07719	13.746	29.7893	1.85011
2016/10/18 18:30:00		0.72711	337.361	30.0849	0.366146	1002.73	1.06458	27.0267	122.905	128.563	251.468	28.9051	8940.6	2.68946	119.652	80.354	68.883				14.7051	0.285442	9.7157	20.439	1.75412
2016/10/18 18:35:00		0.85537	322.05	29.9953	0.360938	1002.73	1.15937	27.0079	116.844	127.276	244.12	29.1577	8734.2	2.61803	118.043	78.59	68.839				14.2583	0.228888	9.4279	19.7711	1.74727
2016/10/18 18:40:00		0.95991	317.817	29.9729	0.366667	1002.7	1.1375	26.9717	125.529	127.132	252.661	29.3436	8661.3	2.52517	113.118	77.837	67.909				14.2583	0.228888	9.4279	19.7711	1.74727
2016/10/18 18:45:00		1.02186	326.208	29.8995	0.365625	1002.7	1.17396	26.9864	134.362	120.022	254.384	29.8346	8387.5	2.45731	125.93	78.015	68.102				14.2583	0.228888	9.4279	19.7711	1.74727
2016/10/18 18:50:00		0.76502	330.218	29.901	0.365104	1002.76	1.18125	27.0275	145.984	119.163	265.147	30.03	8182.5	2.35373	115.233	76.309	66.234				14.2583	0.228888	9.4279	19.7711	1.74727
2016/10/18 18:55:00		1.14152	325.886	29.9	0.366667	1002.82	1.14479	27.0036	126.927	113.525	240.452	29.9728	7784.2	2.34301	113.518	73.133	62.012				14.2583	0.228888	9.4279	19.7711	1.74727
2016/10/18 19:00:00		0.89538	333.4	29.9026	0.365625	1002.88	1.19583	26.9706	147.411	118.81	266.221	30.2874	7647.1	2.32515	101.198	66.656	57.823				11.4367	0.015259	6.7204	14.658	1.38237
2016/10/18 19:05:00		1.13917	331.006	29.8984	0.363542	1002.91	1.20313	26.9674	125.073	109.119	234.192	30.0729	7347.5	2.35373	86.223	61.032	53.738				11.2351	0.0	6.527	14.2928	1.3563
2016/10/18 19:10:00		0.82583	318.867	29.9	0.366667	1002.94	1.18854	26.9341	100.337	106.288	206.625	29.8107	7084.4	2.5216	86.477	58.889	51.492				11.2351	0.0	6.527	14.2928	1.3563
2016/10/18 19:15:00		0.94299	328.893	29.8234	0.3625	1002.93	1.17396	26.8766	93.083	104.388	197.471	29.887	6722.3	2.42159	82.388	56.097	49.6575				9.7771	0.156815	5.3679	12.5988	1.27934
2016/10/18 19:20:00		0.84272	322.27	29.8036	0.361979	1003.0	1.15208	26.8167	111.944	109.369	221.312	29.8679	6471.7	2.25729	76.442	55.466	48.6442				9.6729	0.168016	5.2851	12.4778	1.27384
2016/10/18 19:25:00		1.22135	330.17	29.8026	0.365104	1003.03	1.18854	26.7443	80.918	100.653	181.571	29.4628	5982.9	2.91805	80.623	54.137	47.3258				9.6729	0.168016	5.2851	12.4778	1.27384
2016/10/18 19:30:00		0.6489	348.782	29.8047	0.363542	1003.09	1.11563	26.6922	98.09	102.998	201.088	29.5581	5792.3	2.39302	82.082	54.326	47.515				8.4883	0.011201	3.6261	9.6161	0.65904
2016/10/18 19:35:00		0.69118	335.051	29.8036	0.370313	1003.18	1.18125	26.6533	99.819	107.643	207.462	29.6153	5726.7	2.35373	82.244	53.47	46.9075				8.4037	0.0	3.5076	9.4117	0.61512
2016/10/18 19:40:00		0.71881	357.195	29.8047	0.359896	1003.27	1.15208	26.603	123.914	108.116	232.03	29.539	5852.7	2.23229	76.267	52.831	46.1817				8.4037	0.0	3.5076	9.4117	0.61512
2016/10/18 19:45:00		0.75053	350.135	29.7375	0.365625	1003.37	1.13021	26.5958	82.323	101.286	183.609	29.2912	5619.2	2.68232	78.532	52.013	45.4692				7.7886	0.140308	3.24437	8.1909	0.64033
2016/10/18 19:50:00		1.05092	334.735	29.7099	0.363021	1003.46	1.11563	26.6012	84.038	100.677	184.715	29.5915	5426.0	2.52874	83.108	51.198	44.4767				7.7446	0.15033	3.22557	8.1037	0.64213
2016/10/18 19:55:00		1.03733	320.563	29.7062	0.365104	1003.5	1.17396	26.5706	68.697	93.074	161.771	29.4151	5123.1	2.83947	72.04	50.009	44.3092				7.7446	0.15033	3.22557	8.1037	0.64213
2016/10/18 20:00:00		0.85987	319.963	29.626	0.357292	1003.6	1.15937	26.5526	73.506	91.691	165.196	29.4628	4882.92	2.69661	73.23	49.2092	43.5217				8.2751	0.151213	3.36979	9.0679	0.60321
2016/10/18 20:05:00		0.95695	321.165	29.6089	0.366146	1003.65	1.13021	26.5483	87.386	94.676	182.062	29.6534	4813.33	2.49302	73.218	47.9658	41.85				8.313	0.151276	3.3801	9.1368	0.60043
2016/10/18 20:10:00		0.91398	327.146	29.6052	0.367188	1003.66	1.17396	26.5206	65.227	88.654	153.881	29.3579	4594.79	2.8109	69.229	47.495	41.2517				8.313	0.151276	3.3801	9.1368	0.60043
2016/10/18 20:15:00		0.77642	328.778	29.5479	0.3625	1003.74	1.18854	26.5061	79.953	92.005	171.959	29.3722	4545.83	2.46802	74.042	50.018	42.1208				6.6988	0.010085	2.76162	7.0181	0.60176
2016/10/18 20:20:00		0.84054	335.517	29.4875	0.358854	1003.83	1.12292	26.4932	82.553	94.778	177.331	29.253	4452.29	2.61803	70.228	48.1575	42.0217				6.5835	0.0	2.71744	6.8668	0.60185
2016/10/18 20:25:00		0.90762	323.654	29.4911	0.359375	1003.88	1.07187	26.4669	68.775	89.109	157.885	29.2244	4282.5	2.67518	69.894	47.29	40.9425				6.5835	0.0	2.71744	6.8668	0.60185
2016/10/18 20:30:00		0.73422	332.005	29.4922	0.359375	1003.9	1.15208	26.5501	71.237	88.61	159.846	29.3436	4231.46	2.55017	65.684	45.1975	39.5525				6.6453	0.0	2.64445	6.7474	0.59478
2016/10/18 20:35:00		1.15579	328.931	29.4943	0.356771	1003.92	1.11563	26.6522	69.385	87.48	156.865	29.5486	4186.67	2.61803	65.514	43.2933	37.6825				6.6497	0.0	2.63923	6.7389	0.59427
2016/10/18 20:40:00		1.16683	322.609	29.4932	0.359896	1003.9	1.20313	26.7861	61.106	89.144	150.25	29.8441	4100.83	2.73232	59.255	42.1642	37.1583				6.6497	0.0	2.63923	6.7389	0.59427
2016/10/18 20:45:00		1.11821	339.63	29.4797	0.357292	1003.88	1.10833	26.89	53.169	81.119	134.288	29.9966	3965.42	2.92519	58.787	40.875	35.4425				6.4837	0.0	2.41493	6.27	0.53456
2016/10/18 20:50:00		1.34294	320.249	29.4885	0.365625	1003.85	1.10833	26.9405	70.817	89.198	160.015	30.378	3856.04	2.27515	61.18	41.0542	34.9717				6.4719	0.0	2.39891	6.2365	0.53029
2016/10/18 20:55:00		1.32839	327.816	29.4906	0.355208	1003.88	1.07917	26.9018	67.353	91.235	158.588	30.3541	3744.38	2.40016	54.574	37.2958	32.5317				6.4719	0.0	2.39891	6.2365	0.53029
2016/10/18 21:00:00		1.24857	336.768	29.4917	0.361979	1003.95	1.12292	26.8557	75.522	90.444	165.967	30.1063	3586.46	2.15729	53.708	36.515	31.3167				5.4337	0.0	2.05384	5.5686	0.45059
2016/10/18 21:05:00		0.97629	331.459	29.4948	0.361979	1003.96	1.16667	26.7859	57.479	83.598	141.077	29.9871	3429.79	2.66446	51.05	34.0433	28.9883				5.3595	0.0	2.02919	5.5209	0.444897
2016/10/18 21:10:00		1.23294	328.42	29.4927	0.359375	1004.0	1.18125	26.6527	69.416	91.752	161.169	29.825	3423.33	2.27515	58.867	34.6433	26.8667				5.3595	0.0	2.02919	5.5209	0.444897
2016/10/18 21:15:00		1.25775	319.238	29.4937	0.361458	1003.99	1.16667	26.562	80.262	89.281	169.542	29.8298	3412.5	2.47159	44.4083	29.1483	24.2083				5.0894	0.0	2.05529	5.9057	0.345423
2016/10/18 21:20:00		1.14952	329.217	29.5859	0.363021	1003.96	1.13021	26.4527	66.326	85.809	152.135	29.7488	3334.17	2.63232	47.5583	29.9183	25.1217				5.0701	0.0	2.05716	5.9332	0.338317
2016/10/18 21:25:00		0.86244	335.264	29.6052	0.363542	1003.93	1.18854	26.3319	59.619	84.919	144.538	29.5343	3258.96	2.96448	51.48	29.7708	25.3042				5.0701	0.0	2.05716	5.9332	0.338317
2016/10/18 21:30:00		1.12932	325.315	29.6	0.363021	1004.02	1.15937	26.3016	49.2204	82.944	132.164	29.7488	3222.71	2.91448	56.381	32.0825	26.2983				4.79021	0.0	2.40887	6.4994	0.330975
2016/10/18 21:35:00		1.03434	324.643	29.4937	0.363021	1003.98	1.07917	26.3101	65.097	89.647	154.744	30.2159	3286.04	2.47516	50.253	32.1533	27.1817				4.77022	0.0	2.43399	6.5398	0.33045
2016/10/18 21:40:00		1.04313	328.89	29.4911	0.359375	1004.01	1.21042	26.3222	58.65	86.508	145.157	30.4018	3388.96	2.69304	51.688	32.065	26.8083				4.77022	0.0	2.43399	6.5398	0.33045
2016/10/18 21:45:00		0.52756	308.644	29.4911	0.358333	1004.05	1.14479	26.3797	66.314	85.354	151.668	31.0929	3383.54	2.63589	58.468	31.8017	26.6433				4.06398	0.0	2.39948	5.8675	0.298251
2016/10/18 21:50:00		0.54962	323.901	29.4615	0.361458	1004.05	1.14479	26.4232	56.338	87.668	144.006	31.6602	3399.58	2.67518	53.756	31.4575	25.6883				4.01354	0.0	2.39702	5.8195	0.295951
2016/10/18 21:55:00		0.65335	321.469	29.3953	0.365625	1004.07	1.16667	26.4229	76.213	90.787	166.999	31.7365	3540.0	2.13228	55.182	32.4192	26.3042				4.01354	0.0	2.39702	5.8195	0.295951
2016/10/18 22:00:00		0.97844	334.744	29.3901	0.358854	1004.06	1.19583	26.4629	63.067	89.161	152.228	31.9462	3637.71	2.59303	48.5058	30.6575	25.7925				4.83043	0.0	2.43639	6.1158	0.284406
2016/10/18 22:05:00		0.62212	325.48	29.3932	0.360417	1004.02	1.17396	26.483	48.5973	81.777	130.374	32.4467	3479.17	2.98234	49.1517	31.3367	26.3717				4.88877	0.0	2.4392	6.137	0.283582
2016/10/18 22:10:00		0.81679	327.071	29.3104	0.357812	1004.02	1.16667	26.4884	60.146	85.159	145.305	32.6326	3448.75	2.68589	48.6067	31.2325	26.5158				4.88877	0.0	2.4392	6.137	0.283582
2016/10/18 22:15:00		0.77818	335.116	29.299	0.361979	1004.07	1.21771	26.5203	58.109	85.645	143.754	32.5325	3251.46	2.5966	49.0342	33.03	27.9275				5.3412	0.0	2.48344	6.7253	0.288845
2016/10/18 22:20:00		0.87658	316.426	29.2964	0.359375	1004.12	1.12292	26.5402	45.828	84.365	130.193	32.8042	3182.08	2.71089	51.753	33.9175	29.0725				5.3735	0.0	2.4866	6.7673	0.289221
2016/10/18 22:25:00		0.80794	313.153	29.301	0.360938	1004.16	1.18854	26.5394	44.7895	86.617	131.407	32.8662	3126.88	2.53588	54.973	36.8992	31.8592				5.3735	0.0	2.4866	6.7673	0.289221
2016/10/18 22:30:00		1.14894	320.784	29.2208	0.359896	1004.27	1.10104	26.5665	50.766	86.299	137.065	33.3428	3189.38	2.29658	55.683	37.5983	32.2325				4.32225	0.0	2.00837	5.4846	0.287319
2016/10/18 22:35:00		0.80758	314.351	29.2	0.360417	1004.26	1.16667	26.5773	53.08	90.602	143.682	33.9243	3134.38	2.31087	54.572	37.2417	31.9792				4.24716	0.0	1.97421	5.393	0.287184
2016/10/18 22:40:00		0.9444	321.446	29.1974	0.357292	1004.24	1.16667	26.5706	45.3791	86.877	132.256	34.7204	3095.83	2.42873	53.938	35.385	30.5717				4.24716	0.0	1.97421	5.393	0.287184
2016/10/18 22:45:00		1.02833	336.685	29.2167	0.361458	1004.18	1.15208	26.5877	40.0035	79.435	119.438	36.2028	3025.0	3.46809	63.826	29.8525	24.6317				4.74186	0.0	1.94324	4.96394	0.287847
2016/10/18 22:50:00		1.29302	320.364	29.3552	0.363542	1004.14	1.18854	26.6033	38.7885	73.489	112.277	37.6709	2905.0	3.41808	66.732	31.2225	23.5058				4.77719	0.0	1.94103	4.9333	0.287894
2016/10/18 22:55:00		1.78968	331.083	29.4719	0.359375	1004.06	1.15208	26.5998	44.1106	81.147	125.257	38.4765	2857.71	3.02163	51.113	26.7258	21.6575				4.77719	0.0	1.94103	4.9333	0.287894
2016/10/18 23:00:00		1.23472	336.513	29.4932	0.360938	1003.94	1.18854	26.6278	31.9322	72.712	104.644	39.3679	2727.08	3.81811	42.4033	25.4008	20.9108				3.57139	0.0	1.83618	4.36051	0.235083
2016/10/18 23:05:00		1.87414	321.223	29.4932	0.360417	1003.82	1.18125	26.65	29.5671	73.923	103.491	39.9351	2628.75	3.73596	42.5625	25.17	20.92				3.48526	0.0	1.82869	4.3196	0.231311
2016/10/18 23:10:00		1.63814	318.475	29.4943	0.359896	1003.73	1.15937	26.6302	25.3729	64.458	89.831	40.5739	2472.92	4.46816	38.7817	23.78	19.54				3.48526	0.0	1.82869	4.3196	0.231311
2016/10/18 23:15:00		1.53276	304.598	29.5448	0.359375	1003.67	1.12292	26.6704	31.0657	67.765	98.831	40.8408	2398.33	4.20028	56.645	23.6958	18.7342				2.75624	0.0	1.32834	3.47612	0.220563
2016/10/18 23:20:00		1.7434	320.947	29.6094	0.360417	1003.61	1.19583	26.6882	24.0262	62.507	86.533	41.0505	2218.33	4.66102	156.109	34.3192	18.2417				2.70417	0.0	1.2926	3.41587	0.219795
2016/10/18 23:25:00		1.4191	331.893	29.6437	0.361979	1003.64	1.12292	26.6704	26.7754	66.82	93.595	40.4881	2139.58	4.56459	37.4283	20.6242	16.9683				2.70417	0.0	1.2926	3.41587	0.219795
2016/10/18 23:30:00		1.14284	350.189	29.7104	0.364062	1003.7	1.12292	26.8256	18.521	57.368	75.889	39.9161	1999.17	5.4611	30.9433	20.2083	16.9758				1.87199	0.0	1.00548	2.5578	0.014653
2016/10/18 23:35:00		1.72561	325.729	29.7068	0.3625	1003.7	1.13021	27.0436	16.6964	56.108	72.805	40.3737	1826.46	5.2932	30.3817	18.7133	15.8742				1.81254	0.0	0.98497	2.49651	0.0
2016/10/18 23:40:00		1.50856	326.596	29.7078	0.363542	1003.61	1.18125	27.1448	14.4854	60.336	74.822	40.3594	1663.13	5.1325	28.4933	17.5242	14.6983				1.81254	0.0	0.98497	2.49651	0.0
2016/10/18 23:45:00		1.3282	322.522	29.7083	0.364062	1003.56	1.14479	27.2315	14.0432	59.474	73.517	39.9542	1450.21	5.2539	29.9717	16.9525	14.0325				1.96393	0.0	0.89491	2.60095	0.0
2016/10/18 23:50:00		1.22055	330.367	29.7125	0.366146	1003.51	1.15208	27.2699	16.7902	60.757	77.548	39.3393	1278.54	4.9289	27.1908	16.765	13.6425				1.9719	0.0	0.89017	2.60645	0.0
2016/10/18 23:55:00		1.69366	324.504	29.7135	0.363542	1003.51	1.14479	27.2949	20.0844	61.74	81.824	38.6243	1158.33	4.69674	34.5492	17.8392	13.565				1.9719	0.0	0.89017	2.60645	0.0
2016/10/19 00:00:00		1.23428	333.018	29.7094	0.360417	1003.5	1.18125	27.336	14.3581	58.043	72.401	38.3001	1060.63	5.8432	27.4783	16.8775	13.8108				1.82813	0.0	0.82758	2.26114	0.0
