-- 1st mean values --
Format: XTAB(V:1;HEAD:2;COL:TCFFFFFFFFFFFFFFFFFFFFFFFF)
StartTime: 2016/10/30 00:00:00
EndTime: 2016/10/31 00:00:00
Period: 24 h
Station: Gia Lam

Time	MeasPt	Wind Spd.	Wind Dir.	Temp	RH	Barometer	Radiation	InnerTemp	NO	NO2	NOx	SO2	CO	O3	PM-10	PM-2.5	PM-1	CH4	NMHC	THC	BENZEN	TOLUEN	ETHYL BENZEN	MP-XYLEN	O-XYLEN
		m/s	degree	°C	%	hPa	W/m²	°C	µg/m3	µg/m3	µg/m3	µg/m3	µg/m3	µg/m3	µg/m3	µg/m3	µg/m3	ppm	ppmC	ppmC	ug/m3	ug/m3	ug/m3	ug/m3	ug/m3
2016/10/30 00:05:00		1.6881	54.869	24.8297	0.363021	1017.46	1.10104	26.9451	14.4497	58.748	73.197	28.6381	1306.46	6.6254	38.7092	30.815	27.51				3.1505	0.0	1.29355	3.19977	0.0
2016/10/30 00:10:00		1.18873	53.641	24.8286	0.355729	1017.43	1.12292	26.8903	17.1967	65.29	82.486	28.7144	1324.38	5.5182	38.8508	30.4625	26.8833				3.1505	0.0	1.29355	3.19977	0.0
2016/10/30 00:15:00		1.78556	58.35	24.7943	0.356771	1017.38	1.05729	26.8675	14.3581	62.873	77.231	28.8002	1309.17	6.1075	36.4625	28.0758	24.8042				2.76806	0.0	1.12012	2.59912	0.0
2016/10/30 00:20:00		1.53848	67.24	24.7323	0.357812	1017.32	1.04271	26.8385	14.8271	63.421	78.248	28.7525	1247.92	5.9718	34.1583	27.555	24.9608				2.6822	0.0	1.08119	2.46428	0.0
2016/10/30 00:25:00		1.03719	63.985	24.6708	0.360417	1017.27	1.06458	26.7708	13.9717	62.483	76.454	28.6477	1211.04	5.9718	35.9733	29.3667	26.6567				2.6822	0.0	1.08119	2.46428	0.0
2016/10/30 00:30:00		0.93409	46.7315	24.624	0.354688	1017.26	1.06458	26.7494	15.9549	65.379	81.334	28.5047	1238.33	5.8397	40.0208	32.0117	29.015				2.90746	0.0	1.10132	2.47937	0.0
2016/10/30 00:35:00		2.54491	58.264	24.5479	0.357812	1017.35	1.09375	26.7279	14.1638	60.254	74.418	28.4951	1187.08	6.329	39.5658	32.2408	29.4658				2.95802	0.0	1.10584	2.48276	0.0
2016/10/30 00:40:00		1.70128	64.14	24.5167	0.357812	1017.24	1.05	26.7027	12.529	57.327	69.856	28.4379	1162.29	6.5826	39.2183	31.1208	28.1867				2.95802	0.0	1.10584	2.48276	0.0
2016/10/30 00:45:00		1.25241	73.049	24.4297	0.357292	1017.07	1.07187	26.882	11.6714	59.094	70.765	28.6286	1259.38	6.6397	39.8258	29.415	26.4883				2.84981	0.0	0.99629	2.26874	0.0
2016/10/30 00:50:00		1.58061	69.582	24.425	0.359375	1016.95	1.06458	27.0855	11.7652	60.312	72.077	28.7478	1247.08	13.5116	36.6575	29.4875	26.8192				2.82552	0.0	0.9717	2.2207	0.0
2016/10/30 00:55:00		1.21312	53.12	24.4234	0.359896	1016.94	1.09375	27.1234	11.2828	58.149	69.432	28.8145	1210.21	17.0154	37.3983	31.655	29.6333				2.82552	0.0	0.9717	2.2207	0.0
2016/10/30 01:00:00		1.12114	72.872	24.3542	0.356771	1016.97	1.11563	27.096	11.6915	60.305	71.997	28.7859	1147.5	17.0654	42.3342	35.7058	32.7083				2.73382	0.0	0.91673	2.12781	0.60259
2016/10/30 01:05:00		1.20431	71.042	24.324	0.361979	1016.97	1.09375	27.0194	14.6328	63.623	78.255	28.6476	1073.96	17.1547	36.3683	31.165	29.0367				2.71324	0.0	0.90439	2.10696	0.73786
2016/10/30 01:10:00		2.08575	60.591	24.3172	0.358333	1017.0	1.05729	26.8503	11.9863	56.978	68.964	28.5761	972.29	17.2797	33.545	26.3	23.785				2.71324	0.0	0.90439	2.10696	0.73786
2016/10/30 01:15:00		1.59662	69.726	24.3234	0.361458	1016.97	1.09375	26.7217	13.9606	60.182	74.143	28.3617	887.08	9.3899	31.6683	23.7683	21.4017				2.72719	0.0	0.91562	2.06787	0.135275
2016/10/30 01:20:00		1.27517	61.242	24.287	0.358333	1016.93	1.01354	26.6686	12.3682	54.154	66.522	28.4474	918.96	6.3218	29.4533	23.75	21.5042				2.73032	0.0	0.91814	2.0591	0.0
2016/10/30 01:25:00		1.41193	64.858	24.2229	0.360938	1016.95	1.07917	26.8175	12.3012	55.253	67.554	28.1043	1075.21	5.9004	30.2267	23.7458	21.37				2.73032	0.0	0.91814	2.0591	0.0
2016/10/30 01:30:00		0.98636	71.026	24.2188	0.359896	1016.92	1.06458	27.0256	12.2543	61.117	73.371	28.2568	1146.04	5.2611	29.9175	22.9375	20.9467				2.36325	0.0	0.81478	1.64653	0.0
2016/10/30 01:35:00		1.63253	62.844	24.1953	0.359375	1016.93	1.13021	27.0903	13.1275	57.502	70.629	28.2377	1105.42	5.7361	32.37	24.9392	23.0017				2.28085	0.0	0.79158	1.55392	0.0
2016/10/30 01:40:00		1.8109	65.519	24.125	0.358854	1016.86	1.00625	27.0611	11.4771	53.493	64.97	28.3855	1054.79	6.1361	31.6367	25.2075	22.665				2.28085	0.0	0.79158	1.55392	0.0
2016/10/30 01:45:00		1.76332	64.833	24.1234	0.357812	1016.86	1.07187	26.9789	10.8674	53.048	63.915	28.0709	930.0	6.2397	30.7417	25.8983	23.325				2.35232	0.0	0.89919	1.83257	0.0
2016/10/30 01:50:00		2.02039	57.148	24.1224	0.355729	1016.93	0.99896	26.8473	9.6949	52.415	62.11	28.0661	882.71	6.3004	34.175	26.7942	23.79				2.36837	0.0	0.92335	1.89513	0.0
2016/10/30 01:55:00		1.41313	57.509	24.0938	0.353125	1016.88	1.05729	26.6919	9.4336	48.5839	58.018	27.8707	817.92	6.4076	32.9483	26.1117	23.865				2.36837	0.0	0.92335	1.89513	0.0
2016/10/30 02:00:00		1.65466	60.015	24.0125	0.359896	1016.88	1.05	26.6796	11.2359	54.044	65.28	27.7753	878.96	5.6468	32.26	26.6033	23.8558				2.40824	0.0	0.85251	1.74845	0.0
2016/10/30 02:05:00		1.91306	56.908	24.0193	0.356771	1016.84	1.13021	26.8771	9.3599	51.624	60.984	28.109	1058.54	6.2111	31.4825	25.9475	23.7275				2.41719	0.0	0.83661	1.71552	0.0
2016/10/30 02:10:00		1.52394	50.086	24.0161	0.360417	1016.84	1.07917	27.0479	10.05	57.098	67.148	28.1567	1062.92	5.6611	31.78	27.1242	24.9917				2.41719	0.0	0.83661	1.71552	0.0
2016/10/30 02:15:00		0.87682	55.282	23.9453	0.360417	1016.88	1.06458	27.0793	12.0533	56.115	68.169	28.1519	1043.96	5.4861	33.0342	27.5008	25.4958				2.43143	0.0	0.82809	1.6505	0.0
2016/10/30 02:20:00		1.38652	38.9863	23.9057	0.357292	1016.87	1.05	27.0466	10.4721	51.244	61.716	27.9613	1002.71	5.9683	31.145	28.41	26.2733				2.43462	0.0	0.82618	1.6359	0.0
2016/10/30 02:25:00		1.63598	47.2897	23.8245	0.358333	1016.87	1.02813	26.9169	9.4135	52.925	62.338	28.1329	931.67	5.6647	33.1133	27.6	25.4658				2.43462	0.0	0.82618	1.6359	0.0
2016/10/30 02:30:00		1.22209	53.074	23.8042	0.361979	1016.87	1.02813	26.7636	9.7083	49.9259	59.634	27.9327	833.13	6.379	28.445	24.0942	22.7392				2.48133	0.0	0.73908	1.55231	0.0
2016/10/30 02:35:00		1.95658	58.87	23.7219	0.357812	1016.87	1.07187	26.6629	9.8021	51.018	60.82	27.761	792.71	6.0861	25.0067	21.6892	20.0425				2.49181	0.0	0.71953	1.53354	0.0
2016/10/30 02:40:00		1.3988	59.307	23.6474	0.357292	1016.9	1.05729	26.7617	9.2192	56.208	65.427	27.6991	928.75	5.5825	25.6858	22.2092	20.3908				2.49181	0.0	0.71953	1.53354	0.0
2016/10/30 02:45:00		1.1957	47.2375	23.6208	0.359896	1016.84	1.13021	26.947	11.859	57.584	69.443	27.6896	1061.46	5.0932	26.4075	22.5908	20.9483				2.29788	0.0	0.70831	1.42943	0.0
2016/10/30 02:50:00		1.33039	51.753	23.624	0.361979	1016.85	1.12292	27.0683	11.4704	53.739	65.21	27.6371	1056.04	5.4468	26.6417	22.6258	21.0658				2.25435	0.0	0.70579	1.40606	0.0
2016/10/30 02:55:00		0.73321	52.166	23.6151	0.359896	1016.84	1.06458	27.0294	9.0316	53.315	62.347	27.7801	1030.42	5.4325	28.0833	23.7317	21.7833				2.25435	0.0	0.70579	1.40606	0.0
2016/10/30 03:00:00		1.07225	49.2725	23.6229	0.357292	1016.89	1.07187	26.9448	11.1354	54.263	65.399	27.9184	972.29	5.2682	28.2992	24.9475	22.8808				3.18384	0.0	1.08437	2.17739	0.7094
2016/10/30 03:05:00		1.1037	40.9944	23.6214	0.356771	1016.92	1.05	26.8125	11.4302	57.296	68.727	27.9422	921.04	4.72531	26.4375	23.5	21.8658				3.3925	0.0	1.16936	2.35054	0.86866
2016/10/30 03:10:00		0.90541	69.968	23.624	0.359375	1016.86	1.12292	26.6393	10.2108	59.398	69.609	27.7039	865.83	4.84318	27.015	23.2833	21.2433				3.3925	0.0	1.16936	2.35054	0.86866
2016/10/30 03:15:00		1.22125	56.862	23.6229	0.359896	1016.83	1.10833	26.6009	10.7066	55.407	66.113	27.7277	914.38	5.1825	24.5117	21.4225	19.8533				3.70604	0.0	1.67878	2.486	0.159254
2016/10/30 03:20:00		0.7476	49.3897	23.5391	0.358333	1016.78	1.1375	26.7945	9.1857	51.504	60.69	27.6705	1049.17	5.7432	24.1517	21.6342	19.78				3.77642	0.0	1.79314	2.51641	0.0
2016/10/30 03:25:00		1.45622	59.94	23.5161	0.359375	1016.79	1.12292	26.9572	9.9026	53.572	63.474	27.7563	1088.96	5.4647	26.9342	22.2233	20.3158				3.77642	0.0	1.79314	2.51641	0.0
2016/10/30 03:30:00		0.83195	50.886	23.5125	0.354688	1016.73	1.05	26.9939	9.983	52.356	62.339	28.0137	1086.88	5.4611	25.89	22.7792	20.8025				2.80848	0.0	2.44889	3.2231	0.96368
2016/10/30 03:35:00		1.41728	62.338	23.5172	0.359896	1016.73	1.16667	26.9512	11.5441	51.501	63.045	27.7801	1025.0	5.4146	25.18	21.6158	20.0258				2.59119	0.0	2.5961	3.38175	1.18001
2016/10/30 03:40:00		1.01989	72.289	23.5135	0.355729	1016.72	1.08646	26.8192	13.5228	54.41	67.933	27.8135	991.46	5.1611	25.7083	21.2958	19.0708				2.59119	0.0	2.5961	3.38175	1.18001
2016/10/30 03:45:00		1.31	65.563	23.475	0.357292	1016.72	1.08646	26.6586	14.3894	57.42	71.809	27.823	917.29	5.1396	24.7117	20.2408	18.5883				2.34372	0.0	4.01521	5.0939	0.216335
2016/10/30 03:50:00		1.11521	63.016	23.4177	0.357292	1016.62	1.10833	26.5496	11.8121	54.965	66.777	27.7467	881.67	5.3825	24.435	20.8442	18.5125				2.28817	0.0	4.33378	5.4783	0.0
2016/10/30 03:55:00		1.21049	59.773	23.4115	0.354688	1016.56	1.05	26.635	11.0014	56.259	67.26	27.6657	1116.46	5.3146	24.8442	21.5875	19.8475				2.28817	0.0	4.33378	5.4783	0.0
2016/10/30 04:00:00		1.22117	58.944	23.4167	0.359375	1016.61	1.07187	26.8232	12.4888	54.267	66.755	27.9565	1232.5	5.4539	23.66	21.2092	19.6892				2.4354	0.0	3.36681	4.47087	0.0
2016/10/30 04:05:00		0.88724	60.913	23.4177	0.360938	1016.61	1.12292	26.9545	12.357	52.754	65.111	27.8898	1250.21	5.1396	30.5492	24.5025	21.1508				2.46845	0.0	3.14973	4.24472	0.0
2016/10/30 04:10:00		1.02987	67.86	23.4115	0.353125	1016.66	1.10104	26.9118	12.7724	57.779	70.551	28.2425	1187.92	5.1825	30.7458	25.3717	23.4233				2.46845	0.0	3.14973	4.24472	0.0
2016/10/30 04:15:00		1.18159	66.228	23.4182	0.360938	1016.69	1.07187	26.8205	10.586	57.173	67.759	28.4522	1166.67	5.2218	32.5417	28.655	26.6133				2.5442	0.0	4.54523	5.8598	0.0
2016/10/30 04:20:00		1.17645	64.626	23.4172	0.359375	1016.65	1.10104	26.6898	9.4738	52.877	62.351	28.4474	1111.04	5.5789	33.0417	28.2933	25.92				2.5612	0.0	4.8585	6.2223	0.0
2016/10/30 04:25:00		0.93698	62.555	23.4177	0.358854	1016.7	1.06458	26.5241	9.7217	52.665	62.386	28.314	1062.92	5.4861	38.1633	32.695	30.3367				2.5612	0.0	4.8585	6.2223	0.0
2016/10/30 04:30:00		0.85805	49.6328	23.412	0.358854	1016.72	1.10104	26.6184	12.6697	57.163	69.833	28.7668	1190.63	4.85389	46.6333	40.4233	37.91				2.664	0.0	6.1398	7.4337	0.0
2016/10/30 04:35:00		1.32394	53.865	23.3792	0.356771	1016.72	1.15208	26.8124	11.256	56.023	67.279	29.2244	1300.0	5.0218	50.195	43.295	40.385				2.68708	0.0	6.4274	7.7056	0.0
2016/10/30 04:40:00		0.91598	50.012	23.3526	0.355208	1016.75	1.04271	26.9367	12.2431	59.309	71.552	29.825	1358.13	4.55745	53.698	45.34	42.1033				2.68708	0.0	6.4274	7.7056	0.0
2016/10/30 04:45:00		0.80817	55.076	23.4161	0.359375	1016.81	1.15937	26.9206	14.032	62.596	76.628	30.1778	1337.92	4.29672	49.7175	42.2617	39.445				2.82178	0.0	5.9358	7.2567	0.0
2016/10/30 04:50:00		0.73689	51.188	23.4172	0.356771	1016.95	1.09375	26.8508	12.223	60.997	73.22	30.2493	1343.13	4.27171	50.491	42.4458	39.6008				2.85202	0.0	5.8255	7.1559	0.0
2016/10/30 04:55:00		1.26392	62.036	23.4396	0.359375	1017.0	1.10104	26.7043	16.4507	63.784	80.234	30.4113	1347.71	3.65739	67.906	49.5308	40.6033				2.85202	0.0	5.8255	7.1559	0.0
2016/10/30 05:00:00		1.38093	49.1493	23.5104	0.355729	1017.02	1.03542	26.5534	25.4935	69.466	94.96	30.4256	1366.46	3.30736	56.546	40.4958	34.7392				2.9645	0.0	3.85822	5.2827	1.33173
2016/10/30 05:05:00		1.15025	60.894	23.5151	0.356771	1017.08	1.09375	26.5547	20.8504	66.19	87.041	30.8546	1414.79	4.05384	39.8383	31.1325	27.8817				2.98975	0.0	3.41659	4.86221	1.63069
2016/10/30 05:10:00		1.33293	61.962	23.5115	0.355729	1017.16	1.02083	26.7005	19.4501	67.361	86.811	30.6497	1586.88	3.86454	31.0758	23.2642	20.5108				2.98975	0.0	3.41659	4.86221	1.63069
2016/10/30 05:15:00		1.09799	40.4774	23.5135	0.355729	1017.27	1.06458	26.8871	24.3411	67.597	91.938	30.602	1631.67	3.51809	27.02	20.335	17.8233				3.64074	0.0	2.54175	4.28517	0.51325
2016/10/30 05:20:00		1.17525	58.187	23.5141	0.353125	1017.32	1.10833	26.9553	27.7715	66.563	94.335	30.9452	1614.58	3.72525	24.6492	18.8567	16.6942				3.78688	0.0	2.34535	4.15563	0.262399
2016/10/30 05:25:00		1.5717	49.9852	23.513	0.355208	1017.36	1.06458	26.8857	29.2723	69.028	98.3	30.3589	1634.17	3.52523	22.8017	17.3942	15.2658				3.78688	0.0	2.34535	4.15563	0.262399
2016/10/30 05:30:00		1.43185	29.5504	23.4469	0.351042	1017.43	1.06458	26.9687	27.9993	63.024	91.023	30.0205	1581.04	3.8324	20.6042	16.2075	14.7342				3.26661	0.0	2.60742	4.43312	0.048106
2016/10/30 05:35:00		1.72892	39.7113	23.4151	0.357812	1017.5	1.05729	27.111	32.7295	69.915	102.644	30.0682	1610.0	3.60024	20.9583	16.4733	14.6383				3.14981	0.0	2.66625	4.49542	0.0
2016/10/30 05:40:00		1.15353	48.0761	23.4167	0.353646	1017.58	1.10104	27.2154	28.7028	66.704	95.406	29.7869	1620.0	4.16814	22.8525	16.8033	14.655				3.14981	0.0	2.66625	4.49542	0.0
2016/10/30 05:45:00		0.96432	65.583	23.4167	0.356771	1017.64	1.06458	27.3502	31.4297	69.281	100.711	29.6963	1684.79	3.40737	22.4942	17.415	15.0817				3.00514	0.0	3.62161	5.36	0.0
2016/10/30 05:50:00		1.06235	31.722	23.3792	0.353125	1017.63	1.03542	27.4955	28.5152	71.688	100.203	29.6725	1674.17	3.68239	20.6742	17.15	15.3225				2.97267	0.0	3.83608	5.5541	0.0
2016/10/30 05:55:00		0.94338	55.223	23.3203	0.357812	1017.68	1.10833	27.5609	38.2414	71.633	109.875	29.825	1760.63	3.0252	22.0742	17.0908	15.1167				2.97267	0.0	3.83608	5.5541	0.0
2016/10/30 06:00:00		0.91924	37.1696	23.3125	0.356771	1017.74	1.07187	27.6818	30.0562	67.967	98.023	29.8155	1756.67	3.50738	19.6333	15.4133	13.9383				3.29218	0.0	4.90719	7.0635	0.0
2016/10/30 06:05:00		1.12287	38.3717	23.2021	0.359896	1017.79	1.05729	27.8334	29.2254	66.361	95.587	29.5486	1690.42	3.46094	18.3033	14.4842	12.6642				3.36391	0.0	5.1476	7.4023	0.0
2016/10/30 06:10:00		0.92956	34.9826	23.1141	0.359375	1017.83	1.17396	27.8847	31.0478	63.958	95.006	29.4532	1636.04	3.3788	18.5017	14.9175	13.2367				3.36391	0.0	5.1476	7.4023	0.0
2016/10/30 06:15:00		1.06507	42.7499	23.0651	0.357292	1017.86	4.8125	28.031	34.3643	64.615	98.98	29.4532	1616.25	3.22164	20.1158	16.065	14.5308				3.36391	0.0	5.1476	7.4023	0.0
2016/10/30 06:20:00		0.73604	30.2547	22.9354	0.357812	1017.89	10.2521	28.1666	30.9116	65.416	96.328	29.3341	1678.13	2.77161	21.4117	16.8108	15.4275				3.36391	0.0	5.1476	7.4023	0.0
2016/10/30 06:25:00		1.43359	57.17	22.8391	0.361979	1017.99	11.499	28.1929	39.7399	71.024	110.764	29.4961	1884.58	2.59303	19.8142	16.1967	14.695				3.36391	0.0	5.1476	7.4023	0.0
2016/10/30 06:30:00		1.3507	32.7741	22.8177	0.364583	1018.12	13.2563	28.3062	36.2135	67.826	104.04	29.6677	1942.71	2.92876	22.465	16.6075	14.2583				3.56126	0.0	2.00013	3.79414	0.0
2016/10/30 06:35:00		0.84617	15.6546	22.8224	0.359896	1018.17	20.0083	28.4179	44.2401	70.49	114.73	29.7964	1978.54	2.33944	26.22	18.2183	14.4817				3.60556	0.0	1.29355	2.98415	0.0
2016/10/30 06:40:00		0.96706	44.7363	22.9078	0.364062	1018.24	20.5698	28.3935	45.9486	73.02	118.968	29.7202	2027.08	2.35373	24.7833	17.4517	13.3308				3.60556	0.0	1.29355	2.98415	0.0
2016/10/30 06:45:00		1.29327	56.645	22.9198	0.359896	1018.3	26.4542	28.4595	46.5315	67.991	114.522	29.8012	2062.5	2.63232	25.1358	17.2058	12.8983				4.0498	0.0	2.38981	5.0326	0.0
2016/10/30 06:50:00		0.84869	63.175	22.9115	0.358854	1018.37	28.3281	28.5457	51.443	70.144	121.587	29.8822	2106.67	2.33587	23.1933	15.8725	12.2742				4.14953	0.0	2.63591	5.4925	0.0
2016/10/30 06:55:00		0.96182	17.2494	22.9151	0.357812	1018.52	17.8937	28.5374	54.391	75.632	130.022	30.2493	2138.96	2.07871	24.3942	16.7725	12.7808				4.14953	0.0	2.63591	5.4925	0.0
2016/10/30 07:00:00		0.90004	35.9985	22.913	0.3625	1018.63	16.4937	28.6166	55.547	73.554	129.101	30.3446	2138.13	2.38945	22.1783	15.9058	12.5092				4.0641	0.0	3.0745	5.984	0.0
2016/10/30 07:05:00		0.94376	40.4545	22.9177	0.361979	1018.72	20.7302	28.7044	46.3372	64.02	110.357	30.4685	2054.17	3.19307	22.2133	15.5617	12.1258				4.04492	0.0	3.17296	6.0944	0.0
2016/10/30 07:10:00		0.87528	35.0355	22.9182	0.357812	1018.83	25.2	28.714	48.9636	70.456	119.419	30.2683	2072.71	2.69304	22.1825	15.7833	12.7408				4.04492	0.0	3.17296	6.0944	0.0
2016/10/30 07:15:00		0.42799	58.331	22.9109	0.359375	1018.92	27.4458	28.7919	54.933	72.985	127.919	30.3112	2158.75	2.56803	23.735	16.735	12.915				4.61446	0.15169	2.42121	5.4983	0.0
2016/10/30 07:20:00		0.69932	61.983	22.8229	0.361979	1018.96	42.4958	28.8824	47.2216	71.198	118.42	30.3923	2100.42	2.8359	22.55	16.145	12.6767				4.74232	0.185743	2.25245	5.3646	0.0
2016/10/30 07:25:00		0.62541	71.5	22.8219	0.360938	1018.98	56.379	28.8864	44.191	67.82	112.011	30.4542	2094.79	3.01806	23.9817	16.9	13.5683				4.74232	0.185743	2.25245	5.3646	0.0
2016/10/30 07:30:00		0.74879	78.285	22.8266	0.357812	1019.0	72.968	28.9712	54.542	74.536	129.079	30.8832	2145.21	2.22872	24.4217	17.16	13.88				4.89895	0.18057	1.90832	5.1285	0.0
2016/10/30 07:35:00		1.00263	67.851	22.9089	0.365104	1019.07	67.047	29.0593	54.804	76.7	131.504	31.1025	2222.5	2.29658	23.5042	16.4125	13.0233				4.93411	0.179409	1.83106	5.0755	0.0
2016/10/30 07:40:00		1.07305	46.6557	22.9188	0.365104	1019.09	72.107	29.0711	60.526	75.988	136.513	31.1025	2423.96	1.92513	25.8517	17.4825	13.5333				4.93411	0.179409	1.83106	5.0755	0.0
2016/10/30 07:45:00		1.25929	72.688	22.9214	0.360938	1019.16	96.607	29.1599	69.162	79.089	148.251	31.522	2580.42	2.04657	24.725	17.075	13.7183				5.0081	0.177058	1.88022	5.2071	0.0
2016/10/30 07:50:00		1.13463	51.567	22.9214	0.360938	1019.27	77.35	29.2706	57.339	75.269	132.607	31.3313	2561.67	2.6466	22.23	15.8767	13.0567				5.0248	0.17653	1.89126	5.2366	0.0
2016/10/30 07:55:00		1.16164	59.575	22.9208	0.355729	1019.35	58.399	29.2783	61.269	78.405	139.674	30.9738	2734.79	2.10371	24.4283	17.1008	13.4125				5.0248	0.17653	1.89126	5.2366	0.0
2016/10/30 08:00:00		0.398084	59.926	22.9208	0.359896	1019.34	121.931	29.3543	81.523	84.426	165.95	31.1025	2875.0	2.08228	21.2517	14.9633	12.1133				5.9674	0.278911	2.8443	7.8257	0.0
2016/10/30 08:05:00		0.54491	69.51	22.9151	0.363021	1019.29	159.549	29.4349	61.886	82.694	144.58	30.602	2836.67	2.43588	20.7292	14.5517	11.8958				6.179	0.301894	3.05825	8.407	0.0
2016/10/30 08:10:00		1.0198	38.6122	22.9188	0.361458	1019.37	165.958	29.4529	62.091	80.305	142.396	30.3875	2766.67	2.59303	19.4642	13.975	11.6967				6.179	0.301894	3.05825	8.407	0.0
2016/10/30 08:15:00		0.87241	68.042	22.9953	0.361458	1019.44	144.134	29.5315	62.209	81.896	144.106	30.3732	2771.88	2.49659	21.6658	15.1742	12.1808				7.8904	0.372063	2.98083	8.9682	0.171952
2016/10/30 08:20:00		1.20154	77.061	23.0177	0.359896	1019.5	77.569	29.6351	54.86	79.753	134.613	30.2588	2694.17	2.83233	22.3267	15.25	12.0408				8.2747	0.387815	2.96345	9.0941	0.210554
2016/10/30 08:25:00		0.73558	16.9435	23.0151	0.358333	1019.66	80.114	29.6408	59.851	84.197	144.048	30.1873	2815.63	2.26801	22.4508	15.4983	12.2933				8.2747	0.387815	2.96345	9.0941	0.210554
2016/10/30 08:30:00		1.44396	41.9456	22.9219	0.358333	1019.71	101.741	29.4934	57.046	79.5	136.546	29.6439	2708.75	2.82876	20.1442	14.4017	12.5467				6.6144	0.263298	2.49583	7.6893	2.38045
2016/10/30 08:35:00		1.09102	44.2193	22.7604	0.353646	1019.8	146.504	29.1342	58.44	77.638	136.077	29.1911	2652.71	2.64303	19.275	14.6075	12.9858				6.2417	0.235346	2.39086	7.3739	2.86757
2016/10/30 08:40:00		1.28539	1.49974	22.6656	0.357812	1019.86	113.043	28.9057	56.394	80.329	136.722	28.9623	2684.58	2.88948	18.3575	14.12	12.5042				6.2417	0.235346	2.39086	7.3739	2.86757
2016/10/30 08:45:00		1.91466	15.7528	22.613	0.359375	1019.86	93.516	29.0096	50.062	78.665	128.727	28.6906	2662.71	3.08949	23.89	16.8267	13.6392				5.7405	0.212908	2.17447	6.8901	0.52572
2016/10/30 08:50:00		1.74924	19.8632	22.5729	0.357292	1019.88	100.443	29.0781	50.317	81.003	131.32	28.9337	2657.5	3.0752	25.0667	17.4875	13.705				5.628	0.207871	2.12589	6.7815	0.0
2016/10/30 08:55:00		1.21728	19.2947	22.5094	0.360938	1019.9	135.064	29.0145	47.3601	78.096	125.457	29.0242	2565.63	3.24307	29.915	20.6533	14.8075				5.628	0.207871	2.12589	6.7815	0.0
2016/10/30 09:00:00		1.64548	25.4726	22.638	0.360938	1019.88	182.839	29.0705	61.611	91.009	152.62	29.1434	2777.08	2.20372	30.0917	20.5867	14.8208				5.6565	0.215395	2.00163	6.3364	0.0
2016/10/30 09:05:00		1.07703	43.3545	22.724	0.359896	1019.87	158.091	29.1387	49.3321	84.135	133.467	29.396	2741.46	3.5038	25.9242	17.9458	13.9108				5.6629	0.217084	1.97374	6.2365	0.0
2016/10/30 09:10:00		0.86181	30.8909	22.8573	0.363021	1019.93	126.204	29.1194	65.472	94.159	159.631	29.3007	3018.33	1.94299	28.6575	19.395	14.455				5.6629	0.217084	1.97374	6.2365	0.0
2016/10/30 09:15:00		0.72176	14.8032	22.9167	0.353646	1019.98	113.334	29.2069	61.374	90.229	151.603	29.253	2975.42	2.61803	26.5092	18.5067	14.4258				6.9187	0.266427	2.43245	7.6995	0.0
2016/10/30 09:20:00		1.18232	32.8957	22.9807	0.361979	1020.01	174.074	29.3108	61.006	89.808	150.813	29.2626	2993.13	2.35373	27.1458	18.5217	14.515				7.2007	0.277504	2.53543	8.0279	0.0
2016/10/30 09:25:00		1.09001	42.4638	23.012	0.356771	1020.03	181.876	29.3296	56.541	84.871	141.413	29.315	2956.67	3.1645	25.5883	17.8108	13.8825				7.2007	0.277504	2.53543	8.0279	0.0
2016/10/30 09:30:00		1.16081	41.5472	23.0849	0.359896	1020.16	142.88	29.422	58.953	90.284	149.237	29.4771	3013.33	2.78233	23.3733	16.2142	12.7183				6.7991	0.263262	2.62833	8.3027	0.178919
2016/10/30 09:35:00		0.70039	33.8386	23.1234	0.359896	1020.25	106.356	29.5264	47.7978	86.535	134.333	29.2673	2875.0	3.62524	22.3492	15.8075	13.1267				6.709	0.260065	2.64919	8.3643	0.219084
2016/10/30 09:40:00		1.01184	26.0244	23.1151	0.363542	1020.3	84.153	29.3511	49.6738	87.285	136.959	29.11	2815.21	3.25736	23.6792	16.7292	13.9242				6.709	0.260065	2.64919	8.3643	0.219084
2016/10/30 09:45:00		1.08805	46.6766	23.0161	0.358333	1020.28	85.662	29.0177	46.7973	84.762	131.559	28.8765	2801.46	3.02877	25.5758	17.8442	14.465				6.951	0.259863	2.65693	8.3527	2.69511
2016/10/30 09:50:00		1.10738	38.6173	23.038	0.361979	1020.31	96.177	28.8225	52.423	88.021	140.444	28.7859	2873.75	2.95734	26.1675	18.5475	14.6708				7.0054	0.259818	2.65867	8.3501	3.25096
2016/10/30 09:55:00		1.53539	1.29356	23.0677	0.358854	1020.35	65.435	28.8474	45.5287	87.969	133.498	28.6858	2857.92	3.34308	25.7508	18.4683	15.7358				7.0054	0.259818	2.65867	8.3501	3.25096
2016/10/30 10:00:00		1.33116	41.8717	23.0167	0.363542	1020.33	84.817	28.9481	52.081	91.033	143.115	28.6762	2842.92	2.82519	24.4625	17.8233	14.5792				6.6352	0.238791	2.48757	7.8393	0.59601
2016/10/30 10:05:00		0.61746	41.5304	23.0734	0.363542	1020.32	55.431	29.0571	61.819	90.475	152.294	28.8193	3186.67	2.00013	27.4858	19.0942	15.0383				6.5521	0.234071	2.44916	7.7246	0.0
2016/10/30 10:10:00		1.08833	29.2936	23.0786	0.361979	1020.19	52.493	29.0958	56.251	87.329	143.58	28.7859	3257.29	3.4038	22.1583	16.2675	14.0083				6.5521	0.234071	2.44916	7.7246	0.0
2016/10/30 10:15:00		0.65837	27.8333	22.9099	0.356771	1020.01	88.309	29.179	50.083	83.718	133.8	28.7621	3022.08	3.34665	25.76	18.4042	14.6808				6.2274	0.288318	2.4569	7.8639	0.0
2016/10/30 10:20:00		0.82242	19.0813	22.8234	0.360417	1019.98	97.191	29.2837	56.488	91.348	147.836	28.6143	3099.79	2.56446	28.8708	20.4225	16.3883				6.1546	0.300496	2.45864	7.8952	0.0
2016/10/30 10:25:00		0.94254	47.4437	22.7453	0.360938	1019.94	90.92	29.281	69.222	91.629	160.851	28.8383	2989.17	2.35373	26.735	19.56	16.645				6.1546	0.300496	2.45864	7.8952	0.0
2016/10/30 10:30:00		0.87207	25.9335	22.7135	0.360417	1019.88	109.929	29.338	52.702	88.51	141.212	28.6715	2910.83	3.12164	28.6783	20.6575	17.2967				5.5508	0.216623	2.32625	7.5236	0.0
2016/10/30 10:35:00		0.66374	24.5348	22.7568	0.359375	1019.8	109.47	29.4126	52.508	97.212	149.72	28.7573	2948.75	2.86448	31.3933	22.3267	18.8				5.4153	0.197794	2.29653	7.4402	0.0
2016/10/30 10:40:00		0.52903	36.1345	22.8385	0.357292	1019.76	122.989	29.3205	49.8949	97.185	147.08	28.7764	3047.92	2.86805	35.07	24.2117	19.8967				5.4153	0.197794	2.29653	7.4402	0.0
2016/10/30 10:45:00		1.09815	30.4611	22.9214	0.357292	1019.74	150.587	28.9755	62.524	94.388	156.913	28.7907	3170.42	3.03235	25.7183	19.6133	16.9567				6.244	0.272363	2.46182	7.8698	0.173539
2016/10/30 10:50:00		0.296249	346.246	22.9156	0.360938	1019.73	134.05	28.8276	47.2618	86.09	133.352	28.6667	3041.46	3.73596	24.8883	19.0117	16.8733				6.43	0.289103	2.49893	7.9663	0.212497
2016/10/30 10:55:00		0.82243	326.06	22.9578	0.361458	1019.64	141.706	28.8713	50.377	89.147	139.524	28.6381	3031.88	2.69661	25.775	18.7917	15.8817				6.43	0.289103	2.49893	7.9663	0.212497
2016/10/30 11:00:00		1.09518	32.1536	23.0109	0.359375	1019.58	135.282	28.9675	48.6107	85.107	133.718	28.8002	3041.88	3.83954	23.1133	18.9283	16.885				8.338	0.303781	3.22397	9.6072	0.038958
2016/10/30 11:05:00		1.07916	7.5342	22.9349	0.361458	1019.45	155.21	29.1041	40.8231	75.152	115.976	28.8669	2794.58	4.36458	26.675	21.0767	19.11				8.7663	0.307077	3.38673	9.9756	0.0
2016/10/30 11:10:00		1.34126	21.7263	22.9958	0.356771	1019.3	182.401	29.1524	38.3798	80.544	118.924	28.7001	2681.04	4.11099	24.6375	19.8825	18.055				8.7663	0.307077	3.38673	9.9756	0.0
2016/10/30 11:15:00		1.03934	10.3967	23.0599	0.359896	1019.2	233.479	29.2826	39.7243	82.646	122.37	28.948	2680.21	3.42523	25.245	20.2667	17.6275				5.6794	0.23328	5.4906	9.2906	0.0
2016/10/30 11:20:00		1.59601	9.194	23.1901	0.35625	1019.09	267.692	29.4059	47.1747	92.416	139.591	29.2673	2732.92	3.0752	25.4625	19.94	17.7592				4.98641	0.216714	5.9629	9.1368	0.0
2016/10/30 11:25:00		0.92321	6.3787	23.3115	0.358333	1018.99	230.679	29.2673	42.5405	78.723	121.264	29.1386	2621.46	4.39315	25.2625	19.8175	17.2542				4.98641	0.216714	5.9629	9.1368	0.0
2016/10/30 11:30:00		1.67454	5.4809	23.3641	0.360938	1018.95	211.721	29.0472	37.0778	76.912	113.99	28.6667	2637.71	4.46101	25.5158	20.15	18.0225				5.0633	0.182856	5.0029	8.3744	0.0
2016/10/30 11:35:00		1.51999	19.363	23.4151	0.359375	1018.94	211.291	29.004	36.4882	77.319	113.808	28.7001	2503.75	4.65745	22.31	17.365	15.7958				5.0806	0.175255	4.7874	8.2032	0.0
2016/10/30 11:40:00		1.85282	3.78148	23.4172	0.360938	1018.91	186.557	28.8611	31.0478	72.205	103.253	28.6667	2315.83	5.2146	22.8242	17.9475	16.2275				5.0806	0.175255	4.7874	8.2032	0.0
2016/10/30 11:45:00		1.33873	16.6282	23.4182	0.356771	1018.86	148.786	28.7105	33.9355	73.821	107.756	28.4713	2158.13	4.64674	25.3467	19.4983	17.6058				5.0521	0.174147	3.42945	7.4176	0.0
2016/10/30 11:50:00		1.15531	22.8913	23.4182	0.357812	1018.8	117.469	28.7814	29.9691	77.891	107.86	28.2902	2262.5	4.68246	25.2075	18.1067	16.1958				5.0457	0.173898	3.12461	7.2412	0.0
2016/10/30 11:55:00		1.32818	16.2008	23.5026	0.358854	1018.73	155.145	28.8681	24.455	75.758	100.213	28.3188	2324.17	5.2718	23.2442	17.3917	15.4733				5.0457	0.173898	3.12461	7.2412	0.0
2016/10/30 12:00:00		0.58633	33.1224	23.5474	0.363542	1018.55	294.401	28.997	37.3949	89.561	126.956	28.5619	2493.54	3.73596	24.7083	17.1908	15.1192				3.95217	0.031881	2.32176	5.399	0.0
2016/10/30 12:05:00		0.91537	45.4198	23.6891	0.364583	1018.45	193.032	29.1401	27.5035	87.161	114.665	28.5142	2423.75	5.2539	22.5142	17.5317	15.2433				3.70668	0.0	2.14153	4.98543	0.0
2016/10/30 12:10:00		0.96082	6.29	23.8031	0.360417	1018.37	155.889	29.2663	29.078	100.215	129.293	28.5857	2491.46	4.36815	23.5125	17.5758	15.7058				3.70668	0.0	2.14153	4.98543	0.0
2016/10/30 12:15:00		1.48052	357.365	23.8219	0.355729	1018.29	152.666	29.3909	29.614	92.153	121.767	28.3045	2406.46	4.77175	24.2933	18.1658	16.4475				5.253	0.206576	2.39547	6.6728	0.0
2016/10/30 12:20:00		1.20646	348.359	23.8255	0.360938	1018.23	128.939	29.4048	28.8636	88.373	117.237	28.3426	2309.58	4.75389	22.3975	17.5133	16.2242				5.6001	0.25295	2.45248	7.0516	0.0
2016/10/30 12:25:00		1.39463	0.94402	23.7714	0.35625	1018.17	117.206	29.2598	24.3545	81.013	105.368	28.4236	2180.0	5.8075	21.705	17.3925	15.8767				5.6001	0.25295	2.45248	7.0516	0.0
2016/10/30 12:30:00		1.56778	3.41244	23.7219	0.360417	1018.1	111.008	29.0711	23.0212	76.799	99.82	28.3235	2013.54	5.4646	22.6833	17.5717	16.0933				6.9528	0.260373	2.46951	7.636	2.44247
2016/10/30 12:35:00		1.17492	8.5697	23.724	0.361458	1018.02	132.847	28.8947	29.5582	76.351	105.909	28.2997	1987.92	4.236	24.3875	17.835	15.6817				7.2564	0.262039	2.47333	7.7672	2.99078
2016/10/30 12:40:00		0.55746	2.86102	23.7589	0.3625	1017.9	159.345	28.9167	33.3504	86.158	119.509	28.5285	2308.33	4.35743	25.1425	18.9192	16.5342				7.2564	0.262039	2.47333	7.7672	2.99078
2016/10/30 12:45:00		0.86354	8.4394	23.8531	0.358333	1017.84	156.151	29.015	37.5602	90.064	127.625	28.5905	2476.67	3.8824	21.9142	16.5817	15.0858				4.24072	0.048041	1.80288	5.1626	0.54831
2016/10/30 12:50:00		0.81498	355.333	23.8927	0.359375	1017.75	169.969	29.1379	29.2187	83.002	112.221	28.5285	2424.38	4.93604	21.5183	16.09	14.5525				3.56372	0.0	1.65236	4.57788	0.0
2016/10/30 12:55:00		1.45158	10.6352	23.8719	0.357812	1017.67	167.366	29.2316	33.873	84.881	118.755	28.5428	2335.0	5.0682	20.0817	15.8333	14.475				3.56372	0.0	1.65236	4.57788	0.0
2016/10/30 13:00:00		1.04581	4.00453	23.8245	0.359896	1017.58	157.762	29.3683	29.9356	83.673	113.609	28.4141	2203.33	5.6539	20.3158	15.7467	14.3833				4.08769	0.122837	1.93766	5.5957	0.0
2016/10/30 13:05:00		1.15365	36.6225	23.8224	0.359896	1017.5	126.751	29.4314	28.4415	80.154	108.595	28.1567	2036.67	6.1433	21.1575	16.6475	15.1117				4.20532	0.150412	2.0017	5.8242	0.0
2016/10/30 13:10:00		1.02313	355.277	23.8224	0.3625	1017.5	108.303	29.3132	28.5621	81.927	110.489	28.3569	1967.29	5.1539	23.0242	17.3425	15.1358				4.20532	0.150412	2.0017	5.8242	0.0
2016/10/30 13:15:00		1.2443	35.0844	23.8208	0.358333	1017.47	88.616	29.1122	23.9659	78.196	102.162	28.2616	1913.33	5.829	19.43	16.415	14.8567				3.28152	0.027576	1.73731	4.45032	0.0
2016/10/30 13:20:00		0.461331	19.365	23.7875	0.357812	1017.44	62.482	28.9285	25.0915	73.622	98.714	28.0089	1790.42	5.4575	20.99	17.2458	15.3883				3.07414	0.0	1.67796	4.14189	0.0
2016/10/30 13:25:00		0.62542	344.145	23.7203	0.359375	1017.41	73.908	28.932	23.3964	83.981	107.378	28.109	1991.67	3.85025	21.6467	17.3833	15.7767				3.07414	0.0	1.67796	4.14189	0.0
2016/10/30 13:30:00		0.348427	337.84	23.6802	0.35625	1017.39	113.765	29.015	24.924	85.405	110.329	28.1901	2078.54	4.35743	20.6875	17.1292	15.5367				3.07414	0.0	1.67796	4.14189	0.0
2016/10/30 13:35:00		0.373437	359.949	23.6229	0.359896	1017.3	130.244	29.1226	24.2607	78.494	102.754	28.1901	2029.17	5.1325	19.5583	17.0033	15.8742				3.07414	0.0	1.67796	4.14189	0.0
2016/10/30 13:40:00		1.10733	313.049	23.6698	0.358333	1017.09	185.777	29.1938	25.8687	82.889	108.758	28.2759	2019.58	4.75032	24.3217	17.1492	15.2775				3.07414	0.0	1.67796	4.14189	0.0
2016/10/30 13:45:00		1.25474	315.688	23.824	0.3625	1017.03	219.625	29.3361	31.3136	94.518	125.832	28.3378	2177.92	3.85383	22.2833	16.6617	14.5783				3.93244	0.0	1.47976	4.10705	0.0
2016/10/30 13:50:00		1.24083	303.815	24.0193	0.360417	1016.96	235.594	29.4002	37.3279	98.065	135.393	28.476	2391.25	3.22879	21.6975	16.0875	14.4283				4.12512	0.0	1.43527	4.09923	0.0
2016/10/30 13:55:00		0.3987	297.694	24.1198	0.363021	1016.92	225.626	29.2915	27.0747	81.753	108.827	28.6238	2278.96	5.1646	20.6217	15.0633	13.5117				4.12512	0.0	1.43527	4.09923	0.0
2016/10/30 14:00:00		0.68985	317.279	24.1448	0.359896	1016.97	112.977	29.1055	39.5724	89.934	129.507	28.7668	2406.25	3.46809	25.7367	17.97	14.4917				3.76631	0.0	1.54405	4.58494	0.0
2016/10/30 14:05:00		0.83986	21.9816	24.1448	0.357812	1017.03	59.697	28.9299	36.2559	80.339	116.595	28.6047	2336.46	4.70031	20.4017	16.0733	13.8767				3.68576	0.0	1.56847	4.69398	0.0
2016/10/30 14:10:00		0.74669	325.908	24.0016	0.356771	1016.95	67.725	28.9613	29.279	81.917	111.196	28.6238	2410.63	4.55387	19.8925	15.7683	13.875				3.68576	0.0	1.56847	4.69398	0.0
2016/10/30 14:15:00		0.98081	325.092	23.9193	0.361979	1016.85	80.843	29.0598	28.8033	80.055	108.858	28.6667	2492.92	4.43601	19.705	15.3583	13.4008				3.80821	0.0	1.71324	4.72765	0.0
2016/10/30 14:20:00		1.04509	315.504	23.9115	0.352083	1016.9	40.4979	29.1914	29.6743	80.869	110.544	28.7478	2523.13	3.92883	21.9067	16.3967	14.1008				3.8357	0.0	1.74574	4.73521	0.0
2016/10/30 14:25:00		0.84491	19.5444	23.8234	0.35625	1016.99	22.5021	29.2845	36.6267	89.808	126.434	28.8336	2560.21	3.89312	20.9942	16.3525	14.1242				3.8357	0.0	1.74574	4.73521	0.0
2016/10/30 14:30:00		1.23482	12.3197	23.675	0.359896	1017.0	31.274	29.3981	32.9819	90.407	123.389	28.8002	2510.63	3.94669	21.3458	16.5158	14.2917				3.45724	0.0	1.76432	4.29169	0.0
2016/10/30 14:35:00		0.93111	5.0081	23.4786	0.353646	1017.08	36.8958	29.3874	41.5199	94.104	135.624	28.9003	2448.96	3.31808	24.1042	18.6008	15.9283				3.37228	0.0	1.76849	4.19212	0.0
2016/10/30 14:40:00		0.55527	345.886	23.3302	0.360417	1017.14	30.1948	29.2088	63.08	103.936	167.016	29.0147	2852.5	2.093	25.965	19.26	16.2075				3.37228	0.0	1.76849	4.19212	0.0
2016/10/30 14:45:00		1.15912	346.403	23.2057	0.359896	1017.26	23.7781	28.954	46.8263	86.497	133.324	28.5237	2857.29	3.58238	28.3917	20.5883	16.22				3.61974	0.108729	1.94308	4.76259	1.5384
2016/10/30 14:50:00		1.11139	328.947	23.0729	0.360417	1017.27	31.15	28.8491	62.929	94.83	157.758	28.8002	3252.71	2.37873	30.2142	21.4783	16.5292				3.6753	0.133138	1.98227	4.89065	1.88375
2016/10/30 14:55:00		1.035	354.137	23.0021	0.35625	1017.29	41.1031	28.8673	63.429	93.673	157.102	28.4379	3596.88	2.81804	24.4975	19.2458	16.9992				3.6753	0.133138	1.98227	4.89065	1.88375
2016/10/30 15:00:00		1.44608	24.4035	22.8255	0.357812	1017.25	52.478	28.9312	48.9502	85.857	134.807	28.4093	3482.71	3.60738	23.3575	20.3658	18.5425				4.85425	0.173445	2.35582	6.4426	0.345355
2016/10/30 15:05:00		0.9522	26.1439	22.4719	0.358854	1017.36	38.274	29.0088	53.051	94.426	147.476	28.0614	3340.42	3.09663	24.6767	21.6908	20.1975				5.1189	0.182494	2.43968	6.791	0.0
2016/10/30 15:10:00		1.00347	38.607	22.0885	0.361979	1017.33	45.6094	29.0241	49.2115	93.892	143.103	27.9899	3239.38	3.17521	31.8408	27.2833	22.0308				5.1189	0.182494	2.43968	6.791	0.0
2016/10/30 15:15:00		0.99106	45.8525	21.849	0.359375	1017.25	52.515	29.0657	63.543	104.288	167.831	27.8802	3466.04	2.58232	45.3242	38.9367	34.4325				4.85408	0.210776	2.37232	6.7832	0.0
2016/10/30 15:20:00		1.22177	43.183	21.6427	0.3625	1017.33	37.6396	29.1347	70.209	108.749	178.958	28.1376	3714.17	2.4323	38.7958	35.1225	32.0108				4.79463	0.217125	2.3572	6.7815	0.0
2016/10/30 15:25:00		1.09983	32.0067	21.387	0.360417	1017.43	18.2583	29.1613	86.557	110.594	197.152	28.171	3872.08	2.39302	37.6792	35.3767	33.1342				4.79463	0.217125	2.3572	6.7815	0.0
2016/10/30 15:30:00		0.84965	51.465	21.1401	0.356771	1017.36	12.6875	29.2032	68.213	100.673	168.886	27.9756	3801.25	2.90734	39.7417	36.9817	34.555				6.6428	0.288839	4.23154	9.3165	0.194631
2016/10/30 15:35:00		1.14578	11.2732	20.9521	0.356771	1017.39	12.8844	29.2595	65.515	98.654	164.168	27.8802	3652.92	2.94305	35.9258	33.69	31.6708				7.0577	0.304938	4.65231	9.8856	0.238324
2016/10/30 15:40:00		0.90849	0.79544	20.8255	0.363021	1017.39	24.15	29.2373	60.78	93.498	154.278	27.8755	3528.75	2.91091	34.9167	32.2658	30.1575				7.0577	0.304938	4.65231	9.8856	0.238324
2016/10/30 15:45:00		0.493612	19.565	20.7354	0.363021	1017.33	46.3896	29.2354	61.49	95.316	156.806	27.9231	3419.58	2.90019	33.7658	31.35	28.8208				6.716	0.055905	1.97164	1.81235	0.043693
2016/10/30 15:50:00		0.59196	63.907	20.7104	0.360938	1017.32	45.3833	29.2485	65.191	94.231	159.422	27.9613	3461.25	2.70018	36.3708	31.3133	28.4083				6.6393	0.0	1.36986	0.0	0.0
2016/10/30 15:55:00		0.494923	46.7973	20.7068	0.360417	1017.34	41.4458	29.2109	84.558	100.629	185.187	28.0042	3591.25	2.43588	42.4883	34.4325	30.905				6.6393	0.0	1.36986	0.0	0.0
2016/10/30 16:00:00		0.70132	48.1468	20.6932	0.360417	1017.34	27.0812	29.2037	65.761	93.45	159.211	27.5704	3666.67	3.03592	39.9792	32.8367	28.925				5.241	0.0	4.5673	7.3959	0.305512
2016/10/30 16:05:00		0.7946	12.4879	20.6057	0.35625	1017.36	21.1313	29.2034	61.258	92.396	153.654	27.7086	3603.54	3.32165	31.3708	28.4583	26.9108				4.92713	0.0	5.2851	9.0562	0.374097
2016/10/30 16:10:00		1.10374	7.0153	20.6021	0.3625	1017.4	12.3667	29.1616	61.828	87.891	149.718	27.5847	3475.63	3.10378	30.6425	28.1892	26.5092				4.92713	0.0	5.2851	9.0562	0.374097
2016/10/30 16:15:00		0.81786	6.3719	20.6005	0.360938	1017.42	14.4302	29.1503	54.058	86.583	140.641	27.68	3358.75	3.41094	30.93	28.3408	26.95				5.266	0.156897	5.2619	9.7451	0.296267
2016/10/30 16:20:00		1.06718	11.0569	20.601	0.354688	1017.44	14.0583	29.1607	59.617	90.715	150.331	27.5847	3379.58	2.80376	31.9983	29.0758	27.6217				5.3421	0.192118	5.2567	9.8998	0.278795
2016/10/30 16:25:00		0.24567	17.6542	20.6078	0.357292	1017.5	9.2021	29.1406	58.44	89.058	147.498	27.9517	3435.0	2.81804	33.7392	30.9142	28.9342				5.3421	0.192118	5.2567	9.8998	0.278795
2016/10/30 16:30:00		0.76252	42.9983	20.6026	0.355208	1017.56	5.0677	29.1452	58.614	94.802	153.416	27.9327	3512.29	2.94663	29.735	27.9767	26.8592				4.60168	0.160544	3.48065	7.3532	0.25213
2016/10/30 16:35:00		1.02746	22.3784	20.6016	0.352604	1017.48	4.09792	29.1642	56.99	90.29	147.281	27.5847	3507.5	3.20021	30.3775	27.6625	26.4633				4.43547	0.153456	3.08195	6.7815	0.246144
2016/10/30 16:40:00		0.238552	4.36232	20.601	0.360417	1017.42	1.74271	29.1522	50.683	84.563	135.246	27.6228	3530.0	3.36451	32.095	30.3433	28.8592				4.43547	0.153456	3.08195	6.7815	0.246144
2016/10/30 16:45:00		0.50036	28.8903	20.6057	0.355208	1017.36	1.24688	29.1675	70.43	94.672	165.103	27.6515	3624.58	2.5966	32.5575	29.5733	28.1875				5.7283	0.229032	3.32001	8.3915	0.261044
2016/10/30 16:50:00		0.56626	0.146501	20.6021	0.358333	1017.36	1.05729	29.1884	68.398	94.207	162.605	27.7658	3766.46	2.26801	35.1217	31.59	29.955				6.0186	0.245998	3.37346	8.7529	0.264389
2016/10/30 16:55:00		0.307919	199.336	20.6276	0.357812	1017.35	1.1375	29.175	78.919	95.158	174.078	27.6896	4007.92	2.27515	29.0183	27.4683	26.0617				6.0186	0.245998	3.37346	8.7529	0.264389
2016/10/30 17:00:00		1.11695	29.3295	20.6005	0.353646	1017.36	1.10833	29.1889	59.69	82.954	142.645	27.4608	3802.08	3.16092	25.995	23.77	22.5383				6.2065	0.259266	3.20584	8.869	0.248985
2016/10/30 17:05:00		0.420211	27.6928	20.5448	0.354167	1017.41	1.06458	29.2179	59.273	88.254	147.526	27.5799	3690.42	3.04306	25.2317	23.6883	22.565				6.2487	0.262245	3.16821	8.8951	0.245527
2016/10/30 17:10:00		0.90556	335.182	20.5073	0.358854	1017.47	1.07917	29.1905	65.318	87.62	152.938	27.742	3687.08	2.47874	28.2617	25.4983	24.1867				6.2487	0.262245	3.16821	8.8951	0.245527
2016/10/30 17:15:00		0.89194	24.5973	20.526	0.357812	1017.52	1.04271	29.2075	68.514	89.595	158.11	27.823	3676.46	2.44659	26.86	25.125	23.7583				5.9241	0.199567	3.16705	8.7829	0.229931
2016/10/30 17:20:00		0.66691	345.493	20.499	0.35625	1017.57	1.06458	29.2177	67.753	87.716	155.469	27.518	3541.88	2.55374	26.2483	24.6283	23.3617				5.8512	0.185496	3.16679	8.7577	0.226429
2016/10/30 17:25:00		0.465176	325.207	20.4984	0.359896	1017.61	1.05729	29.1927	69.586	91.163	160.75	27.4083	3628.13	2.26801	26.9733	24.5017	23.1983				5.8512	0.185496	3.16679	8.7577	0.226429
2016/10/30 17:30:00		0.78398	350.33	20.5026	0.363542	1017.67	1.12292	29.0561	58.65	82.17	140.82	27.3082	3518.33	2.88591	25.4275	23.9542	22.6992				5.3101	0.192281	3.32899	8.3203	0.214741
2016/10/30 17:35:00		0.64983	24.3645	20.5016	0.357812	1017.73	1.02813	28.5908	55.442	73.581	129.024	27.232	3462.29	2.87162	25.71	23.82	22.5958				5.1887	0.193805	3.3654	8.2222	0.212117
2016/10/30 17:40:00		0.7372	334.486	20.5292	0.359896	1017.73	1.07917	28.3022	57.365	75.919	133.285	26.965	3577.5	2.65732	27.8217	25.2867	23.8325				5.1887	0.193805	3.3654	8.2222	0.212117
2016/10/30 17:45:00		1.20404	336.234	20.6063	0.356771	1017.75	1.10833	28.3269	89.423	85.511	174.934	27.2844	4097.08	2.11086	29.455	26.3492	24.9708				5.0263	0.172341	3.05611	7.719	0.038888
2016/10/30 17:50:00		0.58642	312.895	20.6906	0.359375	1017.81	1.06458	28.3231	109.994	90.369	200.363	27.5418	4491.04	1.98942	29.5567	26.485	25.025				4.9899	0.167522	2.98667	7.6061	0.0
2016/10/30 17:55:00		1.2077	327.166	20.6385	0.361458	1017.9	1.10833	28.2845	81.695	84.947	166.642	27.1986	4246.04	2.38945	25.2308	23.815	22.715				4.9899	0.167522	2.98667	7.6061	0.0
2016/10/30 18:00:00		1.08161	325.955	20.5255	0.360417	1017.99	1.07917	28.3113	72.199	82.656	154.856	26.9841	4036.04	2.5716	24.3175	23.1125	22.0183				6.6359	0.250119	3.39158	9.7037	0.198773
2016/10/30 18:05:00		0.96724	347.128	20.4094	0.357292	1018.08	1.01354	28.3387	77.863	86.025	163.888	27.0413	4026.46	2.21086	26.9533	24.4825	22.8767				7.0054	0.268661	3.48248	10.1746	0.243395
2016/10/30 18:10:00		0.66332	18.4506	20.3969	0.358854	1018.09	1.06458	28.2874	81.007	84.823	165.831	27.0508	3992.71	2.193	26.7225	25.4183	24.1717				7.0054	0.268661	3.48248	10.1746	0.243395
2016/10/30 18:15:00		0.88006	343.57	20.3917	0.360938	1018.11	1.09375	28.3279	72.862	83.481	156.344	27.17	3990.21	2.24301	28.4858	26.9667	25.5817				5.143	0.18378	2.55344	7.8254	0.214291
2016/10/30 18:20:00		1.04779	21.0069	20.2917	0.359896	1018.17	1.06458	28.3492	71.031	81.756	152.787	26.822	3846.25	2.67518	27.3867	26.4158	25.1992				4.72488	0.164726	2.34488	7.2981	0.207758
2016/10/30 18:25:00		0.59522	354.955	20.2938	0.353125	1018.24	1.02813	28.2796	63.57	80.654	144.223	27.0413	3785.0	2.60732	27.5308	26.4533	25.33				4.72488	0.164726	2.34488	7.2981	0.207758
2016/10/30 18:30:00		0.84261	344.515	20.2703	0.358333	1018.29	1.10833	28.296	69.515	84.779	154.294	26.8649	3714.79	2.36087	27.8108	26.3725	25.1883				5.4169	0.184711	2.46139	7.2981	0.248549
2016/10/30 18:35:00		0.82677	354.721	20.2115	0.361458	1018.29	1.15208	28.3304	72.029	81.14	153.169	27.1176	3587.08	2.25729	29.5775	27.8383	26.69				5.5722	0.189198	2.48755	7.2981	0.257707
2016/10/30 18:40:00		0.95129	358.524	20.2974	0.363542	1018.32	1.03542	28.2316	71.925	83.338	155.262	26.8411	3579.17	2.12514	29.87	27.9358	26.8033				5.5722	0.189198	2.48755	7.2981	0.257707
2016/10/30 18:45:00		0.97149	350.388	20.2995	0.3625	1018.36	1.10833	28.2778	65.658	81.304	146.962	26.7648	3487.29	2.28229	30.0283	28.4	26.8875				4.86599	0.034686	2.37104	6.1447	0.223185
2016/10/30 18:50:00		1.11821	5.3724	20.3	0.360938	1018.35	1.10104	28.3167	63.494	78.083	141.576	26.965	3343.96	2.43945	31.5908	30.0383	28.6575				4.70745	0.0	2.34488	5.8858	0.215435
2016/10/30 18:55:00		1.16505	19.9646	20.2984	0.359896	1018.4	1.1375	28.252	69.901	81.647	151.548	26.9936	3286.25	2.35373	33.795	31.7933	30.6217				4.70745	0.0	2.34488	5.8858	0.215435
2016/10/30 19:00:00		0.70497	4.20909	20.2995	0.358333	1018.45	1.10833	28.2898	59.496	76.357	135.853	26.9555	3217.5	2.60017	37.225	35.1717	33.5142				4.59069	0.111987	2.21714	5.7117	0.039496
2016/10/30 19:05:00		0.62523	5.8148	20.3125	0.360938	1018.49	1.02813	28.3038	71.424	78.812	150.236	27.1319	3316.25	2.17157	39.7642	37.02	35.5767				4.56448	0.137127	2.18846	5.6726	0.0
2016/10/30 19:10:00		0.78494	346.0	20.3906	0.358854	1018.53	1.02083	28.2187	88.728	82.622	171.35	27.2272	3564.79	1.96085	43.6433	39.7542	37.84				4.56448	0.137127	2.18846	5.6726	0.0
2016/10/30 19:15:00		0.61003	346.26	20.4135	0.363021	1018.55	1.07917	28.259	101.154	85.655	186.81	27.2463	3641.46	1.96085	32.2742	30.3783	28.9542				4.55309	0.02514	1.99955	4.87687	0.172146
2016/10/30 19:20:00		0.90307	349.073	20.3984	0.361979	1018.65	1.07917	28.3309	78.819	82.728	161.547	27.2606	3473.54	2.068	30.19	28.2942	26.6808				4.55054	0.0	1.95715	4.69824	0.210791
2016/10/30 19:25:00		0.72762	21.8661	20.3911	0.367188	1018.74	1.09375	28.3081	94.747	83.93	178.677	27.1843	3489.58	2.07871	27.1092	26.3683	25.3808				4.55054	0.0	1.95715	4.69824	0.210791
2016/10/30 19:30:00		0.97629	312.702	20.3646	0.366146	1018.79	1.11563	28.3465	73.935	80.832	154.766	27.2749	3269.58	2.30015	25.6625	24.4867	23.4783				6.3702	0.147424	2.56025	7.429	0.302359
2016/10/30 19:35:00		0.468969	14.6168	20.301	0.360417	1018.86	1.05	28.3658	73.673	78.576	152.249	27.3273	3173.13	2.13229	26.5083	25.2533	24.0583				6.7787	0.180519	2.69564	8.0421	0.322915
2016/10/30 19:40:00		0.85657	328.006	20.399	0.359896	1018.88	1.15208	28.3054	108.102	84.666	192.768	27.4322	3319.38	1.85012	26.3625	25.1258	23.9492				6.7787	0.180519	2.69564	8.0421	0.322915
2016/10/30 19:45:00		0.77518	330.151	20.3995	0.360417	1018.84	1.07187	28.3529	83.475	82.499	165.974	27.1128	3137.29	1.95727	25.3067	24.4608	23.4817				4.43505	0.033095	1.80415	5.2161	1.45285
2016/10/30 19:50:00		0.90945	326.731	20.3953	0.363021	1018.9	1.07187	28.4029	78.805	80.582	159.387	27.2653	3070.63	2.03228	25.9758	24.7617	23.9067				3.90892	0.0	1.60402	4.58167	1.70651
2016/10/30 19:55:00		1.18147	315.86	20.401	0.360417	1018.91	1.03542	28.3953	87.768	80.524	168.291	27.2081	3080.0	1.9787	27.12	25.8358	24.9625				3.90892	0.0	1.60402	4.58167	1.70651
2016/10/30 20:00:00		0.80774	325.386	20.3969	0.361979	1018.94	1.13021	28.4268	79.201	80.619	159.82	27.0747	2944.79	2.00728	27.6458	26.1942	25.0475				4.38734	0.119545	1.76389	5.4107	0.312861
2016/10/30 20:05:00		0.62802	300.456	20.3969	0.356771	1018.97	1.08646	28.5199	72.012	78.963	150.974	27.0699	2896.25	2.11086	29.3775	26.3575	25.235				4.49474	0.146382	1.79978	5.5968	0.0
2016/10/30 20:10:00		0.58177	301.152	20.4776	0.361979	1019.0	1.10833	28.46	75.884	77.929	153.813	27.3082	2847.29	2.01442	29.955	26.8133	25.2833				4.49474	0.146382	1.79978	5.5968	0.0
2016/10/30 20:15:00		0.51297	318.084	20.5	0.361458	1019.02	1.07187	28.5121	85.293	82.266	167.559	27.4894	2836.67	1.98942	27.5542	26.3358	25.0983				4.28116	0.026837	1.52068	4.65166	0.0
2016/10/30 20:20:00		0.66782	319.12	20.4063	0.363542	1019.07	1.1375	28.5919	66.634	76.943	143.577	27.0127	2713.13	2.33944	27.0367	26.3683	25.4567				4.23322	0.0	1.45802	4.4395	0.0
2016/10/30 20:25:00		0.51441	320.362	20.3979	0.358333	1019.13	1.08646	28.5266	96.924	78.589	175.514	27.5323	2800.63	1.88227	28.1383	26.695	25.7183				4.23322	0.0	1.45802	4.4395	0.0
2016/10/30 20:30:00		1.18031	317.52	20.4021	0.358333	1019.17	1.13021	28.5575	74.435	73.095	147.53	27.2463	2681.04	2.15372	27.8767	26.325	25.3783				4.25646	0.0	1.40154	4.13541	0.188257
2016/10/30 20:35:00		0.91571	298.84	20.3974	0.363021	1019.22	1.10104	28.608	86.892	78.932	165.824	27.0842	2695.42	2.04299	26.1558	25.16	24.3617				4.26111	0.0	1.39024	4.07459	0.225908
2016/10/30 20:40:00		1.02596	320.223	20.3943	0.3625	1019.27	1.09375	28.5009	66.1	72.277	138.377	27.089	2612.08	2.25729	26.5692	25.7042	24.5742				4.26111	0.0	1.39024	4.07459	0.225908
2016/10/30 20:45:00		0.98578	319.478	20.399	0.357812	1019.31	1.08646	28.2622	62.518	70.332	132.85	27.0699	2509.58	2.27515	26.3283	24.9283	24.13				4.26111	0.0	1.39024	4.07459	0.225908
2016/10/30 20:50:00		1.09137	323.573	20.3953	0.357292	1019.28	1.09375	28.0751	74.785	72.629	147.415	27.0222	2569.38	2.05014	25.7633	24.5208	23.6083				4.26111	0.0	1.39024	4.07459	0.225908
2016/10/30 20:55:00		0.70685	320.955	20.3974	0.361458	1019.22	1.13021	28.1137	66.685	76.34	143.025	27.1176	2550.21	2.193	26.045	24.4633	23.3292				4.26111	0.0	1.39024	4.07459	0.225908
2016/10/30 21:00:00		0.69095	314.402	20.4005	0.361979	1019.17	1.07917	28.1336	79.817	75.313	155.13	27.1938	2703.33	2.07871	27.615	24.8517	23.4975				4.31807	0.0	1.3016	3.60359	1.13861
2016/10/30 21:05:00		1.09043	318.28	20.4	0.357812	1019.17	1.12292	28.1964	73.052	72.958	146.01	27.1128	2685.42	2.23229	30.2267	25.5267	23.3775				4.33086	0.0	1.2817	3.49785	1.34351
2016/10/30 21:10:00		0.95355	316.734	20.3927	0.359375	1019.18	1.02813	28.1427	77.555	73.841	151.396	27.1414	2681.04	2.143	27.8792	24.8333	23.2425				4.33086	0.0	1.2817	3.49785	1.34351
2016/10/30 21:15:00		0.95549	308.785	20.3979	0.359375	1019.13	1.08646	28.2034	73.374	76.108	149.481	27.0461	2678.13	2.06442	32.3617	25.5825	23.0058				4.10019	0.0	1.48415	4.28311	1.60358
2016/10/30 21:20:00		0.91287	334.601	20.4042	0.360938	1019.17	1.02083	28.281	68.423	71.958	140.381	26.9889	2607.08	2.25729	30.7292	25.8242	23.545				4.0484	0.0	1.5296	4.4594	1.66197
2016/10/30 21:25:00		0.67086	334.14	20.5	0.361458	1019.18	1.13021	28.2407	82.837	76.539	159.375	27.17	2761.04	2.13228	33.1642	25.7475	23.1792				4.0484	0.0	1.5296	4.4594	1.66197
2016/10/30 21:30:00		1.31781	326.898	20.4578	0.359896	1019.15	1.07917	28.2619	76.188	69.418	145.606	27.0127	2686.46	2.11085	34.2233	25.8658	22.7675				4.21642	0.0	1.78547	5.1251	0.485586
2016/10/30 21:35:00		1.21407	323.543	20.4255	0.3625	1019.2	1.04271	28.3572	66.312	72.39	138.702	27.108	2619.79	2.21086	31.5467	25.5508	23.2817				4.25414	0.0	1.84291	5.2745	0.221501
2016/10/30 21:40:00		1.29205	319.193	20.4979	0.358333	1019.21	1.13021	28.3196	67.583	74.457	142.04	27.0127	2507.5	2.24658	33.0158	25.9125	22.9933				4.25414	0.0	1.84291	5.2745	0.221501
2016/10/30 21:45:00		1.13585	331.786	20.4057	0.363021	1019.19	1.05729	28.3543	55.53	68.717	124.246	26.8745	2358.13	2.58231	29.7433	24.6533	22.6333				4.20003	0.0	1.85995	5.3674	1.71562
2016/10/30 21:50:00		1.19365	324.099	20.4286	0.360938	1019.26	1.10104	28.3792	53.064	67.809	120.873	26.9889	2306.46	2.40373	36.35	26.92	22.9242				4.18788	0.0	1.86377	5.3882	2.05104
2016/10/30 21:55:00		1.15876	327.116	20.5016	0.358333	1019.25	1.04271	28.3382	60.95	72.972	133.922	27.1271	2291.46	2.17515	34.7267	26.1367	22.8658				4.18788	0.0	1.86377	5.3882	2.05104
2016/10/30 22:00:00		1.2499	315.738	20.4995	0.359896	1019.25	1.10833	28.3838	59.389	72.602	131.991	26.9936	2212.29	2.26801	32.0608	24.7842	22.1217				3.39622	0.0	1.37951	3.7945	0.376024
2016/10/30 22:05:00		0.94964	331.371	20.5016	0.357292	1019.26	1.10833	28.4673	60.434	74.259	134.693	27.1748	2189.58	2.21443	33.3608	24.6267	21.5317				3.2185	0.0	1.27079	3.43672	0.0
2016/10/30 22:10:00		0.87413	326.851	20.5	0.361458	1019.28	1.05729	28.3706	54.076	70.62	124.696	27.0461	2178.54	2.52517	32.8108	23.9667	20.565				3.2185	0.0	1.27079	3.43672	0.0
2016/10/30 22:15:00		1.18515	319.16	20.4974	0.3625	1019.26	1.10104	28.408	49.9753	68.679	118.654	27.0032	2065.83	2.47159	34.5425	25.19	20.6408				3.42382	0.0	1.34667	3.76027	0.0
2016/10/30 22:20:00		0.91274	340.642	20.5839	0.361979	1019.25	1.10104	28.4904	47.8313	66.964	114.795	26.9793	1999.38	2.52874	34.86	25.08	21.0783				3.46991	0.0	1.3637	3.8329	0.0
2016/10/30 22:25:00		1.01965	330.896	20.6036	0.358854	1019.26	1.09375	28.4117	60.273	73.136	133.409	27.0556	2048.13	2.12157	34.0533	24.74	20.6175				3.46991	0.0	1.3637	3.8329	0.0
2016/10/30 22:30:00		0.98811	319.122	20.6917	0.359896	1019.29	1.15937	28.452	57.332	71.777	129.109	27.2081	1991.88	2.15014	35.6	25.6083	21.03				3.47572	0.0	1.31432	3.67019	0.0
2016/10/30 22:35:00		0.90573	322.687	20.7057	0.360417	1019.32	1.05	28.5344	64.027	70.661	134.688	26.9889	1977.92	2.31444	33.1417	23.8458	19.5708				3.47689	0.0	1.30445	3.63765	0.0
2016/10/30 22:40:00		0.94805	326.946	20.7057	0.359375	1019.32	1.10104	28.3645	56.78	67.162	123.943	27.1891	1911.04	2.50731	29.9233	22.0725	18.7083				3.47689	0.0	1.30445	3.63765	0.0
2016/10/30 22:45:00		0.94044	323.589	20.7401	0.363542	1019.35	1.07187	28.0895	50.357	64.033	114.391	26.9221	1883.33	2.3573	33.4217	24.3908	19.775				3.69744	0.0	1.40873	3.77904	0.0
2016/10/30 22:50:00		1.01622	328.423	20.7313	0.366146	1019.37	1.10104	28.0388	44.689	63.499	108.188	26.8316	1835.42	2.75018	25.8733	21.2708	18.9817				3.74155	0.0	1.42958	3.80731	0.0
2016/10/30 22:55:00		0.82619	325.849	20.7057	0.360417	1019.37	1.1375	28.0444	40.4144	62.065	102.479	26.822	1736.67	2.90019	21.2642	19.8092	18.7142				3.74155	0.0	1.42958	3.80731	0.0
2016/10/30 23:00:00		0.80457	321.816	20.6437	0.359375	1019.39	1.05	28.0914	35.0477	61.035	96.082	26.8363	1665.21	3.03949	21.4133	19.9325	18.9142				3.16176	0.0	1.20507	3.25	0.0
2016/10/30 23:05:00		0.89628	321.619	20.6073	0.3625	1019.37	1.11563	28.1731	33.6139	61.418	95.032	26.66	1589.17	2.8359	21.5117	20.3592	19.3642				3.0316	0.0	1.15466	3.12489	0.0
2016/10/30 23:10:00		0.94293	322.449	20.6078	0.363021	1019.36	1.08646	28.1392	29.6408	60.638	90.278	26.7267	1521.88	2.85019	23.0292	21.0967	19.8642				3.0316	0.0	1.15466	3.12489	0.0
2016/10/30 23:15:00		0.70117	332.142	20.6026	0.357812	1019.37	1.10833	28.1438	33.1784	63.352	96.531	26.7649	1500.0	2.62875	23.2558	21.2758	20.0867				2.55824	0.0	0.87935	2.28767	0.0
2016/10/30 23:20:00		1.05972	321.592	20.5354	0.35625	1019.33	1.01354	28.2139	33.3861	65.495	98.881	26.9793	1463.96	2.43588	23.2067	21.67	20.295				2.46356	0.0	0.82429	2.12023	0.0
2016/10/30 23:25:00		0.99381	327.623	20.5021	0.366146	1019.32	1.13021	28.1548	31.0009	65.348	96.349	26.9126	1404.58	2.58232	23.1867	21.4817	20.265				2.46356	0.0	0.82429	2.12023	0.0
2016/10/30 23:30:00		0.63009	315.555	20.5005	0.361458	1019.27	1.04271	28.0995	32.629	63.948	96.577	26.7458	1430.0	2.42159	22.08	21.0967	20.0367				2.53941	0.0	0.94832	2.1609	0.0
2016/10/30 23:35:00		0.91823	316.41	20.5021	0.358854	1019.19	1.05	27.9341	29.3393	60.381	89.72	26.8363	1386.25	2.63232	22.6833	21.4717	20.21				2.55458	0.0	0.97312	2.16904	0.0
2016/10/30 23:40:00		0.475846	333.731	20.4984	0.361458	1019.17	1.06458	27.6938	28.9105	57.577	86.488	26.7076	1323.33	2.68589	22.8133	21.1817	20.0317				2.55458	0.0	0.97312	2.16904	0.0
2016/10/30 23:45:00		0.9522	324.403	20.4984	0.358854	1019.12	1.08646	27.4367	29.9423	57.283	87.225	26.741	1256.25	2.73947	23.8717	21.7117	20.5492				2.59359	0.0	1.05054	2.33585	0.0
2016/10/30 23:50:00		0.791	310.9	20.4995	0.361458	1019.14	1.05729	27.1929	26.0764	57.242	83.318	26.7505	1150.83	2.90377	23.3417	21.8258	20.575				2.60235	0.0	1.06792	2.37329	0.0
2016/10/30 23:55:00		0.98351	320.014	20.4953	0.361979	1019.12	1.07187	26.886	25.0245	56.824	81.848	26.517	1043.13	2.95734	23.295	22.1817	21.065				2.60235	0.0	1.06792	2.37329	0.0
2016/10/31 00:00:00		1.00009	316.663	20.499	0.363021	1019.08	1.08646	26.6283	27.1417	61.599	88.741	26.3311	1068.54	2.92876	27.2142	25.7658	24.4925				2.79123	0.0	1.13191	2.69791	0.0
