-- 1st mean values --
Format: XTAB(V:1;HEAD:2;COL:TCFFFFFFFFFFFFFFFFFFFFFFFF)
StartTime: 2015/03/16 00:00:00
EndTime: 2015/03/17 00:00:00
Period: 24 h
Station: Gia Lam

Time	MeasPt	Wind Spd.	Wind Dir.	Temp	RH	Barometer	Radiation	InnerTemp	NO	NO2	NOx	SO2	CO	O3	PM-10	PM-2.5	PM-1	CH4	NMHC	THC	BENZEN	TOLUEN	ETHYL BENZEN	MP-XYLEN	O-XYLEN
		m/s	degree	°C	%	hPa	W/m²	°C	µg/m3	µg/m3	µg/m3	µg/m3	µg/m3	µg/m3	µg/m3	µg/m3	µg/m3	ppm	ppmC	ppmC	ug/m3	ug/m3	ug/m3	ug/m3	ug/m3
2015/03/16 00:05:00		1.99157	146.153	23.824	89.953	1010.43	1.15937	26.7486	8.5112	23.2102	31.7214	6.9403	702.08	38.5811	69.821	48.9617	37.3925	0.001833	0.008167	0.008167					
2015/03/16 00:10:00		2.35449	144.584	23.825	89.955	1010.36	1.18125	26.3821	7.9306	25.1923	33.1229	6.8068	667.92	30.5449	70.219	48.4983	36.7592	0.01	0.0	0.0					
2015/03/16 00:15:00		1.79783	131.522	23.8214	89.929	1010.36	1.17396	26.0905	3.78773	6.6036	10.3913	6.1967	634.17	29.5591	70.537	48.6375	37.385	0.007333	0.002667	0.006					
2015/03/16 00:20:00		1.92342	131.814	23.8203	89.929	1010.33	1.15937	25.9587	0.3015	0.0	0.3015	6.4398	615.21	30.4735	73.994	50.771	37.3983	0.01	0.0	0.0					
2015/03/16 00:25:00		2.27647	142.612	23.8219	89.932	1010.24	1.17396	25.8645	0.90227	0.06162	0.96389	7.1023	589.17	31.6878	72.555	49.8917	36.3708	0.004833	0.005167	0.0065					
2015/03/16 00:30:00		2.65905	137.412	23.8193	89.924	1010.2	1.19583	25.7818	144.727	0.403953	145.131	7.0356	574.17	32.0307	70.613	48.6025	35.44	0.009333	0.0	0.002333					
2015/03/16 00:35:00		1.54894	144.899	23.8224	89.955	1010.17	1.15937	25.6894	210.789	0.0	210.789	6.4493	549.17	32.2021	75.573	51.322	35.9675	0.005833	0.004167	0.0055					
2015/03/16 00:40:00		2.42773	143.519	23.8172	90.052	1010.1	1.19583	25.5818	215.718	0.0	215.718	6.2682	523.13	32.4593	73.738	50.843	36.3117	0.01	-0.003333	0.0					
2015/03/16 00:45:00		2.11067	141.474	23.8229	90.122	1010.05	1.23958	25.5018	217.509	0.56143	218.07	5.782	493.542	32.6593	68.421	47.705	35.5658	0.01	-0.002167	0.0					
2015/03/16 00:50:00		1.78843	123.112	23.8214	90.218	1010.01	1.18125	25.4118	73.291	14.6861	87.977	5.7057	468.75	32.2878	72.977	49.7367	35.095	0.01	0.0	0.0					
2015/03/16 00:55:00		1.33621	133.835	23.8167	90.273	1010.03	1.17396	25.3195	6.9032	16.5005	23.4037	5.6676	465.625	32.5736	64.409	47.1308	36.4175	0.0065	0.0035	0.003833					
2015/03/16 01:00:00		2.17312	138.107	23.8203	90.328	1010.01	1.19583	25.229	10.7111	20.5948	31.3058	5.6247	477.292	31.8307	51.586	41.525	37.1342	0.01	0.0	0.0					
2015/03/16 01:05:00		2.46605	143.5	23.8172	90.327	1009.89	1.1375	25.127	10.9858	23.7614	34.7471	5.3196	482.5	32.1164	66.726	48.2225	36.2783	0.003833	0.006167	0.006333					
2015/03/16 01:10:00		2.74307	146.201	23.8182	90.404	1009.73	1.18125	25.0381	8.3571	19.1672	27.5244	5.4054	474.167	32.5736	72.488	50.317	35.4975	0.007	0.002167	0.002333					
2015/03/16 01:15:00		1.8821	138.475	23.8193	90.428	1009.66	1.21042	25.1055	6.7179	16.7469	23.4648	5.0717	456.042	25.4588	69.692	49.1625	35.3875	0.006833	0.003167	0.003167					
2015/03/16 01:20:00		1.83867	130.719	23.8182	90.427	1009.62	1.15937	25.3686	6.6241	15.9801	22.6042	5.0527	445.833	17.2726	52.94	41.2317	35.3817	0.01	-0.001	0.0					
2015/03/16 01:25:00		1.63535	127.95	23.8182	90.426	1009.53	1.23958	25.5737	5.9094	15.114	21.0234	5.2719	435.0	67.983	59.288	44.665	36.06	0.004	0.006	0.006					
2015/03/16 01:30:00		1.86308	145.032	23.8182	90.428	1009.49	1.15208	25.5834	5.4739	16.5724	22.0463	4.85723	436.25	107.104	58.517	43.8267	35.1267	0.006	0.004	0.004					
2015/03/16 01:35:00		2.17963	136.131	23.8203	90.429	1009.46	1.15208	25.5206	5.8737	15.672	21.5457	4.862	445.208	61.24	62.242	44.7633	33.61	0.0005	0.0095	0.0095					
2015/03/16 01:40:00		2.11723	136.375	23.8188	90.428	1009.45	1.21771	25.3729	6.7335	18.2738	25.0072	4.67133	437.708	45.9031	64.085	45.0517	32.8667	0.0075	0.0025	0.0025					
2015/03/16 01:45:00		1.91797	137.134	23.8151	90.428	1009.39	1.21771	25.189	6.1394	16.6751	22.8145	4.7619	427.708	37.0632	62.403	44.6	33.0917	0.005	0.005	0.0075					
2015/03/16 01:50:00		2.27461	140.2	23.8193	90.386	1009.3	1.18125	25.0905	6.2868	17.6062	23.893	4.6046	437.5	26.5339	60.715	44.025	33.3483	0.01	-0.000333	0.0					
2015/03/16 01:55:00		2.01784	137.326	23.8203	90.33	1009.28	1.20313	25.2953	5.5029	18.8763	24.3792	4.75713	433.958	7.7077	55.873	41.855	33.6042	0.006667	0.003333	0.004667					
2015/03/16 02:00:00		1.04251	113.39	23.8208	90.339	1009.26	1.15208	25.5659	5.7441	16.4217	22.1659	4.41393	428.75	8.3648	61.232	44.155	33.28	0.01	-0.000333	0.0					
2015/03/16 02:05:00		0.91063	119.751	23.7323	90.429	1009.28	1.17396	25.6661	5.322	16.8599	22.1819	4.61413	413.958	122.797	57.623	42.5217	33.3933	0.0025	0.007333	0.007333					
2015/03/16 02:10:00		1.0439	131.297	23.7266	90.496	1009.28	1.21771	25.6298	7.4214	19.578	26.9994	4.28047	412.292	73.223	53.825	40.7967	33.39	0.008	0.002	0.002					
2015/03/16 02:15:00		1.83331	133.783	23.7161	90.526	1009.19	1.15937	25.5192	10.3068	22.327	32.6338	4.54263	414.375	52.0	62.783	44.6275	33.0317	0.0055	0.0045	0.005833					
2015/03/16 02:20:00		2.06096	141.351	23.7177	90.558	1009.1	1.20313	25.3466	13.5273	22.8131	36.3404	4.4616	416.875	40.217	60.11	43.0717	32.7458	0.01	0.0	0.0					
2015/03/16 02:25:00		1.66006	138.43	23.7167	90.624	1009.08	1.15937	25.1611	8.7212	20.5948	29.3159	4.82863	422.708	33.6308	63.421	44.6825	32.6942	0.007667	-0.000667	0.003					
2015/03/16 02:30:00		1.28556	111.125	23.7151	90.626	1009.1	1.20313	25.2397	6.6955	19.4343	26.1298	4.74283	405.0	10.6686	68.331	47.2033	32.2075	0.009333	-0.002333	0.000667					
2015/03/16 02:35:00		1.76241	101.475	23.7203	90.621	1009.11	1.14479	25.4948	7.064	16.6306	23.6946	4.62843	415.208	5.9397	59.24	42.6258	31.8292	0.0095	0.0005	0.003					
2015/03/16 02:40:00		1.83212	120.181	23.7193	90.693	1009.05	1.24688	25.7112	6.8586	16.6203	23.4789	4.67133	422.083	78.48	57.283	41.6658	32.075	0.008167	0.001667	0.001833					
2015/03/16 02:45:00		1.78346	135.256	23.7167	90.724	1009.02	1.18854	25.6948	6.4432	18.0889	24.5321	4.62367	404.375	95.274	64.976	45.3558	31.9967	0.003	0.007	0.0075					
2015/03/16 02:50:00		2.55096	137.908	23.7188	90.72	1009.03	1.14479	25.6025	6.0613	18.2498	24.3111	4.82387	391.458	58.45	61.071	43.0725	31.1192	0.0085	0.001167	0.0015					
2015/03/16 02:55:00		2.00673	125.12	23.7182	90.774	1009.01	1.20313	25.4236	6.2109	16.456	22.6669	5.005	389.375	43.3565	65.121	44.29	30.1925	0.009	-0.000167	0.002167					
2015/03/16 03:00:00		1.50173	128.163	23.8047	90.712	1009.02	1.21771	25.2116	6.3561	17.1954	23.5515	4.8334	385.833	34.9416	60.189	42.5333	30.3383	0.01	-0.0005	0.0					
2015/03/16 03:05:00		1.75081	132.847	23.8167	90.577	1009.06	1.17396	25.226	6.3427	16.8633	23.206	4.68563	378.542	15.1939	55.223	40.085	30.3167	0.004167	0.005833	0.005833					
2015/03/16 03:10:00		1.92603	133.464	23.7323	90.434	1009.04	1.21771	25.5063	6.939	15.9185	22.8575	4.39486	365.833	4.32529	60.418	42.3117	30.3867	0.008167	0.001833	0.001833					
2015/03/16 03:15:00		1.55507	137.281	23.7193	90.318	1009.07	1.17396	25.7745	6.5973	15.2304	21.8277	4.58077	375.0	42.0421	58.616	41.2992	30.3975	0.0095	-0.0005	0.0005					
2015/03/16 03:20:00		1.65236	136.63	23.7177	90.221	1009.07	1.20313	25.7748	6.6955	15.8569	22.5524	4.2757	368.125	122.312	61.152	41.9442	29.5425	0.009333	-0.002167	0.0005					
2015/03/16 03:25:00		1.8903	134.632	23.7141	90.188	1009.07	1.16667	25.6679	5.0496	14.4944	19.544	4.3043	363.333	64.204	59.628	41.4367	28.8208	0.005333	0.004667	0.007333					
2015/03/16 03:30:00		2.10018	132.281	23.7198	90.12	1009.07	1.20313	25.4964	4.7771	15.2852	20.0623	4.15176	341.042	46.4781	62.859	42.645	28.8583	0.006167	0.003833	0.004167					
2015/03/16 03:35:00		2.29793	137.809	23.8078	90.054	1009.06	1.18125	25.2886	5.3109	15.1311	20.442	4.4187	363.125	36.606	58.959	41.08	29.2942	0.006333	0.003667	0.005					
2015/03/16 03:40:00		2.19598	136.944	23.7771	90.009	1009.1	1.225	25.1863	5.427	13.7207	19.1477	4.80003	384.167	22.3336	57.884	39.97	28.675	0.0065	0.002167	0.0035					
2015/03/16 03:45:00		1.28906	130.101	23.7146	89.927	1009.17	1.23229	25.4363	7.0462	16.3772	23.4234	4.3901	381.667	3.93955	55.213	38.7883	28.1617	0.006333	0.002667	0.0045					
2015/03/16 03:50:00		1.74036	128.107	23.7156	89.966	1009.16	1.21042	25.6951	5.934	14.6553	20.5893	4.2042	375.417	5.8432	56.213	39.3433	27.9967	0.007	0.0005	0.003					
2015/03/16 03:55:00		1.55899	132.963	23.7182	90.032	1009.2	1.19583	25.7654	5.4203	14.063	19.4834	4.34243	384.792	130.859	58.155	39.9208	27.4842	0.003667	0.003167	0.006333					
2015/03/16 04:00:00		1.19199	132.965	23.7156	90.149	1009.21	1.15208	25.6824	5.6593	11.9577	17.617	4.42347	383.125	74.537	52.678	37.7133	27.8125	0.006167	0.003167	0.003833					
2015/03/16 04:05:00		1.03614	117.713	23.7167	90.268	1009.23	1.18854	25.552	5.6749	13.8097	19.4846	4.44253	383.333	51.864	47.38	34.93	27.8017	0.003667	0.004167	0.004833					
2015/03/16 04:10:00		1.22208	103.283	23.7073	90.389	1009.28	1.14479	25.3058	5.3511	16.5997	21.9508	4.58077	395.208	38.7633	56.981	39.0142	26.9275	0.007833	0.002	0.002167					
2015/03/16 04:15:00		0.89314	126.979	23.688	90.516	1009.29	1.15937	25.1589	7.2092	16.1171	23.3263	4.47113	406.25	24.1052	54.431	38.29	27.8675	0.008667	0.001333	0.002833					
2015/03/16 04:20:00		1.52639	121.049	23.6167	90.592	1009.34	1.21042	25.3839	7.2985	17.2467	24.5453	4.19466	395.208	3.91812	55.105	39.0192	28.3783	0.008167	0.0005	0.001833					
2015/03/16 04:25:00		1.11058	123.395	23.5833	90.673	1009.41	1.20313	25.65	9.0383	17.9896	27.0279	4.52357	386.667	4.27171	48.7167	35.6617	27.4167	0.01	-0.002333	0.0					
2015/03/16 04:30:00		1.17644	133.28	23.5151	90.845	1009.43	1.14479	25.76	8.5872	18.2909	26.878	4.5331	396.458	120.315	44.7108	33.7208	27.625	0.01	0.0	0.0					
2015/03/16 04:35:00		1.31219	133.114	23.512	91.048	1009.5	1.18125	25.6827	9.6904	20.0231	29.7135	4.39963	452.917	93.631	45.2617	34.55	28.8242	0.008	0.0015	0.002333					
2015/03/16 04:40:00		1.07417	98.421	23.4948	91.249	1009.52	1.1375	25.556	16.7567	21.3479	38.1046	4.4759	501.67	58.275	43.8833	34.1833	29.115	0.006	0.004	0.004					
2015/03/16 04:45:00		1.52503	91.807	23.4135	91.423	1009.59	1.19583	25.3834	20.2764	23.912	44.1884	4.39487	550.0	42.835	50.542	37.45	29.75	0.008833	0.001167	0.003833					
2015/03/16 04:50:00		1.10954	89.196	23.4141	91.609	1009.65	1.10833	25.2097	16.6406	23.5149	40.1554	4.67133	594.58	31.0842	63.147	43.765	31.34	0.006833	0.002667	0.003167					
2015/03/16 04:55:00		1.47471	99.03	23.4109	91.77	1009.71	1.13021	25.389	18.2128	23.5286	41.7414	4.62843	662.08	2.13943	67.633	45.5983	32.1483	0.01	-0.001667	0.0					
2015/03/16 05:00:00		1.29201	97.014	23.3698	91.892	1009.77	1.16667	25.6556	27.4432	26.322	53.765	4.5474	746.46	1.51439	66.022	45.505	33.4292	0.008833	0.0005	0.001167					
2015/03/16 05:05:00		1.03976	111.683	23.3177	92.04	1009.74	1.15937	25.8435	34.8378	26.1132	60.951	4.719	811.67	92.703	64.302	45.2042	34.27	0.0085	-0.0005	0.0015					
2015/03/16 05:10:00		0.96228	133.638	23.3167	92.181	1009.77	1.13021	25.7807	50.004	27.996	78.0	5.3482	943.54	122.319	58.752	42.705	34.4767	0.005	0.005	0.005					
2015/03/16 05:15:00		0.95887	123.35	23.3177	92.372	1009.78	1.20313	25.6602	39.5903	28.02	67.61	5.2481	1052.08	69.59	68.905	48.34	36.675	0.007667	0.002333	0.0035					
2015/03/16 05:20:00		0.80231	126.693	23.3214	92.501	1009.82	1.12292	25.4733	37.0934	27.4277	64.521	5.6056	1108.13	50.643	64.455	45.3617	35.6167	0.008	0.002	0.002					
2015/03/16 05:25:00		1.2578	135.57	23.2354	92.634	1009.87	1.20313	25.2674	31.2086	24.2885	55.497	5.5913	1122.29	38.5811	62.176	45.4217	36.7358	0.008833	0.001167	0.002667					
2015/03/16 05:30:00		1.32711	138.525	23.2135	92.768	1009.91	1.16667	25.4086	32.4682	24.8637	57.332	5.9965	1111.67	3.71453	74.745	51.568	38.5858	0.0085	-0.0005	0.0015					
2015/03/16 05:35:00		1.2795	137.632	23.2141	92.895	1009.96	1.23229	25.658	48.1484	26.2262	74.375	6.006	1153.54	2.7859	81.669	55.726	42.535	0.01	-0.0005	0.001167					
2015/03/16 05:40:00		0.97654	129.019	23.2156	93.013	1010.06	1.15937	25.8658	48.3584	27.8214	76.18	6.068	1220.63	70.78	75.438	51.62	38.88	0.0075	0.0025	0.0025					
2015/03/16 05:45:00		0.9304	125.764	23.2203	93.123	1010.13	1.20313	25.8288	49.5733	28.0508	77.624	6.4064	1263.13	146.667	76.018	51.476	38.6233	0.003667	0.006	0.006333					
2015/03/16 05:50:00		0.94816	129.353	23.212	93.226	1010.2	1.19583	25.7206	51.027	28.5677	79.595	6.5542	1232.29	75.48	62.633	45.64	36.6433	0.003833	0.006167	0.006167					
2015/03/16 05:55:00		1.38403	128.484	23.2156	93.287	1010.25	1.21771	25.741	39.8203	27.5681	67.388	6.1871	1144.58	28.8841	65.933	46.3067	36.2567	0.006333	0.003333	0.004					
2015/03/16 06:00:00		1.13537	139.571	23.2156	93.333	1010.3	1.20313	25.8795	35.8472	26.1645	62.012	5.863	1060.42	48.6604	71.077	49.2692	36.5867	0.007333	0.002667	0.002667					
2015/03/16 06:05:00		1.72819	132.021	23.2156	93.424	1010.35	1.13021	26.0419	38.1699	27.3593	65.529	5.7152	1091.46	55.986	72.463	49.9033	37.6167	0.01	0.0	0.0					
2015/03/16 06:10:00		0.89595	142.023	23.2135	93.489	1010.43	1.20313	26.2127	47.1635	28.4958	75.659	5.801	1198.54	61.997	69.347	48.1483	36.8208	0.003833	0.006167	0.006167					
2015/03/16 06:15:00		1.61147	133.21	23.2151	93.553	1010.49	1.19583	26.3719	58.317	29.5057	87.823	6.1347	1304.17	65.954	73.149	49.8625	37.3342	0.01	0.0	0.0					
2015/03/16 06:20:00		1.13795	133.337	23.2151	93.626	1010.56	1.21771	26.5292	68.208	29.5365	97.745	6.6114	1469.17	69.076	71.139	48.8292	37.0567	0.008667	0.001333	0.0015					
2015/03/16 06:25:00		1.34836	140.93	23.2156	93.691	1010.67	1.15937	26.664	93.624	35.0618	128.685	7.5409	1640.0	71.355	63.048	44.5967	34.9525	0.01	0.0	0.000333					
2015/03/16 06:30:00		1.53555	138.765	23.2172	93.727	1010.7	1.15937	26.8047	84.409	34.4832	118.892	7.7268	1652.08	72.476	69.15	48.1425	37.4	0.005333	0.004667	0.005333					
2015/03/16 06:35:00		1.35622	133.638	23.2167	93.784	1010.75	1.18125	26.9295	82.459	35.0481	117.507	6.9546	1722.71	73.276	65.329	44.9725	33.9467	0.007	0.003	0.003167					
2015/03/16 06:40:00		0.95385	131.288	23.2141	93.831	1010.85	1.20313	27.0447	77.427	36.3387	113.766	7.3311	1922.71	73.248	66.642	45.1858	33.1842	0.005833	0.004167	0.004167					
2015/03/16 06:45:00		1.16451	126.881	23.2172	93.855	1010.89	1.11563	27.1537	74.707	34.9796	109.687	7.2978	2088.96	74.091	61.19	42.9617	33.1108	0.01	-0.000167	0.0					
2015/03/16 06:50:00		1.36277	122.979	23.2182	93.933	1010.96	1.45104	27.2739	87.549	36.7563	124.305	7.0928	2170.21	73.819	66.344	45.9392	34.3142	0.006667	0.003167	0.0035					
2015/03/16 06:55:00		1.29525	135.598	23.2193	93.933	1011.03	2.85833	27.3808	86.736	39.3991	126.135	7.4217	2202.08	74.173	59.803	42.4708	33.2492	0.0095	-0.003167	0.001					
2015/03/16 07:00:00		1.34885	135.537	23.2172	93.931	1011.09	4.53542	27.4662	75.163	37.8004	112.963	7.231	2139.17	74.676	66.369	45.1083	33.6433	0.008333	0.001667	0.0035					
2015/03/16 07:05:00		0.94269	125.681	23.275	93.948	1011.1	5.7021	27.5526	68.865	36.9823	105.847	7.0213	2159.38	74.391	61.438	44.4633	34.9183	0.007833	0.002167	0.002167					
2015/03/16 07:10:00		1.83228	132.763	23.3208	94.032	1011.13	10.7479	27.6415	81.803	39.2143	121.017	6.9593	2153.75	74.176	54.688	40.1808	32.8117	0.003833	0.006167	0.006167					
2015/03/16 07:15:00		2.15934	135.768	23.3203	94.033	1011.15	15.7646	27.7397	81.389	37.7867	119.176	7.1166	2397.29	74.105	67.243	45.7342	33.86	0.009667	0.000333	0.000333					
2015/03/16 07:20:00		1.70376	126.698	23.3234	94.031	1011.27	16.9021	27.8238	99.913	39.0226	138.935	7.7697	2569.79	73.933	63.007	43.6833	33.8058	0.005833	0.004167	0.004333					
2015/03/16 07:25:00		1.75691	131.703	23.3193	94.028	1011.35	10.7115	27.914	90.425	40.7787	131.204	7.6219	2627.92	74.162	64.38	44.1742	33.8858	0.01	-0.0005	0.0					
2015/03/16 07:30:00		1.19786	113.049	23.3932	94.028	1011.43	4.79063	27.9948	95.763	41.9221	137.685	8.0795	2881.25	75.909	66.401	44.765	33.8025	0.007167	0.0015	0.003					
2015/03/16 07:35:00		1.17388	133.69	23.4167	94.031	1011.51	8.7865	28.0734	101.965	44.3938	146.359	7.8173	3307.71	75.555	63.841	43.4708	32.8633	0.0095	0.0005	0.0005					
2015/03/16 07:40:00		1.53993	135.732	23.4151	94.031	1011.6	16.0198	28.1355	83.652	43.3428	126.995	7.7125	3403.75	74.748	63.776	43.55	33.1933	0.003	0.007	0.007					
2015/03/16 07:45:00		1.58934	134.415	23.4135	93.989	1011.67	21.2698	28.2222	73.923	40.3543	114.278	7.8269	3499.79	75.105	67.398	45.55	34.7208	0.009833	-0.002167	0.000167					
2015/03/16 07:50:00		1.32772	134.844	23.4219	93.934	1011.73	21.4229	28.307	76.507	39.8989	116.406	8.3226	3553.33	74.126	63.109	43.9092	34.5142	0.006333	0.003667	0.003667					
2015/03/16 07:55:00		1.54264	138.077	23.5109	93.934	1011.81	26.2354	28.3749	66.254	38.9678	105.222	8.7611	3374.38	73.455	58.108	41.0133	32.7733	0.01	-0.000167	0.0					
2015/03/16 08:00:00		1.60832	135.812	23.5115	93.839	1011.88	31.5583	28.4544	58.035	38.9507	96.986	8.1415	3179.17	73.291	61.863	42.5567	33.2533	0.003833	0.006167	0.0065					
2015/03/16 08:05:00		1.5955	127.914	23.5125	93.835	1011.95	37.8583	28.5188	58.842	37.4102	96.252	7.8507	3077.08	72.591	57.835	41.0517	32.8033	0.009333	-0.002	0.000667					
2015/03/16 08:10:00		1.66676	132.48	23.5474	93.835	1012.03	62.213	28.5825	51.534	37.5985	89.133	7.8412	2943.13	72.433	60.648	43.0183	34.7917	0.003	0.007	0.008667					
2015/03/16 08:15:00		1.55188	140.455	23.6182	93.796	1012.09	64.086	28.6501	75.475	39.2143	114.69	7.8984	2976.88	72.533	60.062	42.4233	33.7267	0.009667	0.000333	0.000333					
2015/03/16 08:20:00		1.40316	134.416	23.7135	93.728	1012.17	48.4094	28.7223	67.456	39.8168	107.272	8.6801	3323.75	73.08	68.324	45.9775	35.0208	0.0025	0.0075	0.0075					
2015/03/16 08:25:00		0.9678	117.645	23.7526	93.725	1012.27	40.9573	28.7991	72.257	41.929	114.186	9.3951	4197.92	73.744	68.48	46.2767	35.5167	0.009667	0.000333	0.000333					
2015/03/16 08:30:00		1.1923	121.606	23.8245	93.652	1012.37	31.7188	28.8679	71.085	44.719	115.804	9.3284	4721.67	74.641	74.475	50.708	40.1283	0.004667	0.005333	0.005333					
2015/03/16 08:35:00		1.113	129.851	23.8505	93.568	1012.41	33.1917	28.9363	115.83	47.0195	162.849	9.6191	5324.8	76.677	69.505	47.3467	36.865	0.01	0.0	0.0					
2015/03/16 08:40:00		1.45278	134.674	23.9224	93.414	1012.45	47.0823	29.0061	111.195	49.4535	160.649	9.9147	5511.9	76.677	67.616	45.7183	34.7025	0.003833	0.006167	0.006833					
2015/03/16 08:45:00		1.56853	132.759	23.9219	93.271	1012.44	87.566	29.0813	93.648	47.1496	140.798	10.2293	5368.8	75.962	63.3	44.43	34.5692	0.009667	0.000167	0.000333					
2015/03/16 08:50:00		1.7396	130.052	23.976	93.136	1012.48	163.654	29.1387	89.742	45.4413	135.183	10.1101	5140.6	75.348	63.177	43.8925	33.675	0.004667	0.005333	0.005333					
2015/03/16 08:55:00		1.84155	139.523	24.0901	93.036	1012.51	115.442	29.208	102.557	46.0781	148.635	10.9109	4955.42	74.705	58.882	43.4058	35.3208	0.01	-0.0005	0.0					
2015/03/16 09:00:00		2.02873	128.089	24.2078	92.883	1012.54	86.158	29.2864	116.718	47.7589	164.477	11.3447	4908.33	74.248	56.747	40.4183	31.8508	0.002833	0.007167	0.007167					
2015/03/16 09:05:00		2.39861	128.607	24.2255	92.538	1012.57	70.131	29.35	101.909	49.0803	150.99	14.0378	4870.63	74.505	43.9583	33.9692	29.26	0.009833	0.000167	0.000167					
2015/03/16 09:10:00		2.16213	141.305	24.3021	92.132	1012.55	81.419	29.4209	97.793	46.3554	144.149	13.504	4584.79	73.405	43.1092	34.4483	30.7558	0.0045	0.0055	0.0055					
2015/03/16 09:15:00		1.65245	133.959	24.3682	91.723	1012.59	136.77	29.5004	114.769	47.6083	162.377	12.6364	4582.29	72.951	52.198	38.3033	28.2392	0.009667	0.000333	0.000333					
2015/03/16 09:20:00		2.33911	141.032	24.4547	91.308	1012.6	217.452	29.5696	103.968	49.2618	153.23	11.6402	4351.88	71.68	84.561	56.379	29.4183	0.0015	0.0085	0.0085					
2015/03/16 09:25:00		2.27996	151.731	24.5802	90.855	1012.62	223.869	29.63	106.666	49.6041	156.27	11.2875	4060.42	71.43	86.953	57.971	30.6833	0.009333	0.0005	0.000667					
2015/03/16 09:30:00		2.83452	165.207	24.7687	90.33	1012.65	253.48	29.6896	97.608	46.9099	144.518	11.7641	3922.08	70.923	93.494	62.326	28.9208	0.0045	0.0055	0.0055					
2015/03/16 09:35:00		2.38995	154.326	24.9063	89.528	1012.65	230.978	29.5342	98.117	48.6387	146.756	11.3399	4020.83	84.952	85.28	56.862	28.0917	0.008833	0.001167	0.001167					
2015/03/16 09:40:00		2.69511	150.913	25.026	88.471	1012.65	147.583	29.1908	97.847	48.6387	146.485	11.1969	3788.96	62.768	63.128	42.0833	23.7633	0.0	0.01	0.01					
2015/03/16 09:45:00		2.92786	152.699	25.0969	87.405	1012.69	264.046	28.9033	75.417	42.8498	118.267	9.2902	3456.25	55.275	69.666	46.4433	24.8625	0.008167	-0.000667	0.001833					
2015/03/16 09:50:00		3.42138	144.501	25.1729	86.659	1012.7	298.987	28.7588	75.511	40.6726	116.184	9.8241	3207.08	14.4688	50.717	33.8125	21.4817	0.007333	0.002667	0.004					
2015/03/16 09:55:00		1.75519	161.76	25.2573	85.815	1012.75	227.259	28.7895	73.863	41.9221	115.785	9.3713	3009.17	17.869	69.698	46.4667	24.1442	0.0095	0.0005	0.0005					
2015/03/16 10:00:00		2.8437	159.499	25.3818	85.361	1012.77	218.932	28.8593	71.929	43.1203	115.049	9.4714	3069.17	54.568	66.551	44.3667	24.1033	0.005333	0.004667	0.004667					
2015/03/16 10:05:00		2.85678	160.083	25.4542	84.786	1012.74	181.46	28.9686	72.501	46.3382	118.839	9.1615	3042.92	122.64	65.453	43.6408	26.3708	0.008	0.002	0.002					
2015/03/16 10:10:00		2.23494	150.156	25.5266	84.284	1012.7	127.21	29.1062	73.22	47.1119	120.332	8.6801	2914.79	117.651	58.708	39.1375	23.7958	0.0025	0.0075	0.0075					
2015/03/16 10:15:00		2.43741	134.894	25.525	83.867	1012.67	131.461	29.2582	72.476	46.215	118.691	8.7421	2971.04	101.775	58.458	38.9725	23.1092	0.009667	0.000333	0.000333					
2015/03/16 10:20:00		3.33999	149.039	25.5089	83.447	1012.6	226.333	29.2751	68.161	45.0545	113.216	8.1653	2897.29	116.111	52.077	34.7283	23.1308	0.005833	0.004167	0.004167					
2015/03/16 10:25:00		3.37582	143.586	25.4297	83.271	1012.47	221.907	28.997	54.138	41.3573	95.496	7.7744	2591.04	81.652	46.4642	30.9692	20.3692	0.007333	0.002667	0.002667					
2015/03/16 10:30:00		2.8857	144.376	25.4703	83.169	1012.37	220.719	28.7105	41.8862	35.9998	77.886	7.6505	2249.58	60.561	47.785	31.8542	20.5242	0.001333	0.008667	0.008667					
2015/03/16 10:35:00		3.06898	137.774	25.526	82.879	1012.28	212.589	28.4217	40.6645	37.2116	77.876	6.8735	2043.96	47.9818	44.2425	29.495	19.8858	0.008667	0.001333	0.001333					
2015/03/16 10:40:00		2.65731	150.459	25.5568	82.959	1012.24	180.673	28.285	44.2848	36.8111	81.096	6.6161	1980.83	14.6581	60.71	40.4683	23.1275	0.0085	0.0015	0.0015					
2015/03/16 10:45:00		2.69827	134.112	25.6219	82.804	1012.18	327.534	28.3929	58.761	40.5699	99.331	7.3073	2129.38	6.2861	60.83	40.55	26.4975	0.008833	0.000167	0.001167					
2015/03/16 10:50:00		2.47276	145.389	25.7313	82.859	1012.16	251.285	28.5422	52.749	40.6589	93.408	7.6505	2066.25	37.7418	63.412	42.2892	25.0592	0.01	0.0	0.0					
2015/03/16 10:55:00		2.50684	150.55	25.8792	82.665	1012.09	344.677	28.7006	71.895	42.2816	114.177	7.6267	2202.5	79.895	52.668	35.195	22.5917	0.009167	0.0005	0.000833					
2015/03/16 11:00:00		2.41499	140.761	25.9823	82.271	1012.02	362.294	28.8644	48.7894	40.0633	88.853	7.3264	2329.79	107.861	52.527	35.0258	22.8792	0.0055	0.0025	0.0045					
2015/03/16 11:05:00		2.73223	163.181	26.1323	81.94	1011.94	429.982	29.0284	51.42	43.8837	95.304	7.9889	2444.58	111.768	47.8033	31.8717	20.52	0.007167	0.002833	0.002833					
2015/03/16 11:10:00		2.81823	161.889	26.3062	81.594	1011.85	389.915	29.1374	46.4399	45.9582	92.398	9.0471	2471.04	166.347	51.373	34.2467	21.3717	0.0075	0.0025	0.004667					
2015/03/16 11:15:00		2.97064	143.081	26.4583	80.744	1011.77	274.903	28.997	52.711	47.4748	100.186	10.0672	2483.13	132.841	46.2317	30.8217	19.1733	0.0055	0.0045	0.0045					
2015/03/16 11:20:00		2.81575	140.797	26.5792	79.732	1011.69	317.355	28.7838	51.59	45.1846	96.775	9.7383	2423.33	76.298	44.16	29.435	20.4783	0.008667	0.001333	0.001333					
2015/03/16 11:25:00		2.37487	140.904	26.6286	79.045	1011.62	235.791	28.536	44.3227	42.9526	87.275	8.7516	2456.67	55.95	44.055	29.3633	19.33	0.005167	0.004833	0.004833					
2015/03/16 11:30:00		2.24354	149.752	26.6948	78.604	1011.5	452.864	28.3411	44.3763	44.2671	88.643	8.008	2456.67	48.9104	44.39	29.5967	20.5167	0.01	0.0	0.0					
2015/03/16 11:35:00		3.12769	141.214	26.7682	78.519	1011.37	562.95	28.3733	44.2334	44.0514	88.285	7.8793	2321.67	4.48244	45.2725	30.1992	23.1817	0.01	-0.000167	0.0					
2015/03/16 11:40:00		2.71816	139.814	26.8021	77.316	1011.22	420.386	28.5704	45.292	45.1195	90.412	7.374	2125.63	5.8432	41.9717	28.2708	21.7958	0.008167	0.001833	0.002333					
2015/03/16 11:45:00		2.88124	129.321	26.8703	77.487	1011.15	427.328	28.7728	32.7027	42.0865	74.789	7.6505	2022.71	37.1489	43.7917	29.3133	21.355	0.006	0.004	0.004					
2015/03/16 11:50:00		2.93559	134.281	26.8932	77.346	1011.08	267.633	28.9691	34.0382	41.1142	75.152	8.1319	1993.33	83.798	45.56	30.3775	20.8742	0.007833	0.001833	0.002167					
2015/03/16 11:55:00		2.79241	126.343	26.8375	77.632	1010.99	338.946	29.0816	41.8527	42.3055	84.158	8.2749	1978.96	251.349	46.6717	31.1067	22.29	0.006833	0.003167	0.003167					
2015/03/16 12:00:00		3.05579	144.591	26.7359	78.629	1010.83	473.929	29.0596	43.3535	42.5418	85.895	7.8316	1928.13	97.249	43.6683	29.2558	21.3417	0.006333	0.003667	0.003667					
2015/03/16 12:05:00		2.60516	138.258	26.8083	78.527	1010.68	441.715	28.9527	33.5983	37.7525	71.351	7.2453	1866.25	62.918	41.805	28.0108	20.4975	0.006667	0.003333	0.0035					
2015/03/16 12:10:00		2.59176	137.004	26.8953	78.204	1010.57	399.583	28.7951	39.6149	39.1492	78.764	7.1929	1826.67	46.346	43.2317	28.875	21.1458	0.009167	0.000833	0.003833					
2015/03/16 12:15:00		3.20953	133.336	26.8969	77.779	1010.52	346.033	28.5951	36.0795	39.9537	76.033	7.0594	1858.54	39.0883	41.6	28.1317	21.59	0.005667	0.004333	0.004333					
2015/03/16 12:20:00		2.615	139.884	26.8979	78.142	1010.37	353.58	28.4117	40.8075	39.495	80.302	7.4551	1821.04	35.6595	48.425	32.2808	22.2567	0.01	0.0	0.000833					
2015/03/16 12:25:00		3.07446	148.603	26.8964	77.72	1010.29	323.189	28.4501	45.9486	42.9697	88.918	8.1653	1896.04	18.1191	40.62	27.6658	22.2867	0.01	0.0	0.001333					
2015/03/16 12:30:00		1.82807	149.016	26.8953	77.788	1010.22	234.726	28.7355	65.484	42.1549	107.638	8.7278	1975.63	13.1044	51.916	34.6075	25.6867	0.01	0.0	0.003333					
2015/03/16 12:35:00		2.80352	137.459	26.8943	77.689	1010.07	232.786	29.004	80.815	45.2667	126.082	9.0948	2067.29	24.7909	48.0275	32.03	23.97	0.009	0.000333	0.001333					
2015/03/16 12:40:00		2.9143	144.805	26.7589	77.294	1009.9	232.83	29.1849	68.016	45.1161	113.132	8.8708	1995.0	111.011	46.665	31.3583	23.1408	0.006167	0.002167	0.004667					
2015/03/16 12:45:00		3.07493	125.808	26.6932	78.07	1009.81	225.684	29.1404	49.5912	42.1275	91.719	8.375	1877.92	138.809	42.7017	28.8242	21.5817	0.006667	0.003333	0.003333					
2015/03/16 12:50:00		2.66033	129.648	26.6693	78.167	1009.74	134.057	29.0021	54.489	41.4497	95.939	8.2225	1996.25	74.716	50.75	33.9992	24.2617	0.007333	0.002667	0.005333					
2015/03/16 12:55:00		2.89071	129.315	26.4724	78.057	1009.63	104.154	28.7871	52.908	40.3337	93.241	8.2225	2189.79	52.432	44.2808	29.7275	22.5567	0.0075	0.0025	0.002833					
2015/03/16 13:00:00		2.52811	133.721	26.2932	79.019	1009.49	183.867	28.5129	44.6935	37.8963	82.59	7.7744	2014.38	42.1385	53.801	35.9858	26.7717	0.009833	0.000167	0.0005					
2015/03/16 13:05:00		2.56708	141.106	26.2297	79.818	1009.38	361.557	28.2888	53.937	40.0256	93.963	8.3417	1956.88	34.2558	46.5058	31.1117	23.2875	0.005667	0.003167	0.005333					
2015/03/16 13:10:00		2.56684	154.416	26.3594	80.167	1009.27	291.535	28.4286	44.4701	39.8853	84.355	9.1472	1859.38	14.1759	42.525	28.8908	21.4092	0.01	-0.005	0.001333					
2015/03/16 13:15:00		3.24738	142.11	26.4406	79.417	1009.19	183.385	28.67	40.975	37.6464	78.621	8.2797	1776.25	17.7619	39.9233	27.4233	21.265	0.01	0.0	0.0					
2015/03/16 13:20:00		2.72411	143.297	26.3323	78.991	1009.09	180.556	28.9052	40.1174	37.2048	77.322	7.4312	1645.42	32.3307	41.1325	27.83	21.5117	0.009833	0.000167	0.0005					
2015/03/16 13:25:00		3.22125	132.466	26.1781	79.551	1009.02	195.563	29.0741	32.0528	34.5312	66.584	7.3168	1487.08	100.242	44.135	29.6883	23.0475	0.005167	0.004833	0.005333					
2015/03/16 13:30:00		2.72551	125.404	26.1229	80.365	1008.88	302.451	29.0324	38.659	34.9077	73.567	7.0594	1459.38	160.686	51.669	34.4525	26.0242	0.009333	0.000667	0.000833					
2015/03/16 13:35:00		2.01394	132.043	26.124	80.419	1008.81	225.079	28.8861	48.1797	38.2523	86.432	7.2453	1673.75	77.63	47.2933	32.2183	24.8117	0.003667	0.006333	0.006333					
2015/03/16 13:40:00		2.05733	120.233	26.176	80.502	1008.73	124.892	28.6799	42.9269	37.8073	80.734	7.1643	1813.96	54.3	57.181	38.79	29.2867	0.009167	0.000833	0.000833					
2015/03/16 13:45:00		2.70895	129.362	26.2234	80.497	1008.67	162.32	28.4407	48.3115	37.4684	85.78	7.355	1819.38	44.1065	48.1392	32.1983	24.5833	0.005333	0.004667	0.006					
2015/03/16 13:50:00		1.97448	123.842	26.2161	80.544	1008.56	163.8	28.2066	43.0899	37.8004	80.89	8.4656	1959.79	38.9383	56.778	37.875	27.6292	0.01	0.0	0.0					
2015/03/16 13:55:00		2.70451	134.653	26.1234	80.245	1008.46	197.327	28.2624	42.4289	39.9195	82.348	9.438	2023.54	16.894	53.642	35.7667	24.7892	0.009833	0.000167	0.004					
2015/03/16 14:00:00		2.51343	125.63	26.1458	80.749	1008.33	235.499	28.4952	43.0676	39.4608	82.528	8.1033	2164.79	17.7655	57.654	38.4408	26.0283	0.01	0.0	0.0					
2015/03/16 14:05:00		2.25513	131.718	26.2203	80.58	1008.21	110.811	28.7315	43.923	41.1074	85.03	7.8841	2742.29	31.4199	59.568	39.715	27.8408	0.002833	0.007167	0.007167					
2015/03/16 14:10:00		2.22478	133.397	26.2188	80.106	1008.08	122.179	28.9586	45.9352	40.991	86.926	7.3359	2734.79	50.561	50.845	33.9242	24.2375	0.01	0.0	0.0					
2015/03/16 14:15:00		2.51547	129.929	26.1693	80.242	1008.0	131.374	29.001	37.5088	39.2177	76.727	7.1119	2557.71	192.202	53.71	35.9233	25.3767	0.004333	0.005667	0.005667					
2015/03/16 14:20:00		3.0958	137.739	26.1198	80.466	1007.94	145.031	28.8797	38.4602	37.6772	76.137	7.4408	2392.5	98.092	53.707	35.87	25.5025	0.0085	0.0015	0.0015					
2015/03/16 14:25:00		3.24447	130.294	26.0276	80.766	1007.87	147.999	28.6821	38.5719	37.0473	75.619	7.1262	2262.92	62.161	58.303	38.9267	26.4375	0.003333	0.006667	0.006667					
2015/03/16 14:30:00		2.09997	143.258	25.9625	81.141	1007.8	187.863	28.4555	35.4877	36.5817	72.069	7.0833	2286.88	45.7959	58.82	39.21	26.0117	0.01	0.0	0.000167					
2015/03/16 14:35:00		2.43857	142.194	25.9198	81.545	1007.76	145.622	28.2117	37.2944	35.1987	72.493	6.9307	2263.13	38.9562	64.887	43.255	29.1783	0.001667	0.008333	0.008833					
2015/03/16 14:40:00		2.85556	133.733	25.938	81.982	1007.65	172.696	28.2029	46.3082	35.0686	81.377	7.3931	2308.33	18.1941	65.335	43.5533	29.0283	0.01	-0.000833	0.0					
2015/03/16 14:45:00		2.48869	133.175	26.0182	81.712	1007.58	121.844	28.4214	61.528	37.3349	98.863	7.722	2495.21	19.3406	70.773	47.1825	32.0767	0.007	0.003	0.003					
2015/03/16 14:50:00		2.33243	133.697	25.9464	81.416	1007.49	126.795	28.6426	65.365	39.8647	105.23	11.1969	2574.58	32.2522	58.382	38.9133	26.16	0.01	0.0	0.0					
2015/03/16 14:55:00		2.05777	113.694	25.8583	81.551	1007.45	91.875	28.866	51.295	38.9302	90.225	10.582	2457.5	51.043	74.338	49.5542	32.1	0.003667	0.006333	0.006333					
2015/03/16 15:00:00		2.40721	133.143	25.7698	82.322	1007.38	196.656	29.0206	52.157	37.8723	90.03	10.4199	2408.33	134.98	67.818	45.2225	30.5633	0.01	-0.001	0.0					
2015/03/16 15:05:00		1.97049	123.786	25.7182	82.82	1007.32	136.835	28.9409	52.387	38.9541	91.341	9.5715	2413.33	164.311	70.19	46.7908	31.125	0.004833	0.005167	0.005167					
2015/03/16 15:10:00		2.42053	126.805	25.7167	82.786	1007.28	103.512	28.7683	63.346	38.8685	102.215	9.295	2541.25	79.459	72.838	48.5683	32.7325	0.01	0.0	0.0					
2015/03/16 15:15:00		2.12699	134.399	25.6411	82.898	1007.25	95.331	28.5368	61.863	39.7928	101.656	9.0662	2592.92	54.657	77.872	51.923	34.755	0.0055	0.0045	0.007167					
2015/03/16 15:20:00		2.92205	129.922	25.6167	83.246	1007.21	102.2	28.2847	65.586	38.7247	104.311	9.1472	2613.75	45.0601	74.291	49.5258	32.3742	0.008	0.002	0.002					
2015/03/16 15:25:00		2.42162	138.685	25.5365	83.479	1007.19	64.94	28.1374	62.754	38.824	101.578	8.6134	2660.21	27.2661	76.505	51.009	32.7742	0.004333	0.005667	0.006833					
2015/03/16 15:30:00		2.45076	136.765	25.5281	83.654	1007.15	55.315	28.3169	68.606	39.3581	107.964	8.7754	2633.13	18.7977	74.281	49.5108	31.5825	0.01	-0.000333	0.0					
2015/03/16 15:35:00		3.48848	135.655	25.4026	83.738	1007.11	53.185	28.5119	57.229	36.6913	93.92	8.7135	2536.25	28.4733	65.918	43.9442	28.93	0.003833	0.006167	0.008333					
2015/03/16 15:40:00		2.15579	126.714	25.3339	84.221	1007.08	55.023	28.699	49.7095	33.8157	83.525	8.1415	2398.33	48.689	78.199	52.128	34.535	0.009833	0.000167	0.000167					
2015/03/16 15:45:00		3.0841	128.901	25.237	84.573	1007.04	73.106	28.8636	58.585	35.743	94.328	8.6229	2328.54	69.651	62.68	41.8083	29.0667	0.003	0.007	0.007					
2015/03/16 15:50:00		3.14593	132.491	25.1417	84.914	1007.0	73.238	28.9632	49.0172	33.956	82.973	7.9699	2161.67	137.677	62.331	41.62	29.2275	0.01	-0.0015	0.0					
2015/03/16 15:55:00		3.31556	135.504	25.1281	85.278	1006.97	45.2521	28.837	43.5746	35.0378	78.612	8.0366	2137.08	187.705	61.899	41.3325	28.1342	0.002667	0.007333	0.0075					
2015/03/16 16:00:00		2.14987	127.109	25.1302	85.397	1006.97	44.749	28.6233	45.1424	33.0283	78.171	7.6839	2195.83	81.795	71.75	47.8383	31.4342	0.01	0.0	0.000833					
2015/03/16 16:05:00		1.98526	124.026	25.1292	85.506	1006.97	33.2573	28.364	63.246	36.996	100.242	8.9661	2227.5	55.289	78.919	52.623	33.9275	0.006833	0.003167	0.004833					
2015/03/16 16:10:00		1.96794	97.528	25.1344	85.485	1006.96	19.4833	28.0753	68.82	38.6289	107.449	9.0757	2403.33	44.2172	75.113	50.06	31.0067	0.009167	0.000833	0.000833					
2015/03/16 16:15:00		2.3279	104.994	25.0297	85.621	1006.92	14.3573	28.0318	60.894	37.0131	97.907	9.214	2548.13	19.0406	75.627	50.421	32.7925	0.007333	0.002667	0.002667					
2015/03/16 16:20:00		2.50127	102.124	24.9448	86.046	1006.89	13.8031	28.1903	67.779	36.0819	103.861	11.0539	2648.33	22.4765	78.559	52.369	33.2492	0.01	-0.002167	0.0					
2015/03/16 16:25:00		2.40799	128.394	24.824	86.443	1006.91	15.5896	28.3733	74.484	38.8788	113.363	12.4172	2701.25	36.4488	93.505	62.339	35.2625	0.007833	0.002167	0.002167					
2015/03/16 16:30:00		1.58669	124.461	24.7318	86.972	1006.93	12.9937	28.5428	84.221	40.5288	124.75	11.6497	2930.21	56.386	90.463	60.31	34.645	0.01	-0.000333	0.0					
2015/03/16 16:35:00		1.58293	125.712	24.7302	87.424	1006.97	10.7771	28.6909	92.804	40.676	133.48	11.7927	3428.33	79.452	77.022	51.345	32.55	0.005833	0.004167	0.0065					
2015/03/16 16:40:00		1.81369	110.376	24.6182	87.538	1006.97	11.8052	28.8351	86.309	40.4638	126.773	11.6211	3711.67	98.414	73.499	48.9908	31.1808	0.007667	0.002333	0.002333					
2015/03/16 16:45:00		2.07462	129.852	24.5161	87.782	1007.0	13.1031	28.9495	79.35	40.4022	119.753	11.5449	3699.38	109.114	53.518	40.585	32.9608	0.004833	0.005167	0.005333					
2015/03/16 16:50:00		1.83325	132.009	24.5177	88.024	1006.98	18.3458	28.9999	100.018	40.4878	140.505	10.6535	3783.75	200.199	51.603	41.2933	36.935	0.009667	0.000333	0.000333					
2015/03/16 16:55:00		2.75877	133.514	24.4583	88.126	1006.99	22.2323	28.8166	113.929	47.2557	161.185	10.5248	3866.46	177.644	47.0242	37.775	33.8017	0.003	0.007	0.007					
2015/03/16 17:00:00		2.76609	135.545	24.4583	88.147	1007.01	21.7583	28.5658	78.678	42.0762	120.754	10.2054	3716.88	81.352	60.722	45.375	36.6733	0.008333	0.001667	0.001667					
2015/03/16 17:05:00		2.38596	130.488	24.5229	88.079	1007.05	20.1906	28.2625	76.545	39.7552	116.3	10.1816	3723.13	56.461	55.699	43.4683	37.6542	0.006	0.004	0.005333					
2015/03/16 17:10:00		2.49753	135.247	24.5536	87.914	1007.08	14.649	28.0557	76.204	38.5365	114.74	10.0195	3816.04	37.3596	73.264	51.948	36.1125	0.009	0.000667	0.001					
2015/03/16 17:15:00		2.61448	132.345	24.6245	87.629	1007.12	14.649	28.1937	85.709	38.29	123.999	9.9909	3859.79	23.2551	85.704	57.141	34.3775	0.01	-0.000167	0.0					
2015/03/16 17:20:00		2.67582	130.806	24.5703	87.283	1007.17	14.8531	28.3782	81.427	39.0568	120.484	10.091	3616.67	31.2699	73.332	48.8942	31.805	0.01	0.0	0.0					
2015/03/16 17:25:00		3.38991	138.085	24.5229	87.141	1007.18	13.8906	28.5605	97.746	41.7818	139.528	9.2998	3366.46	49.0354	68.343	45.5567	29.1533	0.006667	0.003333	0.003667					
2015/03/16 17:30:00		3.47033	135.852	24.5224	87.14	1007.15	13.176	28.7124	69.767	39.9982	109.765	9.0281	3437.92	71.951	74.6	49.7333	32.2817	0.01	0.0	0.0					
2015/03/16 17:35:00		2.91892	137.557	24.5219	87.14	1007.12	9.6177	28.8405	58.761	39.2143	97.976	8.2845	3432.29	93.37	74.898	49.935	32.2	0.002833	0.007167	0.007167					
2015/03/16 17:40:00		2.63501	129.288	24.5182	87.137	1007.1	4.68125	28.9546	49.3276	37.9066	87.234	7.8984	3250.63	108.961	78.605	52.407	35.3733	0.007833	0.001833	0.002167					
2015/03/16 17:45:00		2.48312	137.299	24.4885	87.174	1007.09	2.02708	29.0738	49.6001	38.8206	88.421	7.7458	3095.42	119.597	75.85	50.558	34.09	0.004667	0.005333	0.005333					
2015/03/16 17:50:00		2.4661	137.957	24.4198	87.398	1007.11	1.74271	29.1146	67.391	39.6593	107.05	8.0938	3090.0	209.035	86.565	57.712	37.81	0.008	0.002	0.002					
2015/03/16 17:55:00		2.16329	142.357	24.424	87.544	1007.08	1.40729	28.7516	81.905	46.2218	128.127	8.4036	3321.88	160.218	83.595	55.723	35.5383	0.005167	0.004833	0.005					
2015/03/16 18:00:00		2.18867	146.437	24.4234	87.622	1007.04	1.11563	28.3664	77.285	42.2405	119.525	8.213	3500.42	85.881	86.43	57.625	36.1933	0.007	0.003	0.003333					
2015/03/16 18:05:00		2.49668	141.29	24.4198	87.626	1006.93	1.40729	28.0173	89.523	41.5798	131.103	8.5514	3471.04	69.619	85.377	56.923	36.0067	0.0065	0.0035	0.004					
2015/03/16 18:10:00		3.30719	133.682	24.3766	87.544	1006.93	1.07187	27.7857	74.77	39.6833	114.453	7.8793	3265.63	28.9055	76.426	50.992	32.3625	0.006	0.004	0.004					
2015/03/16 18:15:00		2.84409	132.028	24.3224	87.54	1006.95	1.17396	27.7964	63.257	37.2527	100.51	7.8412	2986.46	1.17151	69.708	46.49	30.7158	0.01	0.0	0.002833					
2015/03/16 18:20:00		2.09127	140.107	24.3208	87.631	1007.02	1.09375	27.8708	47.2953	34.7366	82.032	7.5456	2716.46	23.4623	75.2	50.13	32.5342	0.008	0.0015	0.002					
2015/03/16 18:25:00		1.9534	134.048	24.3208	87.723	1007.03	1.10104	27.9505	52.059	33.333	85.392	8.2225	2624.58	83.848	75.079	50.047	32.235	0.007833	0.001	0.0025					
2015/03/16 18:30:00		2.80998	135.46	24.3224	87.801	1007.03	1.17396	27.7926	59.081	37.1945	96.275	8.2082	2598.75	257.106	85.422	56.939	35.2433	0.006	0.004	0.004					
2015/03/16 18:35:00		2.81951	134.127	24.4068	87.799	1007.02	1.13021	27.5838	66.431	38.961	105.391	8.928	2815.63	107.514	83.985	55.979	34.6025	0.0035	0.0065	0.0065					
2015/03/16 18:40:00		2.37757	139.552	24.4203	87.686	1007.1	1.08646	27.3934	53.54	37.3725	90.912	8.2749	2742.29	56.525	80.583	54.173	34.4867	0.006	0.004	0.005667					
2015/03/16 18:45:00		3.03673	138.664	24.424	87.637	1007.17	1.16667	27.4098	47.8782	35.0755	82.954	8.3369	2602.29	0.89649	66.291	47.1425	34.1117	0.01	-0.000167	0.0					
2015/03/16 18:50:00		3.51217	136.981	24.4188	87.642	1007.24	1.16667	27.5166	44.5885	33.5624	78.151	7.7554	2584.79	22.1408	55.494	41.29	33.2158	0.006833	0.003167	0.003167					
2015/03/16 18:55:00		3.31313	135.533	24.387	87.634	1007.27	1.14479	27.6117	42.88	34.5209	77.401	7.2787	2370.83	72.926	51.173	39.0917	32.3808	0.006833	0.002833	0.003167					
2015/03/16 19:00:00		3.76839	138.589	24.3245	87.543	1007.29	1.06458	27.7355	37.9041	32.5285	70.433	7.1929	2163.96	125.466	55.736	39.6017	30.1667	0.007167	0.002833	0.002833					
2015/03/16 19:05:00		3.07413	144.051	24.3203	87.61	1007.39	1.1375	27.8015	36.4279	34.2881	70.716	7.1357	2068.54	178.987	63.792	43.5975	31.415	0.007	0.002	0.004167					
2015/03/16 19:10:00		3.12038	144.861	24.3214	87.716	1007.46	1.09375	27.5988	36.4011	34.069	70.47	7.8364	1975.42	227.683	59.009	40.1892	28.2192	0.005833	0.004167	0.004167					
2015/03/16 19:15:00		2.40796	141.2	24.2208	87.829	1007.46	1.15937	27.3864	28.9016	32.6038	61.505	7.3645	1777.5	91.931	55.573	39.37	29.585	0.005333	0.004667	0.005167					
2015/03/16 19:20:00		2.51208	137.271	24.2187	87.941	1007.47	1.09375	27.2159	31.528	32.9599	64.488	7.5218	1686.04	37.5596	59.456	41.2	30.0083	0.005	0.005	0.005					
2015/03/16 19:25:00		3.59445	136.378	24.2172	87.992	1007.49	1.14479	27.2952	30.7106	31.7548	62.465	7.5266	1611.04	0.68576	55.818	39.0617	29.5825	0.008833	0.001167	0.001667					
2015/03/16 19:30:00		2.59857	137.569	24.2182	88.096	1007.55	1.19583	27.4028	28.7497	32.0321	60.782	7.0833	1583.33	24.4088	53.864	37.7008	29.0267	0.004833	0.005167	0.005167					
2015/03/16 19:35:00		2.83068	138.417	24.2151	88.195	1007.66	1.11563	27.5134	39.9119	31.3338	71.246	6.864	1609.79	85.534	57.502	39.215	30.235	0.009333	0.000667	0.002333					
2015/03/16 19:40:00		2.92409	133.566	24.1854	88.409	1007.83	1.07187	27.6221	35.5904	33.0591	68.65	6.926	1606.25	153.625	60.411	40.7867	30.7342	0.006667	0.003333	0.003333					
2015/03/16 19:45:00		2.08608	144.502	24.1167	88.719	1007.92	1.10833	27.747	39.5188	33.6411	73.16	6.9784	1757.5	178.28	60.246	41.6875	31.7375	0.008167	0.001833	0.002833					
2015/03/16 19:50:00		3.30212	138.732	24.1198	89.02	1007.98	1.09375	27.8576	48.2043	36.6947	84.899	6.9641	1898.96	170.976	52.728	36.8242	29.0633	0.003	0.007	0.007					
2015/03/16 19:55:00		3.30909	139.895	24.0703	89.229	1007.99	1.08646	27.7717	39.9633	35.921	75.884	6.4255	2097.92	268.439	45.615	34.6133	28.6317	0.005333	0.004667	0.004667					
2015/03/16 20:00:00		3.46617	132.975	24.0177	89.473	1007.97	1.06458	27.525	33.4375	34.8974	68.335	6.9736	2074.79	125.39	41.6392	32.5467	27.9008	0.002333	0.007667	0.007667					
2015/03/16 20:05:00		2.97132	136.882	23.9448	89.783	1007.98	1.06458	27.3362	27.6643	29.427	57.091	6.5732	1857.29	58.422	43.3042	34.7075	30.1933	0.004833	0.005167	0.005167					
2015/03/16 20:10:00		3.04985	136.722	23.9193	90.063	1007.99	1.07187	27.3808	26.4248	28.78	55.205	6.5923	1685.42	1.62154	47.7075	35.9867	30.4	0.0075	0.002333	0.0025					
2015/03/16 20:15:00		2.69562	138.025	23.9141	90.316	1008.02	1.10104	27.4732	27.0189	27.5168	54.536	7.15	1635.63	23.1051	47.8133	37.0108	31.7617	0.009333	0.000667	0.000667					
2015/03/16 20:20:00		2.47668	145.631	23.8693	90.554	1008.1	1.12292	27.5784	35.0209	29.3448	64.366	7.7172	1609.38	87.82	46.5542	37.1458	32.36	0.0065	0.0035	0.003667					
2015/03/16 20:25:00		2.78878	147.034	23.825	90.772	1008.21	1.1375	27.6831	49.1713	34.3874	83.559	7.9794	1618.33	154.689	42.2425	34.9325	30.4983	0.0065	0.002833	0.003333					
2015/03/16 20:30:00		3.02611	142.878	23.8219	90.949	1008.37	1.12292	27.7921	33.9779	32.4566	66.435	7.7887	1502.71	173.965	40.265	33.9492	30.18	0.002333	0.007667	0.007667					
2015/03/16 20:35:00		2.86581	132.734	23.7677	91.123	1008.46	1.21771	27.9022	34.2705	34.6099	68.88	8.1558	1435.0	161.079	43.6117	34.5975	30.4025	0.008	0.001	0.002					
2015/03/16 20:40:00		2.6851	146.19	23.7214	91.297	1008.56	1.24688	27.9631	34.208	35.9484	70.156	7.0642	1360.63	189.638	42.9142	34.105	29.9942	0.003833	0.006167	0.006167					
2015/03/16 20:45:00		3.13154	146.262	23.7167	91.482	1008.57	1.225	27.7465	35.405	34.9967	70.402	7.007	1275.21	171.865	39.325	32.3217	28.165	0.003667	0.006333	0.006333					
2015/03/16 20:50:00		2.53772	142.296	23.7229	91.631	1008.61	1.17396	27.5175	27.4834	30.4437	57.927	6.1347	1189.17	83.177	40.6117	33.495	29.3267	0.001333	0.008667	0.008667					
2015/03/16 20:55:00		2.23749	131.731	23.7182	91.796	1008.7	1.20313	27.4753	29.9892	30.7244	60.714	6.0346	1142.08	3.51452	41.3583	32.2767	27.7533	0.01	0.0	0.0					
2015/03/16 21:00:00		2.30366	137.876	23.7214	91.938	1008.78	1.1375	27.5413	26.6325	28.4479	55.08	5.6485	1128.75	17.5047	43.1817	33.33	28.4817	0.0045	0.0055	0.005833					
2015/03/16 21:05:00		2.62184	140.895	23.7224	92.049	1008.86	1.21042	27.6146	33.7725	30.6696	64.442	5.801	1156.67	70.74	46.5783	35.185	30.1133	0.007	0.002	0.002833					
2015/03/16 21:10:00		2.45556	139.191	23.7182	92.132	1008.88	1.225	27.7145	32.5419	31.7343	64.276	6.2157	1212.5	140.113	48.0508	34.85	28.8175	0.003667	0.006333	0.006833					
2015/03/16 21:15:00		2.77196	137.624	23.7156	92.134	1008.93	1.10104	27.8152	28.245	33.624	61.869	6.1156	1178.13	172.619	54.594	37.7	29.8633	0.007333	0.002667	0.002667					
2015/03/16 21:20:00		1.9201	151.863	23.7161	92.231	1009.03	1.11563	27.9478	34.8333	37.239	72.072	6.3683	1198.33	152.196	56.37	38.515	30.3883	0.001333	0.008667	0.008667					
2015/03/16 21:25:00		2.08746	132.015	23.7177	92.233	1009.08	1.18854	27.9803	34.5854	36.5783	71.164	6.8354	1229.79	185.666	54.108	38.1167	30.4717	0.008167	0.001833	0.001833					
2015/03/16 21:30:00		2.71288	139.971	23.7208	92.229	1009.07	1.18854	27.7016	37.5334	36.8796	74.413	7.1309	1219.58	140.581	51.131	36.2967	29.4592	0.005333	0.004667	0.004667					
2015/03/16 21:35:00		2.65115	132.45	23.7182	92.231	1009.01	1.20313	27.4796	31.0433	33.3398	64.383	6.8545	1202.92	79.748	48.2017	35.455	29.7342	0.0095	0.0005	0.0005					
2015/03/16 21:40:00		2.41493	138.14	23.7198	92.229	1008.95	1.18125	27.427	27.5214	30.9161	58.437	6.5113	1200.21	3.56452	53.857	38.1792	30.6867	0.008667	0.001333	0.001333					
2015/03/16 21:45:00		1.96523	138.593	23.7182	92.135	1008.98	1.19583	27.4847	37.7813	33.2611	71.042	6.5399	1204.38	16.5047	52.981	38.6517	32.2692	0.009	0.001	0.001					
2015/03/16 21:50:00		1.94649	139.172	23.7193	92.133	1009.01	1.16667	27.5706	31.1684	33.0934	64.262	6.6972	1188.13	65.647	47.4783	35.7867	29.9408	0.002333	0.007667	0.008167					
2015/03/16 21:55:00		2.47583	140.778	23.7193	92.129	1009.04	1.19583	27.6463	27.2802	31.7001	58.98	6.1728	1133.13	132.684	49.7483	36.3475	30.1658	0.01	0.0	0.0					
2015/03/16 22:00:00		2.40202	139.479	23.7203	92.133	1009.04	1.18125	27.7373	27.0345	34.4832	61.518	5.8201	1115.0	167.318	48.1225	35.4358	28.8992	0.005833	0.004167	0.004167					
2015/03/16 22:05:00		2.53569	144.903	23.7203	92.103	1009.04	1.17396	27.8386	25.393	33.8465	59.239	6.0394	1043.54	157.046	51.007	36.1808	29.2608	0.0075	0.0025	0.0025					
2015/03/16 22:10:00		2.92686	143.289	23.7172	92.048	1009.03	1.1375	27.9435	20.3725	33.0352	53.408	6.4159	1048.96	137.952	51.915	36.2308	29.0808	0.0035	0.0065	0.007					
2015/03/16 22:15:00		2.81749	132.784	23.6177	92.037	1008.98	1.225	27.7591	18.8047	31.522	50.327	6.8497	1031.67	187.423	52.735	36.9658	29.3717	0.008333	0.001667	0.001667					
2015/03/16 22:20:00		2.48596	139.174	23.6729	92.11	1008.95	1.17396	27.5075	24.9553	31.7001	56.655	6.3063	1015.83	90.72	58.962	41.7067	33.4792	0.002167	0.007833	0.0085					
2015/03/16 22:25:00		2.26777	142.22	23.7203	92.059	1008.9	1.18125	27.3322	32.5419	33.7472	66.289	6.1585	1095.21	37.3132	59.999	41.1875	32.1975	0.01	0.0	0.0					
2015/03/16 22:30:00		2.28995	141.281	23.7193	92.04	1008.84	1.21042	27.3655	26.9541	33.1447	60.099	6.1347	1112.29	8.8899	52.551	38.065	30.7275	0.004667	0.005333	0.0075					
2015/03/16 22:35:00		2.22294	147.543	23.7198	92.034	1008.82	1.23958	27.4463	26.9921	31.4947	58.487	6.087	1192.29	36.5131	57.107	40.0975	30.76	0.008167	0.001833	0.001833					
2015/03/16 22:40:00		1.92193	147.187	23.7031	92.036	1008.82	1.20313	27.5343	27.0233	31.7993	58.823	5.9107	1159.79	99.328	59.325	40.5442	30.6675	0.003333	0.006667	0.0075					
2015/03/16 22:45:00		2.02955	154.412	23.6224	92.033	1008.76	1.1375	27.6318	22.5768	30.7723	53.349	5.8964	1054.79	161.957	56.383	39.6117	30.14	0.007333	0.001667	0.002667					
2015/03/16 22:50:00		2.01197	148.544	23.6167	92.03	1008.75	1.18854	27.7671	19.4814	30.1048	49.5862	5.8821	972.5	169.265	57.698	40.1775	30.4608	0.001167	0.008833	0.008					
2015/03/16 22:55:00		2.49312	144.405	23.6214	92.032	1008.74	1.16667	27.8906	15.9125	28.2425	44.155	5.4435	932.08	146.374	56.227	39.1042	30.2667	0.009	0.001	0.001					
2015/03/16 23:00:00		2.29952	139.94	23.6198	92.055	1008.71	1.21771	28.0184	15.0996	27.7838	42.8833	5.5532	872.5	129.548	55.566	39.075	30.4067	0.006833	0.003167	0.003167					
2015/03/16 23:05:00		2.32508	140.526	23.6208	92.131	1008.67	1.20313	27.9489	12.462	23.9804	36.4424	5.577	797.5	174.065	54.388	38.4217	30.1608	0.007167	0.002833	0.003					
2015/03/16 23:10:00		2.49309	140.203	23.6193	92.131	1008.65	1.23958	27.6731	11.6044	23.3334	34.9378	5.5675	762.71	97.192	54.865	38.5158	30.0542	0.000167	0.009833	0.009833					
2015/03/16 23:15:00		2.97256	149.69	23.6182	92.131	1008.55	1.24688	27.4855	10.9545	21.3034	32.2579	5.3959	714.38	46.8031	57.097	40.2192	31.02	0.0095	0.0005	0.0015					
2015/03/16 23:20:00		2.63381	156.404	23.6214	92.134	1008.41	1.15208	27.5008	11.4503	20.9405	32.3908	5.2052	658.75	4.69317	54.692	38.8492	30.7442	0.008333	0.001667	0.001667					
2015/03/16 23:25:00		3.24269	153.696	23.6104	92.13	1008.29	1.10833	27.5778	10.2242	20.8789	31.1031	5.21	605.83	27.8626	51.208	38.6567	30.9325	0.009	0.001	0.001					
2015/03/16 23:30:00		3.34398	151.57	23.5104	92.128	1008.2	1.12292	27.6638	8.5916	15.2681	23.8597	5.0717	551.46	89.545	50.668	38.6867	31.2483	0.008667	0.001333	0.002667					
2015/03/16 23:35:00		2.88984	135.276	23.5141	92.176	1008.25	1.10833	27.7623	10.2398	19.4719	29.7117	4.63797	514.58	158.375	55.06	39.9767	31.9175	0.01	-0.001333	0.0					
2015/03/16 23:40:00		2.62977	134.787	23.5089	92.229	1008.28	1.15937	27.8772	10.3202	20.8413	31.1615	5.0527	495.833	155.543	58.218	42.3992	33.585	0.0055	0.004333	0.0045					
2015/03/16 23:45:00		2.93885	140.435	23.5891	92.227	1008.23	1.17396	27.9942	9.8155	20.629	30.4445	5.5246	477.083	137.956	57.343	40.695	32.0167	0.009167	0.000833	0.000833					
2015/03/16 23:50:00		2.53773	133.631	23.6229	92.238	1008.15	1.10833	28.0863	14.6484	27.5955	42.2439	5.639	446.875	139.134	57.265	40.1517	31.3283	0.003	0.007	0.007					
2015/03/16 23:55:00		2.44581	134.258	23.6177	92.276	1008.08	1.17396	27.8412	11.0639	23.1212	34.1851	5.7391	433.125	165.861	60.763	42.2167	31.7283	0.005167	0.004833	0.004833					
2015/03/17 00:00:00		2.58481	137.515	23.6172	92.309	1008.03	1.09375	27.3083	10.3872	19.5062	29.8934	5.8773	460.0	51.768	61.197	43.285	32.39	0.001667	0.008333	0.009333					
