-- 1st mean values --
Format: XTAB(V:1;HEAD:2;COL:TCFFFFFFFFFFFFFFFFFFFFFFFF)
StartTime: 2015/03/22 00:00:00
EndTime: 2015/03/23 00:00:00
Period: 24 h
Station: Gia Lam

Time	MeasPt	Wind Spd.	Wind Dir.	Temp	RH	Barometer	Radiation	InnerTemp	NO	NO2	NOx	SO2	CO	O3	PM-10	PM-2.5	PM-1	CH4	NMHC	THC	BENZEN	TOLUEN	ETHYL BENZEN	MP-XYLEN	O-XYLEN
		m/s	degree	°C	%	hPa	W/m²	°C	µg/m3	µg/m3	µg/m3	µg/m3	µg/m3	µg/m3	µg/m3	µg/m3	µg/m3	ppm	ppmC	ppmC	ug/m3	ug/m3	ug/m3	ug/m3	ug/m3
2015/03/22 00:05:00		1.91144	175.149	22.8312	85.06	1015.31	1.1375	26.9351	12.156	34.9283	47.0843	6.5399	946.67	36.4238	79.177	57.471	48.1925	0.008	0.002	0.002					
2015/03/22 00:10:00		1.712	169.849	22.8219	85.032	1015.31	1.1375	26.6457	8.241	31.659	39.9	6.4016	883.96	35.4095	83.604	58.638	48.6867	0.000833	0.009167	0.009167					
2015/03/22 00:15:00		2.00664	163.836	22.8208	84.97	1015.25	1.13021	26.5163	2.61077	6.7166	9.3273	6.7544	850.42	37.1882	86.431	59.823	49.3692	0.009	0.0005	0.001					
2015/03/22 00:20:00		2.20291	163.676	22.8198	84.814	1015.19	1.14479	26.3724	0.276933	0.181437	0.45837	6.9355	841.88	39.7027	84.58	60.435	50.818	0.007333	0.002667	0.003667					
2015/03/22 00:25:00		1.41668	156.847	22.8188	84.671	1015.22	1.15208	26.2562	0.011167	0.15405	0.165217	7.0356	834.38	41.0028	84.841	59.802	50.357	0.009	0.001	0.001					
2015/03/22 00:30:00		0.92897	162.403	22.8141	84.564	1015.26	1.11563	26.1214	162.214	2.99199	165.206	6.9117	827.71	41.4528	86.639	60.957	50.466	0.005667	0.004333	0.0045					
2015/03/22 00:35:00		1.32638	164.961	22.8208	84.672	1015.27	1.1375	26.01	209.656	2.14643	211.803	6.4731	888.33	41.1313	89.162	61.485	50.482	0.01	0.0	0.0					
2015/03/22 00:40:00		0.97138	164.95	22.8172	84.753	1015.26	1.16667	25.8916	214.273	1.69797	215.971	6.4207	923.75	40.8027	90.657	61.777	50.75	0.006167	0.003833	0.003833					
2015/03/22 00:45:00		1.14314	162.097	22.8167	84.751	1015.34	1.15208	25.774	216.493	0.445033	216.938	6.7877	987.29	41.5171	94.602	64.218	51.727	0.008	0.002	0.002					
2015/03/22 00:50:00		1.17378	166.188	22.8161	84.707	1015.34	1.21042	25.8242	70.611	36.5817	107.193	7.0118	1033.96	41.3099	91.307	61.835	50.172	0.009833	0.000167	0.000167					
2015/03/22 00:55:00		0.98023	172.214	22.8156	84.595	1015.3	1.07917	26.0588	27.4276	45.0237	72.451	7.1357	1047.92	43.9922	88.222	59.993	49.4733	0.01	-0.001333	0.0					
2015/03/22 01:00:00		1.14513	153.25	22.8141	84.554	1015.18	1.17396	26.2438	20.598	43.3052	63.903	6.9927	1058.54	71.73	84.375	58.403	48.4383	0.007833	0.002167	0.002333					
2015/03/22 01:05:00		1.14202	156.926	22.8151	84.449	1015.08	1.15937	26.1955	17.6902	42.6753	60.366	7.2167	1070.21	85.291	88.573	59.34	48.3117	0.007333	0.002667	0.002667					
2015/03/22 01:10:00		0.90823	158.065	22.8161	84.303	1014.99	1.16667	26.0768	30.7977	45.1195	75.917	6.578	1023.33	56.807	85.95	58.093	46.8183	0.009167	0.000833	0.000833					
2015/03/22 01:15:00		1.26713	142.728	22.8182	84.186	1014.97	1.18125	25.9023	24.3835	44.9175	69.301	6.5971	981.46	46.7281	85.334	57.406	45.8	0.005833	0.004167	0.004167					
2015/03/22 01:20:00		1.14127	152.193	22.8146	84.03	1014.96	1.14479	25.6999	16.3748	39.9571	56.332	6.0775	942.5	41.242	78.66	54.472	44.7117	0.005	0.005	0.005					
2015/03/22 01:25:00		1.211	157.557	22.8172	83.798	1015.05	1.11563	25.5818	16.5557	38.5467	55.102	6.5256	903.96	37.1418	76.284	53.578	44.2208	0.007667	0.002333	0.002333					
2015/03/22 01:30:00		1.57707	151.477	22.8276	83.604	1015.03	1.16667	25.7729	12.2007	36.1778	48.3785	5.8058	816.67	36.756	67.742	50.536	42.7383	0.009833	0.000167	0.000167					
2015/03/22 01:35:00		1.45725	159.274	22.8891	83.371	1014.99	1.18125	25.9963	11.0349	33.2063	44.2412	5.8487	724.38	42.21	63.791	48.0275	41.5533	0.01	-0.000167	0.0					
2015/03/22 01:40:00		1.62762	153.804	22.912	83.259	1014.92	1.15208	26.0846	9.1946	32.9427	42.1374	5.5722	684.79	96.914	64.687	47.7433	41.0417	0.0075	0.0025	0.0025					
2015/03/22 01:45:00		1.45952	164.03	22.9104	83.125	1014.94	1.14479	26.0258	7.5062	32.1006	39.6068	5.4102	671.88	61.94	63.727	47.6258	40.4233	0.0065	0.0035	0.0035					
2015/03/22 01:50:00		1.63092	145.128	22.9469	82.93	1014.83	1.15937	25.8857	8.4085	33.0215	41.43	5.4292	631.46	47.2174	60.167	45.8075	39.9842	0.006	0.004	0.004					
2015/03/22 01:55:00		1.91889	151.225	23.0104	82.717	1014.81	1.15208	25.7208	8.4956	33.6171	42.1127	5.4388	612.5	40.0026	58.365	45.5675	39.6558	0.005333	0.004667	0.004667					
2015/03/22 02:00:00		1.77239	148.659	23.0089	82.553	1014.77	1.16667	25.5404	8.241	31.7206	39.9616	5.6962	586.25	35.5988	59.319	46.0642	39.0233	0.006833	0.003167	0.003667					
2015/03/22 02:05:00		1.77436	148.18	23.0083	82.401	1014.78	1.13021	25.6481	9.15	34.1272	43.2772	5.2862	562.5	31.8521	58.432	45.4508	38.0292	0.008333	-0.002	0.001667					
2015/03/22 02:10:00		1.7464	162.854	23.0068	82.241	1014.75	1.10104	25.8894	7.2472	30.8442	38.0914	5.005	517.08	35.3309	59.294	44.7008	36.9467	0.009167	-0.0005	0.000833					
2015/03/22 02:15:00		2.19437	150.543	23.0307	82.057	1014.68	1.15937	26.0757	5.8692	28.1911	34.0603	5.1957	511.46	72.637	59.82	44.5517	36.8383	0.006833	0.002167	0.003167					
2015/03/22 02:20:00		1.69427	145.555	23.1125	81.869	1014.64	1.21771	26.0392	4.74807	28.7697	33.5178	5.1051	489.375	75.651	63.182	46.6958	37.935	0.006167	0.003833	0.003833					
2015/03/22 02:25:00		2.11337	158.279	23.1099	81.676	1014.66	1.15208	25.9235	5.8268	28.4205	34.2473	5.1242	470.625	49.664	53.903	43.1958	36.0633	0.005667	0.004333	0.004333					
2015/03/22 02:30:00		1.87628	170.303	23.1135	81.449	1014.64	1.14479	25.7606	5.1009	29.3448	34.4457	5.1909	446.458	40.1384	52.436	41.07	35.3192	0.008667	0.001333	0.001333					
2015/03/22 02:35:00		2.1262	160.978	23.1135	81.327	1014.6	1.10104	25.5498	4.0066	23.9291	27.9357	5.2338	429.583	34.9702	52.391	40.885	35.2367	0.006667	0.003333	0.003333					
2015/03/22 02:40:00		1.52306	143.494	23.113	81.198	1014.37	1.12292	25.5026	2.74477	23.0185	25.7633	5.434	423.75	30.8842	54.813	42.445	36.2633	0.009667	0.000333	0.0005					
2015/03/22 02:45:00		1.31545	139.419	23.1104	81.087	1014.25	1.06458	25.759	4.45103	26.5103	30.9613	5.1099	402.917	31.895	54.035	42.6442	36.2092	0.008333	-0.004167	0.001667					
2015/03/22 02:50:00		1.07317	132.889	23.1156	81.227	1014.26	1.09375	26.0156	6.0099	29.5673	35.5772	4.6475	428.333	38.1275	66.093	46.9208	36.9283	0.007333	0.002667	0.002667					
2015/03/22 02:55:00		1.50108	117.467	23.1151	81.327	1014.28	1.1375	26.0881	18.1503	38.0812	56.231	4.9049	454.375	97.414	56.005	42.65	36.045	0.005833	0.004167	0.004167					
2015/03/22 03:00:00		1.64419	130.846	23.1146	81.292	1014.33	1.15937	25.9963	12.835	36.9549	49.7898	5.0956	485.208	55.732	53.007	42.135	36.2992	0.003	0.007	0.007					
2015/03/22 03:05:00		1.14114	123.346	23.1151	81.242	1014.3	1.14479	25.8462	8.2879	29.9918	38.2797	4.9335	482.5	43.6279	61.108	44.7433	37.7992	0.006667	0.003333	0.003333					
2015/03/22 03:10:00		1.22145	126.357	23.1115	81.421	1014.23	1.11563	25.6462	10.6575	31.2893	41.9467	5.2672	500.21	36.3453	58.118	45.3525	38.6075	0.006167	0.002833	0.003833					
2015/03/22 03:15:00		0.92845	126.68	23.1156	81.604	1014.2	1.17396	25.4607	16.1269	38.0058	54.133	5.2672	515.42	32.6486	57.513	45.0492	38.9808	0.007	0.003	0.0045					
2015/03/22 03:20:00		1.15431	135.249	23.0677	81.706	1014.15	1.14479	25.5812	14.0611	36.4106	50.472	5.3101	551.25	30.4627	55.882	45.6325	39.7325	0.01	-0.001	0.0					
2015/03/22 03:25:00		1.33948	127.846	23.013	81.972	1014.09	1.09375	25.8266	14.5814	36.3421	50.924	5.21	568.33	34.5023	65.411	48.155	40.2242	0.009167	0.0005	0.000833					
2015/03/22 03:30:00		1.34248	125.214	23.0115	82.299	1014.02	1.06458	26.0269	17.4155	38.8069	56.222	5.6771	591.46	70.469	64.081	47.8558	40.6567	0.006	0.004	0.004					
2015/03/22 03:35:00		1.50516	134.314	23.0109	82.602	1013.96	1.15208	25.9813	13.8132	36.1401	49.9533	5.4006	643.96	85.695	69.361	49.1783	41.0475	0.0055	0.0045	0.0045					
2015/03/22 03:40:00		1.71849	132.951	23.0109	82.639	1013.88	1.1375	25.8583	10.682	34.1614	44.8435	5.6199	688.96	53.107	76.832	54.148	44.4325	0.009833	0.000167	0.000167					
2015/03/22 03:45:00		1.26095	110.401	23.0104	82.624	1013.82	1.16667	25.6835	12.2878	34.4182	46.706	5.8201	725.0	45.0459	79.912	54.832	45.3892	0.006167	0.003833	0.003833					
2015/03/22 03:50:00		1.32176	96.366	23.0089	82.599	1013.8	1.12292	25.4602	15.1286	36.2736	51.402	5.9059	751.67	40.3705	82.147	56.346	46.14	0.006	0.004	0.004					
2015/03/22 03:55:00		1.2245	101.679	22.9354	82.929	1013.83	1.10833	25.4532	20.8549	38.0777	58.933	6.2968	775.83	34.3559	78.914	56.465	46.8333	0.0055	0.003333	0.0045					
2015/03/22 04:00:00		0.90334	109.922	22.9151	83.173	1013.86	1.13021	25.661	33.1337	39.3615	72.495	6.2682	792.5	37.2239	71.105	55.217	47.4917	0.01	0.0	0.000167					
2015/03/22 04:05:00		1.04682	103.512	22.9115	83.59	1013.83	1.17396	25.8699	21.6477	37.1363	58.784	6.2443	817.5	44.9923	75.053	56.478	48.4833	0.006667	0.003333	0.0035					
2015/03/22 04:10:00		1.4477	124.251	22.8266	83.938	1013.84	1.14479	25.9684	21.2747	37.4033	58.678	6.9498	909.17	118.19	77.24	58.317	49.7767	0.009833	-0.000333	0.002833					
2015/03/22 04:15:00		1.31298	128.443	22.8141	84.286	1013.88	1.18125	25.8967	21.402	35.8081	57.21	6.6209	952.92	70.048	76.097	57.65	49.985	0.003833	0.006167	0.007167					
2015/03/22 04:20:00		1.39393	122.57	22.8156	84.452	1013.91	1.13021	25.7614	31.3426	39.4847	70.827	6.8211	1007.71	54.668	75.925	58.273	50.872	0.0085	0.0015	0.0015					
2015/03/22 04:25:00		1.39551	125.921	22.8125	84.588	1013.91	1.12292	25.5697	26.1881	37.239	63.427	6.5637	1064.17	45.6173	79.082	60.146	51.877	0.0045	0.0055	0.0055					
2015/03/22 04:30:00		1.22922	128.832	22.813	84.747	1013.92	1.12292	25.4204	29.6386	38.1428	67.781	6.926	1134.38	39.474	79.745	61.122	52.92	0.009333	0.0005	0.0015					
2015/03/22 04:35:00		1.00029	138.316	22.8172	84.83	1013.93	1.16667	25.585	23.8453	37.2082	61.054	7.1834	1219.17	38.2418	75.98	61.367	53.011	0.009667	0.000333	0.000333					
2015/03/22 04:40:00		1.56863	135.745	22.7281	84.844	1013.91	1.14479	25.8127	21.4534	35.3938	56.847	6.9832	1241.88	44.1887	80.574	63.106	54.711	0.01	-0.000333	0.0					
2015/03/22 04:45:00		1.2171	134.927	22.713	84.965	1013.91	1.13021	25.9611	20.1246	36.4688	56.593	6.7782	1210.63	105.182	86.211	65.113	55.482	0.006833	0.000333	0.003167					
2015/03/22 04:50:00		1.13324	147.4	22.7083	85.111	1013.93	1.13021	25.9281	21.0581	38.4783	59.536	7.6076	1208.33	95.739	87.389	65.182	55.756	0.004833	0.005167	0.005167					
2015/03/22 04:55:00		1.35555	138.717	22.7135	85.235	1013.92	1.13021	25.7917	30.4225	38.1839	68.606	7.6648	1239.58	63.815	87.397	66.028	56.303	0.0055	0.0045	0.0045					
2015/03/22 05:00:00		1.2953	141.54	22.6469	85.328	1013.96	1.15937	25.6119	37.9979	40.1146	78.113	8.3083	1323.33	52.618	82.793	64.688	56.305	0.008167	0.001833	0.001833					
2015/03/22 05:05:00		1.53653	157.416	22.6115	85.33	1014.03	1.14479	25.4462	32.591	40.7787	73.37	7.4503	1362.08	45.2244	88.32	65.785	56.384	0.003	0.007	0.007					
2015/03/22 05:10:00		1.38194	160.385	22.5792	85.33	1014.04	1.20313	25.5777	34.6613	38.7898	73.451	7.4598	1390.21	38.0168	83.835	64.342	55.799	0.01	-0.0055	0.0					
2015/03/22 05:15:00		1.58044	146.023	22.5042	85.257	1014.08	1.09375	25.8014	23.2557	35.4931	58.749	7.579	1358.33	43.0886	83.893	63.279	54.272	0.009167	0.0	0.001					
2015/03/22 05:20:00		1.90888	139.191	22.4125	85.224	1014.06	1.17396	26.0154	17.1498	33.3604	50.51	7.1405	1287.92	60.725	81.907	61.621	52.942	0.008167	-0.000833	0.001833					
2015/03/22 05:25:00		1.37143	141.683	22.3818	85.306	1014.13	1.10104	26.0272	18.329	34.2744	52.603	6.5685	1229.79	149.753	85.96	62.034	53.288	0.008167	0.001833	0.001833					
2015/03/22 05:30:00		1.40555	143.239	22.388	85.516	1014.15	1.10104	25.9184	23.6599	34.9762	58.636	6.6018	1215.0	79.891	84.887	63.785	55.138	0.009	0.000333	0.001					
2015/03/22 05:35:00		2.16404	130.577	22.3188	85.447	1014.14	1.10104	25.7541	45.2719	40.2276	85.499	7.0976	1254.38	62.958	79.56	61.055	53.398	0.008167	0.001833	0.001833					
2015/03/22 05:40:00		1.43365	125.367	22.3401	85.518	1014.14	1.1375	25.5203	22.0006	36.7563	58.757	6.8545	1252.29	52.375	88.238	64.592	55.787	0.0095	0.0005	0.0005					
2015/03/22 05:45:00		1.32875	131.804	22.4099	85.47	1014.16	1.07917	25.4959	51.469	38.2455	89.715	7.4741	1374.79	38.3847	95.574	67.004	56.796	0.0085	0.0015	0.001667					
2015/03/22 05:50:00		1.31995	134.393	22.3823	85.329	1014.2	1.08646	25.7082	82.546	47.331	129.877	7.293	1479.38	43.8886	97.081	67.775	56.688	0.01	-0.003167	0.0					
2015/03/22 05:55:00		1.25872	138.297	22.3068	85.342	1014.32	1.15208	25.8094	79.636	46.8244	126.461	7.6553	1605.42	76.712	102.545	69.943	57.342	0.007667	0.002333	0.002333					
2015/03/22 06:00:00		1.32266	141.431	22.3089	85.487	1014.44	1.18854	25.9407	88.518	47.865	136.383	8.1224	1827.92	77.762	108.568	73.018	58.597	0.009667	0.000333	0.000333					
2015/03/22 06:05:00		1.90438	133.028	22.3047	85.605	1014.5	1.10833	26.0712	90.267	49.1488	139.416	8.3131	2113.13	78.687	98.03	67.61	56.269	0.0025	0.0075	0.0075					
2015/03/22 06:10:00		1.30102	127.757	22.3094	85.533	1014.57	1.15937	26.2105	70.678	48.2245	118.903	8.1891	2131.67	77.916	101.106	69.337	57.235	0.009667	-0.000333	0.000333					
2015/03/22 06:15:00		1.56205	133.842	22.313	85.445	1014.67	1.12292	26.3482	63.61	44.606	108.216	8.3274	2146.67	77.652	97.76	68.203	57.363	0.007	0.003	0.003833					
2015/03/22 06:20:00		1.14359	129.455	22.3099	85.502	1014.73	1.1375	26.5024	68.478	47.3824	115.861	8.5133	2230.83	77.644	89.247	65.393	55.407	0.01	-0.0005	0.000167					
2015/03/22 06:25:00		0.8309	116.699	22.3109	85.41	1014.78	1.45833	26.6465	60.208	46.3725	106.581	8.8517	2258.54	77.305	97.824	70.6	58.974	0.01	0.0	0.003167					
2015/03/22 06:30:00		0.81517	130.703	22.3109	85.434	1014.89	1.94687	26.7697	70.868	47.4542	118.322	9.1091	2472.5	77.848	103.791	69.267	55.869	0.01	-0.000167	0.0					
2015/03/22 06:35:00		1.37748	134.231	22.3974	85.447	1014.96	3.38333	26.8924	84.724	50.747	135.471	9.438	2642.08	77.262	105.295	70.445	56.764	0.007	0.003	0.005					
2015/03/22 06:40:00		1.19182	136.249	22.4255	85.534	1015.02	5.7167	27.0093	90.224	50.97	141.194	10.2626	2920.83	76.719	108.221	72.382	57.334	0.009167	0.000833	0.000833					
2015/03/22 06:45:00		1.38973	133.126	22.5089	85.486	1015.03	7.926	27.108	117.636	48.4744	166.111	11.6783	3151.67	77.602	99.53	67.173	54.685	0.007333	0.002667	0.0055					
2015/03/22 06:50:00		1.10347	147.527	22.5109	85.245	1015.04	8.2688	27.2066	104.411	49.6383	154.049	11.7165	3232.08	77.255	97.492	66.048	54.053	0.01	0.0	0.0					
2015/03/22 06:55:00		1.75123	157.44	22.5474	85.012	1015.04	7.0219	27.3008	105.317	51.685	157.003	10.8108	3270.42	77.066	97.524	65.942	54.392	0.0065	0.0035	0.008167					
2015/03/22 07:00:00		1.67033	161.299	22.6135	84.759	1015.14	10.0333	27.3843	97.235	50.419	147.654	10.6583	3286.67	76.741	126.718	87.819	72.741	0.01	-0.0005	0.0					
2015/03/22 07:05:00		2.32706	167.181	22.6161	84.408	1015.22	20.1688	27.4689	109.317	51.179	160.496	11.073	3296.04	78.555	113.593	79.225	66.932	0.005667	0.004333	0.008833					
2015/03/22 07:10:00		1.79497	154.953	22.5526	83.976	1015.37	30.0635	27.5548	106.718	52.011	158.728	11.5449	3090.0	78.991	94.863	67.468	57.253	0.009833	0.000167	0.000167					
2015/03/22 07:15:00		1.53789	149.226	22.5068	83.853	1015.54	27.6354	27.6407	97.862	46.4991	144.362	10.9061	2914.79	77.337	100.9	68.845	56.237	0.007	0.003	0.0035					
2015/03/22 07:20:00		1.24779	176.73	22.6063	83.776	1015.69	19.2208	27.7384	118.519	49.4843	168.003	10.8394	2939.38	76.105	95.678	64.747	53.842	0.0095	0.0005	0.0005					
2015/03/22 07:25:00		1.37253	171.967	22.6109	83.578	1015.86	14.1313	27.834	95.071	48.2416	143.312	10.806	2830.0	74.684	78.035	56.245	47.98	0.007667	0.002333	0.002667					
2015/03/22 07:30:00		1.91155	156.046	22.6156	83.446	1015.91	21.8896	27.9137	68.007	43.1853	111.193	10.2197	2715.83	73.033	91.847	62.687	52.055	0.009833	-0.0005	0.000167					
2015/03/22 07:35:00		2.02133	144.713	22.6115	83.289	1015.97	30.1073	28.002	89.657	46.0781	135.735	11.664	2786.04	72.43	81.938	57.773	48.105	0.004167	0.005833	0.006667					
2015/03/22 07:40:00		2.1435	139.295	22.6177	83.072	1016.05	25.3677	28.0772	88.342	48.6421	136.984	11.0777	2830.42	70.312	84.73	58.702	48.855	0.009	-0.003333	0.001					
2015/03/22 07:45:00		1.28276	154.204	22.7109	82.971	1016.13	21.6052	28.1494	91.859	48.2108	140.07	10.1435	2870.83	69.587	92.68	62.295	50.082	0.0085	0.0015	0.0015					
2015/03/22 07:50:00		1.52242	148.817	22.7161	82.869	1016.25	17.1354	28.2413	100.069	51.1	151.169	10.1292	3101.67	70.122	92.609	61.932	49.9008	0.009	0.001	0.001					
2015/03/22 07:55:00		1.53192	146.721	22.8208	82.728	1016.41	13.1323	28.3177	95.875	49.7616	145.636	10.2102	3436.88	70.176	86.226	60.025	49.1175	0.003333	0.006667	0.007167					
2015/03/22 08:00:00		1.86936	146.168	22.8182	82.447	1016.46	17.9229	28.3913	86.673	48.3443	135.018	10.8203	3537.08	69.544	82.356	57.833	48.18	0.01	0.0	0.0					
2015/03/22 08:05:00		2.10347	158.389	22.8198	82.019	1016.67	15.1229	28.4684	85.749	47.8753	133.624	10.806	3489.38	69.219	87.261	59.54	48.5825	0.003667	0.006333	0.006333					
2015/03/22 08:10:00		1.04135	148.342	22.813	81.776	1016.71	15.174	28.5629	84.86	49.6828	134.543	11.2112	3591.25	67.462	87.64	60.002	48.685	0.0095	-0.000167	0.0015					
2015/03/22 08:15:00		1.65991	160.412	22.8193	81.83	1016.72	14.751	28.6262	85.166	48.7551	133.921	10.4962	3675.0	67.883	93.765	62.631	50.588	0.005	0.004	0.005					
2015/03/22 08:20:00		1.88622	148.672	22.8469	81.844	1016.65	20.0885	28.6821	104.589	50.946	155.535	11.2255	3902.08	67.954	95.89	64.384	52.08	0.009	0.001	0.001					
2015/03/22 08:25:00		1.29245	159.699	22.9214	81.837	1016.63	21.5104	28.747	101.487	49.9978	151.485	11.3256	4124.79	67.887	102.58	69.037	56.171	0.006167	0.003833	0.003833					
2015/03/22 08:30:00		1.03861	157.574	22.9151	81.704	1016.77	13.949	28.8176	108.319	50.306	158.625	11.4352	4220.63	69.108	98.662	66.441	54.257	0.008667	0.001333	0.001333					
2015/03/22 08:35:00		1.42793	157.851	22.9146	81.658	1016.8	14.124	28.8781	109.82	49.8711	159.691	11.6021	4220.63	68.758	98.135	65.728	53.318	0.006167	0.003833	0.003833					
2015/03/22 08:40:00		1.52126	160.094	22.9651	81.626	1016.8	16.8802	28.9393	108.078	50.771	158.849	10.7965	4208.75	68.558	96.817	64.797	52.653	0.007167	0.002833	0.002833					
2015/03/22 08:45:00		1.6225	163.415	23.0125	81.369	1016.86	17.449	28.9984	115.448	52.384	167.832	11.2922	4234.17	68.676	91.326	62.698	50.784	0.002333	0.007667	0.007667					
2015/03/22 08:50:00		1.54441	162.958	23.013	81.103	1016.98	21.4813	29.0531	116.569	53.64	170.209	11.1254	4218.54	68.54	92.686	62.337	49.975	0.007333	0.002667	0.002667					
2015/03/22 08:55:00		1.35538	151.427	23.0104	80.979	1016.99	21.751	29.1103	113.708	55.17	168.878	11.4019	4201.25	68.19	97.128	64.926	52.055	0.005667	0.004333	0.005333					
2015/03/22 09:00:00		1.48872	149.706	23.0135	80.817	1016.99	24.2667	29.1565	110.28	53.555	163.834	10.8918	4186.88	67.815	93.43	62.663	50.96	0.007833	0.0005	0.002167					
2015/03/22 09:05:00		1.85798	172.395	23.0115	80.659	1017.12	21.4813	29.1927	103.461	51.816	155.277	10.1911	4098.75	67.015	92.424	62.225	51.198	0.0045	0.004667	0.0055					
2015/03/22 09:10:00		1.83687	163.237	23.0135	80.455	1017.03	32.8854	29.2512	94.363	50.943	145.305	10.1435	3917.08	65.89	88.237	60.183	50.293	0.009167	0.000333	0.000833					
2015/03/22 09:15:00		1.87807	154.895	23.0078	80.4	1017.11	34.6427	29.2918	81.617	50.159	131.776	9.9051	3888.33	66.104	96.578	64.643	51.774	0.005333	0.003667	0.004667					
2015/03/22 09:20:00		1.15678	156.387	23.0104	80.334	1016.99	43.4802	29.349	89.63	50.891	140.522	9.7621	3916.67	66.204	88.077	60.345	49.3567	0.007667	0.002333	0.002333					
2015/03/22 09:25:00		1.16174	152.972	23.0682	80.198	1017.07	41.2781	29.3855	95.319	52.463	147.781	9.6191	3909.79	65.719	95.806	64.369	50.847	0.007333	0.002667	0.002667					
2015/03/22 09:30:00		1.17751	145.662	23.1125	79.961	1017.05	33.4542	29.429	104.973	53.979	158.952	10.2483	4195.21	66.162	96.386	64.515	51.265	0.0095	0.0005	0.0005					
2015/03/22 09:35:00		1.2805	162.993	23.1182	79.666	1017.07	36.3125	29.4706	115.227	58.306	173.533	10.6392	4333.33	65.976	96.333	64.643	51.009	0.007667	0.002333	0.002833					
2015/03/22 09:40:00		1.40109	143.713	23.1656	79.56	1017.07	52.186	29.5159	124.933	57.293	182.226	11.44	4485.83	65.804	95.507	64.104	52.047	0.0095	0.0005	0.0005					
2015/03/22 09:45:00		1.62919	142.756	23.2214	79.428	1017.02	46.9875	29.5371	118.586	57.978	176.563	12.2122	4615.63	65.647	99.398	66.86	53.645	0.0055	0.0045	0.0045					
2015/03/22 09:50:00		2.15443	139.151	23.2245	79.312	1016.92	66.916	29.5715	127.843	59.771	187.614	11.807	4615.21	66.008	88.32	60.014	49.7283	0.008667	0.001333	0.001333					
2015/03/22 09:55:00		2.3046	134.567	23.224	78.785	1017.06	51.603	29.6075	110.139	58.967	169.106	11.3923	4422.08	65.872	83.317	57.899	49.285	0.0075	0.0025	0.0025					
2015/03/22 10:00:00		1.72521	129.94	23.2198	78.618	1016.95	50.079	29.6311	81.162	53.325	134.487	11.3447	4110.83	64.89	93.718	63.267	52.163	0.006667	0.003333	0.003333					
2015/03/22 10:05:00		2.34863	137.419	23.312	78.556	1016.89	41.7813	29.6569	80.474	54.814	135.288	12.6174	4141.25	65.347	90.523	61.847	51.628	0.005167	0.004833	0.004833					
2015/03/22 10:10:00		2.57138	131.639	23.3188	78.435	1016.76	68.425	29.6854	86.305	55.526	141.831	14.4049	4163.13	65.469	85.295	59.335	50.198	0.0075	0.0025	0.0025					
2015/03/22 10:15:00		2.50589	142.569	23.3255	78.123	1016.66	98.168	29.731	99.589	56.03	155.619	13.2609	4015.42	64.476	83.263	57.478	48.865	0.0085	0.0015	0.003					
2015/03/22 10:20:00		2.1108	153.381	23.3438	78.24	1016.62	118.037	29.7707	82.942	54.082	137.023	12.7508	3871.88	63.89	90.888	61.778	51.51	0.0085	0.0015	0.0015					
2015/03/22 10:25:00		2.11408	151.672	23.4198	78.432	1016.67	111.563	29.8118	86.126	55.095	141.221	12.2932	3920.21	64.419	91.852	62.483	53.737	0.0095	0.0005	0.001667					
2015/03/22 10:30:00		1.37226	156.33	23.4797	78.703	1016.61	111.234	29.8585	97.465	56.574	154.039	11.9691	3826.25	65.079	86.455	59.957	53.102	0.009833	0.000167	0.000167					
2015/03/22 10:35:00		2.59099	140.119	23.5068	79.192	1016.51	88.878	29.8867	99.144	56.218	155.362	11.7927	3826.25	65.062	78.455	58.062	52.117	0.007667	0.002333	0.003167					
2015/03/22 10:40:00		1.71596	144.723	23.387	79.099	1016.42	118.796	29.9151	76.099	53.181	129.28	11.235	3589.58	64.951	84.477	59.596	51.657	0.007667	0.002333	0.002333					
2015/03/22 10:45:00		2.22295	136.202	23.326	79.594	1016.41	124.206	29.9031	70.841	51.525	122.366	10.2483	3366.04	65.59	92.172	61.897	50.797	0.005667	0.004333	0.004333					
2015/03/22 10:50:00		2.83612	141.934	23.3286	79.615	1016.29	133.379	29.5109	75.426	50.936	126.362	10.4342	3400.63	60.104	88.739	60.397	50.612	0.005833	0.004167	0.004167					
2015/03/22 10:55:00		2.66818	135.001	23.4198	79.448	1016.17	136.434	29.1237	85.941	51.398	137.339	10.234	3420.83	55.604	90.183	60.718	50.268	0.009833	0.000167	0.000167					
2015/03/22 11:00:00		1.68472	147.843	23.4198	79.065	1016.08	117.002	28.9473	75.69	50.6	126.29	10.3818	3360.83	50.846	90.928	61.527	50.728	0.007	0.003	0.003					
2015/03/22 11:05:00		1.53009	156.509	23.3693	78.772	1016.11	73.843	29.0222	79.19	53.89	133.08	14.2666	3309.17	78.748	85.017	59.022	49.8042	0.01	0.0	0.000833					
2015/03/22 11:10:00		1.74644	153.885	23.3245	78.822	1016.1	74.258	29.1371	76.57	54.811	131.381	13.6231	3243.96	75.498	95.325	65.171	52.694	0.006833	0.002667	0.003333					
2015/03/22 11:15:00		1.45106	141.275	23.3266	79.086	1016.08	103.979	29.2271	77.749	54.921	132.67	13.933	3220.0	72.09	87.952	61.686	50.663	0.007833	0.002	0.002167					
2015/03/22 11:20:00		1.33764	147.268	23.3505	79.16	1016.05	167.045	29.3119	77.41	52.832	130.242	12.7079	3136.04	69.612	92.429	63.198	50.998	0.006	0.004	0.004					
2015/03/22 11:25:00		1.41399	167.315	23.4505	79.081	1016.0	240.909	29.3941	80.559	56.851	137.41	12.503	3298.54	68.737	98.375	66.751	55.316	0.007167	0.002833	0.003833					
2015/03/22 11:30:00		1.85754	137.592	23.6276	78.795	1015.96	337.138	29.4808	97.679	60.802	158.481	12.1645	3644.79	68.587	89.142	61.995	51.985	0.006167	0.003833	0.004167					
2015/03/22 11:35:00		1.9171	153.246	23.7828	78.057	1015.94	378.248	29.5927	90.886	61.63	152.516	11.5687	3625.63	67.651	83.078	58.567	48.9433	0.01	0.0	0.0					
2015/03/22 11:40:00		2.64606	143.499	24.0068	77.541	1015.88	543.16	29.6937	75.036	60.001	135.036	10.7155	3442.08	66.619	84.349	58.563	48.7058	0.009167	0.000833	0.002333					
2015/03/22 11:45:00		2.08249	135.651	24.1474	76.138	1015.71	478.122	29.6945	67.509	60.138	127.647	10.3484	3260.42	66.829	77.715	55.758	48.4908	0.009667	0.000333	0.002					
2015/03/22 11:50:00		2.40007	153.111	24.3016	75.919	1015.51	482.052	29.397	55.23	55.29	110.521	10.0005	3014.17	60.858	85.887	59.023	49.47	0.007	0.003	0.003667					
2015/03/22 11:55:00		2.53003	148.716	24.512	75.28	1015.41	444.434	29.3017	64.273	58.118	122.391	9.8861	2944.58	59.422	84.363	58.081	48.4733	0.009667	0.000333	0.000333					
2015/03/22 12:00:00		2.67804	154.448	24.6453	74.074	1015.36	441.583	29.1522	57.906	57.83	115.736	9.948	2967.5	56.411	85.139	59.928	48.9233	0.004667	0.005333	0.005333					
2015/03/22 12:05:00		3.18909	139.213	24.7344	73.506	1015.22	404.593	28.9471	52.483	56.464	108.948	12.1788	2788.75	54.218	77.532	54.464	47.2458	0.008667	0.001333	0.001333					
2015/03/22 12:10:00		2.12502	148.42	24.7599	73.131	1015.16	338.939	28.7202	43.5478	54.907	98.455	13.4944	2555.63	50.775	80.992	56.347	47.9683	0.006333	0.003667	0.003667					
2015/03/22 12:15:00		2.90662	149.042	24.888	73.056	1015.1	387.348	28.496	63.072	58.214	121.285	12.3075	2521.25	49.7105	70.709	53.438	46.3525	0.01	0.0	0.002167					
2015/03/22 12:20:00		2.71078	158.944	24.9755	72.683	1014.99	535.58	28.3682	44.3875	56.841	101.229	11.3304	2507.92	46.5852	73.87	53.048	46.16	0.0065	0.002	0.0045					
2015/03/22 12:25:00		2.40702	149.488	25.1661	72.168	1014.89	616.73	28.5685	37.2364	56.875	94.112	10.2626	2465.21	48.8926	70.223	50.43	44.3083	0.01	-0.0035	0.0					
2015/03/22 12:30:00		3.00728	127.09	25.2979	71.111	1014.8	452.484	28.7873	32.0238	54.903	86.927	9.8813	2335.83	56.736	63.752	48.1867	42.68	0.007167	0.002833	0.002833					
2015/03/22 12:35:00		3.29848	129.323	25.3328	70.451	1014.78	419.081	28.9997	31.4989	57.978	89.476	9.4094	2146.67	70.826	69.705	49.46	42.8267	0.008667	0.001333	0.001333					
2015/03/22 12:40:00		2.96518	141.162	25.3302	70.091	1014.7	455.489	29.1806	23.4299	53.822	77.252	9.2664	1966.67	101.36	67.537	50.452	45.41	0.009333	0.000667	0.0035					
2015/03/22 12:45:00		3.49708	128.633	25.337	69.768	1014.61	429.581	29.1519	18.1235	46.1465	64.27	9.1282	1813.75	106.328	67.851	50.072	43.7808	0.009833	-0.000167	0.000167					
2015/03/22 12:50:00		2.96184	138.166	25.4203	69.667	1014.49	441.817	29.0126	27.0077	59.905	86.913	8.9518	1718.96	66.219	63.655	46.8375	41.4608	0.002833	0.007167	0.009					
2015/03/22 12:55:00		3.21187	141.024	25.4578	68.995	1014.34	387.253	28.8225	19.9571	51.288	71.245	9.1615	1665.21	54.647	63.482	47.1117	41.4167	0.01	0.0	0.001					
2015/03/22 13:00:00		3.38872	152.442	25.5286	68.452	1014.21	376.111	28.6058	19.5774	55.15	74.727	9.1091	1573.33	48.614	57.207	43.2083	38.5917	0.005167	0.004833	0.005167					
2015/03/22 13:05:00		2.54399	157.033	25.5802	68.332	1014.08	376.192	28.3639	15.046	50.706	65.752	8.8088	1490.0	45.3387	60.912	44.5025	39.2942	0.007333	0.002667	0.003					
2015/03/22 13:10:00		3.17976	161.897	25.7578	68.151	1014.01	345.559	28.3739	18.0788	53.952	72.031	8.6181	1523.54	41.2349	65.319	46.3233	41.6233	0.004167	0.005833	0.005833					
2015/03/22 13:15:00		2.64315	159.68	25.8208	67.878	1013.98	228.134	28.5785	16.9778	54.897	71.874	9.09	1553.33	47.0067	81.22	65.07	58.939	0.01	-0.000167	0.0					
2015/03/22 13:20:00		2.66704	167.201	25.825	67.528	1013.89	264.235	28.7921	14.4251	54.955	69.38	9.2664	1471.04	61.49	61.931	46.975	41.8283	0.009333	0.000667	0.001					
2015/03/22 13:25:00		3.38186	159.214	25.8859	67.193	1013.72	500.5	29.004	13.5139	53.712	67.226	9.5762	1410.42	76.741	55.767	40.015	35.535	0.01	0.0	0.0					
2015/03/22 13:30:00		3.1312	143.265	26.0734	65.963	1013.59	502.9	29.1076	16.0867	56.512	72.599	8.7421	1417.92	118.719	49.0667	36.6167	32.8033	0.001167	0.008833	0.009333					
2015/03/22 13:35:00		2.84704	155.535	26.1547	65.594	1013.45	541.97	29.0311	13.6993	51.648	65.347	8.8755	1360.42	77.612	53.768	37.785	32.8967	0.01	-0.000167	0.000167					
2015/03/22 13:40:00		2.82565	162.292	26.3073	65.197	1013.3	573.52	28.892	19.4144	59.771	79.186	8.7087	1387.08	56.568	51.575	36.24	31.3717	0.006833	0.003167	0.005167					
2015/03/22 13:45:00		2.86281	141.451	26.5193	64.694	1013.2	531.06	28.7339	21.0894	62.979	84.068	8.3178	1485.83	47.3496	51.965	37.02	32.4567	0.0085	0.0015	0.0015					
2015/03/22 13:50:00		3.30148	150.369	26.6151	63.393	1013.17	583.46	28.5849	23.7024	60.425	84.128	8.0843	1468.13	43.4779	47.6533	33.59	29.0383	0.0025	0.0075	0.0075					
2015/03/22 13:55:00		3.6358	133.46	26.6854	63.397	1013.05	442.684	28.4329	11.524	48.5497	60.074	8.1891	1465.0	41.1027	49.3783	33.5917	29.23	0.01	0.0	0.0					
2015/03/22 14:00:00		3.29386	134.403	26.7318	62.581	1012.93	411.848	28.3768	11.553	50.943	62.496	7.9746	1455.0	37.5275	51.238	31.1667	27.0792	0.006833	0.003167	0.003333					
2015/03/22 14:05:00		3.03998	140.025	26.6958	62.868	1012.85	426.169	28.5951	11.5374	51.85	63.387	7.641	1408.33	36.9489	50.562	31.6242	27.5667	0.01	-0.000333	0.0					
2015/03/22 14:10:00		2.8541	147.397	26.7641	63.352	1012.7	550.48	28.8961	13.6546	56.102	69.756	8.3274	1434.17	44.5815	52.085	32.835	28.1175	0.007333	0.002667	0.002667					
2015/03/22 14:15:00		3.18607	136.155	27.0313	62.551	1012.55	567.65	29.1543	25.556	66.687	92.243	9.4428	1525.63	70.326	55.36	30.3167	25.6192	0.01	-0.001667	0.0					
2015/03/22 14:20:00		2.96249	135.11	27.2203	61.752	1012.42	440.555	29.222	15.6713	59.874	75.545	9.8432	1454.38	88.481	54.727	31.1692	25.8708	0.0035	0.0065	0.007333					
2015/03/22 14:25:00		3.32026	145.556	27.3208	60.883	1012.33	378.817	29.1927	12.759	57.245	70.004	8.8898	1460.21	56.118	47.1866	29.1742	25.1342	0.009833	0.000167	0.000167					
2015/03/22 14:30:00		3.73327	143.138	27.3151	60.703	1012.24	332.981	29.0977	13.5385	55.157	68.695	8.6563	1431.67	45.0101	49.0742	28.8633	24.7783	0.007333	0.002667	0.005667					
2015/03/22 14:35:00		3.25265	128.426	27.1396	60.958	1012.13	472.464	28.9514	12.8796	51.258	64.137	8.3226	1380.63	39.9491	51.789	31.0917	26.5067	0.009667	0.000333	0.000333					
2015/03/22 14:40:00		2.42317	123.278	27.112	61.537	1011.99	464.406	28.8123	15.5462	56.738	72.285	8.6801	1365.42	37.4489	57.737	32.4075	26.665	0.007667	0.002333	0.002333					
2015/03/22 14:45:00		4.03914	137.365	27.2	61.419	1011.86	488.899	28.6875	20.0308	60.596	80.627	8.2273	1369.79	36.2453	65.855	37.2333	31.6033	0.009833	0.000167	0.000167					
2015/03/22 14:50:00		4.21886	150.321	27.1953	60.995	1011.83	458.041	28.5433	21.9001	62.935	84.835	8.2654	1414.58	37.6346	70.919	39.0342	33.1667	0.0045	0.0055	0.007					
2015/03/22 14:55:00		3.30129	137.951	27.1802	60.984	1011.78	415.924	28.6346	13.5474	53.247	66.794	8.6324	1401.67	36.7132	71.145	37.995	32.7008	0.009333	0.000667	0.000667					
2015/03/22 15:00:00		2.80653	141.989	27.1219	61.693	1011.73	403.747	28.9237	12.1471	54.534	66.681	9.09	1411.67	42.3171	63.103	36.4933	29.965	0.009833	0.000167	0.000333					
2015/03/22 15:05:00		3.0417	139.782	27.1984	61.483	1011.7	349.978	29.1994	16.6875	58.423	75.11	8.7039	1495.42	54.35	68.543	36.0367	29.7992	0.01	0.0	0.0					
2015/03/22 15:10:00		3.75089	137.705	27.088	61.317	1011.62	314.789	29.3197	15.8098	58.002	73.811	9.0853	1534.17	95.092	65.096	34.2008	28.53	0.004333	0.005667	0.005667					
2015/03/22 15:15:00		2.63571	134.963	26.9208	61.941	1011.59	355.206	29.2781	13.1119	54.208	67.32	8.9041	1469.79	62.104	74.09	38.7192	31.095	0.01	0.0	0.0					
2015/03/22 15:20:00		2.21925	137.432	26.9552	62.709	1011.59	285.25	29.1591	18.9029	60.713	79.616	8.947	1499.58	49.839	74.228	40.4233	33.2808	0.000833	0.009167	0.009167					
2015/03/22 15:25:00		3.25515	142.783	26.9979	62.066	1011.6	236.301	29.0322	16.2363	56.139	72.376	9.071	1520.21	44.4744	63.963	36.78	31.2433	0.008833	0.001167	0.001167					
2015/03/22 15:30:00		3.4014	129.701	26.975	62.407	1011.58	187.753	28.8517	12.9399	52.784	65.724	8.8708	1513.75	41.9171	88.296	38.4542	29.6842	0.004833	0.005167	0.007167					
2015/03/22 15:35:00		4.31487	139.575	26.8755	62.465	1011.42	313.155	28.6735	11.3252	49.5938	60.919	8.4132	1498.13	39.2776	77.485	36.2392	29.4167	0.009833	0.000167	0.000167					
2015/03/22 15:40:00		3.64383	138.917	26.801	62.603	1011.32	325.121	28.4855	13.5407	53.116	66.657	8.1558	1445.42	37.6632	74.695	36.2308	29.615	0.006333	0.003667	0.005833					
2015/03/22 15:45:00		3.85982	137.866	26.8016	62.789	1011.24	305.047	28.5616	16.7768	55.496	72.272	8.3274	1423.96	35.3881	72.604	36.1717	29.71	0.01	0.0	0.0					
2015/03/22 15:50:00		2.97246	139.992	26.7969	63.029	1011.14	313.768	28.7935	16.9488	59.111	76.059	7.9794	1388.75	41.6885	64.954	35.7175	30.0483	0.008333	0.001667	0.0025					
2015/03/22 15:55:00		4.57466	142.163	26.8031	63.079	1011.07	296.253	29.0077	15.2849	56.249	71.534	7.927	1411.25	54.4	71.907	36.965	30.9217	0.01	0.0	0.0					
2015/03/22 16:00:00		3.85123	140.303	26.7984	63.494	1010.96	277.47	29.1288	10.1505	50.248	60.398	7.9413	1399.38	93.174	73.012	37.4617	31.0042	0.007833	0.002167	0.004					
2015/03/22 16:05:00		4.38028	137.809	26.7823	63.314	1010.98	269.981	29.0515	10.6061	48.0259	58.632	8.1653	1362.5	67.162	70.968	36.5092	30.6008	0.0085	0.0015	0.0015					
2015/03/22 16:10:00		4.42304	138.404	26.6938	63.767	1010.99	232.334	28.9175	8.1293	43.7331	51.862	8.0414	1307.29	50.146	114.067	45.2208	34.9642	0.005833	0.004167	0.006833					
2015/03/22 16:15:00		4.03916	134.081	26.6276	64.06	1010.93	237.84	28.7199	14.405	53.592	67.997	8.0318	1282.92	44.3637	95.132	43.9058	33.8808	0.008333	0.001667	0.001667					
2015/03/22 16:20:00		3.91085	145.435	26.5958	64.68	1010.9	225.028	28.5132	12.7233	54.007	66.73	8.3178	1292.5	41.5777	81.65	42.1358	34.1425	0.003	0.007	0.007333					
2015/03/22 16:25:00		4.58456	149.981	26.5922	64.616	1010.94	204.67	28.2941	13.7998	53.229	67.029	9.1711	1332.92	40.467	71.984	40.7492	33.9808	0.008167	0.001833	0.001833					
2015/03/22 16:30:00		4.28181	140.294	26.5448	64.584	1010.89	197.196	28.2383	12.4866	48.4436	60.93	9.4237	1419.38	37.4561	79.042	42.68	34.4233	0.01	0.0	0.0035					
2015/03/22 16:35:00		4.602	142.995	26.4177	65.089	1010.86	180.192	28.4507	12.2588	47.2968	59.556	8.7373	1398.13	41.4777	73.207	43.1283	35.7517	0.01	0.0	0.0					
2015/03/22 16:40:00		4.31074	153.849	26.3464	65.92	1010.96	156.085	28.6796	11.3788	51.706	63.085	8.6134	1383.96	51.7	74.63	43.1783	36.3192	0.004833	0.005167	0.0065					
2015/03/22 16:45:00		4.25306	136.518	26.3193	66.541	1011.07	134.13	28.9057	8.7591	47.9061	56.665	8.7421	1378.13	65.715	67.948	45.8083	37.5092	0.008167	0.001833	0.001833					
2015/03/22 16:50:00		4.50761	134.288	26.2406	66.786	1011.11	134.021	29.0144	14.1616	55.376	69.537	8.437	1434.79	105.996	63.653	43.5483	36.39	0.0075	0.0025	0.004					
2015/03/22 16:55:00		3.93356	139.59	26.2036	67.164	1011.11	122.646	28.9358	14.9477	58.375	73.322	8.5466	1573.75	73.519	66.513	45.4883	37.2533	0.008	0.002	0.002					
2015/03/22 17:00:00		3.59328	137.321	26.1214	67.738	1011.14	112.474	28.7734	14.1817	53.51	67.692	9.0805	1616.88	54.157	63.655	44.2167	37.6817	0.006833	0.003167	0.004667					
2015/03/22 17:05:00		4.64388	145.909	26.0464	67.861	1011.29	103.243	28.5605	18.329	57.447	75.776	8.7754	1587.08	46.1602	59.375	41.96	36.805	0.009667	0.000333	0.003167					
2015/03/22 17:10:00		4.36652	135.382	25.9562	67.999	1011.27	88.514	28.3393	13.5519	50.234	63.786	8.642	1558.33	43.1671	63.597	43.7758	37.5292	0.005667	0.004333	0.005833					
2015/03/22 17:15:00		4.56344	136.664	25.8781	68.137	1011.27	67.9	28.1857	10.1505	47.9609	58.111	8.58	1524.58	40.0634	71.209	48.355	38.0958	0.0095	-0.0005	0.001333					
2015/03/22 17:20:00		4.21566	138.54	25.7813	68.517	1011.38	67.309	28.3379	16.7187	56.355	73.074	8.6324	1487.08	40.4134	69.355	46.7892	40.5533	0.009833	0.000167	0.000167					
2015/03/22 17:25:00		3.52369	139.15	25.662	69.34	1011.42	61.009	28.5428	11.6915	50.439	62.131	8.7993	1437.5	49.739	68.813	48.6708	42.4292	0.01	0.0	0.0					
2015/03/22 17:30:00		3.24112	140.228	25.6234	69.92	1011.36	50.801	28.7315	9.2594	47.9061	57.166	8.5466	1436.46	64.751	73.283	50.303	43.4033	0.009667	0.000333	0.000333					
2015/03/22 17:35:00		3.87337	142.053	25.5453	69.984	1011.36	46.3896	28.9006	12.3727	52.144	64.517	8.8755	1507.08	81.348	66.131	47.9892	42.065	0.008833	0.001167	0.001167					
2015/03/22 17:40:00		4.17724	143.208	25.45	70.603	1011.5	37.8656	29.0375	15.3363	55.756	71.092	8.8088	1559.79	114.936	68.767	48.0991	42.3758	0.007833	0.002167	0.002333					
2015/03/22 17:45:00		3.96488	139.897	25.3682	70.853	1011.53	30.574	28.9457	12.1449	50.217	62.362	8.8851	1617.92	91.56	69.621	49.1533	42.4267	0.006833	0.003167	0.003167					
2015/03/22 17:50:00		3.89994	137.488	25.2448	71.555	1011.5	27.7521	28.7938	10.1349	46.571	56.706	8.7039	1573.96	59.561	66.563	49.4017	43.5025	0.007	0.003	0.0045					
2015/03/22 17:55:00		3.66684	137.268	25.1651	72.233	1011.49	23.0344	28.4783	13.0159	54.701	67.717	8.9566	1574.58	53.514	71.398	49.9858	43.8033	0.007167	0.002833	0.002833					
2015/03/22 18:00:00		3.60711	135.97	25.1062	72.821	1011.53	18.2656	28.1285	12.7814	55.208	67.989	8.6896	1623.96	55.279	72.816	52.032	45.695	0.009667	0.000333	0.004333					
2015/03/22 18:05:00		3.50797	138.062	25.0229	73.164	1011.5	13.0156	27.7615	15.6981	57.238	72.936	8.723	1717.08	54.722	76.602	55.128	47.475	0.009	0.001	0.001					
2015/03/22 18:10:00		3.09779	139.145	24.9448	73.432	1011.41	7.401	27.4605	17.3307	56.656	73.987	8.7325	1828.54	52.011	75.613	54.783	48.1175	0.01	0.0	0.0025					
2015/03/22 18:15:00		3.65309	139.505	24.8396	73.684	1011.46	2.96042	27.2093	12.6943	52.678	65.373	8.2892	1816.04	50.486	74.3	54.205	48.1108	0.005167	0.004833	0.004833					
2015/03/22 18:20:00		4.27876	137.22	24.7031	73.872	1011.53	1.48021	26.9612	13.17	52.0	65.17	8.3321	1742.29	44.2601	74.916	53.813	47.1442	0.01	0.0	0.0					
2015/03/22 18:25:00		3.95932	132.04	24.6036	74.234	1011.46	1.15937	27.0557	11.9573	49.6212	61.578	8.7754	1645.83	39.1026	75.817	55.376	49.5733	0.01	-0.000333	0.0					
2015/03/22 18:30:00		3.37235	140.248	24.512	74.51	1011.45	1.18125	27.235	8.9311	45.924	54.855	8.232	1605.42	59.383	77.988	56.167	48.6683	0.006833	-0.000167	0.0005					
2015/03/22 18:35:00		2.83508	141.929	24.4188	75.03	1011.45	1.10833	27.3867	10.6776	48.0944	58.772	8.2034	1674.79	83.266	88.922	61.627	52.54	0.007	0.003	0.003					
2015/03/22 18:40:00		3.60294	136.514	24.4198	75.69	1011.42	1.19583	27.2857	21.009	57.556	78.565	8.2892	1807.29	115.036	91.925	63.138	54.193	0.0065	0.0035	0.0035					
2015/03/22 18:45:00		4.22554	135.543	24.3557	75.877	1011.4	1.1375	27.0868	27.3695	61.37	88.74	9.357	1918.75	71.762	91.394	63.305	54.148	0.006	0.004	0.004					
2015/03/22 18:50:00		3.58462	137.085	24.2464	76.135	1011.53	1.15208	26.86	18.1726	55.164	73.336	9.2473	1825.83	57.454	88.975	63.372	54.813	0.008333	0.001667	0.002167					
2015/03/22 18:55:00		3.71245	132.377	24.1495	76.489	1011.64	1.09375	26.9064	13.5273	50.905	64.432	9.1806	1768.96	40.8277	86.409	62.113	54.428	0.007167	0.002333	0.002833					
2015/03/22 19:00:00		3.68936	135.621	24.0604	76.887	1011.67	1.13021	27.0315	15.209	50.768	65.977	8.3798	1708.96	65.119	86.114	63.479	55.252	0.009833	0.000167	0.0025					
2015/03/22 19:05:00		2.73979	140.49	24.0156	77.191	1011.81	1.10104	27.1644	19.794	56.755	76.549	8.4036	1720.63	109.468	83.269	63.853	56.123	0.005833	0.004167	0.004167					
2015/03/22 19:10:00		3.51903	134.907	23.975	77.341	1011.96	1.18854	27.3145	20.837	60.713	81.55	9.1854	1806.04	115.697	80.238	62.461	55.293	0.004333	0.005667	0.005833					
2015/03/22 19:15:00		3.03432	155.591	23.9146	77.528	1012.16	1.12292	27.4587	19.2536	59.001	78.255	8.3083	1857.92	106.189	83.232	65.01	57.498	0.006167	0.003833	0.003833					
2015/03/22 19:20:00		2.8239	143.798	23.8177	77.886	1012.16	1.1375	27.5918	30.581	67.967	98.548	8.5657	1847.92	97.174	84.509	64.951	57.507	0.007667	0.0015	0.002333					
2015/03/22 19:25:00		3.00184	147.38	23.7703	78.297	1012.28	1.12292	27.4012	21.076	61.798	82.874	8.3846	1818.96	93.731	82.503	63.46	55.884	0.004333	0.005667	0.006833					
2015/03/22 19:30:00		3.03213	146.174	23.7156	78.717	1012.5	1.15937	27.1636	14.5591	49.9944	64.553	7.7887	1829.58	69.64	81.417	62.891	56.485	0.007667	0.002333	0.002333					
2015/03/22 19:35:00		2.93288	136.361	23.6552	79.112	1012.56	1.11563	26.9934	15.4011	52.398	67.799	8.1081	1798.54	48.6818	88.527	67.022	57.733	0.005333	0.0035	0.004667					
2015/03/22 19:40:00		2.77172	140.892	23.6193	79.253	1012.64	1.1375	27.057	17.0135	52.706	69.719	7.8745	1799.17	49.4604	83.593	64.136	57.031	0.008833	0.000667	0.001167					
2015/03/22 19:45:00		2.21754	145.776	23.6193	79.445	1012.67	1.1375	27.1958	16.2095	55.646	71.856	8.0032	1803.54	94.367	88.972	66.375	58.472	0.007333	0.002667	0.002667					
2015/03/22 19:50:00		2.53305	131.63	23.6203	79.536	1012.84	1.18125	27.3599	44.4299	65.149	109.579	8.1129	1863.75	113.315	85.637	65.322	57.728	0.008167	0.001833	0.002333					
2015/03/22 19:55:00		2.36444	134.546	23.6198	79.571	1012.94	1.11563	27.5134	39.798	66.45	106.248	8.1605	1925.42	97.639	86.132	66.1	58.262	0.007667	0.002333	0.002667					
2015/03/22 20:00:00		2.83618	138.78	23.6182	79.609	1013.16	1.17396	27.6812	25.9491	62.311	88.261	8.2034	1925.0	88.47	86.272	65.542	58.327	0.008667	-0.0015	0.001333					
2015/03/22 20:05:00		2.11875	138.27	23.5703	79.624	1013.24	1.15937	27.8348	25.4913	62.308	87.799	8.2511	1885.21	84.009	94.62	69.39	61.492	0.004333	0.005667	0.005667					
2015/03/22 20:10:00		2.07536	143.738	23.513	79.829	1013.54	1.14479	27.8095	26.7509	62.671	89.422	8.3607	1980.0	88.874	126.947	98.838	89.375	0.0095	0.0005	0.0005					
2015/03/22 20:15:00		1.77305	134.147	23.5734	79.987	1013.5	1.1375	27.5188	39.1794	65.834	105.013	9.0328	2080.21	77.894	109.498	85.372	76.072	0.003167	0.006833	0.006833					
2015/03/22 20:20:00		1.5187	138.904	23.5698	79.98	1013.58	1.10104	27.2933	51.016	66.259	117.275	9.3808	2140.21	63.951	117.528	86.263	73.959	0.005333	0.004667	0.004667					
2015/03/22 20:25:00		1.45976	132.068	23.5115	80.094	1013.63	1.19583	27.267	53.252	67.912	121.164	9.6048	2254.17	54.193	140.838	96.881	80.023	0.007667	0.002333	0.002333					
2015/03/22 20:30:00		2.004	140.698	23.5089	80.141	1013.63	1.12292	27.3685	43.8381	67.806	111.644	9.4809	2474.58	91.345	111.43	89.723	81.783	0.004167	0.005833	0.005833					
2015/03/22 20:35:00		2.02892	131.867	23.5161	80.299	1013.5	1.13021	27.5113	34.9338	68.011	102.945	9.5667	2397.92	113.993	98.692	77.22	69.183	0.002	0.008	0.008					
2015/03/22 20:40:00		2.28847	134.405	23.5135	80.26	1013.54	1.1375	27.6651	29.3371	64.081	93.418	9.519	2326.46	99.596	93.938	72.249	63.269	0.0095	-0.000167	0.0005					
2015/03/22 20:45:00		1.68726	134.483	23.5151	80.226	1013.55	1.09375	27.8176	34.1879	65.05	99.238	9.3093	2391.67	91.506	95.883	70.612	61.679	0.003167	0.006833	0.006833					
2015/03/22 20:50:00		2.09631	130.561	23.5141	80.396	1013.71	1.10833	27.9591	47.876	67.522	115.398	9.5	2421.04	86.731	99.926	72.508	62.693	0.008167	0.001333	0.001833					
2015/03/22 20:55:00		1.95016	126.092	23.4401	80.455	1013.73	1.12292	27.9288	63.594	73.232	136.826	9.4857	2376.46	89.527	107.177	79.948	63.233	0.0035	0.0065	0.0065					
2015/03/22 21:00:00		2.21382	138.082	23.4151	80.759	1013.82	1.10833	27.6224	42.1921	67.765	109.957	9.1234	2331.46	74.301	104.654	76.492	64.771	0.007667	0.002333	0.002333					
2015/03/22 21:05:00		1.3936	136.77	23.4083	81.044	1013.92	1.15937	27.3958	61.93	71.038	132.968	9.4046	2373.13	59.19	90.075	72.383	64.348	0.006	0.004	0.004333					
2015/03/22 21:10:00		1.52861	130.992	23.324	81.212	1013.83	1.15208	27.3864	50.904	69.706	120.61	9.3808	2391.46	54.346	100.104	74.5	64.888	0.01	-0.005333	0.0					
2015/03/22 21:15:00		1.81506	126.709	23.3214	81.256	1013.82	1.13021	27.4866	48.7112	71.024	119.735	9.0233	2420.83	95.653	91.269	72.166	63.527	0.002833	0.007167	0.007167					
2015/03/22 21:20:00		1.61979	126.588	23.3177	81.547	1013.81	1.10104	27.6369	42.1251	72.263	114.388	8.8946	2399.17	103.4	91.796	71.712	63.165	0.009667	-0.002667	0.000333					
2015/03/22 21:25:00		1.30338	132.613	23.3219	81.642	1013.8	1.10104	27.7854	48.814	71.804	120.618	8.5848	2396.46	93.813	107.253	76.921	65.377	0.0035	0.0065	0.0065					
2015/03/22 21:30:00		1.5174	139.74	23.3193	81.791	1014.01	1.07917	27.9212	42.1184	71.325	113.444	9.0567	2450.0	89.688	114.78	79.483	66.342	0.006333	0.003667	0.003667					
2015/03/22 21:35:00		1.67741	124.645	23.3214	81.905	1014.05	1.15937	28.0436	56.738	74.478	131.216	9.6811	2550.63	86.891	112.39	77.499	64.947	0.003167	0.006833	0.006833					
2015/03/22 21:40:00		1.96945	137.008	23.3193	81.981	1014.11	1.13021	28.0753	61.62	76.238	137.858	9.4904	2699.79	88.977	116.105	79.257	65.877	0.01	0.0	0.0					
2015/03/22 21:45:00		2.07572	134.604	23.3167	81.871	1014.2	1.09375	27.7464	67.833	74.776	142.609	10.1482	2757.29	78.516	108.283	77.485	66.008	0.0025	0.0075	0.0075					
2015/03/22 21:50:00		1.8445	135.756	23.2177	81.896	1014.19	1.12292	27.4694	53.721	70.332	124.053	10.5391	2666.46	63.954	105.45	75.17	65.223	0.01	-0.002167	0.0					
2015/03/22 21:55:00		1.84659	141.965	23.2771	82.028	1014.28	1.15937	27.4305	42.8152	66.943	109.759	9.8384	2607.5	52.6	109.698	77.66	66.687	0.005167	0.004833	0.004833					
2015/03/22 22:00:00		1.53439	137.168	23.3203	82.117	1014.35	1.18125	27.5134	52.57	70.545	123.115	9.8861	2721.46	91.831	104.634	76.423	66.688	0.01	0.0	0.0					
2015/03/22 22:05:00		1.67511	128.856	23.3182	82.019	1014.27	1.10104	27.6495	53.618	71.808	125.426	9.6716	2792.29	104.275	105.705	75.919	66.779	0.009667	0.000333	0.000333					
2015/03/22 22:10:00		2.23685	133.66	23.3208	81.997	1014.3	1.07917	27.7862	49.5465	71.681	121.228	9.2378	2696.25	95.513	109.63	77.66	66.455	0.01	0.0	0.0					
2015/03/22 22:15:00		1.13901	140.835	23.2984	82.04	1014.24	1.10104	27.9081	55.235	71.626	126.861	9.9051	2643.75	90.113	112.546	77.893	66.413	0.004333	0.005667	0.006333					
2015/03/22 22:20:00		1.15137	109.835	23.2172	82.105	1014.22	1.13021	28.0283	57.189	71.493	128.682	9.4285	2606.25	86.877	108.086	78.035	67.477	0.01	-0.001333	0.0					
2015/03/22 22:25:00		0.7496	122.982	23.2109	82.184	1014.3	1.13021	28.1269	54.739	71.031	125.77	10.0577	2646.04	85.459	116.374	80.412	68.798	0.002	0.008	0.008					
2015/03/22 22:30:00		1.38885	132.659	23.1672	82.354	1014.18	1.12292	27.8745	51.936	69.62	121.557	11.6307	2707.08	85.084	113.968	80.274	69.072	0.01	0.0	0.0					
2015/03/22 22:35:00		1.50974	142.208	23.1167	82.531	1014.12	1.09375	27.5556	45.3032	66.046	111.35	10.9586	2705.21	71.605	111.243	79.287	67.527	0.006	0.004	0.004833					
2015/03/22 22:40:00		1.74302	132.212	23.0974	82.73	1014.05	1.09375	27.3864	45.5689	63.095	108.664	9.7907	2634.17	54.071	103.133	77.156	67.589	0.01	0.0	0.0					
2015/03/22 22:45:00		1.62636	126.799	23.0089	83.004	1014.09	1.05729	27.4136	39.6819	60.165	99.847	9.519	2546.46	65.329	105.919	78.752	68.596	0.01	0.0	0.000333					
2015/03/22 22:50:00		1.61541	136.59	23.0089	83.195	1014.05	1.07917	27.518	32.5866	61.387	93.974	9.7669	2452.71	109.161	116.502	82.28	69.205	0.01	0.0	0.0					
2015/03/22 22:55:00		1.9645	135.052	22.9833	83.246	1013.97	1.14479	27.6664	46.4221	66.673	113.095	9.8908	2450.42	105.807	105.898	77.143	66.93	0.007	0.003	0.003					
2015/03/22 23:00:00		1.27807	143.241	22.9161	83.412	1014.05	1.15208	27.7918	32.7876	64.396	97.184	9.5524	2353.96	96.774	103.317	78.328	67.78	0.01	-0.001667	0.0					
2015/03/22 23:05:00		1.42617	150.84	22.8661	83.697	1014.03	1.1375	27.9043	31.5838	63.198	94.782	8.5895	2296.25	91.138	101.679	76.693	66.812	0.003667	0.006333	0.0075					
2015/03/22 23:10:00		1.13385	146.478	22.8208	83.951	1013.97	1.10833	28.0265	26.5432	61.49	88.033	8.6801	2352.29	86.416	109.507	78.505	67.418	0.009333	0.000667	0.000667					
2015/03/22 23:15:00		1.26516	139.337	22.8198	84.134	1013.82	1.09375	28.1325	28.0819	60.199	88.281	8.8088	2374.17	83.095	108.69	78.522	67.363	0.007	0.003	0.0035					
2015/03/22 23:20:00		2.12599	144.3	22.7969	84.178	1013.83	1.13021	28.2144	30.6257	62.068	92.694	8.8851	2320.21	84.384	100.396	75.611	67.095	0.01	-0.004833	0.0					
2015/03/22 23:25:00		2.13629	142.068	22.7135	84.292	1013.68	1.10104	27.9336	21.8264	54.965	76.791	8.9566	2150.21	79.77	100.18	75.293	66.188	0.007333	0.002167	0.003667					
2015/03/22 23:30:00		2.34773	149.751	22.625	84.439	1013.66	1.15937	27.657	15.611	50.388	65.999	8.8994	1938.75	57.229	95.353	73.73	64.539	0.01	0.0	0.0					
2015/03/22 23:35:00		2.2613	144.103	22.5609	84.704	1013.62	1.05729	27.6578	11.6468	43.3873	55.034	8.6086	1732.5	64.154	94.482	72.407	63.858	0.007833	0.000833	0.002167					
2015/03/22 23:40:00		2.3481	137.246	22.5068	84.964	1013.57	1.10104	27.7776	9.5564	43.3086	52.865	8.0271	1562.5	95.113	92.561	72.333	63.665	0.008167	0.001333	0.001667					
2015/03/22 23:45:00		2.09799	136.314	22.5073	85.213	1013.47	1.11563	27.8979	8.3259	39.7997	48.1255	7.8984	1431.46	88.874	91.445	71.691	63.64	0.005667	0.004333	0.006					
2015/03/22 23:50:00		2.54293	131.293	22.4161	85.478	1013.36	1.11563	27.9891	7.9529	41.46	49.4129	7.8841	1356.25	85.224	91.752	72.842	64.737	0.008	0.002	0.002					
2015/03/22 23:55:00		2.16496	136.17	22.4099	85.614	1013.42	1.18125	27.6624	6.3896	39.6011	45.9907	7.9174	1285.63	84.134	89.892	74.142	66.333	0.005667	0.004333	0.0065					
2015/03/23 00:00:00		1.98891	128.739	22.4135	85.759	1013.41	1.1375	27.177	6.2824	36.5509	42.8333	8.3607	1245.42	52.475	87.043	71.373	64.785	0.01	0.0	0.0					
