-- 1st mean values --
Format: XTAB(V:1;HEAD:2;COL:TCFFFFFFFFFFFFFFFFFFFFFFFF)
StartTime: 2015/03/29 00:00:00
EndTime: 2015/03/30 00:00:00
Period: 24 h
Station: Gia Lam

Time	MeasPt	Wind Spd.	Wind Dir.	Temp	RH	Barometer	Radiation	InnerTemp	NO	NO2	NOx	SO2	CO	O3	PM-10	PM-2.5	PM-1	CH4	NMHC	THC	BENZEN	TOLUEN	ETHYL BENZEN	MP-XYLEN	O-XYLEN
		m/s	degree	°C	%	hPa	W/m²	°C	µg/m3	µg/m3	µg/m3	µg/m3	µg/m3	µg/m3	µg/m3	µg/m3	µg/m3	ppm	ppmC	ppmC	ug/m3	ug/m3	ug/m3	ug/m3	ug/m3
2015/03/29 00:05:00		1.87617	138.209	22.3818	81.542	1014.4	1.07917	26.6975	5.5275	32.2067	37.7342	5.515	517.92	24.8588	47.2083	35.3292	29.6067	0.008	0.002	0.002					
2015/03/29 00:10:00		1.32592	130.563	22.4115	81.304	1014.35	1.14479	26.3646	6.9278	35.3117	42.2395	5.7105	530.83	25.2445	51.178	36.8925	30.7383	0.004333	0.005667	0.0075					
2015/03/29 00:15:00		1.68311	140.317	22.412	81.156	1014.31	1.10833	26.2049	1.6482	4.64889	6.2971	5.6723	581.46	26.4018	49.6567	36.9283	30.6667	0.005333	0.004667	0.004667					
2015/03/29 00:20:00		1.81938	134.795	22.413	80.947	1014.27	1.14479	26.0639	0.1273	0.18486	0.31216	5.5007	629.79	28.259	48.7283	36.4117	31.0208	0.007167	0.002833	0.002833					
2015/03/29 00:25:00		2.17464	132.023	22.4135	80.917	1014.23	1.13021	25.9257	1.69063	0.027387	1.71802	5.5293	617.71	28.6448	49.3392	37.0883	31.3608	0.01	0.0	0.0					
2015/03/29 00:30:00		2.16898	139.585	22.4115	80.83	1014.1	1.1375	25.788	186.227	0.9243	187.151	5.5722	575.0	28.4733	47.2825	36.8858	31.4492	0.009167	0.000833	0.000833					
2015/03/29 00:35:00		1.91288	139.65	22.4068	80.901	1014.05	1.10833	25.6808	211.718	0.219093	211.937	5.5103	544.79	28.2233	48.7408	37.2067	31.7342	0.009667	0.000333	0.000333					
2015/03/29 00:40:00		1.96145	131.557	22.4094	81.031	1014.06	1.1375	25.8468	216.551	0.243057	216.794	5.0241	528.13	28.5055	51.084	37.7117	32.26	0.009	0.000167	0.0015					
2015/03/29 00:45:00		2.29657	133.149	22.3234	81.135	1014.01	1.09375	26.0817	215.619	1.77329	217.393	5.2147	525.63	30.3842	43.71	35.53	30.8058	0.009667	0.000167	0.000333					
2015/03/29 00:50:00		1.876	138.481	22.3135	81.25	1013.86	1.14479	26.2428	30.5073	25.586	56.093	5.4435	496.667	70.426	47.4117	35.2533	30.1742	0.005833	0.004167	0.004167					
2015/03/29 00:55:00		2.0166	143.015	22.312	81.359	1013.7	1.13021	26.1646	8.3236	31.4912	39.8149	5.2624	469.167	64.465	48.0217	35.3867	30.0333	0.006167	0.003833	0.003833					
2015/03/29 01:00:00		2.60192	141.766	22.3099	81.469	1013.59	1.15208	26.0003	7.1869	28.4753	35.6622	5.2719	438.75	43.6065	54.902	39.8967	33.4	0.004667	0.005333	0.0055					
2015/03/29 01:05:00		2.2372	146.724	22.3099	81.441	1013.57	1.10104	25.7522	6.5794	33.2543	39.8337	6.1967	411.042	34.3023	53.244	37.8325	31.5008	0.0075	0.0025	0.0025					
2015/03/29 01:10:00		2.64337	135.83	22.312	81.525	1013.57	1.10104	25.483	6.1372	30.4061	36.5432	7.4598	424.167	30.6342	56.342	39.6333	32.0883	0.0055	0.0045	0.0045					
2015/03/29 01:15:00		2.07999	139.539	22.3484	81.454	1013.52	1.19583	25.4774	6.8452	28.6191	35.4642	6.1395	428.125	24.8052	62.907	42.6167	34.32	0.007	0.000333	0.003					
2015/03/29 01:20:00		1.98249	131.445	22.3104	81.451	1013.41	1.11563	25.7045	7.6268	34.4353	42.0621	5.6914	426.25	26.8804	62.168	43.4717	33.5483	0.006667	0.002833	0.003333					
2015/03/29 01:25:00		1.70165	140.821	22.3073	81.668	1013.41	1.13021	25.8994	6.0858	31.0531	37.1389	5.8296	407.708	33.6272	55.367	39.9	33.415	0.006	0.0005	0.0015					
2015/03/29 01:30:00		1.40352	137.725	22.3057	81.984	1013.37	1.15937	26.0215	7.3432	33.0797	40.4229	5.5532	425.208	96.849	57.362	41.1933	35.0233	0.005167	0.004833	0.004833					
2015/03/29 01:35:00		1.27328	138.709	22.3089	82.136	1013.31	1.11563	25.9286	6.9948	34.2299	41.2247	5.8439	448.542	74.459	59.295	42.315	35.555	0.006667	0.000333	0.003333					
2015/03/29 01:40:00		1.46388	120.818	22.3094	82.23	1013.22	1.19583	25.7708	8.346	37.0131	45.359	6.2968	463.958	49.2175	64.032	44.8467	36.9417	0.003167	0.005333	0.006833					
2015/03/29 01:45:00		1.60187	125.291	22.3089	82.345	1013.12	1.17396	25.5203	10.3292	42.6102	52.939	5.7009	487.5	39.7705	64.475	46.2333	37.8117	0.005167	0.003833	0.004833					
2015/03/29 01:50:00		1.13685	96.687	22.3115	82.373	1013.05	1.10104	25.3077	9.1991	41.0047	50.204	5.782	488.542	31.7235	58.871	44.0267	37.7067	0.007	0.003	0.003833					
2015/03/29 01:55:00		1.12924	99.887	22.3089	82.372	1012.99	1.13021	25.476	8.3504	36.3079	44.6583	5.8106	502.29	22.1372	61.417	44.8883	37.2608	0.0085	0.001167	0.0015					
2015/03/29 02:00:00		1.20809	90.76	22.3094	82.347	1012.93	1.16667	25.7187	7.734	34.7811	42.5151	5.7391	499.583	27.0411	67.011	47.0358	37.8458	0.0065	0.000667	0.0035					
2015/03/29 02:05:00		1.61892	95.684	22.2135	82.471	1012.87	1.15937	25.9281	7.7206	34.7023	42.423	6.2062	485.208	43.9887	60.61	44.6333	36.6417	0.006667	0.002167	0.003333					
2015/03/29 02:10:00		1.50635	96.888	22.2073	82.745	1012.79	1.13021	25.927	8.3214	35.0207	43.3421	6.2872	499.167	120.847	55.81	41.5575	34.9708	0.005167	0.002833	0.004833					
2015/03/29 02:15:00		1.50908	102.421	22.2104	82.956	1012.79	1.1375	25.8011	6.4566	28.8382	35.2947	5.8439	481.042	63.501	52.086	39.3333	33.8183	0.004167	0.005667	0.005833					
2015/03/29 02:20:00		1.60824	117.521	22.2005	83.05	1012.73	1.16667	25.5995	6.4655	27.4962	33.9617	5.8439	453.542	45.9459	48.9508	38.7317	33.6092	0.0075	-0.001	0.002833					
2015/03/29 02:25:00		1.73167	119.933	22.1115	83.095	1012.7	1.18854	25.3501	6.0814	28.9203	35.0017	5.72	424.583	36.3381	48.4458	39.5667	34.43	0.005	0.005	0.005					
2015/03/29 02:30:00		1.5049	124.259	22.1094	83.328	1012.71	1.10833	25.3184	5.8647	24.6651	30.5299	5.5246	415.0	22.5908	50.709	40.5025	34.9642	0.005833	0.001167	0.003333					
2015/03/29 02:35:00		1.97798	133.171	22.1109	83.49	1012.67	1.18125	25.5579	5.523	24.737	30.26	5.1432	421.458	20.0585	49.3708	39.4608	34.4717	0.01	0.0	0.0					
2015/03/29 02:40:00		1.80562	134.817	22.1135	83.624	1012.65	1.13021	25.7856	5.1411	23.7477	28.8888	5.2672	410.208	28.3055	52.784	40.8025	34.6983	0.0095	0.0005	0.0005					
2015/03/29 02:45:00		1.27502	126.618	22.112	83.669	1012.62	1.13021	25.9372	7.1601	30.2006	37.3607	5.2576	410.625	84.288	49.0525	39.8158	35.2125	0.006167	0.002667	0.003833					
2015/03/29 02:50:00		1.64201	106.074	22.1109	83.655	1012.6	1.16667	25.8414	5.0563	23.9325	28.9888	5.1909	417.708	107.557	51.58	42.6892	37.8042	0.007333	0.002333	0.002667					
2015/03/29 02:55:00		1.76259	128.756	22.0198	83.659	1012.59	1.15937	25.6824	5.3555	26.168	31.5235	5.21	432.292	60.243	52.67	45.5467	40.87	0.0045	0.004667	0.0055					
2015/03/29 03:00:00		1.38014	127.732	22.0057	83.834	1012.58	1.05729	25.4545	4.3684	21.2212	25.5896	5.7677	433.958	45.9387	54.822	46.64	41.9583	0.004667	0.003667	0.005					
2015/03/29 03:05:00		1.48481	118.752	22.0115	83.975	1012.53	1.1375	25.233	4.73467	24.2064	28.9411	5.515	424.167	35.5238	54.589	46.3467	42.0733	0.004	0.006	0.006					
2015/03/29 03:10:00		1.36082	105.169	22.0083	83.958	1012.47	1.1375	25.3807	4.1205	21.3411	25.4616	5.4864	410.208	20.8871	50.078	43.095	38.9933	0.0095	0.0005	0.0005					
2015/03/29 03:15:00		1.42115	128.79	22.0063	84.079	1012.45	1.15208	25.6113	3.93513	20.3209	24.256	5.5579	392.708	25.8696	49.5758	39.8408	35.2183	0.007333	0.0025	0.002667					
2015/03/29 03:20:00		1.51064	132.029	21.938	84.277	1012.45	1.15937	25.8269	4.30587	20.7865	25.0923	5.4435	391.458	36.6096	45.0583	37.4433	33.0442	0.009667	-0.003167	0.000333					
2015/03/29 03:25:00		1.65327	139.818	21.9073	84.573	1012.42	1.12292	25.9037	4.45773	22.3989	26.8566	5.4245	377.083	125.441	43.6433	35.8042	31.5042	0.004333	0.005667	0.005667					
2015/03/29 03:30:00		2.18353	129.263	21.9099	84.703	1012.36	1.12292	25.7874	5.2282	24.9321	30.1604	5.4102	388.75	88.013	41.1567	34.4333	30.3933	0.0065	0.0035	0.003667					
2015/03/29 03:35:00		1.84191	133.029	21.9672	84.785	1012.27	1.08646	25.6038	4.75923	23.9633	28.7226	5.148	383.125	56.397	41.5158	33.9833	29.9275	0.005	0.005	0.005333					
2015/03/29 03:40:00		1.61531	129.497	21.9094	84.753	1012.15	1.17396	25.3447	5.456	25.8701	31.3262	5.0145	383.125	43.0778	42.1875	35.0042	30.625	0.005833	0.004167	0.004167					
2015/03/29 03:45:00		1.75942	121.701	21.9089	84.849	1012.15	1.15208	25.2368	5.896	24.9356	30.8316	7.4455	374.583	23.9409	41.9483	34.9058	31.0008	0.0055	0.0045	0.0045					
2015/03/29 03:50:00		1.52438	116.551	21.9083	84.94	1012.16	1.20313	25.4293	4.3483	21.1014	25.4497	6.7496	379.167	17.0904	39.7425	33.06	29.8292	0.01	-0.0005	0.0					
2015/03/29 03:55:00		1.35451	117.587	21.8599	85.144	1012.16	1.15937	25.6298	3.54877	17.8424	21.3912	5.3959	370.625	24.7802	38.1033	33.0492	29.7433	0.004667	0.005333	0.005333					
2015/03/29 04:00:00		1.1567	114.117	21.8089	85.478	1012.12	1.15208	25.8073	4.40413	20.4578	24.862	5.3339	374.583	38.424	39.5067	32.9683	29.4792	0.0075	0.001333	0.004					
2015/03/29 04:05:00		0.9922	106.588	21.7792	85.826	1012.18	1.17396	25.8178	3.78103	18.8831	22.6641	4.97163	395.833	142.717	40.5392	34.13	30.0958	0.007833	0.002167	0.003333					
2015/03/29 04:10:00		1.28968	101.256	21.7818	86.171	1012.24	1.21042	25.69	3.98203	15.6583	19.6404	5.1194	416.875	85.034	42.6742	35.1067	30.9275	0.0095	-0.000833	0.0005					
2015/03/29 04:15:00		1.53407	112.773	21.8089	86.485	1012.28	1.13021	25.5042	5.2193	23.5115	28.7307	4.80003	458.958	56.3	43.6408	35.56	31.0983	0.004167	0.005833	0.006667					
2015/03/29 04:20:00		1.0183	99.907	21.8099	86.714	1012.26	1.1375	25.2457	5.733	28.9819	34.7149	4.93827	474.167	42.61	40.4583	35.8833	32.4333	0.009167	0.000833	0.000833					
2015/03/29 04:25:00		1.78785	96.875	21.8078	86.734	1012.26	1.13021	25.2559	5.7955	24.6446	30.4401	4.9764	493.125	16.2832	49.4417	39.2117	34.2083	0.004	0.005667	0.006					
2015/03/29 04:30:00		1.19528	106.698	21.8057	86.734	1012.31	1.1375	25.4486	6.6196	28.6328	35.2524	5.4721	503.33	16.469	50.08	41.9867	37.3717	0.008667	0.001333	0.001333					
2015/03/29 04:35:00		1.02494	97.07	21.8104	86.73	1012.29	1.15937	25.6478	5.7933	26.8663	32.6596	5.229	504.79	28.109	63.417	48.1383	42.0017	0.007333	0.002667	0.002667					
2015/03/29 04:40:00		1.14248	120.791	21.8115	86.706	1012.37	1.20313	25.8229	9.2482	35.1268	44.3751	5.5007	531.67	46.5317	60.877	49.795	44.625	0.008	-0.000833	0.001667					
2015/03/29 04:45:00		1.24018	131.948	21.8094	86.639	1012.36	1.1375	25.806	8.4487	33.4905	41.9392	6.5399	558.13	165.182	62.449	51.47	46.0167	0.004833	0.005167	0.005333					
2015/03/29 04:50:00		1.71413	125.526	21.8172	86.633	1012.52	1.1375	25.69	8.4308	34.4319	42.8627	6.516	598.13	86.749	60.378	51.577	46.06	0.008667	0.001333	0.001333					
2015/03/29 04:55:00		1.58878	113.793	21.8599	86.543	1012.72	1.13021	25.5061	8.6385	34.5517	43.1902	6.6638	659.79	60.661	63.057	52.712	46.945	0.000167	0.009833	0.009833					
2015/03/29 05:00:00		1.82489	127.15	21.9099	86.541	1012.83	1.15208	25.2811	8.9758	35.5102	44.486	6.4445	716.67	47.4174	61.352	51.573	45.865	0.01	0.0	0.0					
2015/03/29 05:05:00		0.99367	106.374	21.9109	86.494	1012.87	1.16667	25.3367	6.4923	29.7933	36.2856	6.3921	751.25	18.8798	63.938	52.067	46.0525	0.006667	0.003333	0.004333					
2015/03/29 05:10:00		1.40645	104.839	21.9089	86.391	1012.9	1.14479	25.5506	7.9216	31.2037	39.1253	6.5399	815.42	23.1694	62.346	49.8467	43.86	0.01	-0.0025	0.0					
2015/03/29 05:15:00		1.35964	105.665	21.9151	86.318	1013.03	1.16667	25.748	8.3303	34.0142	42.3446	6.6304	850.42	32.7879	69.117	50.096	42.47	0.0085	0.0015	0.0015					
2015/03/29 05:20:00		0.87101	139.754	22.0083	86.253	1013.11	1.14479	25.9088	19.9325	40.6795	60.612	6.3206	951.67	90.824	66.776	49.5233	42.1658	0.008667	0.001333	0.001333					
2015/03/29 05:25:00		0.88409	129.516	22.0057	86.192	1013.17	1.18854	25.8043	23.9168	47.7213	71.638	6.5303	1029.58	140.399	66.325	49.195	41.91	0.001	0.009	0.009					
2015/03/29 05:30:00		1.76526	133.053	22.0068	86.195	1013.16	1.18854	25.6476	22.1234	46.8483	68.972	6.7353	1099.38	73.344	63.963	48.9875	42.2442	0.008667	-0.001833	0.001333					
2015/03/29 05:35:00		2.15602	134.217	22.0677	86.129	1013.17	1.18125	25.4215	28.8703	48.9776	77.848	6.7925	1139.79	52.939	57.915	47.7325	41.56	0.004167	0.005833	0.005833					
2015/03/29 05:40:00		1.65098	130.464	22.1141	86.016	1013.27	1.17396	25.28	29.7123	49.878	79.59	8.2177	1140.83	33.7665	64.129	50.583	44.1142	0.009	0.000167	0.001					
2015/03/29 05:45:00		1.10341	133.245	22.1094	85.842	1013.35	1.15937	25.4417	40.0414	51.025	91.066	7.15	1136.46	17.7619	70.43	55.236	48.3492	0.006833	0.003167	0.003333					
2015/03/29 05:50:00		1.23173	135.217	22.1068	85.688	1013.36	1.15208	25.636	45.6627	53.089	98.752	7.0594	1143.33	26.4875	82.432	61.445	53.474	0.009	-0.000667	0.001					
2015/03/29 05:55:00		1.26568	117.276	22.1104	85.634	1013.39	1.11563	25.6835	43.9453	51.042	94.987	7.293	1211.04	62.44	93.791	67.59	57.763	0.0045	0.0055	0.0055					
2015/03/29 06:00:00		0.93187	129.229	22.1068	85.72	1013.5	1.11563	25.7834	39.0208	50.922	89.943	7.7029	1365.21	91.342	91.343	68.967	60.493	0.008333	0.000833	0.003333					
2015/03/29 06:05:00		1.74969	128.511	22.112	85.814	1013.56	1.1375	25.8921	44.4076	52.921	97.329	8.3798	1579.58	88.359	87.613	66.409	58.504	0.002667	0.007333	0.007333					
2015/03/29 06:10:00		1.53008	130.408	22.1109	85.828	1013.57	1.12292	26.0196	68.749	53.774	122.522	9.0948	1725.21	85.706	105.248	75.078	62.899	0.009667	-0.000833	0.000333					
2015/03/29 06:15:00		1.71191	134.86	22.1734	85.833	1013.56	1.13021	26.1552	111.057	62.828	173.885	9.8241	1906.67	83.156	93.946	68.844	59.512	0.0045	0.0055	0.0055					
2015/03/29 06:20:00		1.20384	129.478	22.2057	85.83	1013.58	1.26146	26.2959	72.934	57.43	130.364	11.1826	1981.04	81.566	83.18	61.453	54.165	0.01	0.0	0.0					
2015/03/29 06:25:00		1.41525	128.847	22.2047	85.832	1013.63	1.77188	26.4336	48.8586	52.504	101.362	10.9014	1973.33	79.437	87.537	62.175	52.983	0.006833	0.003167	0.005167					
2015/03/29 06:30:00		1.5839	134.701	22.2083	85.833	1013.63	2.23854	26.5493	48.345	51.436	99.781	10.9681	2022.92	78.048	86.284	58.818	49.4033	0.01	-0.0015	0.0					
2015/03/29 06:35:00		1.69794	138.171	22.2109	85.77	1013.65	3.91563	26.6637	61.774	54.684	116.458	10.9395	2081.25	76.884	81.499	54.882	45.065	0.006	0.004	0.0055					
2015/03/29 06:40:00		1.31685	136.483	22.2068	85.726	1013.73	5.4542	26.7775	75.062	57.895	132.958	10.9633	2139.38	75.644	81.023	54.75	44.4592	0.01	-0.000167	0.0					
2015/03/29 06:45:00		1.21917	122.506	22.2344	85.729	1013.82	6.9417	26.8822	81.595	61.072	142.667	10.6344	2211.25	73.608	80.52	54.644	44.2475	0.0045	0.0055	0.007167					
2015/03/29 06:50:00		0.63509	123.04	22.3083	85.728	1013.9	7.299	26.9939	71.498	58.652	130.15	10.234	2255.63	73.062	84.293	56.484	44.255	0.01	-0.002333	0.0					
2015/03/29 06:55:00		1.10606	104.597	22.3089	85.685	1013.85	8.6771	27.0782	68.161	59.655	127.816	10.4914	2288.75	71.487	80.946	54.581	43.5542	0.005333	0.004667	0.004667					
2015/03/29 07:00:00		1.05428	98.872	22.3146	85.57	1013.84	11.5646	27.1614	73.626	59.58	133.206	10.0005	2274.38	71.251	83.19	56.148	44.5083	0.01	0.0	0.0					
2015/03/29 07:05:00		1.34083	113.42	22.4125	85.456	1013.86	15.6115	27.2503	84.402	61.165	145.567	10.1006	2400.63	70.537	92.173	61.768	47.2075	0.007167	0.002833	0.002833					
2015/03/29 07:10:00		1.42904	127.112	22.4057	85.31	1013.83	21.9188	27.3333	98.769	63.938	162.707	10.644	2539.38	71.598	86.805	58.756	44.77	0.0095	0.0005	0.0005					
2015/03/29 07:15:00		1.34938	133.05	22.4125	85.169	1013.84	25.251	27.4181	100.123	62.551	162.674	11.3256	2627.08	71.112	89.018	59.735	45.3083	0.007667	0.002333	0.002333					
2015/03/29 07:20:00		1.24644	135.566	22.4115	85.128	1013.89	29.575	27.4861	108.23	65.81	174.04	14.1093	2570.63	70.819	77.113	54.51	43.7142	0.009	-0.000167	0.001					
2015/03/29 07:25:00		1.43957	137.525	22.5089	85.116	1013.97	24.274	27.5701	100.127	63.027	163.154	14.7528	2566.25	69.683	83.793	56.806	42.8583	0.002833	0.007167	0.007167					
2015/03/29 07:30:00		1.33135	134.98	22.5078	84.991	1014.03	23.2385	27.6538	93.532	63.044	156.576	12.7937	2533.33	69.08	78.812	53.862	41.9283	0.009333	0.0005	0.000667					
2015/03/29 07:35:00		2.10961	132.311	22.5729	84.931	1013.94	41.1031	27.7387	83.556	61.938	145.494	11.2875	2537.71	68.637	80.625	54.158	40.7333	0.006333	0.003667	0.003667					
2015/03/29 07:40:00		2.44718	144.393	22.6151	84.839	1013.87	59.106	27.82	82.716	62.804	145.52	10.7155	2550.0	67.465	76.583	51.775	40.1217	0.009333	-0.000333	0.000667					
2015/03/29 07:45:00		1.99301	138.113	22.6172	84.599	1013.85	68.95	27.8909	72.76	63.955	136.714	10.5629	2412.92	67.09	73.65	49.6033	39.4417	0.008	0.001333	0.003					
2015/03/29 07:50:00		2.99806	147.953	22.7094	84.463	1013.83	74.193	27.9803	61.307	62.298	123.605	9.9242	2303.96	66.997	73.143	49.6317	39.8017	0.01	-0.001667	0.0					
2015/03/29 07:55:00		3.2727	134.892	22.7625	84.417	1013.68	83.803	28.0718	53.104	58.775	111.879	9.519	2268.13	66.483	71.473	48.6867	39.495	0.006667	0.003333	0.003333					
2015/03/29 08:00:00		3.21937	142.64	22.8214	84.221	1013.62	121.399	28.1422	40.3787	55.811	96.189	8.9137	2272.5	66.083	71.003	48.8983	39.9333	0.008	0.002	0.002					
2015/03/29 08:05:00		3.69743	129.9	22.8891	84.081	1013.66	249.134	28.2182	46.5717	57.598	104.169	8.9947	2120.83	65.601	68.687	47.3783	38.3467	0.004	0.006	0.006					
2015/03/29 08:10:00		2.75598	135.292	22.9536	84.075	1013.76	281.699	28.2987	36.4971	54.448	90.945	8.3226	1944.79	64.204	74.17	49.9783	38.2083	0.01	-0.000333	0.0					
2015/03/29 08:15:00		3.07661	146.761	23.1276	84.103	1013.8	269.019	28.3655	51.534	57.005	108.54	8.6324	1972.08	63.658	77.079	51.519	38.0617	0.004833	0.003833	0.005167					
2015/03/29 08:20:00		2.98697	138.381	23.3135	83.793	1013.85	256.944	28.4509	64.633	61.671	126.304	9.4904	2127.08	63.726	72.459	48.4242	37.0408	0.009167	0.000833	0.000833					
2015/03/29 08:25:00		3.02845	158.239	23.4745	83.319	1013.77	323.021	28.5411	57.048	62.26	119.308	10.8156	2081.25	63.115	61.7	41.7633	32.6983	0.003	0.007	0.007167					
2015/03/29 08:30:00		2.73213	153.248	23.6688	82.928	1013.78	328.847	28.626	39.6774	57.854	97.532	10.7107	1987.08	61.904	64.242	43.1692	31.8983	0.006167	0.001667	0.003833					
2015/03/29 08:35:00		3.12722	147.198	23.8573	82.33	1013.79	311.194	28.7038	39.3357	57.639	96.974	9.7335	2017.5	60.49	53.327	37.2508	29.9633	0.004667	0.005333	0.005333					
2015/03/29 08:40:00		3.36044	149.838	23.9443	81.442	1013.85	308.226	28.797	33.0064	55.253	88.259	9.3856	1873.54	60.49	51.864	35.8642	28.8408	0.008667	0.001333	0.001333					
2015/03/29 08:45:00		3.39314	156.826	24.0198	80.895	1013.87	243.841	28.9028	28.8033	49.789	78.592	8.9089	1714.79	59.229	54.129	36.6525	28.9475	0.002333	0.007667	0.007667					
2015/03/29 08:50:00		2.22012	151.87	24.074	80.873	1013.91	206.42	29.0086	41.8303	57.358	99.188	8.4084	1683.75	58.475	56.114	38.0183	29.6442	0.005833	0.004167	0.004167					
2015/03/29 08:55:00		3.22063	154.293	24.2099	80.536	1013.86	312.302	29.1164	51.349	62.976	114.324	8.4608	1761.25	57.9	55.064	37.8208	30.8758	0.006	0.004	0.004833					
2015/03/29 09:00:00		2.93776	147.562	24.2193	80.007	1013.87	305.185	29.2284	27.4968	49.1556	76.652	9.1949	1705.83	58.522	53.384	37.8475	29.8458	0.0075	0.0025	0.0025					
2015/03/29 09:05:00		2.47324	158.077	24.3193	80.228	1013.93	295.918	29.3321	38.793	52.945	91.738	8.9947	1758.13	57.779	57.553	39.7608	31.1608	0.003333	0.006667	0.006667					
2015/03/29 09:10:00		3.5372	175.526	24.4839	79.864	1014.03	288.509	29.4209	46.5628	60.795	107.358	9.4094	1879.38	57.59	53.143	37.0733	29.2717	0.009833	0.000167	0.000167					
2015/03/29 09:15:00		3.67155	166.474	24.6063	79.091	1014.15	348.95	29.5484	31.126	53.767	84.893	9.2378	1862.5	56.911	53.922	37.1667	29.0375	0.009333	0.000667	0.000667					
2015/03/29 09:20:00		3.6051	153.603	24.7349	78.675	1014.21	265.074	29.6569	45.6047	60.675	106.28	9.1711	1812.29	56.522	58.312	39.2875	30.2142	0.009833	0.000167	0.000167					
2015/03/29 09:25:00		2.5923	161.992	24.8453	78.245	1014.31	254.29	29.7323	45.3143	60.299	105.613	8.8803	1878.33	60.265	57.824	39.1517	30.4308	0.0075	0.0025	0.003333					
2015/03/29 09:30:00		3.87432	166.801	24.9766	77.918	1014.32	463.422	29.4617	42.9157	58.467	101.383	8.8803	1995.42	57.082	55.27	37.4492	28.8133	0.008	0.002	0.002					
2015/03/29 09:35:00		3.78228	158.209	25.0932	76.545	1014.37	374.595	29.1208	38.5339	55.722	94.256	8.6515	1914.58	48.6783	57.144	38.4925	27.88	0.007167	0.002833	0.002833					
2015/03/29 09:40:00		3.7369	160.338	25.237	76.171	1014.38	485.552	28.9108	34.8891	50.754	85.643	8.804	1861.04	26.9268	59.763	39.9017	28.5092	0.005	0.005	0.005					
2015/03/29 09:45:00		3.85869	164.169	25.474	75.208	1014.34	400.772	28.9624	47.5655	55.681	103.246	8.4704	1886.25	31.2128	58.269	38.9517	29.1533	0.0045	0.0055	0.0055					
2015/03/29 09:50:00		3.28431	177.551	25.5839	74.047	1014.3	299.775	29.0936	49.4795	59.826	109.306	8.499	1859.17	79.77	51.901	35.6358	27.4558	0.005833	0.004167	0.004167					
2015/03/29 09:55:00		4.29826	177.759	25.6214	73.266	1014.18	328.409	29.2289	39.5881	56.526	96.114	7.9222	1697.08	75.912	52.973	35.6908	27.0167	0.0095	0.0005	0.001667					
2015/03/29 10:00:00		4.18916	166.473	25.6219	72.983	1014.07	559.51	29.3683	46.7727	58.272	105.045	7.9889	1649.58	69.694	51.719	35.2467	25.6583	0.009	0.001	0.0015					
2015/03/29 10:05:00		5.0041	164.582	25.7255	72.429	1014.02	539.55	29.4346	33.7769	51.747	85.524	8.0223	1561.88	73.266	50.739	34.0625	24.7517	0.005833	0.004167	0.006167					
2015/03/29 10:10:00		4.60408	165.899	25.8297	71.518	1013.95	355.119	29.1608	33.4754	50.056	83.531	7.8364	1491.46	57.779	49.1525	32.9733	24.4242	0.006	0.003333	0.004					
2015/03/29 10:15:00		3.93006	171.163	25.9208	70.873	1013.9	558.72	28.8268	31.863	50.652	82.515	7.6171	1398.33	48.4104	46.1667	31.4083	24.2408	0.008833	0.0005	0.002333					
2015/03/29 10:20:00		4.46382	162.902	26.0083	70.728	1013.86	565.05	28.5162	27.4767	44.5513	72.028	7.2263	1307.5	41.9956	58.72	39.7017	25.9742	0.005	0.005	0.005					
2015/03/29 10:25:00		4.63239	177.661	26.112	70.171	1013.83	395.376	28.2501	30.2929	48.3272	78.62	7.1262	1240.0	38.1954	50.26	34.3592	26.3142	0.01	-0.000333	0.003					
2015/03/29 10:30:00		3.30514	174.238	26.1714	70.088	1013.83	625.84	28.2775	30.8848	46.3725	77.257	7.0642	1199.79	12.0294	48.2325	33.265	25.4108	0.008	0.0015	0.002					
2015/03/29 10:35:00		2.78977	159.737	26.3802	70.31	1013.78	765.54	28.4332	28.1355	46.7593	74.895	6.6495	1190.0	31.4199	54.724	36.7025	26.0817	0.009	0.001	0.003167					
2015/03/29 10:40:00		4.20402	154.588	26.7151	68.648	1013.67	693.37	28.6177	41.7298	53.705	95.435	7.1738	1324.58	56.843	46.5	31.4533	23.8333	0.004	0.006	0.006					
2015/03/29 10:45:00		2.69692	157.001	26.9339	67.498	1013.6	439.629	28.8091	35.9098	53.986	89.896	7.6219	1310.0	75.284	52.072	34.7733	25.6867	0.01	0.0	0.0015					
2015/03/29 10:50:00		3.32541	165.648	27.0714	66.897	1013.56	562.89	28.9873	41.8638	59.278	101.142	8.8136	1490.42	92.085	46.72	31.5767	23.2667	0.006333	0.003667	0.003667					
2015/03/29 10:55:00		2.61687	172.705	27.2005	66.471	1013.6	608.39	28.932	31.6553	56.523	88.178	9.2807	1565.63	106.036	46.0567	30.8517	22.6367	0.008	0.002	0.004167					
2015/03/29 11:00:00		2.75458	169.779	27.4375	65.78	1013.57	578.74	28.7527	30.6391	54.691	85.33	8.7087	1590.63	62.601	54.602	36.3917	23.7067	0.004	0.006	0.006333					
2015/03/29 11:05:00		4.06068	156.689	27.5635	64.111	1013.49	496.818	28.5484	37.3458	55.598	92.944	8.4561	1595.21	51.046	44.795	30.025	22.05	0.009833	0.000167	0.001667					
2015/03/29 11:10:00		4.22805	167.196	27.4682	63.829	1013.41	518.04	28.3621	28.0149	49.2926	77.308	7.7935	1501.67	43.0064	44.7567	30.0933	21.9492	0.008833	0.001167	0.002					
2015/03/29 11:15:00		3.54541	160.59	27.3943	64.01	1013.39	407.196	28.1835	23.957	46.4991	70.456	7.5981	1411.04	42.1671	47.97	32.225	23.5617	0.009333	0.000667	0.001333					
2015/03/29 11:20:00		3.37586	169.878	27.4854	64.567	1013.32	672.63	28.0063	38.4937	54.547	93.041	7.5313	1457.92	40.0098	45.6808	30.6	22.575	0.004833	0.005	0.005167					
2015/03/29 11:25:00		4.634	180.41	27.5964	63.516	1013.27	519.69	28.0756	26.5566	49.2755	75.832	7.3216	1414.79	7.1505	42.1825	28.7708	21.6425	0.008167	0.000667	0.001833					
2015/03/29 11:30:00		4.57699	171.228	27.6135	63.334	1013.18	609.74	28.3014	21.1943	41.5969	62.791	6.8592	1266.46	9.4435	48.2283	32.2667	23.5817	0.0055	0.0045	0.0045					
2015/03/29 11:35:00		5.0015	171.377	27.7474	63.118	1013.11	852.44	28.5626	31.2868	50.833	82.12	6.9593	1234.17	37.1418	46.8192	31.2858	22.9717	0.01	0.0	0.0					
2015/03/29 11:40:00		2.77736	164.47	28.0198	63.066	1013.15	584.58	28.7878	38.5987	54.229	92.828	7.1929	1250.83	118.976	48.9092	32.7442	23.8733	0.006667	0.003333	0.003333					
2015/03/29 11:45:00		3.0176	179.207	28.2766	61.871	1013.05	497.62	28.812	36.1197	57.242	93.361	7.6314	1224.38	121.905	43.81	29.7283	22.1633	0.008833	0.001167	0.001167					
2015/03/29 11:50:00		3.58849	178.944	28.3979	61.642	1012.92	815.29	28.758	25.46	50.2	75.66	7.6696	1208.75	63.604	43.8767	29.9833	22.525	0.0055	0.0045	0.0045					
2015/03/29 11:55:00		4.51603	168.805	28.6068	60.754	1012.78	603.12	28.7946	20.0509	45.5543	65.605	6.9546	1134.79	53.336	50.592	30.3125	22.4683	0.01	0.0	0.001167					
2015/03/29 12:00:00		3.98315	161.498	28.5432	60.043	1012.68	798.62	28.8042	21.0402	42.4356	63.476	7.1977	1076.88	47.171	56.732	28.305	21.3125	0.006833	0.003167	0.004167					
2015/03/29 12:05:00		3.89844	158.205	28.5552	59.832	1012.59	503.97	28.7301	22.0854	47.0982	69.184	7.1119	997.5	41.8385	53.373	27.4533	20.2833	0.01	0.0	0.001					
2015/03/29 12:10:00		3.25227	170.646	28.4995	59.995	1012.4	420.321	28.6198	25.6364	51.299	76.935	7.1595	998.96	34.5344	48.6867	28.3575	21.4975	0.005833	0.004167	0.007667					
2015/03/29 12:15:00		2.9775	153.174	28.4937	60.361	1012.26	477.531	28.5239	21.6767	49.4843	71.161	7.4789	972.92	32.5736	54.502	28.6875	21.4025	0.01	0.0	0.0005					
2015/03/29 12:20:00		4.56757	169.419	28.5521	60.269	1012.21	366.61	28.4447	29.2835	55.16	84.444	7.9603	1010.63	31.0663	52.549	27.545	20.6375	0.006667	0.003333	0.007167					
2015/03/29 12:25:00		4.26347	171.163	28.4505	60.054	1012.09	591.11	28.3725	18.2508	49.5082	67.759	7.5456	983.54	30.1377	52.951	26.5283	19.6725	0.01	0.0	0.001333					
2015/03/29 12:30:00		3.86781	167.328	28.5281	59.909	1011.89	746.13	28.2498	16.9041	47.3618	64.266	7.355	975.42	29.6091	47.9983	25.8925	19.8125	0.006667	0.003333	0.005333					
2015/03/29 12:35:00		4.10877	161.858	28.6865	59.315	1011.69	845.51	28.1484	21.9403	50.361	72.301	7.0165	944.79	29.4841	51.703	25.3583	18.5967	0.01	0.0	0.000333					
2015/03/29 12:40:00		3.89276	160.826	28.9557	59.054	1011.58	693.28	28.1183	24.7386	54.308	79.046	6.4588	905.63	29.3198	51.047	28.6608	19.8108	0.005833	0.004167	0.0045					
2015/03/29 12:45:00		3.18516	168.442	29.1031	58.702	1011.54	662.05	28.1583	22.8314	53.763	76.595	6.8831	884.38	30.3627	57.655	29.4692	21.7817	0.009333	0.000667	0.000667					
2015/03/29 12:50:00		3.88304	156.434	29.2026	58.507	1011.39	500.19	28.2233	89.277	83.923	173.2	7.1881	900.83	31.6485	49.355	26.8333	19.9125	0.008667	0.001333	0.001333					
2015/03/29 12:55:00		2.91377	163.46	29.2099	59.694	1011.25	492.764	28.2877	59.811	76.871	136.682	7.1262	873.54	32.495	48.5633	26.8233	19.69	0.01	0.0	0.000167					
2015/03/29 13:00:00		4.13297	175.498	29.2745	54.877	1011.15	541.36	28.3296	30.0718	60.436	90.507	7.4169	882.5	33.2165	44.0442	23.775	17.51	0.0055	0.0045	0.008					
2015/03/29 13:05:00		3.75604	163.985	29.2167	54.039	1011.0	609.12	28.3642	20.5467	50.193	70.74	7.4026	816.25	32.4664	47.5292	23.8367	17.8333	0.01	-0.001833	0.0					
2015/03/29 13:10:00		4.46123	180.479	29.276	53.977	1010.87	573.34	28.4155	23.7872	57.259	81.046	6.8163	821.67	32.5843	63.99	45.6383	38.7158	0.0045	0.0055	0.006667					
2015/03/29 13:15:00		4.16774	169.171	29.3724	52.907	1010.75	472.267	28.4388	23.0167	54.304	77.321	6.8688	780.0	39.6384	79.18	56.934	49.9867	0.01	0.0	0.0					
2015/03/29 13:20:00		3.59222	165.877	29.3198	54.067	1010.65	770.63	28.5049	13.1052	45.8213	58.927	7.5981	758.54	44.8244	50.552	25.8483	19.1525	0.008167	0.001833	0.001833					
2015/03/29 13:25:00		4.10879	152.196	29.4781	53.798	1010.5	600.91	28.5524	11.8255	48.5737	60.399	7.1643	785.21	42.2528	47.0858	24.2967	18.2033	0.01	0.0	0.0					
2015/03/29 13:30:00		4.34408	148.528	29.5286	53.484	1010.38	765.57	28.6107	15.8165	55.232	71.049	7.3073	796.25	39.6812	45.9425	23.6175	17.9592	0.01	0.0	0.002					
2015/03/29 13:35:00		4.13828	144.183	29.6057	53.326	1010.3	499.771	28.6507	11.9305	48.0157	59.946	7.2072	796.67	37.6132	44.7808	23.6467	17.47	0.01	-0.000833	0.0					
2015/03/29 13:40:00		4.68712	145.625	29.4385	53.134	1010.12	278.768	28.7288	10.5436	47.2146	57.758	7.2739	771.67	36.4953	40.9708	22.8175	17.3517	0.0075	0.0025	0.005333					
2015/03/29 13:45:00		5.3396	150.273	29.1448	54.066	1010.0	255.274	28.7927	9.2996	41.4771	50.777	7.1786	743.54	35.4273	59.157	24.8025	18.6542	0.01	0.0	0.0					
2015/03/29 13:50:00		3.79192	150.91	28.8505	56.008	1010.0	229.782	28.8252	9.7909	44.428	54.219	7.1357	742.5	34.263	47.8633	24.4017	18.6433	0.0055	0.0045	0.0045					
2015/03/29 13:55:00		3.98354	145.365	28.6964	57.367	1009.84	243.636	28.823	9.4336	42.3295	51.763	7.0785	778.75	33.9737	54.017	26.775	19.9367	0.009833	0.000167	0.000167					
2015/03/29 14:00:00		4.06029	158.147	28.5365	58.301	1009.8	228.681	28.8203	12.9087	47.1496	60.058	6.7687	792.5	33.5737	52.923	27.15	19.925	0.004	0.006	0.006					
2015/03/29 14:05:00		2.65252	163.98	28.4615	59.207	1009.76	185.857	28.7792	15.3519	52.223	67.575	6.9784	868.96	33.1986	53.63	25.9117	19.56	0.01	0.0	0.0					
2015/03/29 14:10:00		2.57763	168.677	28.4161	59.532	1009.71	135.1	28.7347	16.6852	53.507	70.192	7.0356	993.96	32.62	49.51	27.1533	19.4117	0.009	0.001	0.001333					
2015/03/29 14:15:00		3.04675	161.943	28.4016	59.555	1009.65	124.505	28.6767	24.8749	59.138	84.013	6.9355	1047.92	32.1986	57.158	27.35	19.8	0.01	0.0	0.0					
2015/03/29 14:20:00		2.83285	167.024	28.3875	59.316	1009.73	82.826	28.6351	21.6767	58.522	80.199	6.7401	1121.04	32.6665	59.225	27.2233	19.52	0.007333	0.002667	0.004167					
2015/03/29 14:25:00		3.0617	153.775	28.3026	59.393	1009.71	91.919	28.5607	26.7352	62.753	89.488	7.1786	1270.21	32.4593	66.997	30.5883	20.745	0.01	0.0	0.0					
2015/03/29 14:30:00		2.79995	153.47	28.1604	59.771	1009.69	110.775	28.5261	24.7275	57.666	82.394	7.6743	1298.75	32.6879	56.264	26.8092	19.145	0.005667	0.004333	0.005167					
2015/03/29 14:35:00		3.37072	159.795	28.0786	60.356	1009.75	123.215	28.4571	16.5713	52.326	68.897	7.4789	1334.79	32.5343	61.541	29.7217	21.8708	0.01	0.0	0.0					
2015/03/29 14:40:00		1.9844	167.125	28.0281	60.853	1009.78	151.674	28.3811	15.7718	53.089	68.861	7.7601	1374.17	33.588	74.516	29.0158	20.6125	0.003667	0.006333	0.006333					
2015/03/29 14:45:00		3.07054	159.191	28.1026	60.985	1009.74	141.604	28.317	29.719	60.028	89.747	7.9794	1512.08	33.3165	45.2117	28.0558	20.2617	0.01	-0.002167	0.0					
2015/03/29 14:50:00		2.96769	166.066	28.1	60.883	1009.7	107.158	28.2654	43.4361	64.427	107.863	7.9603	1504.58	33.4236	43.5175	28.21	20.7292	0.007167	0.002833	0.0045					
2015/03/29 14:55:00		2.8355	158.457	28.0547	60.472	1009.54	147.54	28.2093	30.916	60.675	91.591	7.6219	1486.67	33.8201	64.167	29.2158	21.6042	0.008333	0.001667	0.001667					
2015/03/29 15:00:00		3.67821	162.964	27.9937	60.552	1009.38	167.949	28.151	24.8347	58.522	83.357	7.5075	1417.08	34.6916	59.943	29.9208	21.9625	0.0055	0.0045	0.0045					
2015/03/29 15:05:00		4.4099	155.037	27.9948	60.723	1009.24	156.29	28.2606	20.6918	54.571	75.263	7.2358	1321.46	25.6374	46.5817	29.4242	21.3217	0.01	-0.000667	0.0					
2015/03/29 15:10:00		4.48796	151.928	27.9276	61.211	1009.19	145.906	28.5328	18.7622	51.439	70.201	6.9164	1208.54	26.5446	42.0642	28.2808	20.3717	0.007833	0.002167	0.002167					
2015/03/29 15:15:00		3.45829	155.62	27.8776	61.567	1009.2	133.139	28.8126	19.8767	51.155	71.032	6.9975	1137.92	34.7273	42.3525	28.5342	20.7908	0.008667	0.001333	0.001333					
2015/03/29 15:20:00		3.71307	145.694	27.801	61.815	1009.23	119.204	28.994	26.3645	54.582	80.946	7.0118	1138.33	98.607	39.8192	26.7708	19.0675	0.005	0.005	0.005					
2015/03/29 15:25:00		3.35805	153.255	27.7292	62.106	1009.27	111.482	28.9318	16.1939	45.6228	61.817	6.8926	1145.0	75.498	44.775	29.9517	21.0533	0.009167	0.000833	0.000833					
2015/03/29 15:30:00		3.99032	140.524	27.699	62.33	1009.22	128.909	28.8021	19.8097	48.5771	68.387	7.1262	1171.04	49.5926	40.4158	26.9592	19.0183	0.0075	0.0025	0.005167					
2015/03/29 15:35:00		4.89886	148.695	27.6255	62.355	1009.19	141.298	28.6125	20.4797	44.4725	64.952	7.374	1138.13	38.9419	41.2783	27.5117	18.9183	0.01	0.0	0.0					
2015/03/29 15:40:00		3.30274	148.303	27.5984	63.011	1009.08	140.613	28.4117	17.3329	43.6064	60.939	6.9498	1102.92	33.4022	43.79	29.3533	20.8442	0.007667	0.002333	0.003833					
2015/03/29 15:45:00		3.9717	145.632	27.5995	63.353	1009.11	119.211	28.1763	20.368	46.5128	66.881	7.5075	1177.5	30.7949	40.8692	27.2667	19.5983	0.008167	0.001833	0.001833					
2015/03/29 15:50:00		4.09257	140.655	27.6016	63.436	1009.14	94.208	28.1492	26.7151	49.4432	76.158	7.6314	1246.67	25.2052	40.5125	27.0717	19.22	0.006833	0.003167	0.004					
2015/03/29 15:55:00		3.38294	156.449	27.4891	63.544	1009.07	100.785	28.3894	21.9648	42.778	64.743	7.1119	1216.25	22.4051	42.9225	28.8333	20.7233	0.01	0.0	0.0					
2015/03/29 16:00:00		3.43679	149.238	27.3948	64.006	1009.1	102.185	28.6638	31.6463	49.3439	80.99	7.2358	1212.29	29.6948	42.5783	28.5033	20.2583	0.009333	0.000667	0.000667					
2015/03/29 16:05:00		3.98325	140.486	27.3693	63.859	1009.14	95.572	28.8861	25.6521	45.8145	71.467	7.1881	1202.5	42.4707	39.4208	26.5183	19.39	0.01	0.0	0.0					
2015/03/29 16:10:00		3.63312	147.563	27.2979	64.171	1009.1	96.265	28.9361	23.8185	42.9217	66.74	7.1929	1149.79	118.961	39.3625	26.5625	18.8233	0.008667	0.001333	0.005167					
2015/03/29 16:15:00		3.73164	147.047	27.2417	64.758	1008.95	98.262	28.8539	22.8135	43.0758	65.889	7.3502	1136.25	66.572	44.6958	29.83	20.6317	0.0075	0.0025	0.0025					
2015/03/29 16:20:00		3.38157	146.076	27.1943	64.958	1008.97	95.207	28.7264	21.6365	43.0347	64.671	7.6982	1154.17	47.096	42.5267	28.4475	20.0233	0.006833	0.003167	0.005					
2015/03/29 16:25:00		3.74216	156.569	27.1969	65.101	1009.08	92.101	28.5017	28.7207	45.6673	74.388	7.5981	1225.42	37.9668	44.3125	29.5717	21.0308	0.008667	0.001333	0.0025					
2015/03/29 16:30:00		4.00355	166.717	27.0984	65.278	1009.25	88.149	28.2643	20.4774	38.3139	58.791	7.2549	1261.04	33.3129	46.295	30.8875	21.8475	0.009333	0.000667	0.003667					
2015/03/29 16:35:00		3.37112	153.505	27.0958	65.793	1009.29	86.785	28.1535	26.0697	40.1488	66.219	7.5504	1281.25	28.1983	50.246	33.5675	24.7833	0.0095	0.000333	0.0005					
2015/03/29 16:40:00		3.42687	153.59	27.0198	66.018	1009.23	92.83	28.361	41.1447	46.9921	88.137	7.9365	1335.63	25.9982	46.3867	30.9592	21.9125	0.006833	0.003167	0.004833					
2015/03/29 16:45:00		4.20854	153.343	26.9922	66.417	1009.15	93.654	28.6034	28.0172	41.6414	69.659	7.865	1333.54	30.5127	44.58	29.7717	21.7783	0.009667	0.000333	0.000333					
2015/03/29 16:50:00		4.38785	155.944	26.8984	66.853	1009.1	89.301	28.8407	31.2108	40.6932	71.904	7.784	1268.75	41.8635	43.235	29.01	20.7075	0.007167	0.002833	0.003333					
2015/03/29 16:55:00		3.39805	148.128	26.8943	67.441	1009.03	81.579	28.99	27.097	40.7069	67.804	8.1462	1305.21	107.532	45.3875	30.29	20.6575	0.007833	0.002167	0.002167					
2015/03/29 17:00:00		4.78819	147.657	26.8125	67.605	1009.12	74.659	28.9156	26.3109	41.0355	67.346	8.6324	1387.5	92.399	43.2425	28.895	19.8558	0.007667	0.002333	0.0065					
2015/03/29 17:05:00		3.32875	149.681	26.7979	67.769	1009.13	68.432	28.8107	27.8318	40.32	68.152	8.2845	1431.88	56.79	44.625	29.78	20.7567	0.01	0.0	0.0					
2015/03/29 17:10:00		2.94333	156.478	26.7974	68.031	1009.08	66.835	28.5932	33.0958	44.0788	77.175	8.2988	1501.04	42.9279	45.805	30.5483	20.8067	0.0065	0.0035	0.0055					
2015/03/29 17:15:00		3.61739	155.004	26.7734	67.92	1009.05	63.744	28.3693	33.0824	42.3569	75.439	8.0795	1573.33	35.9988	42.9083	28.8817	21.14	0.007333	0.002667	0.002667					
2015/03/29 17:20:00		3.77077	153.597	26.6875	67.972	1008.99	55.351	28.187	29.7011	40.4741	70.175	8.213	1488.96	29.6663	42.1383	28.2183	20.3183	0.009	0.001	0.003667					
2015/03/29 17:25:00		3.1413	147.019	26.5896	68.447	1008.95	45.0917	28.3618	23.6398	37.8826	61.522	7.8888	1426.04	23.723	43.8917	29.3383	21.0575	0.009667	-0.003333	0.000333					
2015/03/29 17:30:00		4.03974	147.917	26.5193	68.876	1008.92	41.5844	28.5999	23.5952	38.023	61.618	8.008	1379.79	28.9484	43.1267	28.905	21.12	0.009667	-0.000167	0.000333					
2015/03/29 17:35:00		3.61225	154.705	26.4656	69.192	1008.92	41.2052	28.8236	29.7614	40.1283	69.89	8.0604	1327.5	39.3526	43.335	29.0333	20.6217	0.0085	0.0015	0.0015					
2015/03/29 17:40:00		3.58599	151.161	26.4068	69.542	1008.97	37.5885	29.0045	24.6359	38.2249	62.861	7.641	1327.29	63.722	43.575	29.05	20.52	0.008	0.002	0.005					
2015/03/29 17:45:00		3.11603	154.605	26.4057	69.583	1008.99	30.2458	28.9924	20.2675	34.2265	54.494	7.784	1322.29	137.263	42.75	28.695	20.6225	0.006667	0.003333	0.003333					
2015/03/29 17:50:00		4.48399	148.158	26.3318	69.675	1008.96	24.2813	28.885	28.4996	39.1561	67.656	7.8698	1259.38	62.297	42.8758	28.6325	20.2475	0.006667	0.003333	0.003333					
2015/03/29 17:55:00		3.47759	159.047	26.2833	69.94	1008.93	19.0604	28.6367	25.8106	38.7795	64.59	7.6791	1215.63	53.632	41.0467	27.5375	19.5358	0.007167	0.002833	0.002833					
2015/03/29 18:00:00		2.4594	152.203	26.2203	70.722	1008.94	13.7594	28.3092	22.9408	36.0751	59.016	7.5647	1235.63	49.4676	45.115	30.4008	20.8733	0.0065	0.003	0.003833					
2015/03/29 18:05:00		3.02978	141.599	26.2167	71.462	1008.97	10.0042	27.9983	25.757	38.3002	64.057	7.3264	1280.63	45.7495	41.5392	28.015	20.4008	0.0075	0.0025	0.0025					
2015/03/29 18:10:00		3.06013	135.206	26.1437	72.149	1008.97	5.4833	27.7443	21.1765	34.5243	55.701	7.2358	1221.25	41.2742	46.0067	30.8875	21.2025	0.006833	0.003167	0.004333					
2015/03/29 18:15:00		3.59676	146.721	26.126	72.658	1008.9	4.36042	27.5086	26.2417	35.8731	62.115	7.15	1224.58	41.0456	49.7692	33.5525	24.4792	0.006667	0.003333	0.003333					
2015/03/29 18:20:00		3.70514	146.007	26.0521	72.999	1008.9	1.61146	27.2882	34.1343	38.3448	72.479	6.9689	1243.96	40.1134	45.1867	30.3	21.7075	0.008	0.002	0.002					
2015/03/29 18:25:00		4.1456	142.752	25.9406	73.311	1008.91	1.21042	27.0594	25.5672	35.5958	61.163	6.7639	1170.21	39.1205	47.3392	31.8175	22.87	0.005333	0.004667	0.004667					
2015/03/29 18:30:00		3.97912	144.134	25.8698	73.582	1008.95	1.20313	26.8511	31.787	37.1534	68.94	7.0308	1144.38	38.1525	45.2942	31.2425	22.4433	0.007167	0.0	0.002833					
2015/03/29 18:35:00		2.75728	150.044	25.8182	73.89	1009.08	1.19583	26.6546	17.688	29.7693	47.4573	7.2549	1115.83	37.6918	48.3925	32.6717	23.3617	0.007833	0.001833	0.002167					
2015/03/29 18:40:00		3.33748	150.624	25.7443	74.311	1009.19	1.17396	26.4709	28.3209	33.066	61.387	6.7544	1135.0	41.3242	51.4	34.76	24.7433	0.007167	0.0005	0.002833					
2015/03/29 18:45:00		3.29795	142.63	25.7151	74.645	1009.29	1.17396	26.4162	37.9287	34.6065	72.535	6.6114	1210.42	20.6478	49.4133	33.3942	24.1908	0.007333	0.0025	0.002667					
2015/03/29 18:50:00		3.90656	148.093	25.6849	74.866	1009.32	1.10833	26.6224	30.447	33.6034	64.05	6.2777	1258.13	0.0	49.7	33.805	24.7142	0.01	-0.000667	0.001667					
2015/03/29 18:55:00		3.24166	141.773	25.613	75.283	1009.24	1.15937	26.8226	32.6111	33.7677	66.379	6.1776	1233.54	4.54316	50.833	34.3075	25.3033	0.008	0.002	0.002833					
2015/03/29 19:00:00		2.85178	139.656	25.563	75.691	1009.27	1.18854	27.0235	26.3533	31.2961	57.649	6.0918	1210.0	60.593	51.466	34.6425	24.63	0.01	0.0	0.0					
2015/03/29 19:05:00		3.21986	138.502	25.5219	76.094	1009.38	1.19583	27.1475	37.3078	34.3429	71.651	6.0012	1243.13	164.493	51.818	35.0192	25.3433	0.004167	0.004833	0.005833					
2015/03/29 19:10:00		3.32135	140.922	25.5146	76.593	1009.42	1.10833	27.0517	29.6743	34.4456	64.12	6.2777	1260.21	236.926	53.154	36.2292	26.8483	0.007	0.001	0.003167					
2015/03/29 19:15:00		3.34973	145.915	25.424	76.843	1009.47	1.20313	26.9045	31.0612	34.1922	65.253	6.3158	1233.13	102.239	52.067	35.4575	26.13	0.004833	0.005167	0.005167					
2015/03/29 19:20:00		2.78053	141.8	25.4276	77.059	1009.49	1.11563	26.7029	29.1204	32.6894	61.81	6.5685	1168.54	65.944	51.705	35.1042	25.9608	0.0085	0.0015	0.0015					
2015/03/29 19:25:00		3.19761	141.594	25.3318	77.242	1009.54	1.17396	26.5636	33.1896	33.1961	66.386	7.0213	1149.58	36.5846	53.45	36.2175	27.0667	0.0055	0.0045	0.0045					
2015/03/29 19:30:00		2.03528	139.107	25.3245	77.479	1009.63	1.14479	26.715	28.8949	32.8743	61.769	6.8116	1178.54	0.0	57.815	39.2267	27.755	0.01	0.0	0.0					
2015/03/29 19:35:00		2.35069	134.66	25.3271	77.798	1009.63	1.18125	26.9115	48.3115	36.099	84.411	7.8841	1333.96	5.0253	58.397	39.1875	27.8125	0.007833	0.002167	0.002167					
2015/03/29 19:40:00		2.10833	133.682	25.325	77.861	1009.7	1.09375	27.1056	51.742	37.1466	88.888	8.151	1462.5	50.921	52.905	35.8683	26.2608	0.01	-0.0015	0.0					
2015/03/29 19:45:00		1.82468	138.629	25.2292	78.051	1009.74	1.15208	27.2981	32.2851	34.3052	66.59	7.6028	1439.79	109.939	56.419	37.8217	26.6375	0.004667	0.005333	0.005833					
2015/03/29 19:50:00		2.47921	133.333	25.2307	78.213	1009.99	1.14479	27.4326	38.0984	33.7369	71.835	7.2596	1461.04	160.736	57.036	38.6625	27.1817	0.005833	0.0015	0.004167					
2015/03/29 19:55:00		2.24985	131.115	25.2292	78.21	1010.11	1.11563	27.3456	39.1794	36.3181	75.498	8.6944	1540.21	274.429	54.582	36.7475	25.1458	0.0075	0.0025	0.0025					
2015/03/29 20:00:00		3.06967	133.413	25.2328	78.226	1010.24	1.16667	27.2007	50.123	37.1432	87.266	7.9031	1596.25	106.411	54.865	36.7092	25.4825	0.007167	0.002	0.002833					
2015/03/29 20:05:00		3.00279	133.638	25.2281	78.145	1010.35	1.12292	26.999	63.775	38.9473	102.722	8.3417	1595.21	69.901	51.533	34.595	23.6767	0.003333	0.006667	0.006667					
2015/03/29 20:10:00		2.79883	139.398	25.1635	78.063	1010.41	1.16667	26.8165	48.6331	35.298	83.931	7.8602	1520.42	53.086	50.264	34.4792	24.74	0.009333	0.0005	0.001667					
2015/03/29 20:15:00		3.30919	139.643	25.1255	77.978	1010.5	1.17396	26.8551	41.8951	32.4018	74.297	7.3168	1421.46	1.77155	52.428	35.81	24.4083	0.006833	0.003167	0.0035					
2015/03/29 20:20:00		2.69427	140.505	25.0672	78.012	1010.54	1.15208	27.0415	51.842	35.2877	87.13	6.4207	1291.46	1.49653	48.7317	33.9183	23.9533	0.009167	0.000833	0.000833					
2015/03/29 20:25:00		3.6814	134.434	25.0224	78.245	1010.6	1.16667	27.2178	32.1756	31.4296	63.605	6.2491	1198.33	30.6985	48.32	33.1383	23.2867	0.004667	0.005333	0.005333					
2015/03/29 20:30:00		3.76477	134.038	24.9594	78.479	1010.73	1.21042	27.3789	26.4739	30.5669	57.041	6.6495	1124.17	85.674	48.9883	33.5833	22.9633	0.009833	-0.000167	0.000167					
2015/03/29 20:35:00		3.36533	137.183	24.9281	78.685	1010.79	1.18854	27.5325	23.9793	28.4376	52.417	6.5971	1035.83	121.722	48.8483	33.5417	23.1017	0.005667	0.004333	0.004333					
2015/03/29 20:40:00		3.88802	141.512	24.9234	78.829	1010.78	1.21771	27.5059	30.7262	31.8952	62.621	6.373	961.88	249.299	48.1617	32.805	22.4733	0.009667	0.000167	0.000333					
2015/03/29 20:45:00		3.81513	141.394	24.925	78.859	1010.81	1.13021	27.3518	26.1657	29.3619	55.528	6.0441	906.46	119.372	48.2283	32.8067	23.2733	0.003	0.007	0.007					
2015/03/29 20:50:00		3.29054	129.973	24.9156	78.897	1010.84	1.16667	27.1427	20.8995	26.3186	47.2181	6.1252	865.0	72.898	44.0042	30.4333	22.045	0.008	0.002	0.002					
2015/03/29 20:55:00		3.05047	138.012	24.8297	79.107	1010.91	1.18125	26.952	16.2654	24.4563	40.7217	5.7772	821.67	38.7097	50.37	34.215	22.7192	0.006	0.004	0.004					
2015/03/29 21:00:00		3.39011	137.557	24.825	79.316	1010.92	1.17396	27.0321	18.7555	25.028	43.7835	5.925	812.92	0.0	49.4892	34.1442	24.1808	0.01	-0.002833	0.0					
2015/03/29 21:05:00		3.05166	144.066	24.825	79.545	1010.9	1.15937	27.1921	23.5885	29.2182	52.807	5.6723	813.96	3.60024	52.41	35.7067	25.695	0.005833	0.004167	0.004167					
2015/03/29 21:10:00		2.71379	142.685	24.8083	79.812	1010.94	1.16667	27.355	20.4685	28.2938	48.7623	5.5055	828.54	48.7318	53.907	36.9158	26.7642	0.0095	-0.004	0.0005					
2015/03/29 21:15:00		2.81896	143.191	24.7297	79.975	1010.92	1.1375	27.497	20.3077	29.1976	49.5053	5.639	825.83	103.81	56.044	38.4583	27.5567	0.004667	0.005333	0.005333					
2015/03/29 21:20:00		2.99471	146.136	24.7281	80.204	1010.99	1.17396	27.646	28.5241	31.9363	60.46	5.7724	825.63	132.048	54.216	36.8533	26.7792	0.01	-0.001	0.0					
2015/03/29 21:25:00		3.14281	149.757	24.726	80.247	1011.08	1.11563	27.6321	22.751	32.5833	55.334	6.0584	822.5	249.224	52.144	36.2	26.74	0.007833	0.002167	0.002167					
2015/03/29 21:35:00		3.20491	143.642	24.7261	80.528	1011.12	1.13235	27.3475	19.765	29.0822	48.8472	5.7621	815.44	93.384	52.49	35.4985	25.8721	0.002059	0.007941	0.007941					
2015/03/29 21:40:00		3.57976	153.562	24.6891	80.606	1011.06	1.11563	27.1668	17.0113	26.6575	43.6688	6.0155	806.25	71.812	52.785	36.2	26.1417	0.005167	0.004833	0.004833					
2015/03/29 21:45:00		3.5698	148.833	24.6214	80.783	1010.99	1.1375	27.0082	18.6506	27.082	45.7326	5.6771	808.96	38.3883	51.588	35.27	25.735	0.01	-0.000833	0.0					
2015/03/29 21:50:00		4.07854	147.752	24.6245	80.935	1010.94	1.17396	27.0552	19.2871	28.0268	47.3139	5.8344	806.88	0.0	48.8717	34.0367	24.8533	0.005833	0.004167	0.004167					
2015/03/29 21:55:00		4.24914	149.514	24.6219	81.081	1010.91	1.21042	27.1998	14.6931	22.7104	37.4035	5.5246	782.5	6.0218	48.0267	33.3217	24.4033	0.01	-0.000333	0.0					
2015/03/29 22:00:00		3.71655	144.798	24.6219	81.211	1010.83	1.1375	27.3491	13.8891	20.7967	34.6859	5.21	781.88	52.332	51.045	34.9233	24.7717	0.006667	0.003333	0.003333					
2015/03/29 22:05:00		3.41612	148.25	24.6219	81.367	1010.86	1.10833	27.478	21.5092	27.1025	48.6118	5.5818	766.88	106.761	49.2717	33.9317	24.6217	0.0075	0.002333	0.002833					
2015/03/29 22:10:00		3.86753	150.805	24.5938	81.45	1010.94	1.15937	27.5934	16.3726	24.5248	40.8973	5.782	780.21	136.059	46.9317	32.6933	23.0133	0.006333	0.003667	0.004333					
2015/03/29 22:15:00		3.62756	148.014	24.5141	81.531	1011.02	1.07187	27.7231	13.6836	22.8884	36.572	5.4197	763.54	130.673	44.8783	31.1375	22.3808	0.009333	0.000667	0.000667					
2015/03/29 22:20:00		3.03459	164.525	24.5151	81.553	1011.02	1.19583	27.6554	17.0738	27.4517	44.5255	5.4102	728.75	241.473	46.9467	32.1583	22.3567	0.004333	0.005667	0.005667					
2015/03/29 22:25:00		3.26733	163.336	24.5198	81.63	1011.01	1.15937	27.4329	19.2335	27.842	47.0754	5.515	709.38	114.618	45.7542	31.6342	21.8908	0.007667	-0.000333	0.002333					
2015/03/29 22:30:00		3.32961	160.519	24.5146	81.65	1010.97	1.10104	27.1975	17.0694	25.1478	42.2172	5.5055	711.04	72.562	42.2258	29.7642	21.0517	0.003833	0.006167	0.007					
2015/03/29 22:35:00		3.76303	160.157	24.5156	81.791	1010.93	1.1375	27.0568	13.7462	21.4472	35.1934	5.1337	667.71	26.0339	40.7617	28.825	20.3708	0.009833	-0.0005	0.000167					
2015/03/29 22:40:00		3.54868	155.841	24.5156	81.891	1010.95	1.05729	27.1612	13.764	19.4582	33.2223	4.9478	650.83	0.0	41.7267	28.8692	19.5775	0.008167	0.001833	0.003667					
2015/03/29 22:45:00		3.36556	156.75	24.5161	82.057	1010.97	1.20313	27.3204	15.7763	21.502	37.2782	5.2147	626.25	7.7148	41.5658	28.7992	19.5467	0.01	0.0	0.0					
2015/03/29 22:50:00		4.02893	160.545	24.4281	82.157	1010.9	1.14479	27.4442	11.0483	17.7363	28.7846	5.2338	618.33	65.869	38.4567	27.8325	18.7133	0.005	0.005	0.005					
2015/03/29 22:55:00		3.80869	153.757	24.4208	82.267	1010.93	1.16667	27.5668	11.8143	19.3316	31.1459	5.1194	600.63	135.766	37.3975	26.3758	18.785	0.01	0.0	0.0					
2015/03/29 23:00:00		3.67227	157.473	24.4188	82.423	1011.06	1.12292	27.6965	10.6642	19.4206	30.0847	5.2481	580.21	151.66	37.6158	27.0725	18.7675	0.006	0.004	0.0045					
2015/03/29 23:05:00		2.91645	145.541	24.4203	82.594	1011.05	1.10833	27.8224	10.5815	19.9067	30.4882	5.372	565.42	139.759	35.725	25.8475	18.1667	0.01	0.0	0.0					
2015/03/29 23:10:00		3.36961	146.044	24.4198	82.701	1011.03	1.16667	27.7081	8.8284	18.688	27.5163	5.658	547.5	243.409	34.4083	24.8075	17.3617	0.000667	0.009333	0.009333					
2015/03/29 23:15:00		3.1046	149.402	24.4193	82.806	1010.88	1.12292	27.4842	8.5559	17.2947	25.8506	5.5436	527.29	98.453	36.915	26.2933	17.99	0.006833	0.002333	0.002333					
2015/03/29 23:20:00		3.22974	152.175	24.4208	82.874	1010.91	1.11563	27.2675	8.5112	17.2467	25.758	5.4102	522.29	65.215	35.6808	25.265	17.755	0.0065	0.0035	0.0035					
2015/03/29 23:25:00		3.60439	146.035	24.4182	82.942	1010.94	1.17396	27.2535	9.5564	17.5172	27.0736	5.1909	539.17	1.90727	35.4392	25.5033	17.4708	0.01	0.0	0.0					
2015/03/29 23:30:00		3.03043	146.301	24.3245	83.002	1010.91	1.10104	27.3687	13.4	17.839	31.239	5.005	511.67	0.0	37.6908	26.66	17.7817	0.0065	0.0035	0.0035					
2015/03/29 23:35:00		3.5012	156.488	24.3203	83.046	1010.94	1.15937	27.4914	11.8769	17.5035	29.3804	4.8763	480.625	28.6341	34.2025	24.5408	16.7717	0.009833	-0.002667	0.000167					
2015/03/29 23:40:00		3.16034	158.201	24.3229	83.047	1010.97	1.1375	27.6093	9.4492	15.0729	24.5222	4.84293	448.333	107.732	33.3167	24.1008	16.7775	0.004833	0.005167	0.005667					
2015/03/29 23:45:00		3.56161	159.601	24.3198	83.107	1011.02	1.07917	27.736	10.9813	18.777	29.7583	5.863	413.542	155.114	34.0392	23.9458	16.3367	0.009833	0.000167	0.000167					
2015/03/29 23:50:00		2.90012	164.692	24.2724	83.21	1011.01	1.09375	27.8399	12.3079	20.8721	33.18	5.9345	407.708	147.513	33.8367	23.9583	16.4667	0.005	0.005	0.006667					
2015/03/29 23:55:00		2.51248	154.814	24.2156	83.353	1010.94	1.11563	27.7269	10.4252	20.1737	30.5989	5.9059	393.75	249.224	32.8958	23.7192	16.32	0.01	-0.000167	0.0					
2015/03/30 00:00:00		3.45004	162.006	24.2151	83.523	1010.85	1.13021	27.4587	10.222	17.2365	27.4584	5.6723	369.792	101.564	34.2833	24.3717	16.48	0.002167	0.007833	0.0085					
