-- 1st mean values --
Format: XTAB(V:1;HEAD:2;COL:TCFFFFFFFFFFFFFFFFFFFFFFFF)
StartTime: 2015/01/03 00:00:00
EndTime: 2015/01/04 00:00:00
Period: 24 h
Station: Gia Lam

Time	MeasPt	Wind Spd.	Wind Dir.	Temp	RH	Barometer	Radiation	InnerTemp	NO	NO2	NOx	SO2	CO	O3	PM-10	PM-2.5	PM-1	CH4	NMHC	THC	BENZEN	TOLUEN	ETHYL BENZEN	MP-XYLEN	O-XYLEN
		m/s	degree	°C	%	hPa	W/m²	°C	µg/m3	µg/m3	µg/m3	µg/m3	µg/m3	µg/m3	µg/m3	µg/m3	µg/m3	ppm	ppmC	ppmC	ug/m3	ug/m3	ug/m3	ug/m3	ug/m3
2015/01/03 00:05:00		1.45019	183.295	16.8036	66.432	1021.2	1.18125	25.1334	9.7128	81.482	91.195	11.788	1262.92	11.8829				-0.01	0.0	-0.01	4.78417	0.0	0.0	0.68526	0.0
2015/01/03 00:10:00		1.09576	191.42	16.7359	66.509	1021.22	1.18125	25.24	7.4817	68.563	76.044	11.788	1227.71	11.8722				-0.012167	0.007167	-0.005	4.78417	0.0	0.0	0.68526	0.0
2015/01/03 00:15:00		1.05608	188.108	16.7042	66.647	1021.22	1.20313	25.341	0.67223	1.83148	2.50372	11.4924	1213.54	13.1759				-0.011167	0.001167	-0.01	4.78417	0.0	0.0	0.68526	0.0
2015/01/03 00:20:00		0.94061	166.943	16.7005	66.878	1021.23	1.12292	25.4092	0.498033	1.42411	1.92214	11.5067	1195.21	13.4366				-0.011333	0.008167	-0.003167	4.78417	0.0	0.0	0.68526	0.0
2015/01/03 00:25:00		0.88829	192.483	16.6187	67.195	1021.21	1.14479	25.4548	0.0469	1.2324	1.2793	11.0968	1226.04	11.3793				-0.01	0.0	-0.01	4.78417	0.0	0.0	0.68526	0.0
2015/01/03 00:30:00		0.69612	156.494	16.5943	67.637	1021.24	1.1375	25.4948	0.104967	1.28375	1.38872	10.7965	1256.88	11.7186				-0.0115	0.005	-0.0065	4.78417	0.0	0.0	0.68526	0.0
2015/01/03 00:35:00		0.68471	139.628	16.4995	67.928	1021.28	1.18854	25.5208	0.437733	0.393683	0.83142	10.6487	1295.63	12.5008				-0.01	0.0	-0.01	4.78417	0.0	0.0	0.68526	0.0
2015/01/03 00:40:00		0.75326	165.22	16.4568	68.182	1021.23	1.1375	25.5418	0.0201	0.59566	0.61576	10.5629	1304.79	11.4651				-0.011167	0.004167	-0.007	4.78417	0.0	0.0	0.68526	0.0
2015/01/03 00:45:00		0.66142	150.438	16.4005	68.479	1021.21	1.13021	25.5643	3.11773	13.2346	16.3523	10.3294	1288.75	10.5971				-0.01	0.0	-0.01	4.78417	0.0	0.0	0.68526	0.0
2015/01/03 00:50:00		0.71966	85.487	16.3531	68.754	1021.2	1.21042	25.585	10.6441	77.542	88.186	10.1959	1267.92	10.4471				-0.014833	0.009833	-0.005	4.78417	0.0	0.0	0.68526	0.0
2015/01/03 00:55:00		0.53386	132.957	16.3052	68.959	1021.2	1.10104	25.5906	7.5263	70.315	77.842	9.7955	1255.0	12.1615				-0.01	0.0	-0.01	4.78417	0.0	0.0	0.68526	0.0
2015/01/03 01:00:00		0.55851	130.206	16.249	69.28	1021.18	1.11563	25.6081	6.9122	75.303	82.215	9.4952	1253.33	10.9507				-0.013667	0.008667	-0.005	4.78417	0.0	0.0	0.68526	0.0
2015/01/03 01:05:00		0.6389	97.006	16.2047	69.657	1021.16	1.15208	25.6113	20.5221	91.057	111.579	9.724	1321.46	8.5184				-0.01	0.0	-0.01	4.78417	0.0	0.0	0.68526	0.0
2015/01/03 01:10:00		0.58403	89.677	16.201	69.534	1021.14	1.15937	25.6022	20.3479	93.265	113.613	9.9671	1460.63	7.6719				-0.01	0.004833	-0.005167	4.78417	0.0	0.0	0.68526	0.0
2015/01/03 01:15:00		0.59093	96.64	16.1771	69.67	1021.1	1.16667	25.6022	20.8928	94.638	115.531	10.0434	1526.67	7.3612				-0.010167	0.000167	-0.01	4.78417	0.0	0.0	0.68526	0.0
2015/01/03 01:20:00		0.5625	145.125	16.1016	69.897	1021.08	1.18854	25.6124	23.919	95.028	118.947	9.2187	1545.42	7.872				-0.01	0.0085	-0.0015	4.78417	0.0	0.0	0.68526	0.0
2015/01/03 01:25:00		0.0	502.0	16.1016	70.116	1021.05	1.15937	25.6105	18.7846	92.084	110.869	8.7611	1531.46	8.0291				-0.01	0.000667	-0.009333	4.78417	0.0	0.0	0.68526	0.0
2015/01/03 01:30:00		0.63647	78.32	16.1021	70.558	1021.03	1.08646	25.607	20.3055	92.752	113.057	8.7754	1567.29	7.2755				-0.011	0.007833	-0.003167	4.78417	0.0	0.0	0.68526	0.0
2015/01/03 01:35:00		0.6852	77.179	16.1073	70.844	1020.95	1.16667	25.589	31.6195	97.373	128.993	8.8183	1576.88	7.4576				-0.01	0.0	-0.01	4.78417	0.0	0.0	0.68526	0.0
2015/01/03 01:40:00		0.81729	89.464	16.1026	70.843	1020.91	1.18125	25.5971	29.8239	97.647	127.471	8.9423	1579.38	7.2862				-0.011167	0.009333	-0.001833	4.78417	0.0	0.0	0.68526	0.0
2015/01/03 01:45:00		0.74726	72.046	16.0292	70.861	1020.87	1.15208	25.593	22.742	90.616	113.358	8.866	1567.29	7.7398				-0.01	0.0	-0.01	4.78417	0.0	0.0	0.68526	0.0
2015/01/03 01:50:00		0.62821	69.255	16.0052	70.97	1020.85	1.17396	25.5936	17.0671	80.606	97.673	8.4656	1529.38	8.5506				-0.01	0.002667	-0.007333	4.78417	0.0	0.0	0.68526	0.0
2015/01/03 01:55:00		0.77801	93.608	15.9797	70.967	1020.83	1.18854	25.5829	12.9332	79.113	92.046	8.5466	1476.04	9.0613				-0.01	0.001333	-0.008667	4.78417	0.0	0.0	0.68526	0.0
2015/01/03 02:00:00		0.69814	80.899	15.8984	71.306	1020.78	1.18854	25.5829	13.9807	79.805	93.785	9.1186	1433.96	9.0649				-0.01	0.003667	-0.006333	4.78417	0.0	0.0	0.68526	0.0
2015/01/03 02:05:00		0.450505	53.327	15.8224	72.027	1020.73	1.18125	25.5727	22.3735	82.985	105.359	9.0996	1473.75	8.6291				-0.012	0.004167	-0.007833	4.78417	0.0	0.0	0.68526	0.0
2015/01/03 02:10:00		0.66634	50.967	15.7979	72.356	1020.71	1.1375	25.5649	27.6107	83.142	110.753	8.5895	1493.33	8.0863				-0.011667	0.01	-0.001667	4.78417	0.0	0.0	0.68526	0.0
2015/01/03 02:15:00		0.0	502.0	15.7427	72.57	1020.71	1.16667	25.5657	22.6125	79.168	101.78	8.7325	1502.29	8.3898				-0.010667	0.001667	-0.009	4.78417	0.0	0.0	0.68526	0.0
2015/01/03 02:20:00		0.0	502.0	15.6984	72.959	1020.68	1.14479	25.5872	29.6453	81.28	110.925	8.8422	1515.42	8.3756				-0.011833	0.007167	-0.004667	4.78417	0.0	0.0	0.68526	0.0
2015/01/03 02:25:00		0.0	502.0	15.7	72.996	1020.62	1.10833	25.5587	30.8446	84.799	115.644	9.1854	1518.33	8.4541				-0.01	0.0	-0.01	4.78417	0.0	0.0	0.68526	0.0
2015/01/03 02:30:00		0.59062	33.4125	15.6328	73.038	1020.59	1.13021	25.5571	30.15	83.235	113.385	9.0757	1507.29	8.2934				-0.01	0.0055	-0.0045	4.78417	0.0	0.0	0.68526	0.0
2015/01/03 02:35:00		0.64552	61.422	15.601	73.335	1020.52	1.10833	25.5496	35.9678	83.707	119.675	8.9423	1518.75	8.3898				-0.01	0.0	-0.01	4.78417	0.0	0.0	0.68526	0.0
2015/01/03 02:40:00		0.0	502.0	15.525	73.622	1020.53	1.14479	25.5434	36.7361	82.003	118.739	9.0614	1555.83	7.6291				-0.013	0.008333	-0.004667	4.78417	0.0	0.0	0.68526	0.0
2015/01/03 02:45:00		0.67194	74.605	15.4943	73.992	1020.53	1.16667	25.5294	45.8503	85.416	131.266	9.4285	1568.13	8.2827				-0.01	0.000667	-0.009333	4.78417	0.0	0.0	0.68526	0.0
2015/01/03 02:50:00		0.0	502.0	15.5755	74.064	1020.5	1.18854	25.5305	47.4494	84.782	132.232	9.8241	1588.33	8.4113				-0.014	0.005833	-0.008167	4.78417	0.0	0.0	0.68526	0.0
2015/01/03 02:55:00		0.0	502.0	15.5984	73.846	1020.45	1.18125	25.5106	40.6333	84.83	125.463	10.3532	1609.58	8.4184				-0.01	0.0	-0.01	4.78417	0.0	0.0	0.68526	0.0
2015/01/03 03:00:00		0.0	502.0	15.599	73.694	1020.41	1.1375	25.505	31.9009	83.372	115.273	10.4581	1593.75	8.5291				-0.012833	0.003167	-0.009667	4.78417	0.0	0.0	0.68526	0.0
2015/01/03 03:05:00		0.0	502.0	15.5531	73.635	1020.34	1.10833	25.4808	26.0809	79.949	106.029	10.7155	1553.33	8.7292				-0.010167	0.002833	-0.007833	4.78417	0.0	0.0	0.68526	0.0
2015/01/03 03:10:00		0.5625	26.325	15.4901	73.783	1020.28	1.14479	25.4505	24.1803	79.233	103.413	11.0634	1546.67	9.2042				-0.013167	0.010833	-0.002333	4.78417	0.0	0.0	0.68526	0.0
2015/01/03 03:15:00		0.0	502.0	15.4885	73.996	1020.26	1.09375	25.4395	22.6147	79.497	102.111	11.7498	1546.25	9.0042				-0.010833	0.002667	-0.008167	4.78417	0.0	0.0	0.68526	0.0
2015/01/03 03:20:00		0.5625	43.9875	15.4573	73.955	1020.24	1.1375	25.4148	20.0799	78.025	98.105	12.2932	1527.71	8.8827				-0.01	0.000833	-0.009167	4.78417	0.0	0.0	0.68526	0.0
2015/01/03 03:25:00		0.0	502.0	15.3891	73.939	1020.25	1.10104	25.3866	21.3015	76.429	97.731	13.0225	1507.5	9.5863				-0.0105	0.0005	-0.01	4.78417	0.0	0.0	0.68526	0.0
2015/01/03 03:30:00		0.59062	11.5875	15.3906	73.941	1020.25	1.12292	25.3563	18.8761	74.119	92.995	13.4611	1496.25	9.4899				-0.01	0.0005	-0.0095	4.78417	0.0	0.0	0.68526	0.0
2015/01/03 03:35:00		0.0	502.0	15.3891	73.947	1020.29	1.05	25.3254	17.047	72.154	89.201	14.5097	1483.96	9.2756				-0.01	0.0	-0.010333	4.78417	0.0	0.0	0.68526	0.0
2015/01/03 03:40:00		0.0	502.0	15.3849	74.067	1020.33	1.12292	25.309	20.9866	74.156	95.143	15.0245	1480.83	9.7542				-0.014167	0.007333	-0.006833	4.78417	0.0	0.0	0.68526	0.0
2015/01/03 03:45:00		0.0	502.0	15.3917	74.33	1020.36	1.14479	25.2969	26.7576	76.409	103.166	15.6013	1505.63	9.5149				-0.01	0.0	-0.01	4.78417	0.0	0.0	0.68526	0.0
2015/01/03 03:50:00		0.0	502.0	15.3891	74.802	1020.36	1.16667	25.3039	45.2138	78.021	123.235	16.793	1645.21	9.9864				-0.010333	0.004833	-0.0055	4.78417	0.0	0.0	0.68526	0.0
2015/01/03 03:55:00		0.0	502.0	15.4016	75.094	1020.36	1.18854	25.2907	52.631	78.819	131.45	17.1648	1782.29	10.4364				-0.01	0.002667	-0.007333	4.78417	0.0	0.0	0.68526	0.0
2015/01/03 04:00:00		0.0	502.0	15.4656	75.076	1020.39	1.18125	25.2779	41.9688	76.474	118.443	17.875	1853.33	10.3721				-0.012333	0.007	-0.005333	4.78417	0.0	0.0	0.68526	0.0
2015/01/03 04:05:00		0.0	502.0	15.4937	75.031	1020.4	1.12292	25.2789	36.5641	73.787	110.351	18.4851	1846.04	10.7686				-0.01	0.0	-0.01	4.78417	0.0	0.0	0.68526	0.0
2015/01/03 04:10:00		0.480345	4.19255	15.4932	74.781	1020.38	1.1375	25.287	32.7742	72.701	105.476	19.2144	1834.17	10.4043				-0.01	0.004333	-0.005667	4.78417	0.0	0.0	0.68526	0.0
2015/01/03 04:15:00		0.64888	17.7435	15.4943	74.317	1020.39	1.14479	25.287	35.807	73.102	108.909	20.163	1793.75	11.165				-0.01	0.0	-0.01	4.78417	0.0	0.0	0.68526	0.0
2015/01/03 04:20:00		0.398116	29.2154	15.487	73.526	1020.41	1.14479	25.2937	27.4454	71.26	98.706	21.8504	1724.58	11.6258				-0.011167	0.0035	-0.007667	4.78417	0.0	0.0	0.68526	0.0
2015/01/03 04:25:00		0.0	502.0	15.4917	72.952	1020.41	1.17396	25.2953	23.2356	69.898	93.133	24.4387	1679.79	11.5186				-0.01	0.0	-0.01	4.78417	0.0	0.0	0.68526	0.0
2015/01/03 04:30:00		0.0	502.0	15.5807	72.634	1020.42	1.19583	25.2991	22.1547	69.802	91.956	26.7172	1701.25	12.0972				-0.010167	0.003833	-0.006333	4.78417	0.0	0.0	0.68526	0.0
2015/01/03 04:35:00		0.0	502.0	15.6224	71.963	1020.39	1.18854	25.2889	23.6599	71.592	95.252	28.5333	1752.92	12.6544				-0.01	0.0	-0.01	4.78417	0.0	0.0	0.68526	0.0
2015/01/03 04:40:00		0.64688	15.3	15.7005	71.231	1020.38	1.13021	25.2934	22.876	71.989	94.865	30.9071	1751.04	12.9973				-0.012833	0.006833	-0.006	4.78417	0.0	0.0	0.68526	0.0
2015/01/03 04:45:00		0.671	18.6549	15.701	70.573	1020.4	1.12292	25.3275	22.2016	72.516	94.718	32.8757	1732.29	12.9866				-0.011167	0.002	-0.009167	4.78417	0.0	0.0	0.68526	0.0
2015/01/03 04:50:00		0.0	502.0	15.7958	69.782	1020.43	1.1375	25.3324	19.028	69.826	88.854	34.2914	1772.71	13.3223				-0.012333	0.010833	-0.0015	4.78417	0.0	0.0	0.68526	0.0
2015/01/03 04:55:00		0.316917	294.131	15.7937	68.634	1020.44	1.17396	25.3514	17.1967	68.641	85.838	36.3887	1792.08	13.4295				-0.01	0.0	-0.01	4.78417	0.0	0.0	0.68526	0.0
2015/01/03 05:00:00		0.179944	25.0805	15.8036	67.772	1020.47	1.18854	25.3686	16.3681	68.152	84.52	39.2392	1766.88	13.2009				-0.010333	0.0055	-0.004833	4.78417	0.0	0.0	0.68526	0.0
2015/01/03 05:05:00		0.95625	12.9375	15.837	66.917	1020.52	1.13021	25.3901	17.0381	69.018	86.056	41.6511	1747.29	12.7723				-0.01	0.000833	-0.009167	4.78417	0.0	0.0	0.68526	0.0
2015/01/03 05:10:00		0.476283	41.9039	15.8927	66.568	1020.53	1.15208	25.3998	14.3157	67.063	81.379	42.8285	1714.58	12.2472				-0.010667	0.008667	-0.002	4.78417	0.0	0.0	0.68526	0.0
2015/01/03 05:15:00		0.675	42.4125	15.8937	66.153	1020.53	1.13021	25.4067	15.8075	70.171	85.979	42.7808	1711.88	11.6472				-0.01	0.002333	-0.007667	4.78417	0.0	0.0	0.68526	0.0
2015/01/03 05:20:00		0.0	502.0	15.8927	66.001	1020.61	1.18854	25.4083	16.8237	69.538	86.362	43.1717	1738.96	11.3686				-0.010167	0.007167	-0.003	4.78417	0.0	0.0	0.68526	0.0
2015/01/03 05:25:00		0.451791	356.387	15.8948	64.916	1020.59	1.09375	25.4194	21.402	74.358	95.76	43.0382	1815.83	11.09				-0.011667	0.002	-0.009667	4.78417	0.0	0.0	0.68526	0.0
2015/01/03 05:30:00		0.76097	36.2941	15.8896	63.699	1020.6	1.19583	25.4349	30.8133	78.196	109.009	44.5016	1820.83	10.1364				-0.0105	0.006	-0.0045	4.78417	0.0	0.0	0.68526	0.0
2015/01/03 05:35:00		0.55341	45.5962	15.7964	63.724	1020.6	1.16667	25.4422	23.3227	75.724	99.047	44.6446	1784.79	9.9328				-0.01	0.001333	-0.008667	4.78417	0.0	0.0	0.68526	0.0
2015/01/03 05:40:00		0.56939	24.0671	15.7937	64.259	1020.63	1.08646	25.4373	18.8382	72.462	91.3	42.6807	1762.92	10.0721				-0.013333	0.006667	-0.006667	4.78417	0.0	0.0	0.68526	0.0
2015/01/03 05:45:00		0.82051	19.037	15.7844	65.042	1020.7	1.13021	25.4328	36.017	80.061	116.078	41.5796	1833.75	9.2149				-0.010167	0.000333	-0.009833	4.78417	0.0	0.0	0.68526	0.0
2015/01/03 05:50:00		0.54691	27.9029	15.6943	66.046	1020.72	1.12292	25.3863	38.6188	79.13	117.749	39.9923	1877.08	9.2506				-0.012	0.005833	-0.006167	4.78417	0.0	0.0	0.68526	0.0
2015/01/03 05:55:00		0.6414	354.112	15.6964	67.053	1020.73	1.18854	25.1938	44.4299	79.832	124.262	38.1428	1931.88	8.8827				-0.010333	0.000333	-0.01	4.78417	0.0	0.0	0.68526	0.0
2015/01/03 06:00:00		0.51248	6.7305	15.6953	67.606	1020.75	1.13021	25.0545	69.278	80.127	149.405	37.4612	2112.92	9.4363				-0.011833	0.010667	-0.001167	4.78417	0.0	0.0	0.68526	0.0
2015/01/03 06:05:00		0.78035	355.049	15.6005	67.895	1021.13	1.14479	24.9519	56.606	76.765	133.371	37.3087	2163.54	9.5935				-0.01	0.000667	-0.009333	4.78417	0.0	0.0	0.68526	0.0
2015/01/03 06:10:00		0.78561	32.8632	15.45	68.449	1021.32	1.12292	24.8907	48.6599	70.966	119.626	35.4497	2159.79	9.7649				-0.0115	0.004167	-0.007333	4.78417	0.0	0.0	0.68526	0.0
2015/01/03 06:15:00		0.52399	6.9163	15.3443	69.445	1021.37	1.15208	24.8263	48.135	69.453	117.588	32.7708	2151.88	9.2792				-0.011	0.002167	-0.008833	4.78417	0.0	0.0	0.68526	0.0
2015/01/03 06:20:00		0.62109	29.2674	15.2911	70.391	1021.48	1.12292	24.7885	50.158	68.895	119.053	31.5458	2146.88	8.747				-0.012833	0.009667	-0.003167	4.78417	0.0	0.0	0.68526	0.0
2015/01/03 06:25:00		0.72288	357.664	15.2182	71.047	1021.51	1.15937	24.7627	52.097	67.95	120.047	29.7202	2142.92	9.1328				-0.010333	0.002667	-0.007667	4.78417	0.0	0.0	0.68526	0.0
2015/01/03 06:30:00		0.55799	5.2972	15.1651	71.49	1021.55	1.12292	24.7369	50.074	66.707	116.781	29.4723	2142.5	8.6684				-0.0135	0.008833	-0.004667	4.78417	0.0	0.0	0.68526	0.0
2015/01/03 06:35:00		0.66263	0.223673	15.0417	71.662	1021.57	1.15208	24.705	47.9519	64.273	112.225	29.7535	2133.54	8.8149				-0.01	0.0	-0.01	4.78417	0.0	0.0	0.68526	0.0
2015/01/03 06:40:00		0.413359	16.7851	14.9833	72.043	1021.61	1.16667	24.6867	49.3343	64.424	113.758	31.4028	2137.92	8.6327				-0.014667	0.011	-0.003667	4.78417	0.0	0.0	0.68526	0.0
2015/01/03 06:45:00		0.63896	3.43595	14.8932	72.229	1021.66	1.14479	24.6727	56.934	63.835	120.769	32.032	2131.88	8.7577				-0.0115	0.002	-0.0095	4.78417	0.0	0.0	0.68526	0.0
2015/01/03 06:50:00		0.7724	33.7201	14.8891	72.081	1021.71	1.13021	24.6529	52.823	63.092	115.915	32.175	2135.21	8.4756				-0.011167	0.005833	-0.005333	4.78417	0.0	0.0	0.68526	0.0
2015/01/03 06:55:00		0.78641	14.7884	14.8177	72.327	1021.74	1.20313	24.6201	43.4272	56.906	100.333	33.3381	2127.29	8.4898				-0.01	0.0	-0.01	4.78417	0.0	0.0	0.68526	0.0
2015/01/03 07:00:00		0.67512	3.52363	14.7917	73.019	1021.79	2.72708	24.5839	50.078	58.32	108.398	36.3506	2127.08	8.272				-0.010167	0.004167	-0.006	4.78417	0.0	0.0	0.68526	0.0
2015/01/03 07:05:00		0.64539	354.966	14.788	73.536	1021.83	7.2479	24.5535	55.702	59.278	114.98	39.9828	2127.92	8.347				-0.0115	0.0015	-0.01	4.78417	0.0	0.0	0.68526	0.0
2015/01/03 07:10:00		0.332978	10.0427	14.7964	73.961	1021.83	11.9146	24.5294	58.54	59.474	118.014	46.7324	2127.29	8.4684				-0.012833	0.007333	-0.0055	4.78417	0.0	0.0	0.68526	0.0
2015/01/03 07:15:00		0.50629	9.444	14.8901	74.183	1021.86	17.5	24.5063	79.493	60.733	140.227	58.149	2145.42	8.997				-0.01	0.0	-0.01	4.78417	0.0	0.0	0.68526	0.0
2015/01/03 07:20:00		0.55997	341.49	14.8344	74.064	1021.93	25.1708	24.4861	63.485	57.526	121.01	78.946	2153.75	8.1005				-0.010333	0.0055	-0.004833	4.78417	0.0	0.0	0.68526	0.0
2015/01/03 07:25:00		0.54941	359.961	14.7969	74.32	1021.97	32.9583	24.4735	57.551	54.691	112.242	110.372	2157.29	8.0684				-0.01	0.0	-0.01	4.78417	0.0	0.0	0.68526	0.0
2015/01/03 07:30:00		0.355594	43.5336	14.7922	74.52	1022.07	39.3385	24.4531	59.996	54.486	114.482	136.203	2161.88	8.5613				-0.012667	0.0055	-0.007167	4.78417	0.0	0.0	0.68526	0.0
2015/01/03 07:35:00		0.77844	16.8936	14.8901	74.641	1022.15	45.8573	24.4359	60.47	55.489	115.959	154.693	2177.92	8.5827				-0.0105	0.001333	-0.009167	4.78417	0.0	0.0	0.68526	0.0
2015/01/03 07:40:00		0.87463	14.9775	14.8938	74.445	1022.24	55.942	24.426	54.788	54.4	109.188	155.627	2192.08	8.6363				-0.01	0.003167	-0.006833	4.78417	0.0	0.0	0.68526	0.0
2015/01/03 07:45:00		0.65569	16.3231	14.8901	74.509	1022.31	63.831	24.4239	55.614	52.709	108.324	148.348	2201.46	8.3577				-0.01	0.0	-0.01	4.78417	0.0	0.0	0.68526	0.0
2015/01/03 07:50:00		0.79511	68.438	14.9141	74.843	1022.37	70.992	24.4212	59.574	52.726	112.3	140.197	2209.79	8.2934				-0.011333	0.006167	-0.005167	4.78417	0.0	0.0	0.68526	0.0
2015/01/03 07:55:00		0.429099	23.9169	14.9453	74.572	1022.4	70.007	24.4188	65.948	53.024	118.972	133.796	2226.46	8.4113				-0.010333	0.0005	-0.009833	4.78417	0.0	0.0	0.68526	0.0
2015/01/03 08:00:00		0.66732	18.9039	14.8943	74.619	1022.46	67.9	24.4273	55.094	48.6661	103.76	135.407	2240.0	8.6041				-0.011667	0.001667	-0.01	4.78417	0.0	0.0	0.68526	0.0
2015/01/03 08:05:00		0.63808	18.7904	14.9682	74.505	1022.53	77.707	24.433	60.758	49.6109	110.369	131.412	2259.58	8.3577				-0.01	0.001167	-0.008833	4.78417	0.0	0.0	0.68526	0.0
2015/01/03 08:10:00		0.64133	56.767	14.9943	74.424	1022.56	78.385	24.4365	54.341	47.824	102.165	126.87	2274.17	8.4541				-0.01	0.006	-0.004	4.78417	0.0	0.0	0.68526	0.0
2015/01/03 08:15:00		0.5028	17.3299	15.0401	74.521	1022.63	69.577	24.4408	56.403	47.7623	104.165	121.669	2288.96	8.2827				-0.01	0.000333	-0.009667	4.78417	0.0	0.0	0.68526	0.0
2015/01/03 08:20:00		0.71598	13.5066	15.1615	74.48	1022.72	58.421	24.4467	59.731	49.3165	109.047	116.936	2303.33	8.4434				-0.011167	0.005167	-0.006	4.78417	0.0	0.0	0.68526	0.0
2015/01/03 08:25:00		0.65093	353.855	15.2859	73.977	1022.79	52.573	24.4665	64.889	49.1967	114.086	111.702	2323.33	8.272				-0.01	0.0	-0.01	4.78417	0.0	0.0	0.68526	0.0
2015/01/03 08:30:00		0.489206	330.346	15.2896	73.047	1022.86	51.764	24.4888	53.58	46.417	99.997	105.62	2331.04	8.122				-0.01	0.002667	-0.007333	4.78417	0.0	0.0	0.68526	0.0
2015/01/03 08:35:00		0.435226	4.19031	15.2917	72.734	1022.92	50.502	24.5092	51.784	44.4828	96.267	99.743	2348.13	8.0255				-0.01	0.0	-0.01	4.78417	0.0	0.0	0.68526	0.0
2015/01/03 08:40:00		0.491261	4.21985	15.2953	72.476	1022.95	50.969	24.5275	51.157	45.099	96.256	94.166	2355.63	8.5399				-0.011667	0.007667	-0.004	4.78417	0.0	0.0	0.68526	0.0
2015/01/03 08:45:00		0.50487	3.69078	15.3599	72.507	1022.95	50.881	24.5576	52.441	44.5239	96.965	90.938	2374.79	8.2827				-0.012833	0.005833	-0.007	4.78417	0.0	0.0	0.68526	0.0
2015/01/03 08:50:00		0.59983	341.957	15.4661	72.228	1022.96	48.1177	24.5769	62.332	46.191	108.523	89.022	2387.08	8.5506				-0.013167	0.008	-0.005333	4.78417	0.0	0.0	0.68526	0.0
2015/01/03 08:55:00		0.86576	2.64532	15.5854	71.24	1023.0	49.6417	24.611	61.113	47.5946	108.708	86.572	2403.13	8.4648				-0.0105	0.000833	-0.009667	4.78417	0.0	0.0	0.68526	0.0
2015/01/03 09:00:00		0.75306	8.8294	15.5932	69.906	1023.05	55.621	24.6421	54.444	46.369	100.813	91.062	2410.42	8.1863				-0.011833	0.006	-0.005833	4.78417	0.0	0.0	0.68526	0.0
2015/01/03 09:05:00		0.76079	9.3008	15.6089	69.746	1023.14	65.661	24.6634	53.611	46.0473	99.658	98.494	2420.21	8.122				-0.01	0.0	-0.01	4.78417	0.0	0.0	0.68526	0.0
2015/01/03 09:10:00		0.61557	13.3907	15.6995	69.532	1023.17	66.369	24.6932	56.334	46.9305	103.264	100.315	2428.96	7.9505				-0.01	0.004167	-0.005833	4.78417	0.0	0.0	0.68526	0.0
2015/01/03 09:15:00		0.76189	5.802	15.801	69.309	1023.18	65.18	24.7152	55.094	47.153	102.247	101.034	2435.83	8.1005				-0.01	0.000833	-0.009167	4.78417	0.0	0.0	0.68526	0.0
2015/01/03 09:20:00		0.448815	345.695	15.9391	68.898	1023.19	76.701	24.7334	65.133	50.09	115.223	100.248	2449.17	7.9398				-0.013	0.007667	-0.005333	4.78417	0.0	0.0	0.68526	0.0
2015/01/03 09:25:00		0.365028	7.4024	16.1078	68.468	1023.14	90.322	24.7613	72.72	57.255	129.975	101.215	2472.08	7.8434				-0.01	0.0	-0.010167	4.78417	0.0	0.0	0.68526	0.0
2015/01/03 09:30:00		0.64674	65.887	16.2026	66.573	1023.08	106.509	24.7949	63.887	55.513	119.4	103.027	2491.88	8.4006				-0.013	0.006833	-0.006167	4.78417	0.0	0.0	0.68526	0.0
2015/01/03 09:35:00		0.71137	349.088	16.2	66.291	1023.09	115.449	24.8279	50.364	47.9643	98.328	107.994	2500.42	8.0362				-0.014333	0.006667	-0.007667	4.78417	0.0	0.0	0.68526	0.0
2015/01/03 09:40:00		0.60039	19.2242	16.3047	66.397	1023.1	119.489	24.8695	50.52	47.4919	98.012	109.185	2511.88	8.2506				-0.012167	0.006	-0.006167	4.78417	0.0	0.0	0.68526	0.0
2015/01/03 09:45:00		0.75699	44.3806	16.3969	65.139	1023.08	124.432	24.9079	51.644	49.6897	101.333	112.236	2519.58	8.6363				-0.012333	0.0025	-0.009833	4.78417	0.0	0.0	0.68526	0.0
2015/01/03 09:50:00		0.480899	3.26326	16.4766	64.74	1023.03	135.749	24.9479	49.3835	45.7015	95.085	115.911	2523.13	8.5077				-0.013333	0.007667	-0.005667	4.78417	0.0	0.0	0.68526	0.0
2015/01/03 09:55:00		0.8008	347.656	16.6109	64.983	1022.95	151.2	24.9807	54.429	50.884	105.313	116.545	2535.21	8.2291				-0.010833	0.000833	-0.01	4.78417	0.0	0.0	0.68526	0.0
2015/01/03 10:00:00		0.64571	28.0919	16.7458	63.822	1022.87	158.069	25.0199	53.392	49.0564	102.449	119.505	2543.96	8.1898				-0.010833	0.0065	-0.004333	4.78417	0.0	0.0	0.68526	0.0
2015/01/03 10:05:00		0.56252	38.7715	16.8427	63.096	1022.85	153.067	25.0591	50.116	46.6053	96.721	121.335	2542.29	7.8648				-0.010833	0.003167	-0.007667	4.78417	0.0	0.0	0.68526	0.0
2015/01/03 10:10:00		0.69694	10.8449	17.0026	62.682	1022.85	147.423	25.1069	55.197	51.956	107.153	119.62	2557.08	7.9077				-0.011333	0.006667	-0.004667	4.78417	0.0	0.0	0.68526	0.0
2015/01/03 10:15:00		0.6583	3.37793	17.1354	62.116	1022.85	154.751	25.1552	51.588	50.73	102.318	118.738	2557.5	8.1648				-0.011667	0.002833	-0.008833	4.78417	0.0	0.0	0.68526	0.0
2015/01/03 10:20:00		0.449724	12.0087	17.2729	61.555	1022.79	188.329	25.2048	52.403	53.832	106.235	117.026	2568.13	8.2077				-0.0105	0.006667	-0.003833	4.78417	0.0	0.0	0.68526	0.0
2015/01/03 10:25:00		0.50707	16.0664	17.4552	60.659	1022.7	212.115	25.2588	51.253	52.925	104.178	115.782	2566.67	8.2505				-0.01	0.0	-0.01	4.78417	0.0	0.0	0.68526	0.0
2015/01/03 10:30:00		0.50131	25.0263	17.5036	59.478	1022.66	216.096	25.3138	49.3187	49.0906	98.409	113.065	2565.83	8.4648				-0.01	0.002667	-0.007333	4.78417	0.0	0.0	0.68526	0.0
2015/01/03 10:35:00		0.59148	27.8607	17.5083	58.923	1022.63	219.129	25.3877	48.4589	43.8974	92.356	108.108	2569.17	8.2934				-0.01	0.000167	-0.009833	4.78417	0.0	0.0	0.68526	0.0
2015/01/03 10:40:00		0.54883	49.496	17.5661	58.673	1022.59	230.103	25.451	47.6035	38.6974	86.301	101.511	2570.63	8.0362				-0.01	0.005	-0.005	4.78417	0.0	0.0	0.68526	0.0
2015/01/03 10:45:00		0.439156	82.443	17.6427	58.699	1022.51	232.998	25.5294	46.8576	42.8122	89.67	98.517	2565.83	8.4006				-0.011667	0.001667	-0.01	4.78417	0.0	0.0	0.68526	0.0
2015/01/03 10:50:00		0.61874	127.734	17.8161	58.963	1022.45	203.911	25.6057	49.0485	50.607	99.656	95.777	2561.04	8.0434				-0.010667	0.003	-0.007667	4.78417	0.0	0.0	0.68526	0.0
2015/01/03 10:55:00		0.79365	47.9193	18.0073	58.833	1022.35	209.723	25.6854	47.6973	47.8924	95.59	96.229	2565.0	8.4613				-0.01	0.000167	-0.009833	4.78417	0.0	0.0	0.68526	0.0
2015/01/03 11:00:00		0.52726	30.364	18.1016	57.906	1022.27	197.56	25.7643	47.3243	45.9925	93.317	98.537	2566.25	8.1791				-0.010167	0.006	-0.004167	4.78417	0.0	0.0	0.68526	0.0
2015/01/03 11:05:00		0.73258	47.1925	18.0036	57.879	1021.7	187.418	25.8288	38.5607	43.1442	81.705	98.765	2508.75	9.247				-0.01	0.000167	-0.009833	4.78417	0.0	0.0	0.68526	0.0
2015/01/03 11:10:00		0.57651	9.0192	18.0229	58.09	1021.61	199.099	25.8889	26.5834	58.053	84.636	97.54	2389.17	10.3614				-0.010833	0.0075	-0.003333	4.78417	0.0	0.0	0.68526	0.0
2015/01/03 11:15:00		0.68701	14.9597	18.1057	57.602	1021.49	208.52	25.9515	19.5372	69.85	89.387	95.891	2330.0	10.6186				-0.012	0.004167	-0.007833	4.78417	0.0	0.0	0.68526	0.0
2015/01/03 11:20:00		0.36626	13.6928	18.1089	57.422	1021.4	213.318	26.0035	13.9137	73.557	87.471	96.177	2235.21	12.183				-0.011833	0.008667	-0.003167	4.78417	0.0	0.0	0.68526	0.0
2015/01/03 11:25:00		0.71978	6.9907	18.2099	57.415	1021.26	228.936	26.0572	9.476	81.225	90.701	95.124	2230.21	13.3509				-0.01	0.001667	-0.008333	4.78417	0.0	0.0	0.68526	0.0
2015/01/03 11:30:00		0.69145	25.0489	18.2151	57.103	1021.14	226.304	26.1107	6.901	79.572	86.473	93.331	2231.67	14.8081				-0.011667	0.0075	-0.004167	4.78417	0.0	0.0	0.68526	0.0
2015/01/03 11:35:00		0.59249	334.623	18.3307	57.365	1021.0	199.843	26.1697	5.9429	82.266	88.209	91.792	2192.5	15.9368				-0.011	0.003167	-0.007833	4.78417	0.0	0.0	0.68526	0.0
2015/01/03 11:40:00		0.459949	45.0635	18.4661	56.71	1020.88	196.095	26.2275	7.0194	90.14	97.159	89.508	2306.04	15.2046				-0.01	0.004167	-0.005833	4.78417	0.0	0.0	0.68526	0.0
2015/01/03 11:45:00		0.64685	309.604	18.5776	56.684	1020.75	232.488	26.2774	5.4538	84.354	89.808	86.934	2226.25	16.3439				-0.01	0.0025	-0.0075	4.78417	0.0	0.0	0.68526	0.0
2015/01/03 11:50:00		0.82307	299.994	18.688	56.419	1020.62	313.155	26.3429	6.3628	89.181	95.544	82.058	2224.79	16.4118				-0.012	0.008	-0.004	4.78417	0.0	0.0	0.68526	0.0
2015/01/03 11:55:00		0.96997	309.399	18.862	56.08	1020.53	349.497	26.5085	4.33043	80.732	85.063	81.362	2114.38	17.5047				-0.01	0.001667	-0.008333	4.78417	0.0	0.0	0.68526	0.0
2015/01/03 12:00:00		0.88481	299.409	18.9141	55.08	1020.41	297.289	26.6562	4.78827	79.935	84.723	75.27	2066.25	18.3548				-0.010833	0.004833	-0.006	4.78417	0.0	0.0	0.68526	0.0
2015/01/03 12:05:00		0.6118	311.924	18.9135	55.676	1020.24	225.006	26.7681	5.2751	81.749	87.024	69.636	2111.88	18.4512				-0.012167	0.002167	-0.01	4.78417	0.0	0.0	0.68526	0.0
2015/01/03 12:10:00		0.77066	317.857	18.9958	55.857	1020.08	202.453	26.8508	14.9812	106.147	121.128	68.897	2416.25	14.0152				-0.011333	0.008	-0.003333	4.78417	0.0	0.0	0.68526	0.0
2015/01/03 12:15:00		0.68068	311.535	19.1344	55.469	1019.95	188.475	26.9421	22.2663	116.736	139.002	67.029	2702.08	10.8329				-0.01	0.0005	-0.0095	4.78417	0.0	0.0	0.68526	0.0
2015/01/03 12:20:00		0.6341	303.554	19.2146	55.131	1019.8	191.494	27.0041	18.8337	118.112	136.946	65.585	2889.79	10.2971				-0.01	0.004	-0.006	4.78417	0.0	0.0	0.68526	0.0
2015/01/03 12:25:00		0.332473	313.128	19.2625	54.933	1019.64	238.073	27.0597	13.706	108.099	121.805	64.932	2860.21	12.333				-0.01	0.0	-0.01	4.78417	0.0	0.0	0.68526	0.0
2015/01/03 12:30:00		0.492834	313.261	19.3438	54.77	1019.5	290.733	27.1046	12.5915	111.854	124.446	64.865	2800.42	12.0437				-0.015	0.012667	-0.002333	4.78417	0.0	0.0	0.68526	0.0
2015/01/03 12:35:00		0.70062	286.021	19.4104	54.294	1019.42	275.465	27.166	8.7368	101.974	110.711	66.08	2614.58	13.2366				-0.010333	0.0025	-0.007833	4.78417	0.0	0.0	0.68526	0.0
2015/01/03 12:40:00		0.68247	311.708	19.413	54.333	1019.32	260.509	27.2283	6.5124	88.712	95.225	63.788	2385.21	16.4797				-0.01	0.005167	-0.004833	4.78417	0.0	0.0	0.68526	0.0
2015/01/03 12:45:00		0.57173	299.63	19.4276	54.493	1019.22	272.11	27.2871	7.274	101.136	108.41	61.104	2435.21	15.7618				-0.01	0.001	-0.009	4.78417	0.0	0.0	0.68526	0.0
2015/01/03 12:50:00		0.72099	149.522	19.5193	54.86	1019.11	260.21	27.3502	4.04457	79.699	83.743	62.067	2227.71	19.7406				-0.0105	0.005833	-0.004667	4.78417	0.0	0.0	0.68526	0.0
2015/01/03 12:55:00		1.17044	165.678	19.65	55.355	1019.01	251.11	27.3913	4.14283	89.079	93.221	61.652	2153.54	20.7228				-0.01	0.001833	-0.008167	4.78417	0.0	0.0	0.68526	0.0
2015/01/03 13:00:00		1.12886	159.897	19.8781	54.849	1018.92	245.408	27.4544	5.9317	96.247	102.179	60.522	2151.25	19.0763				-0.010167	0.005167	-0.005	4.78417	0.0	0.0	0.68526	0.0
2015/01/03 13:05:00		0.85307	142.04	20.0375	54.266	1018.8	260.072	27.5389	4.46443	84.508	88.973	57.901	2109.17	20.1478				-0.01	0.000333	-0.009667	4.78417	0.0	0.0	0.68526	0.0
2015/01/03 13:10:00		0.66572	127.084	20.0948	53.873	1018.67	258.074	27.6066	7.2963	99.047	106.344	57.438	2129.58	19.3977				-0.010667	0.005	-0.005667	4.78417	0.0	0.0	0.68526	0.0
2015/01/03 13:15:00		0.59918	105.151	19.999	54.222	1018.55	277.484	27.6356	3.75647	81.136	84.893	52.872	2033.13	21.5693				-0.01	0.001167	-0.008833	4.78417	0.0	0.0	0.68526	0.0
2015/01/03 13:20:00		0.54188	202.005	20.0844	53.836	1018.46	281.152	27.7027	2.70903	77.593	80.302	52.205	1968.54	23.6766				-0.01	0.005333	-0.004667	4.78417	0.0	0.0	0.68526	0.0
2015/01/03 13:25:00		0.74977	304.844	20.0281	53.662	1018.4	313.775	27.754	2.62863	71.989	74.618	50.979	1863.13	26.9697				-0.01	0.0	-0.01	4.78417	0.0	0.0	0.68526	0.0
2015/01/03 13:30:00		0.68563	300.217	19.9094	54.096	1018.31	306.833	27.8141	4.70117	89.157	93.858	49.0252	1923.96	24.8624				-0.010333	0.0065	-0.003833	4.78417	0.0	0.0	0.68526	0.0
2015/01/03 13:35:00		0.69854	327.757	19.9302	54.163	1018.24	288.889	27.8552	4.81283	95.206	100.019	48.8297	2048.33	21.855				-0.01	0.0005	-0.0095	4.78417	0.0	0.0	0.68526	0.0
2015/01/03 13:40:00		0.75497	313.671	20.0115	53.961	1018.16	274.32	27.9142	5.5253	97.332	102.857	51.327	2096.04	20.1549				-0.0135	0.007667	-0.005833	4.78417	0.0	0.0	0.68526	0.0
2015/01/03 13:45:00		0.79747	309.296	20.0901	53.581	1018.05	265.913	27.998	8.0199	110.266	118.285	49.8403	2236.88	17.7226				-0.011333	0.001333	-0.01	4.78417	0.0	0.0	0.68526	0.0
2015/01/03 13:50:00		1.14553	131.545	20.1021	53.785	1017.93	279.089	28.0603	4.39967	87.014	91.414	48.5104	2148.96	20.6907				-0.010333	0.005667	-0.004667	4.78417	0.0	0.0	0.68526	0.0
2015/01/03 13:55:00		1.36562	143.155	20.2734	54.46	1017.85	276.886	28.0882	6.4365	103.621	110.057	48.1243	2367.71	19.3513				-0.01	0.000333	-0.009667	4.78417	0.0	0.0	0.68526	0.0
2015/01/03 14:00:00		1.09964	103.182	20.5307	53.693	1017.82	258.446	28.1382	18.8091	125.438	144.247	48.8774	2480.21	14.7724				-0.0105	0.006833	-0.003667	4.78417	0.0	0.0	0.68526	0.0
2015/01/03 14:05:00		1.12885	134.909	20.7036	53.063	1017.73	250.556	28.2163	17.1498	131.333	148.483	48.906	2727.08	11.1007				-0.012667	0.004167	-0.0085	4.78417	0.0	0.0	0.68526	0.0
2015/01/03 14:10:00		1.30202	111.266	20.8714	52.908	1017.64	255.733	28.2968	17.5049	134.968	152.473	49.5018	2881.25	11.6436				-0.01	0.005	-0.005	4.78417	0.0	0.0	0.68526	0.0
2015/01/03 14:15:00		0.84722	136.899	20.9979	52.429	1017.57	245.328	28.3575	35.749	137.536	173.285	49.621	2896.46	10.6614				-0.01	0.003167	-0.006833	4.78417	0.0	0.0	0.68526	0.0
2015/01/03 14:20:00		0.79549	136.002	21.0328	52.037	1017.51	219.72	28.4249	23.287	133.147	156.434	48.0718	2838.13	11.5615				-0.01	0.006	-0.004	4.78417	0.0	0.0	0.68526	0.0
2015/01/03 14:25:00		1.04897	100.896	20.9969	52.47	1017.45	218.648	28.5076	18.2709	131.771	150.042	43.963	2812.71	11.6615				-0.010667	0.003167	-0.0075	4.78417	0.0	0.0	0.68526	0.0
2015/01/03 14:30:00		0.91463	97.861	20.9453	52.05	1017.4	220.405	28.561	34.3196	143.277	177.596	44.9115	2919.58	9.9757				-0.012333	0.009	-0.003333	4.78417	0.0	0.0	0.68526	0.0
2015/01/03 14:35:00		0.72685	124.092	20.8964	53.008	1017.33	221.346	28.6018	19.6645	136.016	155.68	44.3443	3084.17	10.6614				-0.01	0.003	-0.007	4.78417	0.0	0.0	0.68526	0.0
2015/01/03 14:40:00		1.1291	197.941	20.8953	52.635	1017.28	213.536	28.6254	13.9427	127.868	141.811	43.2575	3075.21	13.0116				-0.01	0.004333	-0.005667	4.78417	0.0	0.0	0.68526	0.0
2015/01/03 14:45:00		1.27529	159.886	20.9	52.502	1017.25	211.961	28.6703	8.3013	107.431	115.732	40.7788	2821.88	16.5154				-0.010333	0.002333	-0.008	4.78417	0.0	0.0	0.68526	0.0
2015/01/03 14:50:00		1.12631	146.071	20.9167	52.683	1017.17	205.188	28.7062	14.0343	126.198	140.232	39.3298	2878.54	15.026				-0.011167	0.006333	-0.004833	4.78417	0.0	0.0	0.68526	0.0
2015/01/03 14:55:00		1.11955	102.594	21.0104	52.777	1017.07	223.264	28.7339	22.6371	140.504	163.141	40.5167	2993.13	11.6901				-0.01	0.0055	-0.0045	4.78417	0.0	0.0	0.68526	0.0
2015/01/03 15:00:00		1.04305	140.566	21.1021	52.265	1017.01	227.493	28.7736	8.9222	114.38	123.303	40.4261	2750.83	15.6975				-0.010667	0.005833	-0.004833	4.78417	0.0	0.0	0.68526	0.0
2015/01/03 15:05:00		1.12054	112.588	21.0984	52.281	1016.97	220.318	28.7852	10.9679	103.118	114.086	40.2068	2534.58	17.5619				-0.010333	0.000333	-0.01	4.78417	0.0	0.0	0.68526	0.0
2015/01/03 15:10:00		1.53562	128.955	21.1016	52.978	1016.89	221.477	28.8074	35.7043	136.779	172.484	40.2545	2608.33	11.1293				-0.013167	0.007333	-0.005833	4.78417	0.0	0.0	0.68526	0.0
2015/01/03 15:15:00		1.64481	134.369	21.2016	53.08	1016.8	239.575	28.8378	32.1287	135.694	167.823	39.2011	2709.58	9.7399				-0.01	0.0035	-0.0065	4.78417	0.0	0.0	0.68526	0.0
2015/01/03 15:20:00		1.1397	140.516	21.2875	52.894	1016.78	207.12	28.8668	42.4043	143.037	185.441	39.0152	2886.67	9.6006				-0.01	0.005167	-0.004833	4.78417	0.0	0.0	0.68526	0.0
2015/01/03 15:25:00		1.79234	149.851	21.2974	52.899	1016.76	209.074	28.8899	19.803	127.762	147.565	37.6281	2953.13	10.1078				-0.01	0.001	-0.009	4.78417	0.0	0.0	0.68526	0.0
2015/01/03 15:30:00		1.9838	161.412	21.3818	52.637	1016.76	262.063	28.8939	30.1634	137.861	168.024	36.9464	3029.38	9.3613				-0.01	0.004333	-0.005667	4.78417	0.0	0.0	0.68526	0.0
2015/01/03 15:35:00		1.53265	134.826	21.3005	52.912	1016.73	249.185	28.9165	21.7214	128.858	150.579	36.0837	2961.67	10.265				-0.01	0.001	-0.009	4.78417	0.0	0.0	0.68526	0.0
2015/01/03 15:40:00		1.35318	141.307	21.3068	53.069	1016.71	230.825	28.943	22.7443	130.316	153.06	35.8549	2811.46	10.5864				-0.011833	0.0065	-0.005333	4.78417	0.0	0.0	0.68526	0.0
2015/01/03 15:45:00		1.22047	132.489	21.4	53.296	1016.66	210.08	28.9828	12.4709	113.846	126.317	34.6441	2593.54	13.0973				-0.0105	0.005333	-0.005167	4.78417	0.0	0.0	0.68526	0.0
2015/01/03 15:50:00		1.92248	139.01	21.4016	53.262	1016.67	144.754	28.9978	10.6418	114.031	124.673	34.5583	2402.71	13.9545				-0.011667	0.006833	-0.004833	4.78417	0.0	0.0	0.68526	0.0
2015/01/03 15:55:00		1.28055	106.588	21.399	53.183	1016.66	130.047	29.0102	12.9131	115.938	128.851	33.5144	2400.42	13.5438				-0.0125	0.009667	-0.002833	4.78417	0.0	0.0	0.68526	0.0
2015/01/03 16:00:00		1.04056	134.764	21.349	53.374	1016.67	122.42	29.0196	34.5184	133.469	167.987	34.4868	2557.08	10.815				-0.01	0.004	-0.006	4.78417	0.0	0.0	0.68526	0.0
2015/01/03 16:05:00		1.94116	135.597	21.3984	53.915	1016.67	111.752	29.0346	29.3974	134.229	163.626	33.4906	2821.88	9.2578				-0.01	0.0	-0.01	4.78417	0.0	0.0	0.68526	0.0
2015/01/03 16:10:00		2.4444	135.001	21.3849	53.838	1016.62	105.766	29.0582	24.292	124.924	149.216	31.5029	2849.58	9.0863				-0.01	0.0055	-0.0045	4.78417	0.0	0.0	0.68526	0.0
2015/01/03 16:15:00		3.18889	135.456	21.2797	54.283	1016.56	101.566	29.0566	16.9555	116.102	133.058	28.5809	2751.25	9.3078				-0.01	0.004667	-0.005333	4.78417	0.0	0.0	0.68526	0.0
2015/01/03 16:20:00		2.6752	126.952	21.2036	54.929	1016.51	93.574	29.0389	27.2109	119.026	146.237	28.743	2538.33	9.322				-0.0105	0.007833	-0.002667	4.78417	0.0	0.0	0.68526	0.0
2015/01/03 16:25:00		1.57995	133.541	21.2005	55.184	1016.46	84.481	29.0322	19.0995	115.291	134.39	27.9899	2398.96	9.1506				-0.01	0.006667	-0.003333	4.78417	0.0	0.0	0.68526	0.0
2015/01/03 16:30:00		2.34816	126.789	21.1057	55.556	1016.43	78.458	29.0397	17.8443	114.346	132.191	27.2081	2338.75	9.4042				-0.01	0.005833	-0.004167	4.78417	0.0	0.0	0.68526	0.0
2015/01/03 16:35:00		1.62506	123.438	21.1005	55.797	1016.38	70.233	29.033	15.7517	111.871	127.623	26.1595	2228.13	9.5899				-0.01	0.000667	-0.009333	4.78417	0.0	0.0	0.68526	0.0
2015/01/03 16:40:00		1.81968	130.563	21.0281	56.127	1016.35	64.765	29.0316	16.4619	113.86	130.322	26.1118	2225.63	9.3863				-0.01	0.004833	-0.005167	4.78417	0.0	0.0	0.68526	0.0
2015/01/03 16:45:00		2.12497	148.265	20.9984	56.503	1016.31	60.71	29.0354	17.0738	111.224	128.298	26.0451	2177.29	10.0935				-0.01	0.005333	-0.004667	4.78417	0.0	0.0	0.68526	0.0
2015/01/03 16:50:00		2.05592	141.938	20.9953	56.906	1016.35	53.936	29.0217	20.5333	113.501	134.034	25.3634	2160.63	10.04				-0.01	0.007667	-0.002333	4.78417	0.0	0.0	0.68526	0.0
2015/01/03 16:55:00		2.27303	147.855	20.9438	56.953	1016.37	48.0229	29.0182	19.2759	111.604	130.88	24.7914	2179.17	9.5006				-0.01	0.005833	-0.004167	4.78417	0.0	0.0	0.68526	0.0
2015/01/03 17:00:00		2.33128	142.541	20.9	57.524	1016.4	39.5719	29.0134	18.4831	110.31	128.793	24.1432	2172.71	9.4506				-0.0105	0.004333	-0.006167	4.78417	0.0	0.0	0.68526	0.0
2015/01/03 17:05:00		2.52065	144.563	20.8469	57.959	1016.38	31.4562	28.9986	26.6303	115.069	141.699	24.0478	2171.67	9.3542				-0.011333	0.004833	-0.0065	4.78417	0.0	0.0	0.68526	0.0
2015/01/03 17:10:00		2.14723	166.277	20.7635	58.305	1016.34	23.8948	28.9747	23.5125	111.094	134.607	22.8609	2135.42	9.8185				-0.013	0.007	-0.006	4.78417	0.0	0.0	0.68526	0.0
2015/01/03 17:15:00		2.6164	150.741	20.6411	59.132	1016.32	18.426	28.9651	24.1066	109.266	133.373	21.512	2091.25	8.9792				-0.0105	0.007	-0.0035	4.78417	0.0	0.0	0.68526	0.0
2015/01/03 17:20:00		2.18498	152.135	20.5568	59.601	1016.26	12.4542	28.9696	26.3176	109.167	135.484	20.797	2137.71	8.3684				-0.01	0.004667	-0.005333	4.78417	0.0	0.0	0.68526	0.0
2015/01/03 17:25:00		1.72131	148.921	20.4417	60.185	1016.22	6.6135	28.9774	17.7773	104.039	121.816	20.0343	2107.5	8.9042				-0.01	0.002167	-0.007833	4.78417	0.0	0.0	0.68526	0.0
2015/01/03 17:30:00		2.48036	152.52	20.3469	60.853	1016.17	2.12188	28.9651	14.4966	99.003	113.499	19.386	2053.96	9.0542				-0.0115	0.009167	-0.002333	4.78417	0.0	0.0	0.68526	0.0
2015/01/03 17:35:00		2.20024	142.214	20.2328	61.622	1016.15	1.10104	28.9651	13.4938	94.549	108.043	18.1133	1988.33	9.4363				-0.010333	0.003167	-0.007167	4.78417	0.0	0.0	0.68526	0.0
2015/01/03 17:40:00		2.55481	142.705	20.1865	62.473	1016.17	1.10833	28.9395	16.3614	98.113	114.474	17.7415	1962.5	9.7114				-0.01	0.005833	-0.004167	4.78417	0.0	0.0	0.68526	0.0
2015/01/03 17:45:00		2.3317	147.024	20.0828	63.419	1016.09	1.12292	28.917	12.2878	90.554	102.842	16.8359	2003.33	9.3792				-0.011	0.003	-0.008	4.78417	0.0	0.0	0.68526	0.0
2015/01/03 17:50:00		1.76906	150.59	19.9536	64.443	1016.05	1.13021	28.7366	19.9615	96.134	116.096	16.2543	2135.42	7.6398				-0.0105	0.006833	-0.003667	4.78417	0.0	0.0	0.68526	0.0
2015/01/03 17:55:00		1.87929	145.61	19.849	65.289	1016.06	1.07917	28.0616	20.8258	95.514	116.34	14.9578	2256.67	8.0791				-0.0115	0.005833	-0.005667	4.78417	0.0	0.0	0.68526	0.0
2015/01/03 18:00:00		1.91215	143.218	19.788	65.906	1016.11	1.1375	28.02	20.7164	94.313	115.029	14.5383	2311.67	8.0041				-0.01	0.006333	-0.003667	4.78417	0.0	0.0	0.68526	0.0
2015/01/03 18:05:00		1.92164	141.707	19.7255	66.433	1016.1	1.1375	27.9835	31.997	93.433	125.43	14.5955	2306.46	7.3362				-0.0105	0.000833	-0.009667	4.78417	0.0	0.0	0.68526	0.0
2015/01/03 18:10:00		2.02199	147.303	19.6406	66.843	1016.06	1.07187	27.9234	41.4127	97.743	139.156	14.81	2337.92	7.7469				-0.010667	0.008333	-0.002333	4.78417	0.0	0.0	0.68526	0.0
2015/01/03 18:15:00		1.45646	146.012	19.5589	67.421	1016.05	1.10833	27.8678	48.3919	96.661	145.053	14.0569	2450.21	7.4791				-0.011167	0.0025	-0.008667	4.78417	0.0	0.0	0.68526	0.0
2015/01/03 18:20:00		1.65386	147.581	19.5177	67.864	1016.02	1.14479	27.8308	64.99	99.554	164.544	14.2619	2637.5	6.879				-0.0105	0.005167	-0.005333	4.78417	0.0	0.0	0.68526	0.0
2015/01/03 18:25:00		1.65506	149.496	19.4172	68.204	1016.04	1.1375	27.7843	43.952	92.933	136.885	13.504	2623.54	6.9147				-0.0115	0.008	-0.0035	4.78417	0.0	0.0	0.68526	0.0
2015/01/03 18:30:00		1.36439	148.986	19.3583	68.628	1016.06	1.12292	27.743	41.3345	91.228	132.563	12.9463	2542.29	7.1755				-0.01	0.004333	-0.005667	4.78417	0.0	0.0	0.68526	0.0
2015/01/03 18:35:00		1.68286	144.302	19.3	69.089	1016.08	1.11563	27.7067	45.7498	90.39	136.14	12.9606	2543.54	7.6934				-0.01	0.000333	-0.009667	4.78417	0.0	0.0	0.68526	0.0
2015/01/03 18:40:00		1.29524	147.525	19.2245	69.485	1016.12	1.10104	27.6662	43.5924	87.993	131.586	12.4029	2525.0	7.6505				-0.01	0.004	-0.006	4.78417	0.0	0.0	0.68526	0.0
2015/01/03 18:45:00		1.43889	150.845	19.1771	69.834	1016.1	1.09375	27.6267	50.527	88.332	138.859	12.3409	2683.75	6.5897				-0.0115	0.002833	-0.008667	4.78417	0.0	0.0	0.68526	0.0
2015/01/03 18:50:00		1.39321	159.428	19.1229	70.219	1016.14	1.09375	27.594	47.532	87.685	135.217	12.1788	2666.04	6.829				-0.01	0.004167	-0.005833	4.78417	0.0	0.0	0.68526	0.0
2015/01/03 18:55:00		1.28012	162.402	19.0708	70.579	1016.17	1.05	27.5682	43.0654	84.512	127.577	11.6783	2657.08	6.9933				-0.011167	0.002667	-0.0085	4.78417	0.0	0.0	0.68526	0.0
2015/01/03 19:00:00		1.23383	164.16	19.0193	70.894	1016.25	1.10833	27.5363	39.4831	82.773	122.256	11.378	2599.58	7.6612				-0.01	0.005	-0.005	4.78417	0.0	0.0	0.68526	0.0
2015/01/03 19:05:00		1.57428	164.482	18.9995	71.222	1016.24	1.09375	27.5126	37.223	80.462	117.685	11.0539	2401.25	7.822				-0.01	0.003667	-0.006333	4.78417	0.0	0.0	0.68526	0.0
2015/01/03 19:10:00		1.84707	164.738	18.9167	71.602	1016.27	1.05729	27.4742	40.6645	80.746	121.411	10.5486	2228.75	7.8755				-0.010167	0.005167	-0.005	4.78417	0.0	0.0	0.68526	0.0
2015/01/03 19:15:00		1.58712	158.737	18.9188	71.934	1016.26	1.17396	27.4404	38.9248	80.106	119.031	10.5772	2132.71	7.897				-0.013667	0.009167	-0.0045	4.78417	0.0	0.0	0.68526	0.0
2015/01/03 19:20:00		1.66323	150.171	18.8234	72.437	1016.28	1.11563	27.4055	32.4325	76.203	108.636	9.9957	2048.54	7.7934				-0.01	0.005	-0.005	4.78417	0.0	0.0	0.68526	0.0
2015/01/03 19:25:00		1.57483	147.658	18.8203	72.951	1016.3	1.07917	27.3784	28.3991	72.938	101.337	9.6668	1973.96	8.2398				-0.01	0.002167	-0.007833	4.78417	0.0	0.0	0.68526	0.0
2015/01/03 19:30:00		1.56793	150.564	18.7646	73.32	1016.33	1.14479	27.3513	42.0023	76.806	118.808	9.6239	2039.17	8.1434				-0.010333	0.0075	-0.002833	4.78417	0.0	0.0	0.68526	0.0
2015/01/03 19:35:00		1.11975	157.393	18.7182	73.793	1016.4	1.17396	27.3403	44.5461	76.71	121.256	9.2187	2080.83	7.4219				-0.01	0.0015	-0.0085	4.78417	0.0	0.0	0.68526	0.0
2015/01/03 19:40:00		1.60227	154.035	18.6333	74.254	1016.42	1.20313	27.3134	42.8599	74.358	117.218	9.3617	2263.96	7.9184				-0.01	0.001167	-0.008833	4.78417	0.0	0.0	0.68526	0.0
2015/01/03 19:45:00		1.3363	165.094	18.6187	74.643	1016.41	1.10833	27.2895	39.0766	72.633	111.71	8.8708	2276.04	7.7898				-0.0105	0.002167	-0.008333	4.78417	0.0	0.0	0.68526	0.0
2015/01/03 19:50:00		1.5341	153.622	18.5458	74.955	1016.39	1.10833	27.2602	39.9164	70.962	110.879	8.5562	2166.67	7.7148				-0.01	0.0025	-0.0075	4.78417	0.0	0.0	0.68526	0.0
2015/01/03 19:55:00		1.3745	161.001	18.5109	75.229	1016.42	1.20313	27.2339	41.77	71.561	113.331	8.6038	2046.67	7.4791				-0.01	0.0045	-0.0055	4.78417	0.0	0.0	0.68526	0.0
2015/01/03 20:00:00		1.63448	155.315	18.4448	75.494	1016.45	1.13021	27.2186	35.5435	69.244	104.787	8.2177	1996.88	7.8862				-0.011833	0.0055	-0.006333	4.78417	0.0	0.0	0.68526	0.0
2015/01/03 20:05:00		1.82922	147.042	18.4167	75.776	1016.48	1.12292	27.1947	37.8684	67.922	105.791	8.0795	1925.83	7.9291				-0.0135	0.004	-0.0095	4.78417	0.0	0.0	0.68526	0.0
2015/01/03 20:10:00		1.86626	150.249	18.4135	76.036	1016.45	1.17396	27.1725	46.5427	69.213	115.756	8.0175	1873.75	8.0684				-0.01	0.004	-0.006	4.78417	0.0	0.0	0.68526	0.0
2015/01/03 20:15:00		1.85679	152.019	18.4156	76.121	1016.44	1.10104	27.1475	38.9203	67.707	106.627	7.865	1882.29	7.7541				-0.013333	0.004833	-0.0085	4.78417	0.0	0.0	0.68526	0.0
2015/01/03 20:20:00		1.79598	155.675	18.4167	76.213	1016.46	1.18125	27.125	39.6238	68.854	108.477	7.7411	1903.75	7.4969				-0.0105	0.005333	-0.005167	4.78417	0.0	0.0	0.68526	0.0
2015/01/03 20:25:00		2.00652	167.322	18.3328	76.389	1016.44	1.11563	27.1075	31.7602	64.478	96.239	7.355	1888.75	7.9327				-0.01	0.0015	-0.0085	4.78417	0.0	0.0	0.68526	0.0
2015/01/03 20:30:00		2.0108	163.84	18.3115	76.633	1016.41	1.12292	27.0976	36.151	67.032	103.183	7.2978	1880.21	7.7398				-0.01	0.003167	-0.006833	4.78417	0.0	0.0	0.68526	0.0
2015/01/03 20:35:00		1.37181	160.464	18.3182	76.79	1016.37	1.14479	27.0785	36.5664	68.275	104.841	7.4455	1813.33	7.7719				-0.0105	0.003	-0.0075	4.78417	0.0	0.0	0.68526	0.0
2015/01/03 20:40:00		1.54062	166.205	18.3167	76.913	1016.37	1.03542	27.0629	37.4686	68.251	105.72	7.1405	1806.88	7.4791				-0.01	0.0045	-0.0055	4.78417	0.0	0.0	0.68526	0.0
2015/01/03 20:45:00		1.67991	155.572	18.2417	76.965	1016.33	1.07917	27.0358	46.5561	72.013	118.569	7.1452	1844.17	7.4362				-0.012167	0.004333	-0.007833	4.78417	0.0	0.0	0.68526	0.0
2015/01/03 20:50:00		1.48784	161.766	18.2182	77.118	1016.33	1.15208	27.0165	49.551	69.798	119.349	7.1119	1880.83	7.7934				-0.01	0.0035	-0.0065	4.78417	0.0	0.0	0.68526	0.0
2015/01/03 20:55:00		1.81592	160.283	18.15	77.277	1016.33	1.19583	26.9977	45.6203	71.157	116.778	7.0022	1888.33	7.7648				-0.012	0.0035	-0.0085	4.78417	0.0	0.0	0.68526	0.0
2015/01/03 21:00:00		1.33651	165.899	18.113	77.588	1016.32	1.15937	26.976	41.511	69.737	111.248	6.7877	1858.13	7.5719				-0.01	0.0055	-0.0045	4.78417	0.0	0.0	0.68526	0.0
2015/01/03 21:05:00		1.99554	158.07	18.0099	77.954	1016.32	1.11563	26.9483	39.1704	68.908	108.079	6.8878	1896.25	7.5648				-0.01	0.000333	-0.009667	4.78417	0.0	0.0	0.68526	0.0
2015/01/03 21:10:00		1.35782	165.053	18.0089	78.272	1016.36	1.09375	26.9088	47.407	70.432	117.839	6.4207	1895.83	7.6469				-0.011667	0.005833	-0.005833	4.78417	0.0	0.0	0.68526	0.0
2015/01/03 21:15:00		1.67898	170.266	18.0099	78.564	1016.4	1.13021	26.8739	64.805	76.717	141.522	6.5113	1967.5	7.3541				-0.0125	0.005833	-0.006667	4.78417	0.0	0.0	0.68526	0.0
2015/01/03 21:20:00		1.64404	167.505	18.0078	78.817	1016.43	1.10833	26.8481	71.536	77.028	148.564	6.5732	2074.17	6.9505				-0.01	0.001833	-0.008167	4.78417	0.0	0.0	0.68526	0.0
2015/01/03 21:25:00		1.56776	163.144	18.0083	78.874	1016.47	1.14479	26.8323	67.916	77.056	144.971	6.7019	2138.75	7.3826				-0.010167	0.003167	-0.007	4.78417	0.0	0.0	0.68526	0.0
2015/01/03 21:30:00		1.92255	170.964	18.0625	78.944	1016.51	1.15208	26.8264	63.465	74.327	137.792	6.2777	2261.88	7.4148				-0.011	0.004667	-0.006333	4.78417	0.0	0.0	0.68526	0.0
2015/01/03 21:35:00		2.20711	162.839	18.0302	78.917	1016.51	1.18854	26.8063	53.734	72.513	126.247	6.2682	2284.58	7.872				-0.01	0.000333	-0.009667	4.78417	0.0	0.0	0.68526	0.0
2015/01/03 21:40:00		1.85062	157.723	18.1115	78.954	1016.48	1.16667	26.7834	52.309	72.958	125.267	6.2348	2256.25	7.5291				-0.01	0.003667	-0.006333	4.78417	0.0	0.0	0.68526	0.0
2015/01/03 21:45:00		1.76497	146.772	18.1156	79.023	1016.47	1.1375	26.7689	56.452	73.229	129.68	6.3301	2221.88	7.3398				-0.01	0.002	-0.008	4.78417	0.0	0.0	0.68526	0.0
2015/01/03 21:50:00		1.85666	153.823	18.1161	78.856	1016.46	1.11563	26.7553	54.366	72.852	127.218	6.3921	2219.38	7.6934				-0.01	0.003667	-0.006333	4.78417	0.0	0.0	0.68526	0.0
2015/01/03 21:55:00		1.91461	147.165	18.1151	78.896	1016.44	1.07917	26.7343	58.377	73.29	131.667	6.4302	2226.46	7.6362				-0.01	0.0075	-0.0025	4.78417	0.0	0.0	0.68526	0.0
2015/01/03 22:00:00		1.85888	148.914	18.1182	78.956	1016.4	1.09375	26.7271	42.7773	68.005	110.782	6.1776	2073.54	7.2041				-0.0125	0.004333	-0.008167	4.78417	0.0	0.0	0.68526	0.0
2015/01/03 22:05:00		2.58155	149.317	18.1141	78.98	1016.36	1.07917	26.7188	38.8667	67.676	106.543	5.9822	1914.58	7.2933				-0.012833	0.005833	-0.007	4.78417	0.0	0.0	0.68526	0.0
2015/01/03 22:10:00		2.04377	147.12	18.113	79.007	1016.37	1.18854	26.7	35.7378	67.019	102.756	6.1347	1772.92	7.8219				-0.011	0.006	-0.005	4.78417	0.0	0.0	0.68526	0.0
2015/01/03 22:15:00		1.78791	146.688	18.1135	78.98	1016.39	1.12292	26.6841	31.2332	67.96	99.193	6.1728	1696.88	7.9398				-0.01	0.000833	-0.009167	4.78417	0.0	0.0	0.68526	0.0
2015/01/03 22:20:00		1.63712	149.882	18.1135	79.026	1016.43	1.12292	26.661	29.5202	66.601	96.121	6.0298	1647.29	7.7612				-0.01	0.004333	-0.005667	4.78417	0.0	0.0	0.68526	0.0
2015/01/03 22:25:00		1.7036	163.008	18.1094	78.994	1016.46	1.09375	26.6382	32.3565	68.306	100.662	5.9869	1677.08	7.7791				-0.01	0.000333	-0.009667	4.78417	0.0	0.0	0.68526	0.0
2015/01/03 22:30:00		1.76003	160.398	18.1089	79.133	1016.44	1.05	26.6221	41.6316	74.033	115.665	6.2968	1847.71	7.7077				-0.01	0.001167	-0.008833	4.78417	0.0	0.0	0.68526	0.0
2015/01/03 22:35:00		2.02485	152.261	18.113	79.051	1016.41	1.11563	26.6124	33.9556	68.806	102.761	6.0537	1865.83	7.9791				-0.01	0.004333	-0.005667	4.78417	0.0	0.0	0.68526	0.0
2015/01/03 22:40:00		2.26576	159.78	18.0307	79.007	1016.4	1.12292	26.6055	28.5733	65.31	93.884	5.8773	1779.58	7.8184				-0.01	0.003333	-0.006667	4.78417	0.0	0.0	0.68526	0.0
2015/01/03 22:45:00		1.44879	147.695	18.0052	79.191	1016.35	1.10833	26.5969	23.8676	61.983	85.85	5.8296	1653.75	8.2398				-0.0135	0.007833	-0.005667	4.78417	0.0	0.0	0.68526	0.0
2015/01/03 22:50:00		2.01814	153.96	18.0083	79.319	1016.32	1.10833	26.6006	24.4059	63.0	87.405	5.5246	1589.58	8.1827				-0.01	0.003667	-0.006333	4.78417	0.0	0.0	0.68526	0.0
2015/01/03 22:55:00		2.46595	145.223	18.0094	79.38	1016.29	1.11563	26.5918	20.1491	59.227	79.376	5.6294	1525.0	8.8006				-0.012167	0.003333	-0.008833	4.78417	0.0	0.0	0.68526	0.0
2015/01/03 23:00:00		2.33632	159.907	17.9526	79.548	1016.25	1.16667	26.5907	17.3418	53.781	71.122	5.6819	1427.92	8.8184				-0.010167	0.004	-0.006167	4.78417	0.0	0.0	0.68526	0.0
2015/01/03 23:05:00		2.40208	153.228	17.9089	79.559	1016.26	1.18854	26.5818	17.4088	56.488	73.897	5.434	1403.75	8.7649				-0.01	0.000333	-0.009667	4.78417	0.0	0.0	0.68526	0.0
2015/01/03 23:10:00		2.29182	150.493	17.9094	79.696	1016.27	1.12292	26.5738	17.1944	55.509	72.704	5.3339	1365.83	8.6291				-0.01	0.001667	-0.008333	4.78417	0.0	0.0	0.68526	0.0
2015/01/03 23:15:00		1.89031	150.859	17.9068	79.886	1016.25	1.13021	26.573	19.2	58.724	77.924	5.4483	1327.29	8.8149				-0.01	0.001167	-0.008833	4.78417	0.0	0.0	0.68526	0.0
2015/01/03 23:20:00		1.62755	151.784	17.9089	79.928	1016.24	1.15208	26.5657	16.7388	56.909	73.648	5.4102	1301.67	8.9827				-0.010667	0.004	-0.006667	4.78417	0.0	0.0	0.68526	0.0
2015/01/03 23:25:00		1.64101	164.535	17.9078	80.069	1016.2	1.15208	26.5587	16.3994	55.068	71.467	5.515	1237.71	8.6577				-0.012167	0.0065	-0.005667	4.78417	0.0	0.0	0.68526	0.0
2015/01/03 23:30:00		1.0979	161.597	17.9099	80.231	1016.2	1.10104	26.5547	16.4418	56.742	73.184	5.4912	1221.25	8.5613				-0.01	0.003833	-0.006167	4.78417	0.0	0.0	0.68526	0.0
2015/01/03 23:35:00		1.41766	162.354	17.9068	80.338	1016.15	1.1375	26.5531	18.5188	59.035	77.554	5.4292	1260.63	8.4541				-0.0105	0.004333	-0.006167	4.78417	0.0	0.0	0.68526	0.0
2015/01/03 23:40:00		1.27582	156.902	17.9094	80.38	1016.15	1.15208	26.5499	19.1039	60.069	79.173	5.639	1267.71	8.1827				-0.011333	0.004833	-0.0065	4.78417	0.0	0.0	0.68526	0.0
2015/01/03 23:45:00		0.9982	155.245	17.9063	80.399	1016.16	1.11563	26.5518	19.0325	58.823	77.856	5.3196	1271.88	8.4041				-0.012333	0.0075	-0.004833	4.78417	0.0	0.0	0.68526	0.0
2015/01/03 23:50:00		1.18017	167.743	17.9068	80.56	1016.11	1.15208	26.4685	23.8654	61.168	85.034	5.4102	1293.96	7.0362				-0.01	0.000667	-0.009333	4.78417	0.0	0.0	0.68526	0.0
2015/01/03 23:55:00		1.70761	167.429	17.962	80.626	1016.06	1.20313	26.2205	16.4083	51.162	67.57	5.2672	1244.38	6.7933				-0.010667	0.005333	-0.005333	4.78417	0.0	0.0	0.68526	0.0
2015/01/04 00:00:00		1.28796	162.758	18.013	80.756	1015.99	1.15208	25.9458	19.8298	55.201	75.031	5.148	1193.33	6.5719				-0.011333	0.003833	-0.0075	4.78417	0.0	0.0	0.68526	0.0
