-- 1st mean values --
Format: XTAB(V:1;HEAD:2;COL:TCFFFFFFFFFFFFFFFFFFFFFFFF)
StartTime: 2015/01/08 00:00:00
EndTime: 2015/01/09 00:00:00
Period: 24 h
Station: Gia Lam

Time	MeasPt	Wind Spd.	Wind Dir.	Temp	RH	Barometer	Radiation	InnerTemp	NO	NO2	NOx	SO2	CO	O3	PM-10	PM-2.5	PM-1	CH4	NMHC	THC	BENZEN	TOLUEN	ETHYL BENZEN	MP-XYLEN	O-XYLEN
		m/s	degree	°C	%	hPa	W/m²	°C	µg/m3	µg/m3	µg/m3	µg/m3	µg/m3	µg/m3	µg/m3	µg/m3	µg/m3	ppm	ppmC	ppmC	ug/m3	ug/m3	ug/m3	ug/m3	ug/m3
2015/01/08 00:05:00		0.71811	7.3544	16.9995	70.672	1022.29	1.13021	24.4979	34.3889	12.9162	47.3051	5.3768	1327.71	12.0901				-0.01	0.0	-0.01	4.78417	0.0	0.0	0.68526	0.0
2015/01/08 00:10:00		0.85154	29.096	16.9073	70.461	1022.29	1.15937	24.4255	24.3746	11.9714	36.346	4.98117	1326.67	17.069				-0.012167	0.003833	-0.008333	4.78417	0.0	0.0	0.68526	0.0
2015/01/08 00:15:00		0.37342	21.4224	16.8974	70.338	1022.3	1.14479	24.5159	0.0536	0.0	0.0536	5.3053	1318.75	13.2044				-0.010167	0.000167	-0.01	4.78417	0.0	0.0	0.68526	0.0
2015/01/08 00:20:00		0.50518	3.60494	16.9	70.376	1022.24	1.19583	24.6819	0.171967	0.345757	0.51772	5.1337	1309.17	12.7366				-0.0125	0.0035	-0.009333	4.78417	0.0	0.0	0.68526	0.0
2015/01/08 00:25:00		0.48376	39.8216	16.9042	70.493	1022.25	1.15208	24.7925	0.58513	0.249903	0.83504	5.0479	1308.96	11.7972				-0.0135	0.0035	-0.01	4.78417	0.0	0.0	0.68526	0.0
2015/01/08 00:30:00		0.430655	12.9698	16.9021	70.056	1022.27	1.10833	24.9007	0.74817	0.07189	0.82006	5.0717	1298.33	11.4543				-0.012	0.002	-0.01	4.78417	0.0	0.0	0.68526	0.0
2015/01/08 00:35:00		0.61452	26.9334	16.9	69.495	1022.28	1.14479	24.8344	0.73923	1.69797	2.43721	5.2529	1292.92	8.497				-0.0145	0.0045	-0.01	4.78417	0.0	0.0	0.68526	0.0
2015/01/08 00:40:00		0.369706	12.5656	16.9	69.062	1022.26	1.18125	24.4891	0.8107	0.50665	1.31735	5.1718	1287.5	7.7434				-0.018833	0.008833	-0.01	4.78417	0.0	0.0	0.68526	0.0
2015/01/08 00:45:00		0.79328	14.0963	16.9016	68.678	1022.25	1.11563	24.2402	12.7791	2.30048	15.0796	4.68087	1287.92	15.5225				-0.0135	0.003167	-0.0105	4.78417	0.0	0.0	0.68526	0.0
2015/01/08 00:50:00		0.50712	43.4314	16.9016	68.077	1022.21	1.13021	24.2373	38.5674	15.4358	54.003	4.82387	1280.63	13.7188				-0.013333	0.003333	-0.01	4.78417	0.0	0.0	0.68526	0.0
2015/01/08 00:55:00		0.69319	355.285	16.901	67.824	1022.2	1.13021	24.371	37.1939	18.6982	55.892	4.97163	1270.83	13.0402				-0.013167	0.003167	-0.01	4.78417	0.0	0.0	0.68526	0.0
2015/01/08 01:00:00		0.95905	351.024	16.899	67.143	1022.16	1.15937	24.5047	36.1599	18.9584	55.118	4.77143	1265.21	12.0008				-0.01	0.0	-0.01	4.78417	0.0	0.0	0.68526	0.0
2015/01/08 01:05:00		0.96523	357.348	16.9021	66.818	1022.16	1.1375	24.6319	36.1621	17.75	53.912	5.0193	1261.46	11.6258				-0.011	0.001	-0.01	4.78417	0.0	0.0	0.68526	0.0
2015/01/08 01:10:00		0.62609	37.8946	16.9068	66.283	1022.15	1.15208	24.7229	35.3313	17.5309	52.862	5.148	1253.96	11.6258				-0.0105	0.000833	-0.009667	4.78417	0.0	0.0	0.68526	0.0
2015/01/08 01:15:00		1.15957	0.11371	16.9021	65.959	1022.16	1.13021	24.8102	35.5524	16.5587	52.111	5.3482	1249.38	10.8543				-0.012833	0.002833	-0.01	4.78417	0.0	0.0	0.68526	0.0
2015/01/08 01:20:00		0.67882	337.18	16.9057	65.824	1022.23	1.1375	24.8948	35.5837	17.6165	53.2	5.1957	1238.75	10.865				-0.012833	0.003167	-0.009667	4.78417	0.0	0.0	0.68526	0.0
2015/01/08 01:25:00		0.78832	352.241	16.9005	65.704	1022.22	1.15208	24.9619	35.6998	17.1235	52.823	5.21	1228.75	11.3258				-0.011	0.001	-0.01	4.78417	0.0	0.0	0.68526	0.0
2015/01/08 01:30:00		0.93724	13.6423	16.8974	65.765	1022.22	1.11563	25.0164	36.2515	16.4662	52.718	5.2052	1228.54	11.2079				-0.010833	0.003	-0.007833	4.78417	0.0	0.0	0.68526	0.0
2015/01/08 01:35:00		1.00584	1.33431	16.9026	65.669	1022.2	1.14479	25.0424	36.5172	18.7085	55.226	5.229	1223.33	10.3257				-0.01	0.000667	-0.009333	4.78417	0.0	0.0	0.68526	0.0
2015/01/08 01:40:00		0.98767	351.676	16.9026	65.581	1022.16	1.16667	24.7756	35.3715	16.3841	51.756	4.8906	1218.13	7.0183				-0.011667	0.004333	-0.007333	4.78417	0.0	0.0	0.68526	0.0
2015/01/08 01:45:00		0.55049	355.031	16.838	65.297	1022.13	1.18125	24.4228	35.2755	12.995	48.2705	4.7619	1215.21	9.9114				-0.013	0.003	-0.01	4.78417	0.0	0.0	0.68526	0.0
2015/01/08 01:50:00		0.473825	6.9815	16.8005	65.17	1022.09	1.16667	24.2778	35.7177	15.6994	51.417	4.64273	1213.54	15.4296				-0.01	0.0	-0.01	4.78417	0.0	0.0	0.68526	0.0
2015/01/08 01:55:00		0.85153	4.9031	16.8057	65.141	1022.04	1.18125	24.3511	35.8517	18.1266	53.978	4.78573	1201.67	12.8794				-0.011333	0.001333	-0.01	4.78417	0.0	0.0	0.68526	0.0
2015/01/08 02:00:00		0.55413	17.9683	16.8036	65.133	1021.97	1.19583	24.498	36.3721	17.0824	53.455	4.72377	1197.08	12.3115				-0.0105	0.0005	-0.01	4.78417	0.0	0.0	0.68526	0.0
2015/01/08 02:05:00		0.55694	49.5587	16.8036	65.302	1021.94	1.21042	24.6395	36.6512	18.1197	54.771	5.0956	1195.21	11.5079				-0.0135	0.003833	-0.009667	4.78417	0.0	0.0	0.68526	0.0
2015/01/08 02:10:00		0.68247	30.042	16.8042	65.148	1021.99	1.17396	24.7356	35.874	18.2361	54.11	4.98117	1187.92	11.2615				-0.011333	0.0025	-0.008833	4.78417	0.0	0.0	0.68526	0.0
2015/01/08 02:15:00		0.68157	356.318	16.8052	65.143	1022.03	1.18854	24.8207	36.4994	16.7606	53.26	4.9192	1181.04	11.3258				-0.011	0.001	-0.01	4.78417	0.0	0.0	0.68526	0.0
2015/01/08 02:20:00		0.6857	343.703	16.8042	65.227	1022.1	1.16667	24.9106	36.7294	16.8462	53.576	4.9764	1172.29	10.8757				-0.01	0.0	-0.01	4.78417	0.0	0.0	0.68526	0.0
2015/01/08 02:25:00		0.59306	352.843	16.799	65.196	1022.12	1.17396	24.9825	36.4748	18.4004	54.875	5.0765	1172.71	11.0615				-0.015667	0.005667	-0.01	4.78417	0.0	0.0	0.68526	0.0
2015/01/08 02:30:00		0.82648	11.2909	16.8047	64.912	1022.04	1.225	25.0459	36.5284	17.3631	53.892	4.9764	1165.83	10.6507				-0.0105	0.003167	-0.007333	4.78417	0.0	0.0	0.68526	0.0
2015/01/08 02:35:00		0.63261	355.105	16.7578	64.74	1021.95	1.23229	24.9957	36.0527	16.0486	52.101	5.086	1162.71	8.322				-0.014	0.004333	-0.009667	4.78417	0.0	0.0	0.68526	0.0
2015/01/08 02:40:00		0.66985	47.863	16.701	64.559	1021.99	1.16667	24.6325	35.4609	13.5324	48.9933	5.1528	1158.33	7.1219				-0.0125	0.006167	-0.006333	4.78417	0.0	0.0	0.68526	0.0
2015/01/08 02:45:00		0.68368	346.714	16.7042	64.492	1022.0	1.13021	24.3828	35.874	12.7656	48.6396	4.6904	1160.42	15.2724				-0.012333	0.002333	-0.01	4.78417	0.0	0.0	0.68526	0.0
2015/01/08 02:50:00		0.59359	6.545	16.7047	64.331	1021.97	1.18125	24.3879	36.7272	17.0859	53.813	4.79527	1149.58	12.0329				-0.011167	0.0015	-0.009667	4.78417	0.0	0.0	0.68526	0.0
2015/01/08 02:55:00		0.83776	45.7565	16.7656	64.047	1021.96	1.225	24.521	36.3229	17.8527	54.176	4.85247	1140.42	11.6936				-0.013833	0.003833	-0.01	4.78417	0.0	0.0	0.68526	0.0
2015/01/08 03:00:00		0.67838	354.612	16.7021	63.745	1021.95	1.14479	24.6432	36.4904	17.3015	53.792	4.97163	1138.13	11.365				-0.0105	0.002167	-0.008333	4.78417	0.0	0.0	0.68526	0.0
2015/01/08 03:05:00		0.466938	25.6477	16.7036	63.605	1021.9	1.15208	24.7321	35.7333	18.5545	54.288	5.1623	1132.08	11.2722				-0.013333	0.003333	-0.01	4.78417	0.0	0.0	0.68526	0.0
2015/01/08 03:10:00		0.52039	34.5293	16.7031	63.327	1021.91	1.20313	24.8008	36.7808	17.4795	54.26	5.2576	1126.25	10.9757				-0.011833	0.001833	-0.01	4.78417	0.0	0.0	0.68526	0.0
2015/01/08 03:15:00		0.471152	41.4245	16.7031	63.276	1021.91	1.15937	24.8784	36.5574	14.5629	51.12	5.2576	1123.13	10.515				-0.014167	0.004167	-0.01	4.78417	0.0	0.0	0.68526	0.0
2015/01/08 03:20:00		0.25447	38.1579	16.7031	63.267	1021.97	1.15208	24.9208	36.4815	14.4841	50.966	5.3387	1119.79	10.4328				-0.011667	0.001667	-0.01	4.78417	0.0	0.0	0.68526	0.0
2015/01/08 03:25:00		0.435135	22.5782	16.7047	63.226	1021.96	1.20313	24.9675	36.2381	16.3053	52.543	5.2767	1120.0	10.6257				-0.011667	0.001667	-0.01	4.78417	0.0	0.0	0.68526	0.0
2015/01/08 03:30:00		0.61731	38.109	16.7016	63.096	1021.95	1.15937	25.0113	35.9388	15.9664	51.905	5.1575	1111.46	10.1828				-0.01	0.0	-0.01	4.78417	0.0	0.0	0.68526	0.0
2015/01/08 03:35:00		0.736	16.8664	16.7047	63.216	1021.94	1.15208	25.0408	36.1331	15.3708	51.504	5.0813	1109.79	10.0828				-0.011167	0.001167	-0.01	4.78417	0.0	0.0	0.68526	0.0
2015/01/08 03:40:00		0.57813	24.9204	16.6995	63.243	1022.01	1.19583	25.0663	36.4324	14.7032	51.136	4.7476	1103.13	10.4828				-0.012333	0.0025	-0.009833	4.78417	0.0	0.0	0.68526	0.0
2015/01/08 03:45:00		0.321291	75.168	16.6057	63.226	1022.03	1.16667	25.0306	36.4391	14.6895	51.129	4.59983	1097.71	8.6077				-0.011667	0.001833	-0.009833	4.78417	0.0	0.0	0.68526	0.0
2015/01/08 03:50:00		0.477157	34.7914	16.5974	63.255	1021.97	1.14479	24.662	35.6127	12.882	48.4947	4.57123	1092.29	6.9612				-0.0135	0.0035	-0.01	4.78417	0.0	0.0	0.68526	0.0
2015/01/08 03:55:00		0.72036	352.417	16.5948	63.443	1021.9	1.14479	24.3372	35.9075	11.2491	47.1566	4.56647	1097.92	13.358				-0.016333	0.0085	-0.007833	4.78417	0.0	0.0	0.68526	0.0
2015/01/08 04:00:00		0.445325	359.557	16.599	63.605	1021.91	1.07187	24.288	36.85	15.6172	52.467	4.36627	1092.5	12.6401				-0.010167	0.001	-0.011167	4.78417	0.0	0.0	0.68526	0.0
2015/01/08 04:05:00		0.67973	44.5509	16.5953	63.901	1021.96	1.1375	24.3954	36.2314	16.3019	52.533	4.32813	1080.83	11.9794				-0.011667	0.001667	-0.012167	4.78417	0.0	0.0	0.68526	0.0
2015/01/08 04:10:00		0.58612	18.9166	16.6	64.21	1022.03	1.16667	24.5033	36.3051	16.8188	53.124	4.65703	1078.13	11.4543				-0.01	0.001	-0.010333	4.78417	0.0	0.0	0.68526	0.0
2015/01/08 04:15:00		0.63591	12.8186	16.5969	64.238	1022.07	1.17396	24.6032	36.4279	16.4799	52.908	4.7619	1080.21	10.9222				-0.012333	0.005833	-0.0065	4.78417	0.0	0.0	0.68526	0.0
2015/01/08 04:20:00		0.50589	54.636	16.5969	64.598	1022.06	1.20313	24.7001	36.276	17.2776	53.554	4.49496	1074.58	10.7972				-0.01	0.0	-0.010167	4.78417	0.0	0.0	0.68526	0.0
2015/01/08 04:25:00		0.61922	356.082	16.5979	65.056	1022.05	1.18854	24.7799	36.3743	17.3529	53.727	4.19466	1069.79	11.0757				-0.010833	0.000833	-0.01	4.78417	0.0	0.0	0.68526	0.0
2015/01/08 04:30:00		0.79727	19.3999	16.5984	65.724	1022.04	1.21042	24.8223	36.6222	15.3742	51.996	4.23757	1065.83	10.8472				-0.010833	0.000833	-0.01	4.78417	0.0	0.0	0.68526	0.0
2015/01/08 04:35:00		0.459337	30.0021	16.5073	66.336	1022.05	1.18125	24.8792	36.1979	16.6887	52.887	4.06596	1062.92	10.7114				-0.0115	0.0015	-0.01	4.78417	0.0	0.0	0.68526	0.0
2015/01/08 04:40:00		0.91962	16.6516	16.4953	66.905	1022.05	1.10104	24.9334	37.0421	15.1517	52.194	3.94203	1063.54	10.7507				-0.01	0.0015	-0.0085	4.78417	0.0	0.0	0.68526	0.0
2015/01/08 04:45:00		1.06894	15.8933	16.4969	67.466	1022.05	1.19583	24.9855	37.6049	17.7979	55.403	4.10886	1063.96	10.4221				-0.012667	0.005	-0.007667	4.78417	0.0	0.0	0.68526	0.0
2015/01/08 04:50:00		0.77775	28.763	16.4958	67.803	1022.06	1.15937	25.0306	36.515	15.785	52.3	4.2471	1060.83	9.9792				-0.01	0.001	-0.009	4.78417	0.0	0.0	0.68526	0.0
2015/01/08 04:55:00		0.71202	10.5002	16.4099	68.178	1022.1	1.15208	25.062	36.4793	17.5549	54.034	4.12793	1053.96	10.5507				-0.013	0.005833	-0.007167	4.78417	0.0	0.0	0.68526	0.0
2015/01/08 05:00:00		0.91618	7.8813	16.3943	68.523	1022.15	1.13021	25.0902	37.3391	18.8694	56.209	4.51403	1049.17	9.7721				-0.011	0.001	-0.01	4.78417	0.0	0.0	0.68526	0.0
2015/01/08 05:05:00		1.37751	12.6741	16.3953	68.573	1022.2	1.19583	25.1385	36.448	17.4385	53.886	4.44253	1049.38	10.3971				-0.0125	0.005167	-0.007333	4.78417	0.0	0.0	0.68526	0.0
2015/01/08 05:10:00		0.8518	358.919	16.3937	68.794	1022.28	1.19583	25.167	37.7031	17.2194	54.923	4.31383	1052.08	10.5864				-0.010833	0.001833	-0.009	4.78417	0.0	0.0	0.68526	0.0
2015/01/08 05:15:00		0.65763	7.7951	16.399	68.772	1022.38	1.1375	25.1855	38.0002	18.4073	56.407	4.32813	1050.21	10.2578				-0.013333	0.006833	-0.0065	4.78417	0.0	0.0	0.68526	0.0
2015/01/08 05:20:00		0.81604	337.381	16.3995	68.611	1022.41	1.14479	24.9484	37.1448	15.6617	52.807	4.39487	1045.83	6.8362				-0.01	0.0	-0.01	4.78417	0.0	0.0	0.68526	0.0
2015/01/08 05:25:00		0.71133	7.1244	16.35	68.674	1022.46	1.18125	24.5546	36.1599	13.6214	49.7813	4.40917	1046.67	7.6398				-0.015667	0.005667	-0.01	4.78417	0.0	0.0	0.68526	0.0
2015/01/08 05:30:00		1.03983	323.386	16.2984	69.049	1022.54	1.19583	24.3425	37.1068	15.8706	52.977	4.19467	1046.04	15.5403				-0.012167	0.002167	-0.01	4.78417	0.0	0.0	0.68526	0.0
2015/01/08 05:35:00		0.55521	321.198	16.299	69.311	1022.53	1.16667	24.3723	40.2246	20.629	60.854	3.98493	1042.92	12.4115				-0.0135	0.006167	-0.007333	4.78417	0.0	0.0	0.68526	0.0
2015/01/08 05:40:00		1.00386	332.627	16.2979	69.574	1022.58	1.18125	24.4856	41.2653	20.7043	61.97	4.32336	1037.29	12.1937				-0.01	0.001333	-0.008667	4.78417	0.0	0.0	0.68526	0.0
2015/01/08 05:45:00		0.82879	336.541	16.2745	69.552	1022.64	1.16667	24.6008	41.2832	20.9268	62.21	4.39486	1035.63	11.1222				-0.0155	0.005667	-0.009833	4.78417	0.0	0.0	0.68526	0.0
2015/01/08 05:50:00		0.5277	12.0923	16.201	69.806	1022.68	1.23229	24.6601	40.7717	20.1463	60.918	4.39487	1038.33	10.6364				-0.010833	0.000833	-0.01	4.78417	0.0	0.0	0.68526	0.0
2015/01/08 05:55:00		0.99692	21.4836	16.1495	69.701	1022.71	1.15937	24.5396	39.1928	20.1018	59.295	4.22326	1037.71	11.2258				-0.011333	0.001667	-0.009667	4.78417	0.0	0.0	0.68526	0.0
2015/01/08 06:00:00		0.71107	352.441	16.0958	69.991	1022.7	1.21042	24.4749	38.0337	19.1056	57.139	4.5045	1044.38	10.8579				-0.010167	0.000167	-0.01	4.78417	0.0	0.0	0.68526	0.0
2015/01/08 06:05:00		1.14475	12.504	16.0505	70.331	1022.7	1.15937	24.4325	39.4585	20.1087	59.567	4.18513	1038.54	11.0329				-0.0115	0.004667	-0.006833	4.78417	0.0	0.0	0.68526	0.0
2015/01/08 06:10:00		0.63542	26.9296	15.9974	70.433	1022.71	1.17396	24.404	39.2196	19.0508	58.27	4.53787	1045.0	10.4614				-0.011667	0.001333	-0.011667	4.78417	0.0	0.0	0.68526	0.0
2015/01/08 06:15:00		0.96335	17.0942	15.9948	70.763	1022.73	1.18125	24.3949	40.7338	20.2833	61.017	4.63797	1048.54	10.8686				-0.014167	0.008	-0.006167	4.78417	0.0	0.0	0.68526	0.0
2015/01/08 06:20:00		0.66674	22.9274	15.9943	71.003	1022.76	1.15208	24.379	39.6372	20.2832	59.92	4.60937	1051.88	10.9757				-0.011667	0.001667	-0.01	4.78417	0.0	0.0	0.68526	0.0
2015/01/08 06:25:00		0.83029	23.2336	15.9667	71.443	1022.83	1.18854	24.3522	38.7439	19.2871	58.031	4.43776	1055.83	10.7722				-0.0165	0.0065	-0.01	4.78417	0.0	0.0	0.68526	0.0
2015/01/08 06:30:00		0.327079	356.02	15.8922	72.009	1022.91	1.21042	24.3436	37.6227	19.7766	57.399	4.19943	1055.63	11.2293				-0.01	0.0	-0.01	4.78417	0.0	0.0	0.68526	0.0
2015/01/08 06:35:00		0.359797	307.874	15.9656	72.477	1022.96	1.15208	24.3275	39.8561	19.6397	59.496	4.42824	1058.13	10.44				-0.014333	0.005	-0.009333	4.78417	0.0	0.0	0.68526	0.0
2015/01/08 06:40:00		0.76263	344.343	15.9964	72.704	1022.99	1.15208	24.3149	39.3402	21.8238	61.164	4.64273	1057.71	11.1793				-0.010167	0.000167	-0.011333	4.78417	0.0	0.0	0.68526	0.0
2015/01/08 06:45:00		0.87983	327.48	15.949	73.02	1023.07	1.15937	24.3213	41.1425	21.1802	62.323	4.68563	1059.79	11.3365				-0.015	0.0055	-0.0095	4.78417	0.0	0.0	0.68526	0.0
2015/01/08 06:50:00		0.62218	30.0624	15.9557	73.174	1023.1	1.14479	24.3208	45.4617	22.4468	67.909	5.2481	1065.21	10.8686				-0.01	0.0	-0.01	4.78417	0.0	0.0	0.68526	0.0
2015/01/08 06:55:00		0.401183	88.398	15.8927	73.281	1023.23	1.15937	24.3133	41.7321	20.605	62.337	5.3053	1062.92	11.015				-0.015833	0.005833	-0.01	4.78417	0.0	0.0	0.68526	0.0
2015/01/08 07:00:00		0.7644	22.0248	15.8964	73.057	1023.28	1.16667	24.3167	41.3814	21.6286	63.01	5.7057	1066.88	10.9936				-0.01	0.0	-0.01	4.78417	0.0	0.0	0.68526	0.0
2015/01/08 07:05:00		0.421184	357.846	15.8937	72.841	1023.36	1.15937	24.3146	40.7762	22.6898	63.466	5.8249	1076.88	10.6114				-0.014	0.004	-0.01	4.78417	0.0	0.0	0.68526	0.0
2015/01/08 07:10:00		0.57541	10.5955	15.9661	72.583	1023.44	1.12292	24.3122	42.0782	22.3612	64.439	6.0203	1070.42	11.3365				-0.011333	0.001833	-0.0095	4.78417	0.0	0.0	0.68526	0.0
2015/01/08 07:15:00		0.375082	13.7216	15.9958	72.311	1023.51	1.17396	24.3092	49.4616	24.0044	73.466	6.2539	1081.88	10.5936				-0.0105	0.005	-0.0055	4.78417	0.0	0.0	0.68526	0.0
2015/01/08 07:20:00		0.488922	15.7344	16.0047	72.019	1023.59	1.17396	24.3095	44.2647	22.9226	67.187	6.3397	1084.38	11.3365				-0.01	0.0	-0.01	4.78417	0.0	0.0	0.68526	0.0
2015/01/08 07:25:00		0.87888	13.6242	16.0974	71.737	1023.71	1.16667	24.3106	46.6387	22.707	69.346	6.8688	1097.71	11.2936				-0.012667	0.003833	-0.008833	4.78417	0.0	0.0	0.68526	0.0
2015/01/08 07:30:00		0.63756	10.1104	16.0938	71.581	1023.8	1.12292	24.317	42.5472	20.8994	63.447	6.4588	1104.38	11.1007				-0.01	0.0	-0.01	4.78417	0.0	0.0	0.68526	0.0
2015/01/08 07:35:00		1.01096	32.1231	16.0922	71.591	1023.84	1.63333	24.3318	44.6399	23.039	67.679	6.6304	1120.42	10.8686				-0.0135	0.007667	-0.005833	4.78417	0.0	0.0	0.68526	0.0
2015/01/08 07:40:00		0.84788	10.6759	16.0979	71.548	1023.92	3.14271	24.339	42.2547	22.3475	64.602	6.5065	1127.71	11.6008				-0.01	0.003	-0.007	4.78417	0.0	0.0	0.68526	0.0
2015/01/08 07:45:00		0.89382	354.356	16.0953	71.611	1024.02	4.79792	24.3576	43.8716	22.7412	66.613	6.4779	1138.75	10.9293				-0.01	0.002333	-0.008	4.78417	0.0	0.0	0.68526	0.0
2015/01/08 07:50:00		1.06396	11.3534	16.0938	71.56	1024.1	5.9573	24.3688	43.6527	21.8717	65.524	6.373	1152.29	11.2722				-0.01	0.0	-0.01	4.78417	0.0	0.0	0.68526	0.0
2015/01/08 07:55:00		0.79643	358.063	16.1385	71.674	1024.17	6.5188	24.3887	48.1194	22.1558	70.275	6.8163	1173.13	11.2758				-0.013167	0.0055	-0.007667	4.78417	0.0	0.0	0.68526	0.0
2015/01/08 08:00:00		0.89442	20.3921	16.1948	71.628	1024.22	8.1521	24.4037	48.7179	23.8777	72.596	7.1405	1195.83	10.7971				-0.01	0.0	-0.01	4.78417	0.0	0.0	0.68526	0.0
2015/01/08 08:05:00		1.02618	359.252	16.1995	71.554	1024.37	8.3562	24.4238	46.335	22.8679	69.203	6.9164	1207.71	10.89				-0.014	0.0075	-0.0065	4.78417	0.0	0.0	0.68526	0.0
2015/01/08 08:10:00		0.98924	22.3133	16.099	71.767	1024.42	11.1708	24.4354	41.942	22.1387	64.081	6.8211	1234.58	11.3829				-0.01	0.0005	-0.0095	4.78417	0.0	0.0	0.68526	0.0
2015/01/08 08:15:00		1.51733	13.3265	16.0542	72.113	1024.44	16.5302	24.4545	43.2842	22.4947	65.779	6.8688	1254.38	11.2258				-0.012667	0.003	-0.009667	4.78417	0.0	0.0	0.68526	0.0
2015/01/08 08:20:00		0.95281	10.7524	15.9964	72.428	1024.47	23.224	24.4676	43.7934	21.2075	65.001	7.0833	1269.79	10.8686				-0.014833	0.005333	-0.008333	4.78417	0.0	0.0	0.68526	0.0
2015/01/08 08:25:00		1.15716	4.49271	15.9911	72.782	1024.52	22.3052	24.4778	43.177	21.5978	64.775	7.0976	1283.54	10.5043				-0.011667	0.001833	-0.009833	4.78417	0.0	0.0	0.68526	0.0
2015/01/08 08:30:00		0.95296	4.95339	15.9938	73.017	1024.62	20.526	24.492	43.8247	21.9675	65.792	7.0022	1291.25	10.9043				-0.01	0.0	-0.01	4.78417	0.0	0.0	0.68526	0.0
2015/01/08 08:35:00		0.5928	313.064	16.0005	73.109	1024.74	20.8396	24.5079	47.8536	22.1592	70.013	7.212	1306.88	11.3258				-0.011167	0.005333	-0.006	4.78417	0.0	0.0	0.68526	0.0
2015/01/08 08:40:00		0.58848	2.66047	15.9943	73.007	1024.85	16.9458	24.509	49.5979	23.2205	72.818	7.3311	1315.83	11.1507				-0.013	0.003333	-0.009667	4.78417	0.0	0.0	0.68526	0.0
2015/01/08 08:45:00		1.26571	0.56049	16.0016	72.786	1024.86	17.6823	24.5229	45.9843	22.0805	68.065	7.6839	1327.29	11.1472				-0.011	0.0045	-0.0065	4.78417	0.0	0.0	0.68526	0.0
2015/01/08 08:50:00		0.6669	356.856	15.9922	72.547	1024.82	23.7052	24.5275	44.1664	23.176	67.342	8.008	1334.17	11.0543				-0.01	0.0	-0.01	4.78417	0.0	0.0	0.68526	0.0
2015/01/08 08:55:00		0.91682	349.544	16.012	72.437	1024.85	28.0146	24.535	47.0139	23.0801	70.094	8.0366	1350.0	10.7579				-0.013	0.008667	-0.004333	4.78417	0.0	0.0	0.68526	0.0
2015/01/08 09:00:00		0.76738	14.6557	16.0156	72.337	1024.9	30.9969	24.5476	46.1697	24.1927	70.362	8.2511	1356.25	10.7721				-0.010167	0.000167	-0.01	4.78417	0.0	0.0	0.68526	0.0
2015/01/08 09:05:00		1.14608	39.3203	16.0135	72.314	1024.99	29.9833	24.5592	44.9056	23.0048	67.91	8.3178	1366.88	10.765				-0.0145	0.0045	-0.01	4.78417	0.0	0.0	0.68526	0.0
2015/01/08 09:10:00		0.81936	25.035	16.0073	72.256	1025.02	32.6958	24.5656	44.6265	22.9911	67.618	8.0747	1378.96	10.7507				-0.010167	0.000167	-0.01	4.78417	0.0	0.0	0.68526	0.0
2015/01/08 09:15:00		0.55173	344.956	16.0995	72.264	1025.1	37.0635	24.5659	46.469	23.1212	69.59	8.3941	1383.54	10.8043				-0.011833	0.001833	-0.01	4.78417	0.0	0.0	0.68526	0.0
2015/01/08 09:20:00		0.57679	18.0859	16.1031	72.322	1025.16	40.0458	24.578	46.3752	23.8196	70.195	8.5419	1388.54	10.8543				-0.0105	0.0005	-0.01	4.78417	0.0	0.0	0.68526	0.0
2015/01/08 09:25:00		0.75269	32.1881	16.1604	71.995	1025.25	31.7479	24.5903	47.3735	24.3639	71.737	8.9184	1393.13	11.0579				-0.016833	0.012167	-0.004667	4.78417	0.0	0.0	0.68526	0.0
2015/01/08 09:30:00		0.426386	12.7026	16.0948	71.916	1025.24	32.55	24.5933	44.66	23.0733	67.733	8.8326	1401.04	10.9007				-0.010167	0.000167	-0.01	4.78417	0.0	0.0	0.68526	0.0
2015/01/08 09:35:00		0.54853	24.9115	16.1911	72.137	1025.15	35.4667	24.6032	48.3271	23.532	71.859	8.6849	1408.96	11.0043				-0.0145	0.006167	-0.008333	4.78417	0.0	0.0	0.68526	0.0
2015/01/08 09:40:00		0.71435	39.7749	16.1995	71.735	1025.1	37.1146	24.6134	51.57	24.3467	75.917	9.3284	1418.96	11.0865				-0.01	0.0	-0.01	4.78417	0.0	0.0	0.68526	0.0
2015/01/08 09:45:00		0.62291	24.813	16.1969	71.135	1025.14	31.7042	24.6295	47.8715	24.624	72.496	10.4485	1422.08	10.9722				-0.0125	0.003	-0.010333	4.78417	0.0	0.0	0.68526	0.0
2015/01/08 09:50:00		0.61123	41.6159	16.287	70.785	1025.13	33.9281	24.6392	47.7263	24.5966	72.323	11.1588	1427.29	10.8686				-0.01	0.0	-0.01	4.78417	0.0	0.0	0.68526	0.0
2015/01/08 09:55:00		0.474585	40.1077	16.2109	70.346	1025.11	45.726	24.6526	45.4238	22.974	68.398	12.1455	1432.71	10.9543				-0.014833	0.0085	-0.006333	4.78417	0.0	0.0	0.68526	0.0
2015/01/08 10:00:00		0.342655	31.5463	16.2229	70.447	1025.16	50.444	24.6591	45.8012	23.7442	69.545	11.6402	1444.17	11.3508				-0.010167	0.000167	-0.01	4.78417	0.0	0.0	0.68526	0.0
2015/01/08 10:05:00		0.402476	20.8956	16.2969	70.63	1025.25	43.3635	24.6714	50.002	24.3878	74.39	11.8785	1450.0	10.8864				-0.012333	0.005833	-0.0065	4.78417	0.0	0.0	0.68526	0.0
2015/01/08 10:10:00		0.498112	325.768	16.2927	70.739	1025.26	35.2917	24.6744	52.503	24.8534	77.357	11.8738	1450.83	10.6471				-0.01	0.0	-0.01	4.78417	0.0	0.0	0.68526	0.0
2015/01/08 10:15:00		0.67543	26.904	16.3229	70.598	1025.29	30.9604	24.6816	50.217	24.2201	74.437	11.5735	1454.17	10.6829				-0.01	0.000667	-0.009333	4.78417	0.0	0.0	0.68526	0.0
2015/01/08 10:20:00		0.79614	29.0106	16.2958	70.632	1025.33	38.0698	24.6905	49.5018	24.333	73.835	11.1969	1466.67	11.0222				-0.01	0.0	-0.01	4.78417	0.0	0.0	0.68526	0.0
2015/01/08 10:25:00		0.78697	12.7283	16.3026	70.734	1025.33	37.8438	24.6988	47.7576	25.0383	72.796	11.0301	1467.92	11.1757				-0.012833	0.002833	-0.01	4.78417	0.0	0.0	0.68526	0.0
2015/01/08 10:30:00		0.271022	68.507	16.3932	70.682	1025.31	37.3625	24.7074	47.9899	23.4088	71.399	10.9729	1477.5	11.5293				-0.01	0.0	-0.01	4.78417	0.0	0.0	0.68526	0.0
2015/01/08 10:35:00		0.456132	357.915	16.3932	70.596	1025.32	35.051	24.7259	49.6537	24.9903	74.644	10.9347	1485.63	11.3472				-0.013167	0.005333	-0.007833	4.78417	0.0	0.0	0.68526	0.0
2015/01/08 10:40:00		0.74346	33.3466	16.3401	70.213	1025.3	38.7625	24.7509	46.4533	24.7473	71.201	10.8585	1494.79	10.9364				-0.011833	0.001833	-0.01	4.78417	0.0	0.0	0.68526	0.0
2015/01/08 10:45:00		0.74788	35.5252	16.299	69.928	1025.3	43.0938	24.7611	44.7873	22.1079	66.895	10.9633	1494.79	11.2079				-0.0135	0.0085	-0.005	4.78417	0.0	0.0	0.68526	0.0
2015/01/08 10:50:00		0.92089	340.833	16.2969	70.262	1025.29	39.6594	24.7756	45.3478	22.5803	67.928	10.7012	1496.04	11.315				-0.010167	0.000167	-0.01	4.78417	0.0	0.0	0.68526	0.0
2015/01/08 10:55:00		0.61008	355.034	16.3	70.222	1025.15	43.4437	24.79	45.1982	23.4943	68.693	11.0253	1500.42	10.7614				-0.0145	0.005333	-0.009167	4.78417	0.0	0.0	0.68526	0.0
2015/01/08 11:00:00		0.83804	339.286	16.2958	70.058	1025.0	53.229	24.8019	47.6102	22.8405	70.451	10.9729	1505.0	11.2079				-0.010167	0.000167	-0.01	4.78417	0.0	0.0	0.68526	0.0
2015/01/08 11:05:00		1.09875	16.6964	16.2526	69.671	1024.94	49.175	24.8021	45.9508	23.6689	69.62	10.9729	1505.21	11.3222				-0.010667	0.005833	-0.004833	4.78417	0.0	0.0	0.68526	0.0
2015/01/08 11:10:00		0.94796	335.642	16.199	69.78	1024.96	43.2396	24.8104	44.3071	20.9645	65.272	10.3246	1499.79	11.4651				-0.011333	0.001333	-0.01	4.78417	0.0	0.0	0.68526	0.0
2015/01/08 11:15:00		0.92907	357.339	16.237	70.12	1024.92	46.4115	24.8166	45.7632	23.5149	69.278	10.1864	1506.04	11.1829				-0.015333	0.008833	-0.0065	4.78417	0.0	0.0	0.68526	0.0
2015/01/08 11:20:00		0.96283	8.6936	16.2974	70.137	1024.84	52.5	24.8249	52.519	24.4666	76.986	10.1911	1497.71	11.3329				-0.010833	0.000833	-0.01	4.78417	0.0	0.0	0.68526	0.0
2015/01/08 11:25:00		0.89646	22.8773	16.2953	69.581	1024.75	55.665	24.8341	47.3869	24.0934	71.48	10.1864	1508.33	11.4972				-0.014833	0.004833	-0.01	4.78417	0.0	0.0	0.68526	0.0
2015/01/08 11:30:00		1.20938	21.2063	16.2969	69.513	1024.67	53.579	24.8451	47.2261	23.7442	70.97	10.4295	1506.25	11.2258				-0.010333	0.001	-0.009333	4.78417	0.0	0.0	0.68526	0.0
2015/01/08 11:35:00		1.11777	347.676	16.2958	69.547	1024.58	55.84	24.8585	43.9587	22.7515	66.71	9.8289	1510.21	11.4472				-0.014167	0.011333	-0.002833	4.78417	0.0	0.0	0.68526	0.0
2015/01/08 11:40:00		1.23659	8.4406	16.2865	69.75	1024.47	56.474	24.8856	43.7309	23.419	67.15	9.7526	1501.67	11.1293				-0.010167	0.001833	-0.008333	4.78417	0.0	0.0	0.68526	0.0
2015/01/08 11:45:00		1.02064	357.534	16.1948	69.803	1024.42	55.563	24.8969	43.4249	21.8717	65.297	9.3665	1508.54	11.4508				-0.014	0.004333	-0.009667	4.78417	0.0	0.0	0.68526	0.0
2015/01/08 11:50:00		1.03877	20.5728	16.225	69.892	1024.35	55.482	24.9272	46.2211	23.354	69.575	9.5333	1512.08	11.1972				-0.010167	0.000167	-0.01	4.78417	0.0	0.0	0.68526	0.0
2015/01/08 11:55:00		1.31822	353.634	16.2016	69.642	1024.23	54.221	25.0679	43.3602	23.4122	66.772	9.7049	1501.04	11.1329				-0.013833	0.009667	-0.004167	4.78417	0.0	0.0	0.68526	0.0
2015/01/08 12:00:00		0.99671	10.5858	16.1984	69.563	1024.13	48.2708	25.1616	43.4517	21.6765	65.128	9.4189	1501.04	10.6543				-0.01	0.0	-0.01	4.78417	0.0	0.0	0.68526	0.0
2015/01/08 12:05:00		1.15466	10.2937	16.1974	69.6	1024.01	49.474	25.2234	42.708	21.8511	64.559	9.6001	1504.58	10.3685				-0.012833	0.002833	-0.01	4.78417	0.0	0.0	0.68526	0.0
2015/01/08 12:10:00		0.477606	359.319	16.1964	69.749	1023.92	46.0323	25.2787	41.8728	20.6359	62.509	9.2092	1500.63	10.5543				-0.0105	0.001167	-0.009333	4.78417	0.0	0.0	0.68526	0.0
2015/01/08 12:15:00		0.61013	2.04719	16.251	69.682	1023.86	46.8708	25.291	47.5231	24.5076	72.031	9.7335	1501.46	10.7186				-0.014833	0.007167	-0.007667	4.78417	0.0	0.0	0.68526	0.0
2015/01/08 12:20:00		0.75649	347.166	16.2964	69.391	1023.78	43.1083	25.3189	45.4617	23.3437	68.805	9.7478	1500.42	10.515				-0.011833	0.001833	-0.01	4.78417	0.0	0.0	0.68526	0.0
2015/01/08 12:25:00		0.61611	10.1915	16.3031	68.968	1023.71	38.1937	25.3307	46.699	24.7575	71.457	9.8098	1501.25	10.7757				-0.010833	0.004667	-0.006167	4.78417	0.0	0.0	0.68526	0.0
2015/01/08 12:30:00		0.85132	324.703	16.3245	68.172	1023.66	39.5135	25.3546	48.7112	25.5791	74.29	9.805	1505.63	10.4293				-0.011667	0.001667	-0.01	4.78417	0.0	0.0	0.68526	0.0
2015/01/08 12:35:00		0.472441	352.413	16.3057	67.179	1023.59	42.1021	25.3753	45.2607	22.5769	67.838	9.5429	1502.71	10.69				-0.0145	0.007333	-0.007167	4.78417	0.0	0.0	0.68526	0.0
2015/01/08 12:40:00		1.28751	23.9006	16.2687	66.898	1023.54	47.7021	25.3992	41.1715	21.6937	62.865	9.0424	1501.04	10.1435				-0.012333	0.002333	-0.01	4.78417	0.0	0.0	0.68526	0.0
2015/01/08 12:45:00		0.63905	325.459	16.1995	66.902	1023.45	46.8271	25.4083	42.8331	21.9778	64.811	9.0185	1498.75	10.4114				-0.013167	0.005	-0.008167	4.78417	0.0	0.0	0.68526	0.0
2015/01/08 12:50:00		0.6735	7.1801	16.2026	66.967	1023.33	48.9927	25.4159	42.0112	20.9405	62.952	8.7182	1494.58	10.4436				-0.010667	0.000667	-0.01	4.78417	0.0	0.0	0.68526	0.0
2015/01/08 12:55:00		0.86438	8.6389	16.2068	67.413	1023.26	51.64	25.4051	43.5701	23.087	66.657	8.3369	1491.25	10.6614				-0.014	0.006833	-0.007167	4.78417	0.0	0.0	0.68526	0.0
2015/01/08 13:00:00		0.76662	11.287	16.2792	67.821	1023.18	55.912	25.414	45.1803	23.443	68.623	8.3655	1490.0	10.5721				-0.01	0.0	-0.01	4.78417	0.0	0.0	0.68526	0.0
2015/01/08 13:05:00		0.90522	344.934	16.2411	67.511	1023.14	50.918	25.4341	41.1603	20.1737	61.334	8.1415	1490.83	10.5507				-0.010333	0.003833	-0.0065	4.78417	0.0	0.0	0.68526	0.0
2015/01/08 13:10:00		0.56625	315.318	16.226	68.634	1023.12	41.8906	25.4379	44.7582	23.1212	67.879	7.9413	1485.42	10.315				-0.01	0.0	-0.01	4.78417	0.0	0.0	0.68526	0.0
2015/01/08 13:15:00		0.399197	306.091	16.2901	69.128	1023.07	46.0469	25.4416	46.259	25.0074	71.266	7.6267	1489.17	10.7293				-0.012833	0.007167	-0.005667	4.78417	0.0	0.0	0.68526	0.0
2015/01/08 13:20:00		0.273155	41.9924	16.2052	69.423	1022.98	51.457	25.4502	42.0805	22.3441	64.425	7.5981	1486.67	10.3936				-0.01	0.001167	-0.008833	4.78417	0.0	0.0	0.68526	0.0
2015/01/08 13:25:00		0.70348	355.135	16.2016	69.95	1022.9	61.855	25.4561	45.1826	24.0523	69.235	7.4169	1485.83	10.3793				-0.012667	0.006	-0.006667	4.78417	0.0	0.0	0.68526	0.0
2015/01/08 13:30:00		0.375761	55.315	16.1161	69.915	1022.89	54.228	25.4701	42.9961	22.2722	65.268	7.4312	1482.5	10.2435				-0.012	0.002	-0.01	4.78417	0.0	0.0	0.68526	0.0
2015/01/08 13:35:00		0.095793	154.411	16.0245	70.056	1022.88	53.382	25.4672	42.3552	21.7108	64.066	7.5409	1480.21	10.6614				-0.014667	0.006667	-0.008	4.78417	0.0	0.0	0.68526	0.0
2015/01/08 13:40:00		0.415772	10.2496	15.9964	70.074	1022.88	59.318	25.4599	42.7438	22.5666	65.31	7.1977	1473.96	10.1114				-0.011333	0.001833	-0.0095	4.78417	0.0	0.0	0.68526	0.0
2015/01/08 13:45:00		0.128766	322.346	16.001	69.938	1022.88	50.196	25.4779	41.5333	21.1528	62.686	7.3979	1481.25	10.715				-0.0125	0.007667	-0.004833	4.78417	0.0	0.0	0.68526	0.0
2015/01/08 13:50:00		1.06964	342.7	15.9891	70.109	1022.85	51.37	25.4825	41.3747	21.2178	62.593	7.6743	1477.5	10.0578				-0.010833	0.000833	-0.01	4.78417	0.0	0.0	0.68526	0.0
2015/01/08 13:55:00		0.66396	29.2273	15.9026	69.935	1022.81	54.724	25.48	40.0191	21.0501	61.069	7.3454	1473.13	10.6293				-0.010167	0.005	-0.005167	4.78417	0.0	0.0	0.68526	0.0
2015/01/08 14:00:00		0.496763	324.101	15.937	70.335	1022.81	46.5865	25.4733	42.7214	22.95	65.671	7.3597	1469.58	10.9114				-0.01	0.0	-0.01	4.78417	0.0	0.0	0.68526	0.0
2015/01/08 14:05:00		0.257969	354.037	15.999	70.111	1022.81	40.2792	25.4867	45.2161	24.9219	70.138	7.9413	1473.96	10.8293				-0.014	0.007167	-0.006833	4.78417	0.0	0.0	0.68526	0.0
2015/01/08 14:10:00		0.460334	14.3042	15.951	70.153	1022.77	41.4604	25.476	40.7181	22.4776	63.196	7.7268	1472.92	10.6471				-0.010833	0.002	-0.008833	4.78417	0.0	0.0	0.68526	0.0
2015/01/08 14:15:00		0.82259	25.8423	15.8937	70.407	1022.81	36.2104	25.4792	40.1017	22.3749	62.477	7.4026	1470.63	10.3364				-0.011167	0.004167	-0.007	4.78417	0.0	0.0	0.68526	0.0
2015/01/08 14:20:00		0.81021	352.811	15.8115	70.778	1022.9	27.6281	25.4757	40.3161	20.9097	61.226	7.3645	1471.88	10.1864				-0.01	0.0	-0.01	4.78417	0.0	0.0	0.68526	0.0
2015/01/08 14:25:00		1.02898	19.2587	15.7969	70.965	1022.9	27.3729	25.4626	39.7176	21.2555	60.973	7.2215	1464.17	10.8472				-0.014833	0.007833	-0.007	4.78417	0.0	0.0	0.68526	0.0
2015/01/08 14:30:00		0.69985	334.502	15.7969	71.198	1022.91	26.3958	25.4604	43.7711	23.4361	67.207	7.0356	1465.42	10.2757				-0.012167	0.002167	-0.01	4.78417	0.0	0.0	0.68526	0.0
2015/01/08 14:35:00		0.72174	26.2862	15.8734	71.266	1022.91	24.5802	25.4556	44.8855	24.8739	69.759	7.3502	1466.67	10.3685				-0.010333	0.002	-0.008333	4.78417	0.0	0.0	0.68526	0.0
2015/01/08 14:40:00		0.86335	16.0851	15.8786	70.443	1022.93	23.7635	25.4478	43.4406	24.915	68.356	7.5218	1466.25	10.1578				-0.011833	0.0025	-0.009333	4.78417	0.0	0.0	0.68526	0.0
2015/01/08 14:45:00		1.10731	350.036	15.7979	70.001	1022.93	23.3479	25.4489	41.5043	21.3787	62.883	7.2263	1471.67	10.74				-0.011	0.003333	-0.007667	4.78417	0.0	0.0	0.68526	0.0
2015/01/08 14:50:00		0.92662	352.742	15.7953	69.738	1022.99	20.424	25.4556	40.1598	20.6393	60.799	6.9784	1470.63	10.4007				-0.014833	0.004833	-0.01	4.78417	0.0	0.0	0.68526	0.0
2015/01/08 14:55:00		0.5759	6.8062	15.7969	70.032	1023.06	19.1479	25.4518	41.1	22.1969	63.297	7.0642	1468.96	10.1185				-0.010333	0.002167	-0.008167	4.78417	0.0	0.0	0.68526	0.0
2015/01/08 15:00:00		0.88476	2.65185	15.8589	69.86	1023.07	19.2865	25.4454	41.7343	23.7374	65.472	7.1738	1469.79	10.1935				-0.012333	0.002333	-0.01	4.78417	0.0	0.0	0.68526	0.0
2015/01/08 15:05:00		1.0125	352.417	15.7932	69.855	1023.09	19.0677	25.4202	43.6818	24.5111	68.193	6.9879	1472.29	10.515				-0.0115	0.0045	-0.007	4.78417	0.0	0.0	0.68526	0.0
2015/01/08 15:10:00		1.25182	311.278	15.7964	70.665	1023.1	18.0979	25.4108	40.5417	23.4327	63.974	6.5971	1475.21	10.6971				-0.011833	0.001833	-0.01	4.78417	0.0	0.0	0.68526	0.0
2015/01/08 15:15:00		1.10251	346.406	15.7854	71.652	1023.14	17.901	25.389	42.1162	22.4913	64.608	6.4827	1479.79	10.39				-0.0125	0.003667	-0.008833	4.78417	0.0	0.0	0.68526	0.0
2015/01/08 15:20:00		0.83535	351.89	15.6505	72.188	1023.2	15.3854	25.3871	39.7734	21.769	61.542	6.1252	1480.63	10.0471				-0.011	0.001	-0.01	4.78417	0.0	0.0	0.68526	0.0
2015/01/08 15:25:00		0.68521	19.3369	15.5073	73.017	1023.17	16.6542	25.3622	38.3642	20.7077	59.072	6.0632	1477.71	10.4721				-0.015	0.007333	-0.007667	4.78417	0.0	0.0	0.68526	0.0
2015/01/08 15:30:00		0.87979	330.986	15.4292	73.544	1023.25	15.626	25.3326	40.3675	21.3719	61.739	5.9917	1473.75	10.3721				-0.011167	0.001167	-0.01	4.78417	0.0	0.0	0.68526	0.0
2015/01/08 15:35:00		1.17133	339.162	15.3557	73.87	1023.24	18.2729	25.2993	40.1777	21.7108	61.888	6.1347	1479.38	10.2543				-0.011667	0.001833	-0.009833	4.78417	0.0	0.0	0.68526	0.0
2015/01/08 15:40:00		0.81492	6.024	15.3396	74.213	1023.23	17.551	25.2779	45.9017	23.5868	69.488	6.3778	1475.21	9.9471				-0.0135	0.0035	-0.01	4.78417	0.0	0.0	0.68526	0.0
2015/01/08 15:45:00		0.71473	1.82417	15.2964	74.051	1023.23	20.4531	25.2507	41.1469	23.0801	64.227	6.3492	1478.33	10.1114				-0.011	0.001	-0.01	4.78417	0.0	0.0	0.68526	0.0
2015/01/08 15:50:00		0.62628	28.4126	15.299	74.098	1023.3	19.7021	25.2365	43.7398	23.686	67.426	6.4922	1475.63	9.9864				-0.010833	0.000833	-0.01	4.78417	0.0	0.0	0.68526	0.0
2015/01/08 15:55:00		0.56707	356.314	15.2984	74.116	1023.35	13.5844	25.2424	40.6869	23.4053	64.092	6.4302	1487.71	10.5007				-0.012	0.006	-0.006	4.78417	0.0	0.0	0.68526	0.0
2015/01/08 16:00:00		0.50466	307.423	15.2974	74.586	1023.31	15.5896	25.2277	42.0358	25.2642	67.3	6.1347	1490.21	10.0435				-0.012833	0.003167	-0.009667	4.78417	0.0	0.0	0.68526	0.0
2015/01/08 16:05:00		1.25708	320.955	15.2969	74.873	1023.34	14.3938	25.2059	46.0312	24.244	70.275	6.1585	1489.17	9.8149				-0.010167	0.002833	-0.007333	4.78417	0.0	0.0	0.68526	0.0
2015/01/08 16:10:00		1.01367	334.558	15.2964	74.606	1023.39	10.1573	25.1691	41.3546	20.7557	62.11	5.782	1495.21	10.0757				-0.011	0.001333	-0.009667	4.78417	0.0	0.0	0.68526	0.0
2015/01/08 16:15:00		0.96948	332.159	15.2802	74.417	1023.4	8.0573	25.1337	40.4501	22.1729	62.623	5.8106	1496.25	10.2578				-0.011833	0.004333	-0.0075	4.78417	0.0	0.0	0.68526	0.0
2015/01/08 16:20:00		0.380352	296.247	15.2016	74.111	1023.43	7.4083	25.0967	40.8588	22.6762	63.535	5.9917	1497.71	10.2793				-0.013667	0.0055	-0.008167	4.78417	0.0	0.0	0.68526	0.0
2015/01/08 16:25:00		0.92372	304.822	15.2953	74.066	1023.45	7.1969	25.0803	41.4953	23.128	64.623	6.0346	1506.04	10.2507				-0.014	0.005667	-0.008333	4.78417	0.0	0.0	0.68526	0.0
2015/01/08 16:30:00		0.62088	319.343	15.2974	73.829	1023.45	7.4594	25.058	41.971	22.8781	64.849	6.0489	1507.71	10.3864				-0.012333	0.0025	-0.009833	4.78417	0.0	0.0	0.68526	0.0
2015/01/08 16:35:00		0.73798	335.837	15.3708	73.764	1023.49	5.6438	25.0357	43.5277	23.4053	66.933	6.354	1513.33	10.5936				-0.011	0.005667	-0.005333	4.78417	0.0	0.0	0.68526	0.0
2015/01/08 16:40:00		0.76494	328.443	15.3958	73.522	1023.56	1.96875	25.0191	42.8465	22.8234	65.67	6.3158	1521.25	10.4757				-0.0105	0.002	-0.0085	4.78417	0.0	0.0	0.68526	0.0
2015/01/08 16:45:00		0.6206	317.439	15.3917	73.308	1023.59	1.18854	25.0226	43.4718	23.6347	67.107	6.3826	1517.92	10.5614				-0.014333	0.006	-0.008333	4.78417	0.0	0.0	0.68526	0.0
2015/01/08 16:50:00		0.098483	123.332	15.3958	72.897	1023.56	1.21771	25.0363	42.6075	22.4468	65.054	6.7687	1523.13	10.0114				-0.0135	0.0045	-0.009	4.78417	0.0	0.0	0.68526	0.0
2015/01/08 16:55:00		1.20757	313.429	15.3073	72.843	1023.57	1.19583	25.043	39.4049	20.7557	60.161	6.8116	1525.42	10.4328				-0.012	0.0055	-0.0065	4.78417	0.0	0.0	0.68526	0.0
2015/01/08 17:00:00		0.236329	347.623	15.3391	72.948	1023.58	1.23958	25.0336	41.2742	21.4129	62.687	6.9736	1524.58	10.8114				-0.014167	0.007	-0.007167	4.78417	0.0	0.0	0.68526	0.0
2015/01/08 17:05:00		0.463004	339.786	15.3286	72.963	1023.58	1.15208	25.029	40.9057	21.5293	62.435	7.1309	1528.75	10.665				-0.010833	0.0045	-0.006333	4.78417	0.0	0.0	0.68526	0.0
2015/01/08 17:10:00		0.401234	10.7473	15.3906	73.035	1023.61	1.19583	25.0242	42.708	23.4019	66.11	7.0213	1531.67	10.19				-0.012667	0.006667	-0.006	4.78417	0.0	0.0	0.68526	0.0
2015/01/08 17:15:00		0.53478	47.8834	15.3927	73.053	1023.65	1.15937	25.0228	44.7627	24.0866	68.849	7.3454	1530.21	10.1435				-0.012	0.005667	-0.006333	4.78417	0.0	0.0	0.68526	0.0
2015/01/08 17:20:00		0.79702	21.0602	15.3938	72.715	1023.71	1.16667	25.0166	41.741	23.2342	64.975	8.0223	1538.13	10.5364				-0.01	0.0015	-0.0085	4.78417	0.0	0.0	0.68526	0.0
2015/01/08 17:25:00		0.335045	353.417	15.3938	72.729	1023.75	1.18854	25.0258	40.5372	22.5735	63.111	8.0938	1537.71	10.6543				-0.010667	0.0025	-0.008167	4.78417	0.0	0.0	0.68526	0.0
2015/01/08 17:30:00		0.469335	36.1018	15.3938	72.643	1023.7	1.12292	25.0314	39.1548	22.5872	61.742	8.0795	1545.0	10.39				-0.0135	0.005333	-0.008167	4.78417	0.0	0.0	0.68526	0.0
2015/01/08 17:35:00		0.73483	4.09457	15.3922	72.652	1023.64	1.17396	25.0277	44.6756	23.7374	68.413	7.9603	1544.17	10.3971				-0.012167	0.006	-0.006167	4.78417	0.0	0.0	0.68526	0.0
2015/01/08 17:40:00		0.69394	10.4841	15.3911	72.46	1023.67	1.16667	25.0317	41.8973	23.2547	65.152	8.4084	1551.46	10.5686				-0.011	0.006333	-0.004667	4.78417	0.0	0.0	0.68526	0.0
2015/01/08 17:45:00		0.57257	10.941	15.3906	72.431	1023.71	1.15208	25.0338	38.8042	21.163	59.967	8.3083	1550.83	10.8472				-0.011	0.001	-0.01	4.78417	0.0	0.0	0.68526	0.0
2015/01/08 17:50:00		1.08452	30.4167	15.3198	72.518	1023.67	1.21771	24.9936	39.0498	21.3753	60.425	8.2511	1553.75	10.5257				-0.014333	0.006	-0.008333	4.78417	0.0	0.0	0.68526	0.0
2015/01/08 17:55:00		1.32271	356.231	15.3854	72.488	1023.71	1.15937	24.8099	41.2675	23.0288	64.296	8.0128	1559.79	10.5757				-0.0125	0.004	-0.0085	4.78417	0.0	0.0	0.68526	0.0
2015/01/08 18:00:00		0.99691	334.829	15.2932	72.582	1023.71	1.10104	24.6883	40.4032	23.0562	63.459	7.9413	1558.96	10.6757				-0.011167	0.001333	-0.009833	4.78417	0.0	0.0	0.68526	0.0
2015/01/08 18:05:00		0.77018	354.987	15.301	72.859	1023.66	1.21042	24.5804	42.5495	22.6317	65.181	7.9031	1563.33	10.4293				-0.0115	0.0035	-0.008	4.78417	0.0	0.0	0.68526	0.0
2015/01/08 18:10:00		1.23638	339.994	15.3719	72.89	1023.64	1.15208	24.5189	48.3941	24.9903	73.384	8.1701	1564.58	10.9329				-0.014833	0.004833	-0.01	4.78417	0.0	0.0	0.68526	0.0
2015/01/08 18:15:00		0.98324	344.267	15.2953	72.948	1023.62	1.17396	24.4534	41.5757	23.6244	65.2	7.498	1570.83	10.6579				-0.01	0.000333	-0.009667	4.78417	0.0	0.0	0.68526	0.0
2015/01/08 18:20:00		1.06779	330.853	15.2937	73.097	1023.63	1.10104	24.4139	41.3814	22.8816	64.263	7.3979	1571.46	10.4971				-0.014667	0.004667	-0.01	4.78417	0.0	0.0	0.68526	0.0
2015/01/08 18:25:00		0.84587	334.651	15.2036	73.369	1023.63	1.18854	24.3699	39.1928	21.7313	60.924	7.2453	1579.38	10.1614				-0.0135	0.003833	-0.009667	4.78417	0.0	0.0	0.68526	0.0
2015/01/08 18:30:00		0.8849	336.785	15.1953	73.739	1023.67	1.18854	24.3358	43.3624	22.9021	66.265	7.3073	1583.13	10.6543				-0.012167	0.003667	-0.0085	4.78417	0.0	0.0	0.68526	0.0
2015/01/08 18:35:00		1.15798	331.679	15.1958	73.788	1023.68	1.15937	24.3031	40.1151	22.036	62.151	7.0308	1584.58	10.815				-0.011667	0.0045	-0.007167	4.78417	0.0	0.0	0.68526	0.0
2015/01/08 18:40:00		1.16974	325.053	15.1458	74.096	1023.67	1.18125	24.2864	41.1938	22.101	63.295	6.9546	1580.21	10.2721				-0.010833	0.001167	-0.009667	4.78417	0.0	0.0	0.68526	0.0
2015/01/08 18:45:00		1.19482	347.012	15.0948	74.292	1023.69	1.26146	24.2649	39.6283	21.6628	61.291	7.0213	1578.33	10.3293				-0.01	0.0	-0.01	4.78417	0.0	0.0	0.68526	0.0
2015/01/08 18:50:00		0.94706	343.803	15.0927	74.707	1023.71	1.05729	24.2394	42.574	22.9021	65.476	6.7973	1581.67	10.4721				-0.012667	0.002667	-0.01	4.78417	0.0	0.0	0.68526	0.0
2015/01/08 18:55:00		0.93005	343.088	15.0786	74.836	1023.74	1.21771	24.2088	41.7097	22.1763	63.886	6.5685	1585.42	10.765				-0.010167	0.0025	-0.007667	4.78417	0.0	0.0	0.68526	0.0
2015/01/08 19:00:00		0.46872	355.057	14.9875	75.035	1023.75	1.18125	24.1871	40.7159	22.4399	63.156	6.4779	1586.88	10.4793				-0.0155	0.0065	-0.009	4.78417	0.0	0.0	0.68526	0.0
2015/01/08 19:05:00		1.06543	344.863	14.9922	75.255	1023.75	1.225	24.1728	38.8533	22.3133	61.167	6.1776	1578.75	10.4257				-0.014	0.004667	-0.009333	4.78417	0.0	0.0	0.68526	0.0
2015/01/08 19:10:00		1.04227	345.848	14.9906	75.453	1023.77	1.21042	24.1468	39.1615	22.0531	61.215	6.1824	1577.71	10.6221				-0.0125	0.005333	-0.007167	4.78417	0.0	0.0	0.68526	0.0
2015/01/08 19:15:00		0.8973	350.512	14.9828	75.673	1023.76	1.17396	24.1232	37.2163	20.8549	58.071	5.9393	1572.92	10.6329				-0.010167	0.0015	-0.008667	4.78417	0.0	0.0	0.68526	0.0
2015/01/08 19:20:00		0.53148	359.243	14.9937	75.904	1023.82	1.19583	24.0958	37.654	21.0569	58.711	5.6533	1571.04	10.415				-0.010167	0.002167	-0.008	4.78417	0.0	0.0	0.68526	0.0
2015/01/08 19:25:00		0.62187	333.252	14.9932	76.012	1023.85	1.225	24.0665	38.9315	21.3684	60.3	5.9488	1567.71	10.3185				-0.010333	0.002	-0.008333	4.78417	0.0	0.0	0.68526	0.0
2015/01/08 19:30:00		0.62924	29.8416	14.9906	76.11	1023.85	1.13021	24.0459	42.2882	22.7104	64.999	6.1156	1561.46	10.3507				-0.012333	0.003833	-0.0085	4.78417	0.0	0.0	0.68526	0.0
2015/01/08 19:35:00		0.436237	343.037	14.9922	76.204	1023.84	1.11563	24.0289	42.2792	22.772	65.051	6.0966	1554.79	10.9472				-0.011333	0.002667	-0.008667	4.78417	0.0	0.0	0.68526	0.0
2015/01/08 19:40:00		0.315197	15.462	14.9891	76.077	1023.9	1.17396	24.0196	38.9516	21.6937	60.645	5.9059	1553.54	10.5543				-0.014333	0.0085	-0.005833	4.78417	0.0	0.0	0.68526	0.0
2015/01/08 19:45:00		1.02294	330.463	14.9875	76.224	1023.95	1.12292	24.0174	38.0806	20.6598	58.74	5.9059	1550.63	10.2864				-0.010167	0.000167	-0.01	4.78417	0.0	0.0	0.68526	0.0
2015/01/08 19:50:00		0.8907	335.368	14.9906	76.62	1024.04	1.18125	24.0131	49.3634	24.066	73.429	6.1967	1546.04	10.1435				-0.015333	0.005333	-0.01	4.78417	0.0	0.0	0.68526	0.0
2015/01/08 19:55:00		0.309918	313.392	14.9937	76.421	1024.11	1.21771	24.0056	44.4433	23.3369	67.78	6.2634	1547.92	10.2078				-0.01	0.000667	-0.009333	4.78417	0.0	0.0	0.68526	0.0
2015/01/08 20:00:00		0.90065	337.158	15.0828	76.46	1024.22	1.17396	24.0099	41.0375	21.5533	62.591	5.9869	1550.42	10.4043				-0.010833	0.003667	-0.007167	4.78417	0.0	0.0	0.68526	0.0
2015/01/08 20:05:00		0.50141	346.538	15.0958	76.39	1024.28	1.15937	24.0153	40.7293	21.8854	62.615	6.354	1543.33	10.2793				-0.01	0.002667	-0.007333	4.78417	0.0	0.0	0.68526	0.0
2015/01/08 20:10:00		0.76666	21.836	15.0417	76.335	1024.29	1.18125	24.0163	39.2642	21.834	61.098	6.1156	1544.17	10.0935				-0.012333	0.004667	-0.007667	4.78417	0.0	0.0	0.68526	0.0
2015/01/08 20:15:00		0.374687	20.1797	15.0875	76.222	1024.34	1.21771	24.023	40.0325	21.3376	61.37	6.2348	1539.17	10.4793				-0.01	0.0025	-0.0075	4.78417	0.0	0.0	0.68526	0.0
2015/01/08 20:20:00		0.04572	16.7005	15.0901	76.044	1024.44	1.20313	24.0324	38.8064	21.2521	60.058	6.4922	1535.63	10.2328				-0.011833	0.003833	-0.008	4.78417	0.0	0.0	0.68526	0.0
2015/01/08 20:25:00		0.86329	15.6033	15.0844	75.947	1024.52	1.12292	24.0399	36.4882	19.2117	55.7	6.6447	1532.71	10.04				-0.01	0.0	-0.01	4.78417	0.0	0.0	0.68526	0.0
2015/01/08 20:30:00		0.73884	0.216525	15.0906	75.781	1024.59	1.1375	24.0383	38.1141	20.427	58.541	6.802	1530.42	10.3007				-0.0135	0.004333	-0.009167	4.78417	0.0	0.0	0.68526	0.0
2015/01/08 20:35:00		0.55012	335.145	15.0979	75.728	1024.67	1.10833	24.0394	37.7232	20.8857	58.609	6.945	1524.79	10.3721				-0.01	0.002167	-0.007833	4.78417	0.0	0.0	0.68526	0.0
2015/01/08 20:40:00		0.63515	358.026	15.0911	75.578	1024.72	1.15208	24.0389	36.4525	19.5301	55.983	7.1023	1515.21	10.2793				-0.017	0.008167	-0.008833	4.78417	0.0	0.0	0.68526	0.0
2015/01/08 20:45:00		0.67171	7.524	15.0943	75.467	1024.73	1.18854	24.0375	36.4123	20.1874	56.6	7.1071	1504.38	10.34				-0.012167	0.0035	-0.008667	4.78417	0.0	0.0	0.68526	0.0
2015/01/08 20:50:00		0.454388	350.192	15.1031	75.605	1024.65	1.14479	24.0308	39.6662	21.187	60.853	6.9307	1501.25	10.1578				-0.016	0.008333	-0.007667	4.78417	0.0	0.0	0.68526	0.0
2015/01/08 20:55:00		0.52772	42.2001	15.1964	75.419	1024.54	1.20313	24.0346	41.7656	22.5666	64.332	7.3597	1500.21	10.1364				-0.011333	0.002667	-0.008667	4.78417	0.0	0.0	0.68526	0.0
2015/01/08 21:00:00		0.62253	9.29	15.1969	75.264	1024.51	1.15937	24.0314	39.396	20.985	60.381	7.2406	1495.63	9.6756				-0.016167	0.008833	-0.007333	4.78417	0.0	0.0	0.68526	0.0
2015/01/08 21:05:00		1.19691	13.5681	15.1953	75.287	1024.45	1.05729	24.0268	39.1079	21.9744	61.082	7.5266	1496.04	10.265				-0.01	0.000333	-0.009667	4.78417	0.0	0.0	0.68526	0.0
2015/01/08 21:10:00		1.13541	0.6303	15.1974	75.232	1024.37	1.16667	24.0348	38.6769	21.1322	59.809	7.5885	1490.0	10.1042				-0.016	0.0085	-0.0075	4.78417	0.0	0.0	0.68526	0.0
2015/01/08 21:15:00		1.07255	19.685	15.1979	75.108	1024.4	1.12292	24.0391	40.9459	20.8173	61.763	7.8507	1483.54	9.9435				-0.010167	0.000833	-0.009333	4.78417	0.0	0.0	0.68526	0.0
2015/01/08 21:20:00		0.72124	18.453	15.2005	75.197	1024.52	1.1375	24.037	39.3089	22.1216	61.43	7.5981	1486.67	10.0078				-0.014333	0.004333	-0.01	4.78417	0.0	0.0	0.68526	0.0
2015/01/08 21:25:00		0.97251	9.5235	15.1932	75.223	1024.55	1.12292	24.033	39.1972	20.9337	60.131	7.5933	1480.63	10.2864				-0.010667	0.002333	-0.008333	4.78417	0.0	0.0	0.68526	0.0
2015/01/08 21:30:00		0.80614	25.1132	15.1953	75.215	1024.47	1.12292	24.0273	37.9577	21.009	58.967	7.66	1469.38	10.1792				-0.0165	0.007333	-0.009167	4.78417	0.0	0.0	0.68526	0.0
2015/01/08 21:35:00		0.99912	20.1537	15.1932	75.258	1024.47	1.15208	24.0295	38.2101	20.9371	59.147	7.8459	1473.33	9.8578				-0.012167	0.002167	-0.01	4.78417	0.0	0.0	0.68526	0.0
2015/01/08 21:40:00		0.32397	28.1233	15.1948	75.425	1024.48	1.12292	24.033	39.8851	22.2174	62.103	7.6982	1469.38	10.2007				-0.017833	0.008167	-0.009667	4.78417	0.0	0.0	0.68526	0.0
2015/01/08 21:45:00		0.62365	10.0468	15.1948	75.489	1024.55	1.10833	24.026	40.2491	22.9945	63.244	7.7506	1465.63	9.9542				-0.010667	0.000667	-0.01	4.78417	0.0	0.0	0.68526	0.0
2015/01/08 21:50:00		1.06898	357.336	15.1953	75.646	1024.62	1.12292	24.0346	39.0119	21.5054	60.517	7.5123	1462.29	10.0828				-0.016167	0.0075	-0.008667	4.78417	0.0	0.0	0.68526	0.0
2015/01/08 21:55:00		0.80087	24.2683	15.1974	75.764	1024.68	1.14479	24.0316	38.1476	21.3171	59.465	7.2787	1461.25	9.965				-0.01	0.001	-0.009	4.78417	0.0	0.0	0.68526	0.0
2015/01/08 22:00:00		0.92797	18.9322	15.1948	75.769	1024.65	1.14479	24.0346	38.1297	21.8306	59.96	7.0547	1457.92	10.0078				-0.013	0.007833	-0.005167	4.78417	0.0	0.0	0.68526	0.0
2015/01/08 22:05:00		0.62356	350.864	15.2	75.577	1024.74	1.18125	24.0316	37.1962	20.8241	58.02	7.007	1453.54	9.965				-0.01	0.0	-0.01	4.78417	0.0	0.0	0.68526	0.0
2015/01/08 22:10:00		0.85728	23.6631	15.1964	75.427	1024.69	1.17396	24.0244	37.2051	21.1699	58.375	7.1834	1448.33	9.8899				-0.013	0.004333	-0.008667	4.78417	0.0	0.0	0.68526	0.0
2015/01/08 22:15:00		0.66793	353.864	15.1995	75.439	1024.55	1.17396	24.0244	38.6903	22.1113	60.802	7.1691	1445.83	9.6649				-0.010833	0.000833	-0.01	4.78417	0.0	0.0	0.68526	0.0
2015/01/08 22:20:00		1.14313	6.2944	15.1964	75.302	1024.72	1.11563	24.0193	37.2743	20.4989	57.773	7.0976	1450.0	9.8471				-0.014833	0.010333	-0.0045	4.78417	0.0	0.0	0.68526	0.0
2015/01/08 22:25:00		0.62283	31.7504	15.1995	75.38	1024.79	1.13021	24.0126	36.7138	18.8523	55.566	7.1071	1440.83	9.8257				-0.010333	0.002167	-0.008167	4.78417	0.0	0.0	0.68526	0.0
2015/01/08 22:30:00		0.90929	19.8644	15.2	75.446	1024.72	1.18854	24.0153	38.2927	21.163	59.456	6.9879	1439.17	9.6864				-0.0115	0.006833	-0.004667	4.78417	0.0	0.0	0.68526	0.0
2015/01/08 22:35:00		0.57595	48.7144	15.201	75.517	1024.6	1.12292	24.0107	39.9901	21.6252	61.615	6.8688	1431.25	9.9542				-0.01	0.001667	-0.008333	4.78417	0.0	0.0	0.68526	0.0
2015/01/08 22:40:00		0.6467	355.1	15.2682	75.46	1024.63	1.1375	24.0257	40.5283	22.125	62.653	7.0213	1435.21	10.0614				-0.014667	0.008	-0.006667	4.78417	0.0	0.0	0.68526	0.0
2015/01/08 22:45:00		0.7811	25.9211	15.2943	75.285	1024.56	1.12292	24.0279	40.1866	21.5362	61.723	7.3407	1426.46	9.8149				-0.01	0.0	-0.01	4.78417	0.0	0.0	0.68526	0.0
2015/01/08 22:50:00		0.51356	36.1465	15.2385	75.176	1024.44	1.17396	24.03	38.4513	21.8785	60.33	7.1071	1428.96	9.9971				-0.0145	0.006	-0.0085	4.78417	0.0	0.0	0.68526	0.0
2015/01/08 22:55:00		0.56389	7.9385	15.199	75.326	1024.49	1.14479	24.044	37.5669	20.8447	58.412	7.0833	1425.42	10.2328				-0.01	0.000667	-0.009333	4.78417	0.0	0.0	0.68526	0.0
2015/01/08 23:00:00		0.37143	42.1474	15.1969	75.459	1024.51	1.21042	24.0547	38.1319	19.4069	57.539	7.2167	1424.58	9.8364				-0.010833	0.004167	-0.006667	4.78417	0.0	0.0	0.68526	0.0
2015/01/08 23:05:00		0.55113	330.379	15.1995	75.521	1024.51	1.15208	24.066	37.1537	19.4719	56.626	7.1357	1415.63	9.8578				-0.01	0.0	-0.01	4.78417	0.0	0.0	0.68526	0.0
2015/01/08 23:10:00		0.88797	33.4545	15.1974	75.927	1024.53	1.13021	24.0722	38.6635	19.7561	58.42	7.069	1413.75	10.0507				-0.013333	0.008833	-0.0045	4.78417	0.0	0.0	0.68526	0.0
2015/01/08 23:15:00		0.88805	25.1859	15.1609	76.158	1024.56	1.14479	24.0716	36.9125	19.4753	56.388	6.7019	1409.58	9.9007				-0.010333	0.000333	-0.01	4.78417	0.0	0.0	0.68526	0.0
2015/01/08 23:20:00		0.408748	14.1486	15.037	76.637	1024.52	1.16667	24.052	36.1554	19.3898	55.545	6.1633	1401.46	9.8792				-0.0115	0.004167	-0.007333	4.78417	0.0	0.0	0.68526	0.0
2015/01/08 23:25:00		0.66212	9.7678	14.9479	77.378	1024.46	1.17396	24.0303	36.6937	19.7321	56.426	5.8296	1397.29	9.9971				-0.01	0.0	-0.01	4.78417	0.0	0.0	0.68526	0.0
2015/01/08 23:30:00		0.62881	347.511	14.8917	78.194	1024.44	1.15937	24.0088	38.0984	18.9858	57.084	5.7486	1393.54	9.7828				-0.015833	0.008333	-0.0075	4.78417	0.0	0.0	0.68526	0.0
2015/01/08 23:35:00		0.479455	348.54	14.8922	78.738	1024.43	1.15937	23.9836	38.1587	20.0402	58.199	5.6008	1391.88	10.0292				-0.0115	0.0015	-0.011	4.78417	0.0	0.0	0.68526	0.0
2015/01/08 23:40:00		0.54393	25.1069	14.8906	78.916	1024.41	1.16667	23.961	37.0711	19.0132	56.084	5.0288	1383.96	10.3185				-0.0145	0.0085	-0.006	4.78417	0.0	0.0	0.68526	0.0
2015/01/08 23:45:00		0.57983	23.7312	14.8911	78.923	1024.42	1.23229	23.9291	38.2436	20.3962	58.64	5.1623	1377.92	10.0971				-0.01	0.000333	-0.009667	4.78417	0.0	0.0	0.68526	0.0
2015/01/08 23:50:00		0.472603	359.544	14.8901	78.852	1024.34	1.15208	23.9557	37.7165	19.7389	57.455	5.5103	1378.75	10.1364				-0.013167	0.005167	-0.008	4.78417	0.0	0.0	0.68526	0.0
2015/01/08 23:55:00		0.58109	8.6374	14.8969	78.731	1024.21	1.21042	24.0824	37.2252	20.6119	57.837	5.7295	1371.46	9.9649				-0.011167	0.001167	-0.01	4.78417	0.0	0.0	0.68526	0.0
2015/01/09 00:00:00		0.51099	47.3475	14.9922	78.558	1024.1	1.18125	24.1806	38.7483	20.6804	59.429	5.7391	1366.88	9.9435				-0.011667	0.0035	-0.008167	4.78417	0.0	0.0	0.68526	0.0
