-- 1st mean values --
Format: XTAB(V:1;HEAD:2;COL:TCFFFFFFFFFFFFFFFFFFFFFFFF)
StartTime: 2015/01/12 00:00:00
EndTime: 2015/01/13 00:00:00
Period: 24 h
Station: Gia Lam

Time	MeasPt	Wind Spd.	Wind Dir.	Temp	RH	Barometer	Radiation	InnerTemp	NO	NO2	NOx	SO2	CO	O3	PM-10	PM-2.5	PM-1	CH4	NMHC	THC	BENZEN	TOLUEN	ETHYL BENZEN	MP-XYLEN	O-XYLEN
		m/s	degree	°C	%	hPa	W/m²	°C	µg/m3	µg/m3	µg/m3	µg/m3	µg/m3	µg/m3	µg/m3	µg/m3	µg/m3	ppm	ppmC	ppmC	ug/m3	ug/m3	ug/m3	ug/m3	ug/m3
2015/01/12 00:05:00		0.58319	348.996	12.8557	96.594	1023.21	1.15937	20.2639	54.036	15.405	69.441	0.0	1041.67	15.7368	61.032	53.067	47.9542								
2015/01/12 00:10:00		0.54199	335.723	12.8078	96.592	1023.01	1.18854	20.2859	35.8517	12.0501	47.9018	0.0	1030.21	15.8261	67.401	55.631	49.2692								
2015/01/12 00:15:00		0.51832	65.321	12.8224	96.592	1022.81	1.18854	20.2883	0.0	1.85202	1.85202	0.181133	1027.08	15.6975	74.776	61.227	52.199								
2015/01/12 00:20:00		0.54482	20.7356	12.8177	96.52	1022.93	1.18125	20.3168	0.165267	0.232787	0.398053	0.3718	1016.25	15.0831	70.126	59.946	51.555								
2015/01/12 00:25:00		0.64526	324.335	12.8094	96.482	1023.09	1.1375	20.3203	0.0	1.11943	1.11943	0.104867	1017.08	14.9974	60.778	54.557	48.6592								
2015/01/12 00:30:00		0.55197	6.0137	12.8089	96.405	1022.96	1.17396	20.3353	0.089333	0.95169	1.04102	0.004767	1010.42	14.8403	57.583	51.473	45.8258								
2015/01/12 00:35:00		0.418386	350.756	12.787	96.313	1023.03	1.18125	20.3501	0.0067	0.89007	0.89677	0.0	1003.12	15.2653	52.366	46.4383	41.5575								
2015/01/12 00:40:00		0.53047	343.385	12.7094	96.218	1023.09	1.10833	20.352	0.3685	0.486113	0.85461	0.0	989.17	14.9581	53.172	46.36	39.9808								
2015/01/12 00:45:00		0.432399	328.74	12.7161	96.132	1023.17	1.18125	20.3522	17.6992	2.44084	20.14	0.0858	986.67	14.7153	52.618	46.4808	41.1392								
2015/01/12 00:50:00		0.82092	325.621	12.8094	96.09	1023.16	1.18854	20.3611	54.252	13.084	67.336	0.090567	984.17	14.9581	50.831	44.1342	40.2317								
2015/01/12 00:55:00		0.79929	314.81	12.8052	96.086	1023.29	1.21771	20.36	52.584	12.7211	65.305	0.152533	974.17	15.2332	42.83	39.595	37.0983								
2015/01/12 01:00:00		0.69532	332.162	12.8073	96.007	1023.23	1.1375	20.3428	51.226	13.0669	64.293	0.0	969.17	14.951	47.23	40.6458	37.9325								
2015/01/12 01:05:00		0.6415	339.374	12.8089	95.995	1023.01	1.19583	20.3423	53.45	14.0357	67.486	0.047667	961.88	14.9974	44.2842	39.0633	37.1658								
2015/01/12 01:10:00		0.59009	329.413	12.8083	95.993	1022.82	1.17396	20.3259	52.242	13.4537	65.696	0.0	953.54	15.0046	52.052	42.6767	39.6008								
2015/01/12 01:15:00		0.79307	344.179	12.8047	95.991	1022.81	1.21042	20.3112	52.376	14.9223	67.298	0.133467	950.0	14.9403	52.167	47.16	44.3692								
2015/01/12 01:20:00		0.55066	340.868	12.7094	95.995	1022.9	1.11563	20.3079	49.5889	13.6591	63.248	0.0858	946.67	15.026	51.035	46.4308	43.8642								
2015/01/12 01:25:00		0.74253	323.626	12.7125	95.995	1023.0	1.17396	20.3036	48.5728	12.1391	60.712	0.0858	937.92	15.2439	52.813	47.1642	44.1358								
2015/01/12 01:30:00		0.81141	320.05	12.7859	95.993	1023.03	1.21771	20.2805	51.764	13.4845	65.249	0.0	927.5	14.8688	57.187	50.042	46.9333								
2015/01/12 01:35:00		0.57461	333.955	12.8094	96.079	1023.17	1.14479	20.2674	52.11	13.7413	65.852	0.038133	924.38	15.101	62.612	53.427	49.8633								
2015/01/12 01:40:00		1.33137	301.225	12.8104	96.127	1023.31	1.18854	20.2771	51.277	14.2582	65.536	0.123933	912.5	15.1189	55.357	51.127	48.57								
2015/01/12 01:45:00		0.94582	306.683	12.8073	96.186	1023.25	1.225	20.2738	47.8023	12.2624	60.065	0.1287	918.33	14.9081	56.077	51.153	48.7133								
2015/01/12 01:50:00		0.85417	328.935	12.8021	96.252	1023.13	1.19583	20.2749	47.9832	11.8892	59.872	0.061967	910.0	15.1974	59.739	53.733	50.892								
2015/01/12 01:55:00		0.65175	312.9	12.8052	96.307	1023.04	1.15208	20.2556	47.8938	13.1251	61.019	0.019067	902.29	15.0974	59.58	53.737	51.05								
2015/01/12 02:00:00		0.86552	319.503	12.8078	96.302	1022.95	1.21771	20.2478	47.1144	12.9265	60.041	0.061967	898.54	15.1582	56.84	51.542	48.8433								
2015/01/12 02:05:00		1.34078	322.729	12.7286	96.309	1022.93	1.17396	20.2596	48.2891	13.553	61.842	0.033367	892.92	14.9903	50.413	45.8033	43.4267								
2015/01/12 02:10:00		0.661	312.026	12.7167	96.399	1022.98	1.16667	20.254	47.6325	12.728	60.361	0.0	893.96	15.2796	46.5117	42.7383	40.4417								
2015/01/12 02:15:00		0.79393	319.416	12.713	96.403	1022.86	1.20313	20.2558	47.9564	13.7789	61.735	0.0	882.08	15.0689	43.3817	39.0683	36.72								
2015/01/12 02:20:00		0.64822	345.459	12.7151	96.451	1022.65	1.18854	20.2604	47.8514	12.6561	60.507	0.076267	875.42	14.8617	44.0925	38.7733	36.9842								
2015/01/12 02:25:00		0.48519	338.797	12.7156	96.495	1022.62	1.18854	20.2593	46.9871	12.5636	59.551	0.095333	876.46	15.3867	41.5942	36.5208	34.2767								
2015/01/12 02:30:00		0.71559	318.896	12.6214	96.497	1022.75	1.16667	20.2685	46.9759	12.3651	59.341	0.0	868.54	14.9653	42.2808	35.6558	33.3742								
2015/01/12 02:35:00		0.87375	324.292	12.6052	96.5	1022.67	1.21771	20.2789	46.5851	12.4575	59.043	0.019067	861.46	15.2724	42.23	35.7858	33.2108								
2015/01/12 02:40:00		0.57508	347.974	12.601	96.497	1022.24	1.18125	20.2768	46.1005	12.3411	58.442	0.0	857.29	14.8796	44.9192	37.3225	34.8108								
2015/01/12 02:45:00		0.70798	6.744	12.6	96.495	1021.9	1.23229	20.2843	45.2674	13.3989	58.666	0.0	838.54	14.8224	51.496	44.6075	41.6267								
2015/01/12 02:50:00		0.59696	334.747	12.6	96.498	1022.01	1.23958	20.2961	46.3953	12.8615	59.257	0.0143	846.04	15.2153	57.026	50.116	47.0483								
2015/01/12 02:55:00		0.79219	322.674	12.601	96.499	1022.17	1.21042	20.3015	45.2473	12.0364	57.284	0.019067	832.92	15.501	54.773	46.4767	43.6617								
2015/01/12 03:00:00		0.98256	320.45	12.601	96.418	1022.3	1.21771	20.3044	44.919	11.6393	56.558	0.004767	828.75	15.2903	57.751	47.65	43.2717								
2015/01/12 03:05:00		0.86001	318.91	12.601	96.401	1022.31	1.16667	20.2969	46.3417	12.324	58.666	0.0715	824.38	15.2474	74.413	60.053	53.312								
2015/01/12 03:10:00		0.61069	341.654	12.5995	96.405	1022.04	1.20313	20.287	45.2607	12.8409	58.102	0.090567	823.75	14.9474	84.261	65.782	58.223								
2015/01/12 03:15:00		0.73817	310.444	12.6036	96.402	1021.92	1.26146	20.2848	44.6443	12.728	57.372	0.0286	815.21	15.3153	86.192	67.537	59.891								
2015/01/12 03:20:00		0.94774	326.486	12.601	96.401	1022.04	1.17396	20.269	44.0793	13.6523	57.732	0.138233	811.67	15.1403	85.849	68.353	60.942								
2015/01/12 03:25:00		0.82091	321.19	12.5979	96.401	1021.94	1.18125	20.2644	44.2222	11.6667	55.889	0.152533	804.17	14.876	80.841	67.786	60.972								
2015/01/12 03:30:00		0.76718	324.286	12.5969	96.402	1021.91	1.14479	20.2687	43.5835	12.0364	55.62	0.3146	798.75	15.0296	83.677	68.267	61.97								
2015/01/12 03:35:00		0.70386	331.554	12.6021	96.37	1021.9	1.24688	20.2666	45.1513	11.831	56.982	0.290767	792.5	14.9581	84.398	69.625	62.789								
2015/01/12 03:40:00		0.65323	330.238	12.5943	96.303	1021.99	1.18125	20.2738	44.0503	12.5123	56.563	0.3003	791.25	14.9081	87.48	72.019	65.003								
2015/01/12 03:45:00		0.89501	316.749	12.6016	96.299	1022.13	1.17396	20.2779	43.7622	13.1627	56.925	0.376567	789.17	14.8796	87.621	71.826	64.697								
2015/01/12 03:50:00		0.64335	299.247	12.5974	96.294	1022.14	1.21771	20.2787	47.264	12.3753	59.639	0.59583	781.25	14.9117	85.327	70.262	63.957								
2015/01/12 03:55:00		0.95044	314.903	12.6406	96.22	1022.04	1.21042	20.2749	45.9866	13.9706	59.957	0.79603	782.08	14.8617	84.199	68.26	61.575								
2015/01/12 04:00:00		0.89476	324.599	12.6208	96.19	1022.16	1.12292	20.269	44.3294	14.0185	58.348	0.59583	780.42	14.8903	78.808	65.962	59.717								
2015/01/12 04:05:00		0.66971	332.172	12.6682	96.19	1022.13	1.18854	20.2687	44.6935	13.529	58.222	0.858	767.5	14.9546	80.774	62.815	57.232								
2015/01/12 04:10:00		0.58949	311.457	12.7115	96.189	1022.02	1.17396	20.273	44.66	13.5769	58.237	0.54817	763.54	14.9403	76.32	61.861	56.207								
2015/01/12 04:15:00		1.11256	316.138	12.7135	96.192	1022.11	1.19583	20.255	45.9397	14.1555	60.095	0.4433	762.71	15.0403	76.516	61.577	55.732								
2015/01/12 04:20:00		1.11877	312.978	12.713	96.188	1022.18	1.19583	20.2333	46.3126	15.2338	61.546	0.467133	754.38	15.2867	79.339	61.913	55.379								
2015/01/12 04:25:00		0.94182	318.614	12.7083	96.161	1022.22	1.21771	20.2252	45.5533	13.0326	58.586	0.5434	749.58	14.8688	85.831	65.21	58.082								
2015/01/12 04:30:00		0.81991	325.922	12.6531	96.086	1022.23	1.23229	20.2075	43.2418	12.8854	56.127	0.3003	750.42	14.9046	88.923	68.783	61.757								
2015/01/12 04:35:00		0.83816	325.729	12.5958	96.023	1022.25	1.19583	20.2008	42.0849	12.882	54.967	0.367033	750.63	15.076	89.275	68.93	61.553								
2015/01/12 04:40:00		0.96803	325.656	12.5948	95.924	1022.4	1.23958	20.207	42.8331	13.9638	56.797	0.3432	741.04	15.176	89.967	68.216	60.92								
2015/01/12 04:45:00		0.90772	327.04	12.5964	95.769	1022.39	1.17396	20.2158	42.851	12.1528	55.004	0.295533	739.58	15.2367	87.571	67.096	60.178								
2015/01/12 04:50:00		0.8293	311.83	12.5995	95.617	1022.46	1.23229	20.2344	41.8415	13.2175	55.059	0.55293	745.21	15.2867	84.045	65.002	57.918								
2015/01/12 04:55:00		0.57222	324.749	12.6422	95.455	1022.55	1.1375	20.2515	43.4473	12.9984	56.446	0.6864	738.96	15.351	86.916	64.646	58.145								
2015/01/12 05:00:00		0.63163	321.494	12.7083	95.302	1022.48	1.12292	20.2642	45.4081	13.8953	59.303	0.50527	740.83	14.976	91.534	71.108	63.93								
2015/01/12 05:05:00		0.97663	323.941	12.7094	95.106	1022.6	1.18854	20.2698	46.2546	14.782	61.037	0.71977	738.12	14.9367	87.765	70.578	63.537								
2015/01/12 05:10:00		1.24077	312.342	12.7099	94.98	1022.71	1.18125	20.302	51.773	15.8569	67.63	0.9295	745.62	15.4867	86.553	68.617	61.352								
2015/01/12 05:15:00		0.92652	322.682	12.7089	94.848	1022.81	1.15937	20.3095	46.565	14.3951	60.96	0.82463	746.04	14.9331	81.165	64.515	57.753								
2015/01/12 05:20:00		0.81652	309.354	12.7177	94.689	1022.97	1.15937	20.3061	47.3534	15.2715	62.625	0.96763	752.29	14.9403	82.39	63.202	56.742								
2015/01/12 05:25:00		1.02436	314.793	12.8068	94.609	1023.05	1.21042	20.3047	47.6638	16.141	63.805	1.0725	747.08	15.1474	74.977	58.547	52.515								
2015/01/12 05:30:00		0.86662	316.501	12.8146	94.585	1023.1	1.18854	20.3222	49.8033	14.3266	64.13	1.3442	752.29	15.6118	77.643	61.067	54.673								
2015/01/12 05:35:00		0.81942	311.551	12.8094	94.548	1023.2	1.18854	20.3128	49.7631	14.7238	64.487	1.15353	761.25	15.151	77.853	61.108	54.733								
2015/01/12 05:40:00		0.91982	323.876	12.9073	94.619	1023.2	1.15208	20.3189	52.548	15.607	68.155	1.33943	759.38	15.1546	79.742	62.974	56.065								
2015/01/12 05:45:00		0.85511	320.234	12.9089	94.738	1023.25	1.1375	20.33	49.944	15.0045	64.949	1.2727	766.88	14.8653	78.403	62.596	55.91								
2015/01/12 05:50:00		1.07651	321.337	12.9828	94.868	1023.34	1.19583	20.3168	49.9261	15.5899	65.516	1.287	764.79	14.976	79.668	64.153	58.025								
2015/01/12 05:55:00		1.19328	316.498	13.001	95.025	1023.43	1.16667	20.2301	49.8368	15.7028	65.54	1.04867	767.29	15.4796	76.452	65.168	59.461								
2015/01/12 06:00:00		0.70744	332.252	13.0948	95.179	1023.45	1.24688	20.1656	52.412	16.2916	68.703	1.29177	781.46	15.5439	77.937	66.447	60.582								
2015/01/12 06:05:00		0.83102	319.986	13.0995	95.342	1023.39	1.21042	20.1297	54.643	15.1037	69.747	1.4014	788.75	15.2653	79.377	67.272	61.868								
2015/01/12 06:10:00		0.86974	310.199	13.1021	95.426	1023.36	1.26146	20.0961	52.211	15.6309	67.842	1.2727	794.38	15.2296	77.44	65.796	60.157								
2015/01/12 06:15:00		1.15295	316.059	13.1016	95.49	1023.36	1.21042	20.0822	53.444	14.4773	67.921	1.38233	801.88	15.9439	74.482	65.183	59.545								
2015/01/12 06:20:00		1.41763	314.858	13.1036	95.549	1023.36	1.23958	20.0695	50.723	14.6245	65.348	1.0725	803.33	15.6475	73.036	63.516	58.161								
2015/01/12 06:25:00		1.25147	311.374	13.1016	95.634	1023.31	1.23958	20.0526	50.022	14.7991	64.821	0.8723	807.08	15.7439	73.549	62.747	57.548								
2015/01/12 06:30:00		0.64852	314.53	13.1016	95.732	1023.33	1.225	20.0422	50.362	15.6617	66.023	1.07727	810.83	15.2689	72.2	62.651	57.665								
2015/01/12 06:35:00		1.16205	317.751	13.1005	95.799	1023.35	1.20313	20.0397	51.226	15.7371	66.963	0.8723	814.58	15.5725	73.652	63.478	57.879								
2015/01/12 06:40:00		1.00656	316.107	13.1047	95.897	1023.36	1.17396	20.0317	47.0854	15.0113	62.097	0.57677	818.54	15.8689	74.014	63.628	57.657								
2015/01/12 06:45:00		0.95751	314.515	13.1005	95.939	1023.54	1.19583	20.0196	48.4142	15.5796	63.994	0.4719	818.96	15.9868	77.505	67.591	62.085								
2015/01/12 06:50:00		1.18212	314.042	13.1	96.012	1023.68	1.21042	20.0142	61.129	17.1612	78.29	1.09157	822.71	15.9225	76.499	66.198	60.885								
2015/01/12 06:55:00		1.05599	312.225	13.1047	96.101	1023.78	1.21771	20.0005	56.689	17.2741	73.963	1.1583	832.92	15.4332	79.504	69.262	63.492								
2015/01/12 07:00:00		1.16041	308.884	13.1031	96.199	1023.86	1.41458	19.9863	60.17	16.545	76.715	1.14877	845.0	15.5153	81.248	68.984	62.896								
2015/01/12 07:05:00		0.96624	309.257	13.1005	96.301	1023.96	5.4615	19.9675	60.526	16.0794	76.605	1.07727	857.08	15.9118	82.042	69.058	62.397								
2015/01/12 07:10:00		0.61788	310.287	13.1026	96.392	1024.0	11.0979	19.9466	60.818	15.85	76.668	1.21073	860.42	15.7903	81.132	69.672	63.192								
2015/01/12 07:15:00		1.30917	309.713	13.1036	96.458	1024.13	18.5427	19.9358	64.948	18.3388	83.286	1.09157	876.46	16.0332	81.364	69.238	64.033								
2015/01/12 07:20:00		1.17827	312.328	13.101	96.536	1024.18	27.4312	19.9208	60.789	16.1205	76.91	1.10587	887.5	15.8689	83.343	71.334	64.873								
2015/01/12 07:25:00		0.6752	322.224	13.0995	96.631	1024.21	36.8594	19.9101	66.008	16.5313	82.54	1.39187	905.83	16.1868	82.518	69.961	63.699								
2015/01/12 07:30:00		1.31033	310.438	13.1708	96.733	1024.32	75.396	19.8902	62.39	16.4868	78.877	1.2155	922.5	16.3118	82.646	71.538	65.587								
2015/01/12 07:35:00		1.03984	309.923	13.2156	96.825	1024.31	92.772	19.8878	66.98	17.2536	84.233	1.3156	950.21	16.3261	83.605	72.32	65.876								
2015/01/12 07:40:00		0.86375	305.324	13.287	96.914	1024.35	115.675	19.8902	67.447	17.7705	85.217	1.26317	969.79	15.9868	90.46	72.434	65.828								
2015/01/12 07:45:00		1.30677	314.263	13.3125	96.996	1024.47	136.58	19.902	64.677	17.2502	81.927	1.5158	1002.71	16.2439	89.232	72.202	65.093								
2015/01/12 07:50:00		0.67984	302.309	13.4099	97.073	1024.58	156.683	19.9114	60.336	16.2026	76.538	1.26317	1025.21	16.2225	89.006	70.986	64.562								
2015/01/12 07:55:00		1.15942	311.437	13.4708	97.092	1024.58	159.855	19.927	64.601	16.5689	81.17	1.25363	1043.54	16.4047	90.402	71.526	64.545								
2015/01/12 08:00:00		0.86715	308.381	13.5052	97.092	1024.59	107.078	19.9423	64.099	17.6815	81.78	1.4014	1064.79	16.1046	95.03	75.892	66.458								
2015/01/12 08:05:00		1.21276	311.176	13.5578	97.093	1024.62	105.707	19.9579	63.706	17.3255	81.031	0.93427	1083.13	16.0832	113.733	85.252	72.957								
2015/01/12 08:10:00		1.21922	320.977	13.6479	97.067	1024.72	167.679	19.9914	71.601	18.7393	90.34	1.8447	1110.83	16.0011	119.098	89.312	75.297								
2015/01/12 08:15:00		0.83436	315.056	13.7521	97.001	1024.72	200.032	20.0199	66.087	18.1437	84.23	1.91143	1132.08	16.1582	128.263	93.531	77.458								
2015/01/12 08:20:00		1.93552	318.677	13.8188	96.866	1024.72	251.147	20.044	63.353	18.1197	81.473	2.3166	1150.21	16.6904	117.49	87.377	73.967								
2015/01/12 08:25:00		1.75743	317.272	13.8297	96.631	1024.69	265.73	20.0749	54.051	17.257	71.308	2.11163	1160.63	16.1761	112.36	80.389	66.419								
2015/01/12 08:30:00		1.75441	321.557	13.913	96.238	1024.74	246.349	20.1066	55.333	17.7329	73.066	2.3595	1173.33	16.6368	105.292	74.623	61.727								
2015/01/12 08:35:00		0.60432	304.238	14.0073	95.709	1024.75	271.498	20.1345	59.447	18.1813	77.628	2.8314	1179.38	16.1975	117.532	79.2	58.59								
2015/01/12 08:40:00		1.30396	325.45	14.1281	95.13	1024.81	280.292	20.16	57.848	17.8424	75.69	2.86	1185.21	16.1475	106.307	70.868	54.25								
2015/01/12 08:45:00		1.43715	319.859	14.2302	94.395	1024.86	286.234	20.1925	54.777	17.7739	72.551	2.75513	1187.71	16.2975	104.618	69.752	47.9142								
2015/01/12 08:50:00		1.17873	320.593	14.3542	93.446	1024.85	301.715	20.2207	57.839	18.9208	76.76	3.65603	1193.75	16.3832	96.368	64.258	45.4417								
2015/01/12 08:55:00		1.36015	324.157	14.4708	92.239	1024.87	308.43	20.2599	57.796	19.2049	77.001	3.4034	1195.0	16.2118	85.5	57.045	41.755								
2015/01/12 09:00:00		1.01565	323.221	14.537	90.401	1024.9	326.572	20.2977	53.645	17.0037	70.648	4.5617	1187.92	16.0832	82.253	54.991	38.6158								
2015/01/12 09:05:00		0.9283	333.37	14.6495	88.61	1024.84	337.283	20.3224	55.746	18.5887	74.335	4.62843	1192.08	16.2654	87.373	58.243	39.9833								
2015/01/12 09:10:00		1.45754	21.0876	14.7875	86.455	1024.83	352.99	20.3509	56.188	18.9037	75.092	5.9631	1190.42	16.2225	73.965	49.3758	34.0767								
2015/01/12 09:15:00		0.77643	2.4661	14.8719	83.032	1024.84	368.244	20.3861	52.441	17.1098	69.551	9.2092	1182.08	16.0511	65.709	44.5108	31.945								
2015/01/12 09:20:00		0.82266	335.57	15.037	81.173	1024.84	382.324	20.4081	53.872	19.5096	73.382	8.1605	1178.33	16.2761	92.854	61.888	37.0192								
2015/01/12 09:25:00		0.259607	352.828	15.212	79.835	1024.82	393.903	20.4314	59.174	20.8618	80.036	7.6076	1178.13	16.6082	74.028	49.3658	34.3567								
2015/01/12 09:30:00		0.8743	10.0556	15.299	78.286	1024.79	406.824	20.4594	55.36	18.5955	73.955	9.0281	1177.71	16.0261	67.775	45.2925	32.795								
2015/01/12 09:35:00		1.19049	346.672	15.3927	77.588	1024.7	417.703	20.4881	55.86	19.7355	75.596	8.7325	1162.71	15.6903	68.583	45.7383	32.6742								
2015/01/12 09:40:00		1.42367	16.0431	15.488	75.876	1024.7	434.788	20.5273	51.856	17.8493	69.705	10.2436	1158.75	15.8118	54.212	36.5525	29.2425								
2015/01/12 09:45:00		1.02243	338.449	15.4865	75.239	1024.7	447.161	20.5694	50.681	17.0756	67.757	10.2817	1148.13	15.701	60.09	40.4375	31.4225								
2015/01/12 09:50:00		0.54031	27.9249	15.538	75.512	1024.73	454.621	20.6067	46.201	17.0208	63.222	9.6096	1119.38	15.1474	61.468	41.0617	32.4325								
2015/01/12 09:55:00		0.65265	19.5352	15.6432	75.464	1024.6	463.21	20.6451	46.067	20.1018	66.169	9.4332	1102.92	14.7974	62.17	41.9192	33.13								
2015/01/12 10:00:00		0.357906	53.275	15.7526	75.36	1024.51	479.237	20.661	45.6516	20.2764	65.928	9.5	1102.71	14.1438	73.672	49.1117	35.2967								
2015/01/12 10:05:00		0.71535	53.745	15.8844	74.583	1024.44	488.797	20.6913	48.5996	20.9234	69.523	9.9528	1096.04	14.4224	55.672	38.0158	30.6858								
2015/01/12 10:10:00		0.16676	316.902	15.9474	72.236	1024.43	498.159	20.7155	45.1736	19.4274	64.601	10.7393	1086.88	14.901	57.729	38.6067	29.3233								
2015/01/12 10:15:00		0.394699	0.64878	16.0411	71.326	1024.41	507.96	20.7574	44.1106	20.0094	64.12	10.6392	1079.58	15.0796	54.976	36.8725	29.5742								
2015/01/12 10:20:00		0.98863	14.4657	16.099	70.885	1024.38	516.32	20.7982	43.8694	18.8283	62.698	10.0434	1065.0	14.801	62.157	41.4442	30.5292								
2015/01/12 10:25:00		0.70732	41.0879	16.1417	70.324	1024.32	529.65	20.8226	43.6773	19.0543	62.732	9.9623	1055.0	15.1974	56.871	38.2808	31.4092								
2015/01/12 10:30:00		0.295574	77.011	16.1958	70.322	1024.23	534.97	20.8519	43.4919	19.3042	62.796	9.8575	1049.79	15.126	57.716	38.8983	32.3258								
2015/01/12 10:35:00		0.61541	55.025	16.2536	71.018	1024.13	393.094	20.8854	42.6589	19.2562	61.915	9.233	1048.96	15.451	65.753	44.1908	34.9925								
2015/01/12 10:40:00		0.70718	316.4	16.3349	71.117	1024.11	410.353	20.9235	51.485	22.3646	73.85	9.7574	1045.63	15.4832	74.515	49.7058	39.2275								
2015/01/12 10:45:00		0.487406	3.3112	16.3964	69.998	1024.05	437.405	20.967	45.8436	21.413	67.257	9.7812	1035.0	15.5153	56.629	38.6058	32.6283								
2015/01/12 10:50:00		0.60445	320.21	16.3885	69.567	1023.93	505.99	21.0234	42.5003	19.0611	61.561	9.8098	1027.08	15.7082	60.595	41.0383	33.6517								
2015/01/12 10:55:00		0.359289	271.393	16.4891	69.541	1023.92	496.818	21.0771	41.971	19.109	61.08	9.6716	1022.08	15.8153	58.263	39.1958	33.4117								
2015/01/12 11:00:00		0.391934	328.849	16.5458	69.64	1023.91	585.94	21.1155	41.8259	18.4723	60.298	9.5143	1010.83	15.7368	66.09	44.8675	36.4408								
2015/01/12 11:05:00		1.01541	332.659	16.7641	69.894	1023.9	613.55	21.1611	47.7509	22.4708	70.222	9.6573	1008.33	15.2903	69.745	46.9117	37.4583								
2015/01/12 11:10:00		0.82589	28.867	16.9016	68.043	1023.83	643.28	21.2084	42.8264	19.8245	62.651	10.3866	1007.5	14.8796	75.788	43.0	34.4917								
2015/01/12 11:15:00		0.8921	339.877	16.9839	66.976	1023.72	614.57	21.2752	41.5355	19.6362	61.172	10.9347	1010.0	15.0081	66.695	41.0017	35.005								
2015/01/12 11:20:00		1.05406	34.9995	17.0865	66.601	1023.53	660.25	21.3407	41.2206	19.0132	60.234	10.8251	1000.42	15.3117	79.318	42.3358	35.9858								
2015/01/12 11:25:00		0.90578	44.3056	17.1859	65.748	1023.48	274.568	21.41	41.2385	21.1973	62.436	11.2398	990.83	14.6474	80.245	40.7883	34.5817								
2015/01/12 11:30:00		0.50984	12.7522	17.201	66.113	1023.45	540.35	21.4763	44.0503	22.9192	66.969	11.4829	990.42	14.5474	97.409	44.655	36.5492								
2015/01/12 11:35:00		0.65977	345.319	17.2932	65.456	1023.36	650.66	21.5604	42.1117	21.7587	63.87	11.4924	986.67	15.226	62.889	37.7667	32.8917								
2015/01/12 11:40:00		0.91724	7.8286	17.3307	65.311	1023.14	515.62	21.6401	40.2625	19.9341	60.197	11.3208	976.46	15.001	74.145	39.3833	33.8383								
2015/01/12 11:45:00		0.435953	324.353	17.4401	65.338	1022.99	614.92	21.7018	40.6065	20.7728	61.379	11.4591	970.63	14.676	71.725	38.405	33.145								
2015/01/12 11:50:00		1.06955	26.2761	17.6156	67.349	1022.89	594.94	21.82	42.65	21.4917	64.142	12.1216	962.08	14.701	80.843	38.4233	32.8767								
2015/01/12 11:55:00		0.9399	345.963	17.7635	61.151	1022.77	628.37	21.9851	41.2273	22.4057	63.633	13.5898	960.63	14.4902	92.917	41.755	34.3817								
2015/01/12 12:00:00		1.34194	8.4772	17.8964	58.693	1022.65	461.942	22.1271	40.7963	20.9679	61.764	13.7614	957.08	14.6045	64.08	36.9792	32.0775								
2015/01/12 12:05:00		0.65333	354.488	17.901	56.974	1022.53	302.539	22.2262	39.8293	21.074	60.903	12.7365	955.0	14.4902	84.306	40.015	33.4258								
2015/01/12 12:10:00		0.64019	11.6422	17.9453	57.11	1022.4	295.947	22.3333	40.7762	22.8644	63.641	13.0893	951.25	14.6117	107.473	41.9725	35.2183								
2015/01/12 12:15:00		0.89787	309.844	18.0021	56.822	1022.27	268.013	22.4393	40.7784	22.9774	63.756	12.5983	945.63	14.2367	63.748	38.55	34.1733								
2015/01/12 12:20:00		1.58156	312.643	18.0021	58.303	1022.12	272.883	22.515	40.6869	21.0261	61.713	11.3637	939.58	14.1224	92.642	45.9758	38.7125								
2015/01/12 12:25:00		0.86089	317.697	17.9057	60.116	1022.02	298.521	22.609	40.64	22.8473	63.487	10.6678	943.13	14.3902	96.5	49.9992	42.8042								
2015/01/12 12:30:00		0.8091	323.437	17.9349	58.178	1021.88	284.018	22.7011	40.4323	22.9397	63.372	10.7774	937.29	14.1795	63.128	38.2192	33.9175								
2015/01/12 12:35:00		0.60806	354.825	17.9885	57.577	1021.78	224.788	22.7934	40.8365	22.4399	63.276	11.645	930.63	13.6688	94.471	45.7667	37.795								
2015/01/12 12:40:00		0.66413	321.473	18.076	57.311	1021.68	217.839	22.8801	40.2893	24.3502	64.639	11.2064	929.58	13.8545	98.712	48.2975	41.8183								
2015/01/12 12:45:00		0.9529	303.995	18.1047	59.572	1021.57	234.485	22.9717	41.0464	24.8568	65.903	10.6058	921.25	13.7866	115.751	54.834	45.7158								
2015/01/12 12:50:00		0.95636	307.077	18.1031	60.458	1021.42	406.117	23.0259	42.947	25.2265	68.174	9.7049	927.5	13.5973	118.612	55.053	46.7783								
2015/01/12 12:55:00		2.53126	293.139	18.1078	59.868	1021.26	326.528	23.0917	40.8812	23.4498	64.331	9.1997	921.04	13.4652	90.671	50.289	43.3725								
2015/01/12 13:00:00		1.34116	279.622	18.1099	59.307	1021.13	227.296	23.1435	38.8712	18.5271	57.398	8.5133	927.71	13.2973	86.782	48.4667	42.7383								
2015/01/12 13:05:00		2.01056	295.358	18.0422	58.917	1021.07	294.809	23.2021	38.9136	21.0056	59.919	8.151	925.21	13.4045	90.602	49.69	43.8542								
2015/01/12 13:10:00		1.08477	323.864	18.0104	60.111	1020.94	404.68	23.2404	40.0906	23.4396	63.53	8.0318	921.88	13.6081	90.72	52.542	46.305								
2015/01/12 13:15:00		1.72312	289.206	18.1792	59.833	1020.78	246.218	23.2799	41.1581	25.0828	66.241	8.8422	918.33	13.5973	91.486	52.009	45.3108								
2015/01/12 13:20:00		1.7181	301.62	18.2401	57.997	1020.65	169.444	23.3505	39.4876	22.2003	61.688	8.0271	915.0	13.5831	85.234	47.4325	42.0117								
2015/01/12 13:25:00		0.464859	23.1978	18.1495	58.056	1020.54	317.457	23.4176	38.0761	20.8549	58.931	8.2892	913.75	13.5009	72.065	47.8242	43.4417								
2015/01/12 13:30:00		1.41524	284.402	18.2526	58.94	1020.45	603.72	23.4517	38.6456	20.1977	58.843	9.1711	907.08	13.6116	68.448	47.2167	42.6083								
2015/01/12 13:35:00		1.06503	287.916	18.5943	57.376	1020.4	385.095	23.4955	38.6255	18.6811	57.307	9.5429	902.29	13.6509	87.474	48.235	42.1042								
2015/01/12 13:40:00		0.58342	319.615	18.7979	57.105	1020.42	192.697	23.5811	41.109	28.5198	69.629	10.0481	903.96	12.9759	95.171	50.375	43.1208								
2015/01/12 13:45:00		0.66067	328.762	18.8521	56.496	1020.34	450.734	23.7022	40.5797	28.222	68.802	10.0434	918.96	12.8009	86.464	48.4	42.0508								
2015/01/12 13:50:00		1.38045	302.776	19.0516	55.323	1020.3	402.704	23.8193	39.3804	27.058	66.438	10.1911	917.29	13.4045	85.696	46.8833	40.53								
2015/01/12 13:55:00		1.51669	307.964	19.1516	54.416	1020.25	574.48	23.9506	40.0459	24.5864	64.632	9.0757	921.25	14.1867	76.69	44.1758	38.7925								
2015/01/12 14:00:00		1.19671	297.232	19.5068	53.185	1020.25	621.71	24.0719	40.8276	25.2368	66.064	9.4094	916.25	13.6902	85.006	43.9392	37.9775								
2015/01/12 14:05:00		0.458266	303.775	19.6406	51.177	1020.2	503.26	24.2091	39.6394	23.9496	63.589	8.008	925.83	13.6723	110.111	45.1558	36.5442								
2015/01/12 14:10:00		0.97552	295.496	19.6281	51.036	1020.17	559.79	24.3559	40.2983	23.4875	63.786	8.0128	916.67	13.5188	84.288	42.4417	36.3467								
2015/01/12 14:15:00		1.18309	307.862	19.7552	51.779	1020.22	482.497	24.52	39.6551	22.9192	62.574	8.5037	925.0	13.9581	89.908	43.6642	37.0558								
2015/01/12 14:20:00		1.68316	311.645	19.8339	51.221	1020.15	577.16	24.6937	38.927	24.4118	63.339	8.0271	921.67	14.1509	96.925	45.34	36.6267								
2015/01/12 14:25:00		2.18013	301.147	19.9635	50.046	1019.99	552.8	24.8545	39.4675	22.618	62.085	8.07	915.83	13.6688	98.553	41.3583	35.27								
2015/01/12 14:30:00		1.28182	301.83	19.8943	49.1901	1019.91	462.54	25.0105	38.1654	21.365	59.53	7.4884	912.92	13.6652	78.565	39.0517	34.1933								
2015/01/12 14:35:00		1.41767	311.079	19.8401	49.5635	1019.86	404.432	25.157	38.7014	22.2003	60.902	7.6886	911.25	13.1723	63.733	38.1233	34.0517								
2015/01/12 14:40:00		1.31945	317.698	19.7068	48.9234	1019.73	241.011	25.2733	37.3458	21.2315	58.577	7.3788	912.71	13.508	67.363	39.1217	34.8783								
2015/01/12 14:45:00		1.77287	307.681	19.5516	50.119	1019.33	365.765	25.3713	29.7324	32.0527	61.785	7.4694	896.25	13.3795	81.687	41.2567	35.6567								
2015/01/12 14:50:00		1.32738	315.664	19.6745	49.8802	1019.27	431.864	25.4376	19.6176	34.0998	53.717	7.4217	916.88	12.6901	60.335	36.41	33.075								
2015/01/12 14:55:00		2.12276	318.16	19.787	47.9255	1019.23	183.305	25.4951	12.9087	32.1143	45.023	7.7315	920.21	12.6151	57.256	36.1508	32.4167								
2015/01/12 15:00:00		1.13004	310.972	19.6557	47.9641	1019.26	149.297	25.5254	10.9098	35.7841	46.6939	6.9307	904.17	12.8937	86.221	41.5067	34.6592								
2015/01/12 15:05:00		0.96728	338.775	19.5328	48.1922	1019.27	123.258	25.5257	18.7243	57.793	76.517	7.069	1034.17	11.8936	149.513	49.7375	36.8342								
2015/01/12 15:10:00		0.99824	1.53438	19.4005	46.426	1019.25	105.941	25.5104	13.1722	53.89	67.062	7.6314	1066.67	11.6151	80.518	39.4975	33.425								
2015/01/12 15:15:00		1.09928	18.6532	19.3094	45.8083	1019.25	274.116	25.4731	8.2365	46.5197	54.756	8.2368	1103.54	11.3793	124.597	43.3308	33.1883								
2015/01/12 15:20:00		0.66702	350.307	19.349	46.412	1019.29	421.138	25.4424	9.6078	54.229	63.837	8.9804	1201.04	11.2543	81.121	38.5875	32.7542								
2015/01/12 15:25:00		0.59721	332.532	19.4193	46.8578	1019.25	264.76	25.4059	7.2896	49.2891	56.579	8.5133	1194.79	11.215	81.345	40.3183	33.6017								
2015/01/12 15:30:00		1.20625	326.736	19.5083	46.8073	1019.27	388.77	25.3544	7.2583	53.151	60.409	7.8841	1176.04	11.3043	70.194	37.4142	32.5075								
2015/01/12 15:35:00		0.79973	9.2032	19.5286	46.6219	1019.3	350.051	25.3093	5.0049	44.137	49.1419	7.4503	1107.92	11.7865	79.202	38.0258	32.115								
2015/01/12 15:40:00		0.76676	2.34793	19.6146	45.8844	1019.31	335.956	25.2795	4.7034	48.1492	52.853	7.6982	1114.79	11.7258	111.592	39.6242	31.535								
2015/01/12 15:45:00		0.77509	352.711	19.7042	43.9813	1019.21	189.175	25.2483	5.398	55.068	60.466	7.7935	1195.0	11.7079	84.637	35.6025	30.3283								
2015/01/12 15:50:00		0.82159	45.7117	19.7193	43.4562	1019.27	128.188	25.2043	5.8982	55.711	61.61	8.6372	1248.54	11.2615	83.072	35.2608	29.4542								
2015/01/12 15:55:00		0.85835	359.645	19.7198	43.4271	1019.3	111.592	25.1649	5.7486	44.6642	50.413	9.0376	1246.46	11.2686	90.764	37.5	31.3708								
2015/01/12 16:00:00		0.95446	344.793	19.6948	43.1688	1019.31	106.75	25.1168	6.8206	52.726	59.547	9.6763	1250.83	10.8471	87.825	37.4167	30.7367								
2015/01/12 16:05:00		0.71972	17.8518	19.6125	43.5187	1019.34	117.826	25.0623	8.8909	58.207	67.098	9.2378	1260.63	10.9329	84.102	38.9442	32.5175								
2015/01/12 16:10:00		0.370206	27.754	19.6167	44.2016	1019.36	105.693	25.007	6.9658	53.387	60.353	8.8136	1272.5	10.6829	99.1	42.6533	34.2658								
2015/01/12 16:15:00		0.60901	68.619	19.5802	46.1401	1019.45	95.535	24.9441	13.9226	64.338	78.261	8.9852	1387.08	9.9542	111.319	42.8892	33.8625								
2015/01/12 16:20:00		1.11926	68.761	19.5146	47.0828	1019.47	85.568	24.8899	21.6566	66.567	88.223	9.1615	1624.38	9.2292	110.488	43.205	33.0325								
2015/01/12 16:25:00		1.75734	66.01	19.4031	47.1094	1019.53	76.854	24.8201	23.2914	65.663	88.954	9.3665	1745.83	9.4756	71.504	35.775	30.575								
2015/01/12 16:30:00		1.40371	60.418	19.2813	47.7656	1019.55	74.893	24.7723	11.285	50.08	61.365	8.8612	1586.25	10.1364	73.753	36.9767	31.1292								
2015/01/12 16:35:00		1.5185	62.172	19.2188	48.1406	1019.62	72.771	24.7331	10.4542	52.719	63.174	8.5323	1493.54	10.0007	102.257	40.8133	33.3133								
2015/01/12 16:40:00		1.39178	63.363	19.2193	48.1021	1019.62	63.19	24.7031	20.1603	65.906	86.066	8.4275	1679.79	9.3578	105.006	42.225	33.1342								
2015/01/12 16:45:00		1.57981	65.993	19.1812	47.999	1019.56	56.489	24.6768	15.6065	59.806	75.412	8.4704	1822.5	9.5578	78.622	36.2608	30.7067								
2015/01/12 16:50:00		1.79855	69.993	19.1234	48.6479	1019.59	49.9115	24.6505	10.4163	50.508	60.924	7.7315	1693.13	9.9757	72.933	35.0883	30.1408								
2015/01/12 16:55:00		1.59152	70.648	19.0307	49.3547	1019.62	43.4292	24.6212	8.5827	51.449	60.032	7.2263	1650.0	10.04	121.188	39.95	30.9608								
2015/01/12 17:00:00		1.42339	66.717	19.0219	49.3349	1019.66	37.7927	24.5828	25.527	63.082	88.609	7.2835	2056.67	9.1863	98.338	40.5108	32.2142								
2015/01/12 17:05:00		1.48626	69.13	18.9245	49.0073	1019.7	34.0083	24.5487	27.0881	61.363	88.451	7.007	2312.29	9.1828	106.672	41.6983	33.0925								
2015/01/12 17:10:00		1.31405	75.543	18.8469	49.0714	1019.76	29.8156	24.5243	33.8305	65.67	99.5	6.9736	2496.25	8.9792	111.277	41.86	33.1792								
2015/01/12 17:15:00		1.25525	90.72	18.7734	49.8781	1019.8	24.7115	24.5022	18.5612	58.371	76.932	6.8688	2458.13	9.422	101.954	44.6458	36.6558								
2015/01/12 17:20:00		0.76122	93.652	18.637	50.706	1019.78	18.776	24.4775	13.2638	52.415	65.678	6.7877	2802.29	10.1685	107.541	45.07	37.4492								
2015/01/12 17:25:00		2.69148	101.094	18.4849	51.983	1019.78	12.9208	24.4526	11.6379	53.517	65.155	6.149	2998.75	10.565	143.857	52.222	41.9283								
2015/01/12 17:30:00		2.17727	98.029	18.3745	53.182	1020.18	8.2615	24.4201	23.3115	56.417	79.728	6.2062	3023.75	10.8543	145.773	44.8533	32.8								
2015/01/12 17:35:00		2.01706	101.644	18.2708	54.268	1020.45	3.74062	24.4115	19.8387	51.922	71.76	5.9965	3090.42	10.0542	127.687	43.6525	29.6683								
2015/01/12 17:40:00		1.1948	109.123	18.0974	55.56	1020.51	1.24688	24.3981	18.6394	49.4055	68.045	5.4531	3083.13	10.2328	142.323	46.0142	29.5158								
2015/01/12 17:45:00		1.63767	111.312	17.9286	56.923	1020.49	1.15208	24.3868	19.8432	47.8719	67.715	5.0813	3076.46	10.4435	158.975	47.08	29.635								
2015/01/12 17:50:00		1.48505	118.409	17.7755	57.623	1020.49	1.225	24.3675	19.8097	46.6771	66.487	5.0241	3067.29	10.2007	123.998	41.265	28.3858								
2015/01/12 17:55:00		1.68824	103.509	17.6286	58.481	1020.62	1.21042	24.2628	21.4936	45.431	66.925	4.75237	3053.33	10.6293	135.418	43.98	30.5183								
2015/01/12 18:00:00		1.52468	103.855	17.474	59.25	1020.65	1.16667	24.1857	24.4394	44.1439	68.583	4.6332	3043.33	10.5436	108.793	36.9283	27.0733								
2015/01/12 18:05:00		1.52282	106.851	17.3552	60.121	1020.69	1.11563	24.1259	19.7538	40.8198	60.574	4.4044	3026.25	10.3507	95.997	35.2567	27.19								
2015/01/12 18:10:00		0.97436	120.903	17.2135	60.697	1020.76	1.17396	24.0783	18.5612	39.2793	57.841	4.1327	3001.67	10.2221	102.163	36.0392	27.8367								
2015/01/12 18:15:00		1.19597	114.104	17.0542	61.461	1020.86	1.1375	24.0359	21.3976	38.2626	59.66	3.8038	2982.08	10.5757	108.853	39.3033	30.0533								
2015/01/12 18:20:00		1.02173	126.452	16.9312	62.384	1020.98	1.1375	23.9949	21.9313	37.7012	59.633	3.8181	2955.0	10.5221	104.177	39.6083	30.9617								
2015/01/12 18:25:00		0.83422	107.887	16.7922	63.411	1021.06	1.17396	23.9669	22.148	37.3999	59.548	3.8038	2928.96	10.8436	106.857	39.5708	31.0442								
2015/01/12 18:30:00		0.91539	119.663	16.7052	64.077	1021.12	1.14479	23.9237	23.6912	35.3425	59.034	3.47967	2906.04	10.6507	115.351	41.2142	31.8858								
2015/01/12 18:35:00		0.9447	122.699	16.599	64.846	1021.2	1.13021	23.8883	25.2434	34.9077	60.151	3.42247	2880.0	11.0722	112.216	40.4217	31.185								
2015/01/12 18:40:00		1.01933	112.516	16.5292	65.626	1021.33	1.11563	23.8528	23.9726	33.7677	57.74	3.32713	2849.38	11.4972	119.542	43.51	32.3567								
2015/01/12 18:45:00		1.37432	112.184	16.4661	65.822	1021.4	1.18854	23.8018	25.7615	32.6963	58.458	3.39863	2826.88	11.5615	131.723	44.9975	34.1708								
2015/01/12 18:50:00		1.04555	118.529	16.3901	65.989	1021.51	1.13021	23.7613	28.982	33.6342	62.616	3.51303	2807.5	10.5936	128.939	45.225	34.8325								
2015/01/12 18:55:00		1.04278	108.413	16.2974	66.172	1021.67	1.12292	23.7323	29.3951	32.5593	61.954	3.4892	2783.75	10.8329	98.22	45.6733	35.3158								
2015/01/12 19:00:00		1.58026	115.329	16.2286	66.446	1021.77	1.18854	23.6818	27.6062	32.4327	60.039	3.40817	2757.92	11.2365	67.915	45.2808	35.5942								
2015/01/12 19:05:00		1.21404	122.323	16.1755	66.615	1021.91	1.20313	23.6429	27.5884	30.4677	58.056	3.4463	2739.17	11.2865	67.676	45.105	35.7583								
2015/01/12 19:10:00		1.07898	125.36	16.1005	66.852	1021.94	1.18125	23.5954	26.561	29.6187	56.18	3.2318	2710.83	11.3186	63.32	42.2133	34.36								
2015/01/12 19:15:00		1.13146	115.818	16.0156	66.976	1021.93	1.23958	23.5427	26.1501	29.3517	55.502	3.1889	2688.96	10.8221	69.208	46.1292	35.4067								
2015/01/12 19:20:00		0.79677	116.737	15.999	67.025	1021.96	1.17396	23.5014	30.3398	29.6871	60.027	3.1174	2667.71	11.2257	72.917	48.6183	35.9658								
2015/01/12 19:25:00		1.27412	111.638	15.9891	66.883	1022.01	1.15208	23.4552	29.8574	29.4578	59.315	3.08403	2637.29	11.54	84.28	56.183	37.9317								
2015/01/12 19:30:00		0.99261	126.839	15.8964	66.745	1022.08	1.19583	23.4141	27.7402	26.7807	54.521	3.06973	2618.54	11.5758	99.857	66.572	41.1042								
2015/01/12 19:35:00		1.08124	128.7	15.9286	66.74	1022.16	1.17396	23.3765	29.0333	28.0097	57.043	2.92197	2597.71	11.5115	112.523	75.014	43.48								
2015/01/12 19:40:00		1.22922	104.018	15.9771	66.476	1022.12	1.19583	23.3478	31.0746	27.5852	58.66	3.25087	2576.04	11.7436	137.713	79.602	45.6275								
2015/01/12 19:45:00		1.22113	88.671	15.8953	66.682	1022.18	1.19583	23.3081	31.9947	27.438	59.433	3.37957	2556.67	11.9115	119.188	79.465	47.2683								
2015/01/12 19:50:00		0.8757	85.814	15.8922	66.835	1022.25	1.18854	23.2818	33.0332	27.7495	60.783	3.34143	2535.63	11.8615	116.078	77.387	48.3092								
2015/01/12 19:55:00		1.09571	95.968	15.8995	67.391	1022.29	1.15937	23.2651	30.0808	26.4281	56.509	3.1746	2515.63	11.39	110.812	73.867	50.859								
2015/01/12 20:00:00		0.98297	106.81	15.8969	67.159	1022.4	1.19583	23.2445	29.1606	25.7127	54.873	3.1174	2490.83	11.5936	98.05	65.42	50.918								
2015/01/12 20:05:00		1.15487	89.536	15.8016	66.767	1022.47	1.15937	23.2246	26.5811	23.5491	50.13	3.003	2464.58	11.8651	83.055	55.621	46.72								
2015/01/12 20:10:00		1.27066	76.999	15.7422	66.884	1022.63	1.13021	23.1994	26.8983	23.7716	50.67	3.1174	2438.13	12.2865	77.516	52.04	44.5808								
2015/01/12 20:15:00		0.82467	77.904	15.7036	67.227	1022.65	1.17396	23.1739	27.9189	24.2338	52.153	3.19843	2410.63	12.5365	86.423	57.606	45.3458								
2015/01/12 20:20:00		0.94251	82.765	15.7609	66.48	1022.63	1.15208	23.1411	36.5262	26.6335	63.16	3.2032	2392.29	12.0294	135.251	56.825	43.9958								
2015/01/12 20:25:00		1.33441	77.584	15.8089	65.375	1022.68	1.13021	23.1191	36.9706	26.3083	63.279	3.718	2379.79	11.6722	138.61	53.833	42.6592								
2015/01/12 20:30:00		1.30731	94.766	15.899	64.922	1022.85	1.18125	23.0923	40.5596	26.5034	67.063	4.1327	2358.33	11.9329	111.177	51.627	42.675								
2015/01/12 20:35:00		1.15014	99.207	15.8865	64.855	1023.02	1.19583	23.0624	33.3548	25.7127	59.067	4.02307	2340.21	12.2437	92.928	48.26	40.8483								
2015/01/12 20:40:00		1.10063	91.875	15.8005	65.511	1023.1	1.17396	23.0345	29.4018	22.8781	52.28	3.69417	2316.04	11.8615	99.875	49.7625	42.0708								
2015/01/12 20:45:00		1.12903	106.774	15.7151	65.853	1023.19	1.10104	23.0034	29.2053	21.6697	50.875	3.38433	2292.71	11.8651	95.579	50.628	43.2								
2015/01/12 20:50:00		1.1025	98.547	15.5828	66.411	1023.23	1.16667	22.9824	29.7145	21.2829	50.997	3.4606	2263.54	11.9901	93.821	50.222	44.2075								
2015/01/12 20:55:00		0.82296	97.5	15.4979	67.407	1023.3	1.1375	22.9652	29.1606	21.8888	51.049	3.22703	2246.67	12.0258	81.957	52.209	45.3908								
2015/01/12 21:00:00		0.88457	88.337	15.4443	67.785	1023.29	1.14479	22.94	28.6492	20.8344	49.4836	3.33667	2219.38	11.8079	79.98	53.538	45.7034								
2015/01/12 21:05:00		0.87964	84.718	15.3927	68.34	1023.36	1.13021	22.903	28.4013	20.3038	48.7051	3.22227	2193.54	12.2472	82.175	54.898	46.4483								
2015/01/12 21:10:00		1.38159	80.865	15.3281	69.036	1023.42	1.15937	22.8775	30.4694	21.0946	51.564	3.39863	2176.67	11.9151	93.785	62.538	50.52								
2015/01/12 21:15:00		0.75716	86.937	15.299	68.691	1023.57	1.17396	22.8579	38.5228	24.1311	62.654	3.62267	2152.92	12.0222	97.528	65.018	47.38								
2015/01/12 21:20:00		0.86853	78.121	15.3469	68.102	1023.65	1.15208	22.8321	47.465	25.4491	72.914	3.79427	2135.0	11.9579	97.125	64.743	46.575								
2015/01/12 21:25:00		0.8394	67.303	15.3938	67.442	1023.52	1.16667	22.8036	48.8609	25.8872	74.748	4.18037	2128.75	11.7544	100.082	66.722	49.65								
2015/01/12 21:30:00		0.8111	84.972	15.3901	67.135	1023.46	1.14479	22.7701	51.706	27.0786	78.785	4.2328	2121.25	11.6472	91.917	61.29	47.6083								
2015/01/12 21:35:00		0.84383	91.568	15.3521	67.116	1023.48	1.10104	22.7449	46.67	26.9964	73.666	4.15177	2105.21	12.0972	89.683	57.71	40.4875								
2015/01/12 21:40:00		1.25452	58.376	15.2953	66.689	1023.43	1.1375	22.7344	44.0905	25.9283	70.019	4.1613	2101.46	11.8544	125.841	50.347	39.1233								
2015/01/12 21:45:00		1.40725	69.333	15.2771	66.541	1023.4	1.15208	22.704	43.3646	24.6583	68.023	4.19943	2078.96	12.1401	123.015	52.762	41.5067								
2015/01/12 21:50:00		0.9339	77.379	15.2005	66.547	1023.4	1.14479	22.6691	44.6734	24.8192	69.493	4.4473	2070.21	11.7972	133.315	52.173	39.6242								
2015/01/12 21:55:00		0.80608	81.412	15.2	66.527	1023.48	1.07917	22.6321	49.2472	25.2265	74.474	4.67133	2056.25	11.6472	128.103	53.006	40.8917								
2015/01/12 22:00:00		0.75879	92.247	15.1911	66.947	1023.5	1.11563	22.6009	46.594	25.182	71.776	4.84294	2053.13	11.9794	111.217	48.4817	39.0333								
2015/01/12 22:05:00		0.86721	69.855	15.0922	67.192	1023.52	1.15937	22.5569	43.445	22.7241	66.169	4.45683	2038.13	12.1901	88.647	52.222	40.6642								
2015/01/12 22:10:00		1.16081	62.53	15.0464	67.059	1023.56	1.16667	22.522	44.4344	23.4396	67.874	4.2757	2028.54	11.6329	102.257	49.8733	38.9233								
2015/01/12 22:15:00		0.90017	79.154	14.9932	67.186	1023.6	1.11563	22.4871	42.239	23.5697	65.809	4.43777	2007.71	11.6686	108.746	57.45	45.4567								
2015/01/12 22:20:00		1.36726	67.151	14.913	67.634	1023.49	1.12292	22.453	45.4171	25.1683	70.585	4.3758	1991.04	11.9365	83.761	55.838	43.1683								
2015/01/12 22:25:00		1.13806	68.823	14.8875	67.607	1023.45	1.17396	22.3999	45.1826	24.5966	69.779	4.3329	1983.33	12.3508	68.594	45.7433	39.3817								
2015/01/12 22:30:00		0.94036	65.487	14.7969	67.867	1023.5	1.16667	22.3706	40.2335	22.1866	62.42	4.1327	1967.92	12.3794	75.779	50.512	40.9983								
2015/01/12 22:35:00		1.26126	70.856	14.7312	68.096	1023.54	1.14479	22.3446	42.7639	23.128	65.892	4.1327	1951.25	12.4901	70.367	46.965	39.3858								
2015/01/12 22:40:00		1.38242	67.426	14.6474	68.155	1023.55	1.18125	22.3099	40.4948	22.2585	62.753	3.99447	1927.29	11.8294	69.281	46.5983	40.4675								
2015/01/12 22:45:00		1.52331	65.292	14.5938	67.958	1023.54	1.14479	22.2713	40.3161	21.3171	61.633	4.13746	1918.96	12.2794	76.627	51.277	42.3042								
2015/01/12 22:50:00		1.84037	62.938	14.5286	67.646	1023.59	1.14479	22.2407	40.5841	20.0676	60.652	4.19943	1902.5	12.3222	75.192	49.7825	41.9525								
2015/01/12 22:55:00		1.63863	62.203	14.4901	67.173	1023.81	1.18854	22.2149	37.5647	19.9649	57.53	4.33766	1888.54	12.4615	88.24	45.6617	39.6342								
2015/01/12 23:00:00		1.52485	63.075	14.488	66.866	1023.83	1.15208	22.1891	36.9103	19.8485	56.759	4.58553	1869.79	11.9937	74.019	44.9875	39.3783								
2015/01/12 23:05:00		1.56354	59.456	14.4849	66.567	1023.74	1.17396	22.1547	36.7294	18.2635	54.993	4.77143	1849.17	11.9044	69.246	47.1625	42.775								
2015/01/12 23:10:00		1.43299	58.184	14.4885	66.331	1023.69	1.18125	22.1185	37.3659	17.5994	54.965	5.1099	1827.5	12.3651	73.876	53.384	48.5292								
2015/01/12 23:15:00		1.32276	57.775	14.4891	66.41	1023.74	1.15937	22.0922	37.2386	19.2939	56.533	5.7438	1802.29	12.5365	82.77	55.882	50.284								
2015/01/12 23:20:00		1.2717	57.263	14.4458	66.441	1023.77	1.13021	22.0573	37.52	19.4685	56.989	6.0441	1784.38	12.258	71.829	55.016	50.438								
2015/01/12 23:25:00		1.2244	53.398	14.387	66.37	1023.8	1.14479	22.0122	37.1805	18.5784	55.759	7.4598	1765.42	12.5258	82.682	55.227	49.1225								
2015/01/12 23:30:00		0.93424	49.1168	14.3844	66.613	1023.8	1.15937	21.9829	38.027	20.6701	58.697	7.7363	1749.58	12.4401	101.113	55.467	46.7								
2015/01/12 23:35:00		0.5755	28.7557	14.3135	66.731	1023.89	1.20313	21.9604	40.3452	21.656	62.001	7.8602	1725.42	12.583	128.582	52.441	41.1725								
2015/01/12 23:40:00		0.6847	72.489	14.2875	66.865	1023.85	1.18125	21.9333	41.7946	23.7237	65.518	8.008	1706.25	12.6544	114.985	51.981	39.6308								
2015/01/12 23:45:00		0.71304	60.877	14.1943	67.129	1023.78	1.21042	21.915	42.2167	23.2889	65.506	8.2559	1684.17	12.4615	79.886	53.259	38.9425								
2015/01/12 23:50:00		0.372994	41.4904	14.1625	67.391	1023.79	1.13021	21.9107	44.7649	23.8572	68.622	8.4179	1665.63	12.4723	82.753	55.18	38.3425								
2015/01/12 23:55:00		0.462592	34.3221	14.0849	67.524	1023.83	1.11563	21.9666	40.7516	23.3061	64.058	8.518	1657.5	12.3258	70.116	46.7483	35.8858								
2015/01/13 00:00:00		0.57948	58.551	14.0906	67.746	1023.86	1.12292	22.0165	38.7439	21.5328	60.277	8.9137	1635.21	11.9722	69.797	46.5267	35.3733								
