-- 1st mean values --
Format: XTAB(V:1;HEAD:2;COL:TCFFFFFFFFFFFFFFFFFFFFFFFF)
StartTime: 2015/01/13 00:00:00
EndTime: 2015/01/14 00:00:00
Period: 24 h
Station: Gia Lam

Time	MeasPt	Wind Spd.	Wind Dir.	Temp	RH	Barometer	Radiation	InnerTemp	NO	NO2	NOx	SO2	CO	O3	PM-10	PM-2.5	PM-1	CH4	NMHC	THC	BENZEN	TOLUEN	ETHYL BENZEN	MP-XYLEN	O-XYLEN
		m/s	degree	°C	%	hPa	W/m²	°C	µg/m3	µg/m3	µg/m3	µg/m3	µg/m3	µg/m3	µg/m3	µg/m3	µg/m3	ppm	ppmC	ppmC	ug/m3	ug/m3	ug/m3	ug/m3	ug/m3
2015/01/13 00:05:00		0.69773	53.447	13.9844	68.166	1023.73	1.10104	22.0235	38.9069	22.0394	60.946	9.0662	1623.75	11.9865	77.523	51.69	36.6092								
2015/01/13 00:10:00		0.92702	61.44	13.9823	68.293	1023.63	1.14479	22.0262	27.3896	16.1205	43.5101	9.1806	1608.96	11.7579	62.695	41.8175	32.9742								
2015/01/13 00:15:00		0.69124	70.509	13.9839	68.146	1023.69	1.15208	22.0194	0.0	1.60897	1.60897	9.4189	1595.0	12.5115	61.637	41.1333	32.6483								
2015/01/13 00:20:00		0.87237	55.998	13.9891	68.129	1023.79	1.15208	22.0106	0.4623	0.60251	1.06481	9.929	1579.38	12.283	65.648	43.7733	33.99								
2015/01/13 00:25:00		0.93591	67.308	13.9745	68.341	1023.73	1.10833	22.0031	1.1122	0.0	1.1122	9.8813	1567.71	12.0187	64.718	43.2183	34.2817								
2015/01/13 00:30:00		0.91521	74.544	13.9172	68.647	1023.71	1.17396	22.0098	1.44273	0.0	1.44273	9.805	1552.92	12.0972	69.223	46.1517	34.1383								
2015/01/13 00:35:00		0.66447	69.834	13.9161	68.741	1023.72	1.18125	21.9996	0.82633	0.106123	0.93246	10.0243	1544.79	12.183	64.752	43.1667	33.6408								
2015/01/13 00:40:00		0.348627	47.838	13.9151	68.926	1023.7	1.15208	21.9998	1.13677	0.150627	1.28739	9.7383	1525.0	12.1437	69.395	46.27	35.47								
2015/01/13 00:45:00		0.50625	127.8	13.8578	69.327	1023.68	1.13021	21.9945	16.348	3.33775	19.6858	9.6001	1507.92	12.0187	67.92	45.29	34.1833								
2015/01/13 00:50:00		0.60064	122.353	13.8062	69.856	1023.66	1.14479	21.9719	43.1994	15.9185	59.118	9.2855	1500.21	11.8686	63.772	42.5317	33.255								
2015/01/13 00:55:00		0.74036	102.718	13.724	70.306	1023.66	1.10833	21.9494	42.6343	17.1543	59.789	9.1425	1478.33	11.5043	58.251	39.5225	32.6867								
2015/01/13 01:00:00		0.5905	120.872	13.6495	70.896	1023.53	1.24688	21.9319	39.5278	15.2681	54.796	8.5371	1463.33	12.0401	63.984	42.685	33.5392								
2015/01/13 01:05:00		0.70743	128.538	13.6057	71.453	1023.52	1.15208	21.9067	39.731	15.2133	54.944	8.1653	1448.54	11.7794	61.897	41.2833	33.305								
2015/01/13 01:10:00		1.02174	133.383	13.5125	71.732	1023.57	1.20313	21.8868	39.8516	17.0071	56.859	7.8507	1435.83	11.6258	68.449	45.6467	34.5258								
2015/01/13 01:15:00		0.64872	142.825	13.4234	72.047	1023.57	1.16667	21.8567	43.9498	19.3316	63.281	7.803	1422.71	12.2294	74.028	49.3475	36.2892								
2015/01/13 01:20:00		0.65559	140.833	13.3604	72.545	1023.56	1.20313	21.8237	45.6717	19.0063	64.678	7.641	1405.83	12.0972	72.369	48.2558	37.1575								
2015/01/13 01:25:00		0.74968	134.842	13.3167	73.035	1023.46	1.15937	21.7738	44.8543	19.2768	64.131	7.3454	1391.67	12.4258	74.407	49.61	39.54								
2015/01/13 01:30:00		0.62584	130.155	13.2198	73.464	1023.34	1.16667	21.74	46.8397	18.8181	65.658	7.3693	1386.67	12.2722	78.637	52.477	41.0908								
2015/01/13 01:35:00		0.52421	156.289	13.213	74.066	1023.38	1.10833	21.73	46.9067	19.0132	65.92	7.0737	1376.67	12.5794	78.124	52.222	42.1333								
2015/01/13 01:40:00		0.65727	172.85	13.1078	74.493	1023.51	1.16667	21.712	44.651	17.5549	62.206	6.9975	1361.25	12.708	85.853	57.288	43.3533								
2015/01/13 01:45:00		0.63564	164.787	13.1099	74.668	1023.49	1.18854	21.6898	46.0268	18.3593	64.386	6.8449	1348.96	12.7294	85.166	56.868	43.5533								
2015/01/13 01:50:00		0.62442	143.134	13.1068	74.632	1023.37	1.20313	21.6758	42.4177	17.6473	60.065	6.6018	1332.5	13.0294	89.619	59.745	44.13								
2015/01/13 01:55:00		0.60002	154.184	13.0849	74.711	1023.31	1.15937	21.6659	46.737	19.691	66.428	6.7019	1323.75	12.5473	99.117	66.073	45.325								
2015/01/13 02:00:00		0.61912	159.236	13.0083	75.022	1023.3	1.15937	21.6492	53.229	20.516	73.745	6.802	1318.96	12.333	91.636	61.09	43.6842								
2015/01/13 02:05:00		0.63423	167.535	13.0089	75.144	1023.35	1.225	21.642	49.6626	20.3312	69.994	6.5494	1305.42	12.433	86.177	57.45	42.1167								
2015/01/13 02:10:00		0.83167	165.797	12.9453	75.298	1023.33	1.18854	21.6165	44.2714	19.7389	64.01	6.2205	1289.38	12.4258	94.6	63.068	43.7267								
2015/01/13 02:15:00		0.69716	163.264	12.9104	75.563	1023.26	1.15208	21.5974	46.5494	19.3213	65.871	6.373	1278.33	12.5651	93.225	62.152	43.8467								
2015/01/13 02:20:00		0.62108	168.366	12.8995	75.756	1023.18	1.14479	21.5786	48.5192	19.0782	67.597	6.1538	1270.42	12.3151	92.963	61.972	43.4342								
2015/01/13 02:25:00		0.66983	169.405	12.8135	75.809	1023.16	1.17396	21.5679	51.318	19.78	71.098	6.2396	1259.17	12.8509	96.943	64.638	44.8383								
2015/01/13 02:30:00		0.69025	169.071	12.8146	76.272	1023.23	1.17396	21.5528	58.214	20.4031	78.617	6.5971	1245.0	13.1152	92.727	61.807	44.5025								
2015/01/13 02:35:00		0.71269	164.771	12.8151	76.254	1023.33	1.20313	21.5279	53.419	20.5811	74.0	6.3635	1241.25	12.8509	94.728	63.14	44.2183								
2015/01/13 02:40:00		0.71706	158.878	12.7286	76.308	1023.32	1.18125	21.5045	52.273	20.2867	72.56	6.2682	1229.79	12.7544	88.627	59.078	42.9708								
2015/01/13 02:45:00		0.5631	162.201	12.7188	76.328	1023.21	1.18125	21.4865	51.132	19.7355	70.868	6.1395	1222.08	12.8401	98.487	65.668	44.7092								
2015/01/13 02:50:00		0.8188	151.65	12.7182	76.403	1023.2	1.12292	21.472	53.406	19.3692	72.775	6.3397	1213.96	12.7473	95.448	63.637	44.0675								
2015/01/13 02:55:00		0.87416	150.23	12.7167	76.605	1023.26	1.18854	21.4519	53.721	20.7522	74.473	6.0155	1198.33	12.8544	93.265	62.192	43.5817								
2015/01/13 03:00:00		0.63437	140.12	12.6495	76.673	1023.15	1.17396	21.4371	54.601	19.6842	74.285	6.3015	1193.54	13.0473	89.634	59.765	42.2725								
2015/01/13 03:05:00		0.50625	96.3	12.6026	76.701	1023.03	1.17396	21.4291	58.187	20.4202	78.607	6.1442	1189.79	12.6473	96.37	64.244	44.0542								
2015/01/13 03:10:00		0.61923	3.54025	12.5995	76.797	1023.14	1.1375	21.4151	61.066	21.1049	82.171	6.2968	1182.92	12.5687	102.805	68.53	45.895								
2015/01/13 03:15:00		0.0	502.0	12.5922	77.261	1023.25	1.07917	21.4041	65.528	20.9679	86.496	6.4684	1176.25	13.1545	96.732	64.49	45.085								
2015/01/13 03:20:00		0.0	502.0	12.5182	77.055	1023.24	1.15208	21.3864	61.899	20.8618	82.761	6.5113	1169.17	13.0223	101.89	67.923	45.7183								
2015/01/13 03:25:00		0.60687	21.0535	12.501	77.389	1023.17	1.11563	21.3708	61.676	20.7112	82.387	6.0489	1166.46	12.6973	109.5	72.998	46.97								
2015/01/13 03:30:00		0.50248	351.56	12.4073	77.964	1023.11	1.15208	21.3464	64.316	21.6012	85.917	6.0775	1161.46	12.5187	99.07	66.047	45.23								
2015/01/13 03:35:00		0.65507	56.536	12.3979	78.658	1023.02	1.08646	21.3279	60.416	19.8519	80.268	5.8439	1152.71	12.8223	89.867	59.915	44.5633								
2015/01/13 03:40:00		0.481818	327.545	12.3083	79.293	1023.09	1.1375	21.3042	52.474	18.8763	71.351	5.5341	1150.21	12.8044	83.307	55.657	42.8633								
2015/01/13 03:45:00		0.451393	16.2639	12.3062	79.541	1023.11	1.12292	21.2833	51.659	18.106	69.765	5.3673	1149.38	12.9187	89.773	59.84	44.8033								
2015/01/13 03:50:00		0.428716	326.342	12.3104	79.524	1023.04	1.17396	21.2637	58.051	19.8759	77.927	5.7486	1145.63	12.7366	81.887	54.796	42.245								
2015/01/13 03:55:00		0.359009	25.4201	12.3885	79.022	1023.03	1.17396	21.2207	53.361	18.4723	71.833	6.0441	1137.29	12.7008	79.808	53.362	42.0								
2015/01/13 04:00:00		0.484653	35.2492	12.4719	77.784	1023.09	1.05729	21.1856	50.942	18.2909	69.233	6.2539	1130.0	12.7509	80.977	54.162	43.6517								
2015/01/13 04:05:00		0.417457	1.70344	12.5318	76.039	1023.13	1.06458	21.1625	50.737	19.0166	69.753	6.4159	1119.79	12.6508	78.112	52.505	44.1067								
2015/01/13 04:10:00		0.78292	25.3197	12.6005	74.694	1023.15	1.15208	21.1321	50.522	18.7393	69.262	6.6352	1111.88	12.8866	79.378	53.612	44.7183								
2015/01/13 04:15:00		0.372999	358.534	12.6818	73.814	1023.11	1.10104	21.1136	49.5353	18.8591	68.394	7.6171	1107.08	12.6008	87.953	58.618	45.635								
2015/01/13 04:20:00		0.430494	51.426	12.7104	73.251	1023.15	1.09375	21.0978	48.9346	19.8485	68.783	8.3369	1096.67	12.5401	93.094	62.076	46.695								
2015/01/13 04:25:00		0.68327	348.94	12.7104	72.971	1023.13	1.18854	21.0835	48.5705	18.7838	67.354	8.8422	1091.67	12.5473	90.039	60.022	47.455								
2015/01/13 04:30:00		0.60305	35.0539	12.7104	73.397	1023.19	1.10104	21.0623	48.7068	19.0235	67.73	9.1568	1088.75	12.9616	90.573	60.693	49.6108								
2015/01/13 04:35:00		0.50323	4.91353	12.6641	73.993	1023.23	1.11563	21.0403	49.4505	19.3555	68.806	9.1615	1078.75	12.808	91.968	61.987	51.467								
2015/01/13 04:40:00		0.423682	357.374	12.5927	74.234	1023.24	1.15208	21.0175	48.7805	18.9139	67.694	9.1186	1065.83	12.358	110.185	75.052	64.177								
2015/01/13 04:45:00		0.311212	18.9044	12.5984	74.598	1023.26	1.16667	21.0043	49.6716	18.9002	68.572	9.6334	1063.75	12.758	141.57	101.138	88.086								
2015/01/13 04:50:00		0.388532	30.4947	12.6026	75.257	1023.25	1.15937	20.9831	49.4616	18.931	68.393	10.9443	1053.33	12.883	163.69	124.663	103.298								
2015/01/13 04:55:00		0.299809	350.314	12.5995	75.703	1023.23	1.11563	20.9622	48.7112	19.715	68.426	12.8557	1044.79	12.7116	170.558	130.488	108.092								
2015/01/13 05:00:00		0.439079	22.0334	12.5323	76.204	1023.18	1.12292	20.9474	50.469	19.0919	69.561	15.0007	1044.58	12.4258	160.837	119.567	92.174								
2015/01/13 05:05:00		0.72319	19.3685	12.4734	77.505	1023.25	1.14479	20.9426	51.594	18.7907	70.385	14.238	1035.0	13.3009	158.637	118.498	103.695								
2015/01/13 05:10:00		0.50063	24.513	12.4057	78.442	1023.26	1.10833	20.9136	52.682	18.4038	71.086	14.3	1034.17	12.6758	236.02	159.035	109.462								
2015/01/13 05:15:00		0.153757	326.059	12.3911	78.919	1023.29	1.15937	20.8897	56.512	19.5438	76.056	14.7099	1028.75	13.6152	181.022	121.745	104.524								
2015/01/13 05:20:00		0.415045	22.2964	12.3068	79.291	1023.31	1.13021	20.8733	56.083	19.0988	75.182	14.3429	1026.88	12.9901	178.582	132.488	117.13								
2015/01/13 05:25:00		0.244831	337.555	12.2708	79.606	1023.33	1.15208	20.8492	55.876	17.7603	73.636	14.6098	1029.17	13.1473	202.172	139.183	122.495								
2015/01/13 05:30:00		0.60339	347.208	12.2089	79.982	1023.43	1.225	20.8234	62.598	19.8006	82.399	14.8529	1026.04	13.3902	201.69	150.04	133.668								
2015/01/13 05:35:00		0.70227	320.58	12.1615	80.314	1023.46	1.15208	20.7931	56.209	19.448	75.656	15.4821	1026.67	13.8116	195.02	146.277	128.853								
2015/01/13 05:40:00		0.282842	10.2683	12.1016	80.643	1023.53	1.17396	20.7805	56.309	18.575	74.884	15.7967	1031.67	13.3616	210.943	148.018	128.417								
2015/01/13 05:45:00		0.316926	346.62	12.0995	80.963	1023.63	1.15937	20.7396	62.603	19.626	82.229	15.8539	1030.21	13.2937	184.783	138.332	119.64								
2015/01/13 05:50:00		0.85225	314.577	12.0958	81.179	1023.78	1.17396	20.7007	56.416	19.0919	75.508	16.6547	1025.63	13.3045	173.905	125.923	109.778								
2015/01/13 05:55:00		0.5116	306.498	12.0974	81.265	1023.82	1.20313	20.592	55.005	18.9173	73.922	17.1123	1025.63	13.8866	155.275	111.188	97.462								
2015/01/13 06:00:00		0.87084	323.608	12.0958	81.318	1023.79	1.14479	20.4884	57.258	17.6028	74.861	16.8931	1033.96	14.0688	149.158	104.142	91.331								
2015/01/13 06:05:00		0.61761	332.762	12.0635	81.412	1023.83	1.18125	20.4151	61.086	18.8591	79.945	17.1552	1035.83	13.9009	144.105	97.852	84.582								
2015/01/13 06:10:00		0.79983	325.512	12.0036	81.426	1023.95	1.16667	20.3504	57.64	18.421	76.061	16.4307	1038.54	13.8974	140.423	99.208	87.751								
2015/01/13 06:15:00		0.52348	326.218	12.0	81.527	1023.94	1.11563	20.313	63.458	18.7119	82.17	16.0732	1040.63	13.9331	169.41	114.735	100.357								
2015/01/13 06:20:00		0.325522	341.93	12.0016	81.631	1023.91	1.17396	20.2644	65.702	19.0337	84.736	15.8539	1039.79	14.0188	180.335	125.043	111.928								
2015/01/13 06:25:00		0.72311	323.301	11.976	81.743	1024.03	1.18854	20.2129	68.286	19.8177	88.104	15.5298	1053.13	13.9509	192.43	135.533	121.295								
2015/01/13 06:30:00		0.488895	357.101	11.8995	81.86	1024.13	1.16667	20.1683	67.831	18.777	86.608	15.2104	1065.63	14.1009	180.127	136.575	123.988								
2015/01/13 06:35:00		0.53099	357.07	11.8964	81.951	1024.21	1.14479	20.1409	61.524	18.8283	80.352	14.872	1065.0	13.6652	188.602	136.898	123.915								
2015/01/13 06:40:00		0.51951	15.7416	11.9016	82.068	1024.25	1.15937	20.1055	60.376	18.6058	78.982	15.0722	1069.79	14.1188	173.797	130.963	119.243								
2015/01/13 06:45:00		0.75104	18.7778	11.8964	82.182	1024.28	1.15937	20.065	60.905	18.6777	79.583	14.5717	1075.42	14.6045	172.992	125.502	112.935								
2015/01/13 06:50:00		0.81277	24.3908	11.8948	82.244	1024.38	1.14479	20.0255	59.963	19.4925	79.455	14.872	1075.62	14.3224	174.943	121.777	104.07								
2015/01/13 06:55:00		0.9049	7.0584	11.8969	82.368	1024.46	1.34167	19.9922	60.698	17.9246	78.622	14.953	1083.54	14.6795	179.093	121.587	99.78								
2015/01/13 07:00:00		0.71569	357.027	11.9	82.426	1024.46	5.4688	19.945	64.606	18.955	83.561	15.0245	1092.08	14.776	186.353	125.0	100.765								
2015/01/13 07:05:00		1.00133	11.9968	11.8974	82.379	1024.55	12.1771	19.9149	68.233	19.1227	87.356	14.7719	1103.75	14.4902	178.23	121.897	95.642								
2015/01/13 07:10:00		0.7959	11.3492	11.8984	82.361	1024.65	20.7958	19.8824	62.638	18.4894	81.128	14.934	1110.21	14.7653	179.217	120.823	94.185								
2015/01/13 07:15:00		0.84819	12.6921	11.8943	82.37	1024.63	30.6469	19.8408	65.664	19.0748	84.739	14.8339	1124.79	14.5295	168.973	113.007	90.168								
2015/01/13 07:20:00		0.70926	351.58	11.8979	82.423	1024.73	40.9354	19.8029	68.371	19.3829	87.754	14.729	1133.54	14.7117	180.008	120.173	89.253								
2015/01/13 07:25:00		0.7001	351.667	11.8984	82.449	1024.73	52.653	19.7836	72.005	20.5605	92.565	15.3296	1151.46	14.8046	190.055	126.772	91.518								
2015/01/13 07:30:00		0.69348	4.08496	11.9443	82.464	1024.78	64.677	19.7552	80.337	20.0539	100.391	15.8158	1169.58	14.8403	176.118	117.767	87.724								
2015/01/13 07:35:00		0.67714	18.4052	11.9984	82.372	1024.86	77.707	19.7329	74.144	20.7386	94.883	15.6871	1195.63	14.9581	168.403	112.269	84.792								
2015/01/13 07:40:00		0.69682	356.421	12.049	82.32	1024.91	89.76	19.7122	68.7	19.9923	88.692	15.9016	1219.58	14.4331	176.348	117.563	87.233								
2015/01/13 07:45:00		0.63573	357.607	12.0953	82.199	1024.91	103.877	19.6947	74.732	20.8378	95.57	16.6214	1236.88	14.4474	183.532	122.348	89.678								
2015/01/13 07:50:00		1.0271	5.7313	12.1974	81.974	1024.91	118.511	19.6872	69.861	20.4955	90.356	17.7272	1260.42	15.1189	172.967	115.555	88.382								
2015/01/13 07:55:00		0.67568	24.8616	12.225	81.893	1024.9	133.613	19.6843	67.842	19.8314	87.673	18.2706	1277.5	15.2653	179.712	119.868	90.717								
2015/01/13 08:00:00		0.97324	18.2006	12.3302	81.873	1024.93	147.875	19.6856	67.592	19.6636	87.255	18.6377	1300.0	14.6724	179.68	120.173	89.976								
2015/01/13 08:05:00		0.75593	348.699	12.4187	81.765	1025.03	162.269	19.6931	67.587	20.1463	87.734	18.9809	1320.0	14.7224	167.655	112.035	85.782								
2015/01/13 08:10:00		0.88934	355.371	12.5323	81.615	1025.1	178.15	19.6859	68.597	19.9101	88.507	19.9056	1339.17	14.8867	159.16	106.608	82.337								
2015/01/13 08:15:00		0.57544	11.2612	12.662	81.105	1025.14	193.791	19.6972	64.595	20.6975	85.292	20.5014	1350.63	14.6295	150.272	100.666	79.077								
2015/01/13 08:20:00		0.92501	4.60315	12.7922	80.214	1025.18	209.096	19.7106	64.052	20.4339	84.486	21.1449	1365.21	14.8296	148.9	99.323	75.488								
2015/01/13 08:25:00		0.344493	343.728	12.9453	79.105	1025.28	225.196	19.7259	65.814	20.985	86.799	21.9219	1375.21	14.4224	133.937	89.402	69.399								
2015/01/13 08:30:00		0.487542	341.499	13.0474	77.823	1025.34	241.033	19.7527	62.357	18.9824	81.339	22.2365	1383.13	14.976	118.963	79.578	64.748								
2015/01/13 08:35:00		0.67955	348.139	13.149	76.339	1025.37	265.453	19.7694	64.019	20.8276	84.846	22.3938	1393.13	14.5152	126.817	84.559	65.257								
2015/01/13 08:40:00		0.60563	335.305	13.275	75.143	1025.41	270.907	19.7879	65.66	21.5122	87.172	22.8228	1407.5	14.7546	117.905	78.949	61.384								
2015/01/13 08:45:00		0.57058	6.8842	13.374	74.6	1025.46	282.202	19.8252	61.307	20.9679	82.275	22.6035	1411.46	14.4653	117.647	78.472	61.602								
2015/01/13 08:50:00		0.72586	19.1358	13.4948	73.877	1025.5	297.194	19.8459	59.978	19.8896	79.868	22.5368	1415.83	14.7581	124.073	83.206	63.427								
2015/01/13 08:55:00		0.474537	38.052	13.6479	73.116	1025.57	310.581	19.8706	60.47	21.3548	81.825	22.9229	1422.71	14.5688	121.6	81.243	62.852								
2015/01/13 09:00:00		0.436896	347.029	13.7859	72.023	1025.63	326.565	19.8974	62.071	23.6723	85.743	23.5283	1426.25	14.1009	117.368	79.345	62.275								
2015/01/13 09:05:00		0.54257	335.892	13.9089	71.126	1025.68	337.364	19.9235	59.105	22.1764	81.282	24.2957	1434.58	14.5188	119.467	79.959	63.336								
2015/01/13 09:10:00		1.04299	33.3768	14.0042	69.449	1025.64	352.625	19.9686	59.244	20.7488	79.992	24.7104	1435.0	14.351	100.267	67.02	56.197								
2015/01/13 09:15:00		0.360503	22.3603	14.0839	66.843	1025.69	366.523	20.0089	56.519	18.955	75.474	25.7591	1433.13	14.6331	99.863	61.679	51.23								
2015/01/13 09:20:00		0.57564	46.4291	14.1917	66.149	1025.74	385.066	20.0478	56.988	19.9957	76.984	25.5589	1421.67	14.6331	122.239	62.418	49.485								
2015/01/13 09:25:00		0.67103	64.211	14.3073	64.569	1025.72	397.009	20.0867	55.766	20.4031	76.169	25.2252	1425.42	14.6795	92.339	53.982	45.3758								
2015/01/13 09:30:00		0.68925	31.5974	14.4094	63.868	1025.68	407.91	20.1307	54.65	17.9657	72.615	24.1479	1418.75	14.5188	89.812	54.027	45.2908								
2015/01/13 09:35:00		0.77812	335.666	14.5188	63.504	1025.67	421.203	20.1686	54.576	17.5959	72.172	22.8419	1411.67	14.1652	105.329	56.456	45.7225								
2015/01/13 09:40:00		0.75781	28.6561	14.6563	63.014	1025.6	434.117	20.207	56.255	22.125	78.38	22.9086	1406.46	14.0902	97.388	55.343	45.2733								
2015/01/13 09:45:00		0.410357	39.0977	14.7609	62.722	1025.62	463.276	20.2607	54.833	19.8656	74.698	22.2412	1396.04	14.1116	103.748	55.186	44.97								
2015/01/13 09:50:00		0.78887	44.5438	14.8542	62.172	1025.6	463.203	20.309	53.868	19.5575	73.425	21.1735	1384.79	14.2009	89.377	52.116	44.2933								
2015/01/13 09:55:00		0.51659	44.502	14.8984	61.73	1025.57	469.204	20.3482	52.512	17.7157	70.228	20.9543	1375.42	14.2259	110.355	55.912	46.2858								
2015/01/13 10:00:00		0.66851	25.2362	15.0333	61.915	1025.58	481.899	20.3901	55.889	22.3133	78.202	20.6254	1374.58	14.4974	100.958	54.523	45.81								
2015/01/13 10:05:00		0.6271	26.7605	15.1036	60.961	1025.52	493.551	20.4253	53.526	19.9341	73.46	19.8293	1359.79	14.2938	94.775	54.082	45.0017								
2015/01/13 10:10:00		0.62306	344.464	15.1948	60.397	1025.46	500.16	20.4602	52.941	19.5644	72.506	19.5004	1351.04	14.4795	80.955	50.697	43.7483								
2015/01/13 10:15:00		0.85364	26.0411	15.2755	60.694	1025.41	508.06	20.5036	51.487	18.0478	69.535	19.0476	1347.08	14.5188	98.76	54.212	46.8967								
2015/01/13 10:20:00		0.62515	338.17	15.3813	60.481	1025.37	514.97	20.5571	51.197	17.8356	69.032	18.6186	1340.42	13.9866	108.828	56.862	47.7717								
2015/01/13 10:25:00		0.424524	19.9627	15.5406	60.255	1025.26	522.83	20.5912	53.535	22.1558	75.691	18.5519	1323.75	13.8438	101.802	58.355	49.515								
2015/01/13 10:30:00		0.58125	338.466	15.6687	60.193	1025.21	523.74	20.6339	51.972	22.0976	74.07	18.6901	1314.38	13.6902	116.518	62.674	52.972								
2015/01/13 10:35:00		1.09673	52.276	15.7964	58.65	1025.16	543.51	20.6798	51.235	23.4738	74.709	19.1668	1314.58	13.9938	102.192	61.297	53.093								
2015/01/13 10:40:00		1.12877	49.2379	15.8734	57.808	1025.09	564.82	20.7294	48.9122	19.3281	68.24	18.3278	1310.63	13.8581	101.655	57.237	49.3342								
2015/01/13 10:45:00		1.0164	36.1112	15.9594	56.734	1024.99	567.66	20.8011	50.201	22.0463	72.247	18.1515	1307.71	13.7616	96.618	55.141	47.595								
2015/01/13 10:50:00		1.22585	25.9889	16.063	55.897	1024.87	573.47	20.8562	50.221	21.8683	72.089	17.7272	1292.71	14.0759	85.757	52.48	45.8483								
2015/01/13 10:55:00		1.35949	56.842	16.1854	54.851	1024.72	588.12	20.9106	48.6085	19.9341	68.543	18.2945	1286.46	14.3152	79.615	49.9258	43.9333								
2015/01/13 11:00:00		1.10804	58.63	16.2568	53.84	1024.62	601.05	20.9649	48.4767	18.1163	66.593	17.7463	1279.79	14.1652	81.767	46.1575	39.9967								
2015/01/13 11:05:00		0.915	56.464	16.3766	53.176	1024.46	598.89	21.0366	49.0016	19.958	68.96	17.4794	1272.71	13.6438	85.938	47.95	41.1867								
2015/01/13 11:10:00		1.00127	2.39794	16.5557	52.089	1024.42	606.4	21.0964	50.368	24.2612	74.63	17.4889	1266.25	13.6831	78.064	45.0358	39.2083								
2015/01/13 11:15:00		1.39742	46.0764	16.6578	50.38	1024.29	621.32	21.1509	47.9072	18.1642	66.071	16.8549	1260.21	13.533	75.474	43.1617	37.3958								
2015/01/13 11:20:00		0.74645	44.1253	16.7938	47.8635	1024.19	625.35	21.2068	46.8285	18.7941	65.623	15.9207	1248.13	13.7509	57.811	38.27	34.6033								
2015/01/13 11:25:00		1.04099	37.7995	16.9141	47.4797	1024.08	629.5	21.2682	46.6521	18.0547	64.707	14.9721	1236.88	13.7795	81.547	42.8917	36.3383								
2015/01/13 11:30:00		1.51523	60.241	17.0047	45.4109	1023.96	638.05	21.3322	48.3785	20.6461	69.025	14.5193	1234.79	13.4295	62.058	37.0892	33.3925								
2015/01/13 11:35:00		1.24991	30.8396	17.0714	45.4448	1023.89	636.14	21.396	46.4087	18.9208	65.329	13.7137	1227.08	13.3366	57.982	38.1608	33.9008								
2015/01/13 11:40:00		1.10703	4.19406	17.1359	45.2755	1023.72	637.03	21.4444	45.7208	17.1509	62.872	13.0178	1213.13	13.1687	66.518	37.8808	33.7475								
2015/01/13 11:45:00		0.87362	41.9053	17.2979	44.8255	1023.61	639.95	21.5005	44.3987	17.5617	61.96	12.8128	1199.58	13.4652	69.842	40.2092	34.3983								
2015/01/13 11:50:00		0.68033	349.201	17.4729	40.6724	1023.53	642.73	21.5974	45.388	19.2768	64.665	13.2418	1193.96	13.1294	67.727	38.6908	33.5367								
2015/01/13 11:55:00		0.95757	42.1562	17.5031	40.6151	1023.4	656.24	21.7429	44.9503	17.6165	62.567	12.8366	1181.88	13.1473	56.558	37.0383	33.2717								
2015/01/13 12:00:00		0.61822	39.9303	17.513	39.888	1023.22	649.16	21.8661	43.981	16.2711	60.252	11.7165	1178.33	13.133	71.258	37.6633	33.5483								
2015/01/13 12:05:00		0.72036	320.217	17.6495	39.8469	1022.98	662.66	21.9609	44.7381	19.8622	64.6	11.8213	1162.71	13.3152	72.798	39.8208	35.36								
2015/01/13 12:10:00		0.86551	15.0679	17.7995	39.0302	1022.88	660.31	22.0522	44.2982	21.7792	66.077	11.6545	1162.29	13.0937	64.729	37.5558	33.4008								
2015/01/13 12:15:00		0.66468	307.389	17.8047	39.4656	1022.76	661.99	22.1408	44.0927	17.3666	61.459	10.663	1162.08	12.5901	61.294	38.6292	34.7483								
2015/01/13 12:20:00		1.16276	55.289	17.8427	39.8552	1022.59	657.74	22.1996	43.3713	19.4069	62.778	11.0348	1148.13	12.5973	69.817	40.1975	35.3208								
2015/01/13 12:25:00		0.73071	42.5467	17.9849	39.7661	1022.38	655.46	22.2533	44.124	24.85	68.974	11.7403	1147.5	12.7723	74.919	41.4008	35.6483								
2015/01/13 12:30:00		1.22566	54.783	18.1073	39.5193	1022.15	658.02	22.326	43.9118	22.4126	66.324	11.9071	1140.63	12.7187	63.971	39.8092	35.3942								
2015/01/13 12:35:00		0.63686	43.3437	18.1036	40.4234	1021.88	650.31	22.4077	43.2731	18.6845	61.958	10.9967	1132.92	12.1044	70.685	40.435	35.2308								
2015/01/13 12:40:00		1.18293	66.193	18.1099	39.6797	1021.64	649.08	22.4756	42.9425	18.3901	61.333	11.1683	1123.75	12.5437	62.393	39.105	34.775								
2015/01/13 12:45:00		0.58677	85.754	18.1719	39.9115	1021.44	647.33	22.5494	42.5405	20.6359	63.176	11.7927	1112.08	12.3115	72.483	40.0983	35.2617								
2015/01/13 12:50:00		0.58719	48.6209	18.2271	40.6448	1021.27	643.99	22.605	40.9482	19.0748	60.023	11.3065	1102.08	12.0329	67.699	41.2475	36.1458								
2015/01/13 12:55:00		1.25874	44.8326	18.3099	40.875	1021.11	637.59	22.6855	41.3524	19.8588	61.211	12.3504	1095.42	11.5329	64.036	40.5675	36.1575								
2015/01/13 13:00:00		1.36631	63.092	18.2771	40.2036	1021.01	638.79	22.7373	41.4328	18.6537	60.087	11.1588	1088.96	11.4543	62.963	40.8067	36.1083								
2015/01/13 13:05:00		0.75277	350.381	18.2464	40.8875	1020.82	632.63	22.7929	40.9861	19.3384	60.325	10.7679	1084.79	11.415	56.651	39.9158	36.16								
2015/01/13 13:10:00		0.5797	30.0575	18.3641	38.5906	1020.75	627.81	22.856	40.372	17.5925	57.964	10.9347	1073.54	12.0008	61.06	37.5942	33.2658								
2015/01/13 13:15:00		1.26216	61.467	18.5604	36.9615	1020.64	619.66	22.9196	40.9973	21.3239	62.321	11.1731	1067.08	11.7294	71.786	39.3175	34.4175								
2015/01/13 13:20:00		0.4536	24.6377	18.8979	37.0229	1020.53	620.48	22.9942	41.2162	23.1452	64.361	11.664	1061.88	11.3829	70.875	40.665	35.4633								
2015/01/13 13:25:00		0.96032	11.6233	19.2224	36.0094	1020.36	617.49	23.0901	40.7829	20.2524	61.035	10.8251	1050.0	11.4829	66.424	39.6608	34.3542								
2015/01/13 13:30:00		0.62288	41.5793	19.463	35.324	1020.21	609.55	23.2039	40.698	21.0466	61.745	10.9347	1041.04	12.2972	58.267	36.3233	31.95								
2015/01/13 13:35:00		0.62628	23.209	19.6401	35.1292	1020.1	601.86	23.3304	39.4786	20.2661	59.745	11.8261	1037.29	12.1401	69.341	38.36	32.8658								
2015/01/13 13:40:00		0.71778	3.812	20.0297	36.051	1019.98	589.38	23.492	40.1375	23.7785	63.916	12.7985	1031.04	11.5079	79.749	37.115	31.8842								
2015/01/13 13:45:00		1.20973	14.9199	20.3016	34.3583	1019.9	590.36	23.6934	40.4993	24.5076	65.007	13.1798	1022.5	11.7222	61.737	36.4092	31.8625								
2015/01/13 13:50:00		0.62819	334.589	20.2052	35.5927	1019.84	574.68	23.8974	40.0057	20.9474	60.953	12.5268	1020.83	11.9794	66.661	37.0225	32.0533								
2015/01/13 13:55:00		0.80344	54.689	20.3969	34.8688	1019.79	567.83	24.1296	40.0169	22.7583	62.775	14.3906	1013.96	11.9829	61.098	36.255	31.7433								
2015/01/13 14:00:00		0.66971	289.075	20.3885	35.6979	1019.63	560.58	24.3245	40.0973	22.19	62.287	15.0198	1006.67	11.9115	74.503	37.1383	31.7667								
2015/01/13 14:05:00		0.9076	308.168	20.5104	36.0917	1019.53	552.05	24.5457	40.2849	24.2475	64.532	14.7052	1003.75	11.6508	68.243	35.965	31.1733								
2015/01/13 14:10:00		0.9669	5.6091	20.7302	35.2349	1019.48	542.29	24.8037	40.4903	25.2813	65.772	14.8577	1005.42	11.4686	64.27	35.7175	30.67								
2015/01/13 14:15:00		0.23011	350.463	20.6729	35.8453	1019.36	530.91	25.007	40.2536	23.176	63.43	15.3487	1009.58	12.0115	67.336	36.5433	31.4858								
2015/01/13 14:20:00		0.93169	317.364	20.6224	36.7667	1019.31	517.83	25.2142	40.1017	21.8443	61.946	15.7872	1005.21	12.1365	55.408	34.8033	30.605								
2015/01/13 14:25:00		0.7276	51.505	20.7583	36.363	1018.85	509.18	25.4129	36.4145	29.7522	66.167	15.0341	1035.21	10.8114	71.878	37.9767	32.9483								
2015/01/13 14:30:00		0.66916	23.0503	20.526	36.5823	1018.7	502.22	25.5922	25.2702	36.9617	62.232	14.6384	998.54	10.74	55.735	36.2908	32.0242								
2015/01/13 14:35:00		1.08711	314.965	20.5531	37.4901	1018.66	486.748	25.7359	15.7696	37.0302	52.8	14.8386	912.08	11.2543	57.953	36.9125	32.4992								
2015/01/13 14:40:00		0.88167	7.0673	20.5229	37.0109	1018.55	470.969	25.8481	9.9584	32.2512	42.2097	14.791	821.67	12.0294	67.486	38.1842	33.8742								
2015/01/13 14:45:00		1.06788	318.742	20.4562	38.0906	1018.47	456.743	25.9482	7.9261	45.9343	53.86	15.8825	867.08	11.6579	74.691	41.9883	36.3683								
2015/01/13 14:50:00		0.81581	347.769	20.5224	37.638	1018.37	450.61	26.04	5.8178	48.6969	54.515	14.9721	914.58	12.508	94.663	45.07	35.8667								
2015/01/13 14:55:00		0.81817	34.9541	20.4734	37.5583	1018.37	431.441	26.1348	5.2729	47.3139	52.587	14.2237	1002.5	12.9473	68.989	40.7717	35.5758								
2015/01/13 15:00:00		0.92128	33.6905	20.3255	37.9276	1018.38	418.272	26.2202	3.98203	40.0804	44.0624	15.3344	960.21	14.3902	65.518	41.9483	36.5208								
2015/01/13 15:05:00		1.52119	295.392	20.0167	39.2974	1018.51	408.486	26.2956	5.4761	37.2459	42.722	12.8748	2488.33	15.1653	72.381	44.5375	38.8925								
2015/01/13 15:10:00		1.8025	295.005	19.8104	41.0849	1018.51	395.886	26.3091	8.2879	41.9256	50.213	12.4744	5484.6	13.1437	85.235	47.8783	40.3308								
2015/01/13 15:15:00		1.22952	315.581	19.7083	41.4844	1018.65	384.154	26.2994	5.0295	40.1317	45.1612	12.0215	4356.67	14.4403	78.764	48.3083	41.1167								
2015/01/13 15:20:00		1.7837	306.979	19.6172	41.3115	1018.68	365.684	26.2581	3.20037	37.3451	40.5455	11.807	3293.96	16.0332	82.888	48.13	41.765								
2015/01/13 15:25:00		2.71349	283.67	19.5297	41.426	1018.7	359.049	26.1977	2.09263	33.6582	35.7508	11.0968	2537.71	17.8298	69.882	46.7508	41.2975								
2015/01/13 15:30:00		1.52633	309.591	19.4125	42.2245	1018.78	340.885	26.1157	2.48123	28.6875	31.1688	11.092	1959.79	18.7905	85.614	49.3325	42.5708								
2015/01/13 15:35:00		1.57418	317.127	19.3312	41.9526	1018.77	323.174	26.0347	2.2043	29.8891	32.0934	11.297	1572.92	19.8799	71.782	47.645	42.5525								
2015/01/13 15:40:00		1.3075	308.313	19.3464	42.7073	1018.72	303.654	25.9402	3.27853	36.236	39.5145	11.0539	1346.25	18.9191	92.617	52.006	44.6458								
2015/01/13 15:45:00		1.14261	295.452	19.4115	42.7391	1018.97	155.24	25.7941	58.469	75.324	133.792	11.4114	1736.88	11.9651	85.627	50.914	44.9475								
2015/01/13 15:50:00		1.3759	311.011	19.4099	42.8328	1018.95	113.597	25.6465	32.6424	76.796	109.438	10.5915	1443.13	20.3085	85.922	51.057	44.7633								
2015/01/13 15:55:00		1.37035	304.652	19.4057	43.0589	1018.93	108.959	25.5461	9.9249	69.593	79.518	10.3675	1286.04	14.6617	73.653	50.303	44.3917								
2015/01/13 16:00:00		1.10184	324.207	19.3552	43.5359	1019.02	104.519	25.4709	4.958	57.758	62.716	10.4867	1136.46	15.1867	86.019	52.807	46.4233								
2015/01/13 16:05:00		0.78533	311.159	19.4068	43.5573	1019.06	99.94	25.403	3.93513	59.124	63.06	10.7012	1067.5	15.6189	90.075	51.987	45.505								
2015/01/13 16:10:00		1.2933	329.078	19.3505	43.3182	1019.06	94.033	25.3369	3.46613	54.113	57.579	10.7202	1044.79	17.5405	74.158	49.6342	44.3925								
2015/01/13 16:15:00		0.56588	304.16	19.3125	43.537	1019.05	88.608	25.2816	2.26683	46.0027	48.2696	10.8871	1138.13	18.8798	84.008	53.227	46.12								
2015/01/13 16:20:00		0.55708	306.406	19.3151	43.7375	1019.1	85.108	25.2134	2.99937	47.7555	50.755	10.4485	1196.04	19.512	80.778	52.088	46.1683								
2015/01/13 16:25:00		1.54236	307.372	19.3146	43.7589	1019.2	81.302	25.1708	2.32043	45.5988	47.9192	10.5057	1130.21	20.1906	89.96	53.293	46.765								
2015/01/13 16:30:00		1.26355	295.564	19.3135	43.6714	1019.29	76.366	25.1275	2.814	41.1245	43.9385	9.8575	1104.17	20.7799	93.674	54.648	46.6008								
2015/01/13 16:35:00		0.62115	314.138	19.3125	43.5724	1019.26	70.459	25.0736	2.52813	45.9891	48.5172	9.8384	1138.54	20.8228	98.272	54.047	46.5283								
2015/01/13 16:40:00		1.22449	300.855	19.3109	43.3422	1019.28	64.137	25.0344	3.1155	49.6554	52.771	10.0005	1303.54	18.887	87.82	51.702	44.6717								
2015/01/13 16:45:00		1.08477	317.553	19.3115	43.3531	1019.3	58.486	24.9919	3.03063	49.3268	52.357	9.7955	1388.54	18.7155	93.123	51.688	44.8383								
2015/01/13 16:50:00		0.83406	309.727	19.3099	43.7391	1019.36	53.754	24.957	4.05797	57.214	61.272	10.153	1460.63	17.8262	105.761	52.979	45.1617								
2015/01/13 16:55:00		1.25449	317.611	19.3141	43.7896	1019.35	48.6063	24.9307	6.3293	63.948	70.277	10.3532	1571.04	16.5797	106.348	55.165	46.6883								
2015/01/13 17:00:00		1.46935	314.812	19.3104	43.9604	1019.36	42.3865	24.9015	5.561	61.997	67.558	10.2388	1641.46	15.6296	100.832	54.817	46.3692								
2015/01/13 17:05:00		0.8723	298.593	19.312	44.374	1019.38	37.0417	24.8687	4.96916	60.281	65.251	10.1625	1726.04	15.2867	120.007	57.312	47.8467								
2015/01/13 17:10:00		0.96929	297.704	19.2417	44.8083	1019.45	31.4052	24.8378	7.4504	70.308	77.759	10.5915	1771.88	13.5438	123.437	61.556	50.737								
2015/01/13 17:15:00		0.98127	303.593	19.1823	44.5922	1019.49	26.5854	24.8155	6.2913	66.009	72.3	10.2388	1843.33	13.1044	103.653	57.949	49.5258								
2015/01/13 17:20:00		0.87702	307.546	19.1089	44.737	1019.53	20.825	24.7962	6.3293	70.514	76.843	10.2007	1895.63	12.8616	119.072	60.161	50.486								
2015/01/13 17:25:00		1.077	324.537	19.0464	45.0443	1019.43	15.1958	24.7737	6.5548	75.183	81.738	10.0577	2222.92	12.0794	136.707	62.393	52.187								
2015/01/13 17:30:00		0.69724	325.81	19.0031	45.476	1019.3	10.0625	24.7399	6.5459	83.748	90.294	10.4962	2567.5	10.6471	147.872	65.165	53.232								
2015/01/13 17:35:00		0.51505	336.652	18.9104	46.3479	1019.34	5.374	24.7082	26.4248	92.766	119.19	10.52	2861.67	8.8863	203.318	76.926	58.543								
2015/01/13 17:40:00		0.54468	331.342	18.9078	46.8026	1019.41	1.50937	24.6762	60.443	105.589	166.032	11.4114	3590.83	7.7291	212.113	76.692	58.001								
2015/01/13 17:45:00		0.56207	324.314	18.8307	47.3646	1019.43	1.10833	24.6531	69.861	110.776	180.637	11.216	4633.96	7.9077	225.803	81.807	61.597								
2015/01/13 17:50:00		0.6731	41.1629	18.801	47.7151	1019.42	1.10104	24.6064	92.612	113.258	205.869	11.4781	5556.9	7.822	201.882	79.622	61.682								
2015/01/13 17:55:00		0.56451	318.283	18.6922	48.2208	1019.89	1.09375	24.5057	85.615	102.775	188.39	11.1302	5833.1	7.8827	229.282	81.532	62.723								
2015/01/13 18:00:00		0.421644	345.449	18.5552	48.7365	1019.83	1.15937	24.4317	82.251	97.89	180.142	10.9061	5819.2	8.7006	235.255	85.836	65.642								
2015/01/13 18:05:00		0.60251	307.621	18.4016	49.3573	1019.91	1.09375	24.3729	88.194	95.326	183.52	10.868	5807.3	8.0827	174.473	76.995	61.959								
2015/01/13 18:10:00		0.0	502.0	18.2229	50.117	1019.95	1.06458	24.3224	74.841	90.554	165.395	10.1673	5795.8	8.4041	221.868	85.232	66.217								
2015/01/13 18:15:00		0.0	502.0	18.0938	50.815	1019.98	1.07187	24.2921	83.064	89.0	172.064	10.3484	5778.3	8.197	211.395	88.3	67.923								
2015/01/13 18:20:00		0.0	502.0	17.9568	51.453	1019.99	1.10104	24.2649	83.053	85.576	168.63	10.4152	5766.0	8.2434	214.54	85.838	67.142								
2015/01/13 18:25:00		0.0	502.0	17.8401	52.036	1019.95	1.13021	24.2424	80.585	82.896	163.481	10.1959	5752.5	8.197	222.582	86.167	66.814								
2015/01/13 18:30:00		0.0	502.0	17.7292	52.665	1019.94	1.06458	24.2185	78.763	79.093	157.856	10.0672	5733.8	8.3898	200.567	83.876	65.969								
2015/01/13 18:35:00		0.0	502.0	17.5885	53.134	1019.89	1.10104	24.1981	72.539	75.974	148.513	9.6001	5711.0	8.3684	170.735	79.605	64.947								
2015/01/13 18:40:00		0.62977	313.961	17.4974	54.01	1019.89	1.07917	24.1804	65.361	73.174	138.534	9.2759	5678.3	8.3256	177.357	82.714	67.421								
2015/01/13 18:45:00		0.0	502.0	17.4005	55.291	1020.03	1.15208	24.1583	69.423	69.134	138.557	9.4332	5646.9	8.6363	237.067	94.757	72.605								
2015/01/13 18:50:00		0.53035	197.567	17.3557	55.754	1020.12	1.1375	24.1366	81.586	69.768	151.353	9.7764	5624.2	8.6506	240.498	93.563	73.469								
2015/01/13 18:55:00		0.55517	200.571	17.2687	56.032	1020.02	1.1375	24.1175	80.999	68.518	149.517	9.6954	5609.2	8.6827	202.722	88.441	71.1								
2015/01/13 19:00:00		0.0	502.0	17.1854	56.722	1019.98	1.07187	24.0928	71.514	66.252	137.765	9.4523	5585.8	8.7542	208.005	89.082	71.075								
2015/01/13 19:05:00		0.0	502.0	17.0969	57.382	1020.1	1.07917	24.0646	72.979	62.284	135.263	9.1377	5561.5	9.047	275.137	101.517	75.34								
2015/01/13 19:10:00		0.0	502.0	17.0208	58.236	1020.11	1.10104	24.0375	87.826	61.877	149.703	9.6048	5545.6	9.4328	338.865	111.693	79.71								
2015/01/13 19:15:00		0.0	502.0	17.0005	58.83	1020.11	1.08646	24.0072	113.248	64.14	177.387	10.6678	5548.1	9.2613	328.2	112.985	80.297								
2015/01/13 19:20:00		0.0	502.0	16.9094	59.338	1020.22	1.09375	23.9812	117.08	63.564	180.645	10.5391	5557.7	9.3399	294.505	108.761	79.293								
2015/01/13 19:25:00		0.0	502.0	16.8771	59.84	1020.3	1.17396	23.9524	114.032	61.216	175.248	10.4104	5572.5	9.6078	265.663	105.092	78.037								
2015/01/13 19:30:00		0.75238	138.391	16.8021	60.569	1020.32	1.15208	23.9194	102.99	57.933	160.923	9.9766	5587.9	9.5256	268.642	105.135	78.829								
2015/01/13 19:35:00		0.71555	137.182	16.7677	61.158	1020.33	1.16667	23.8963	93.798	56.858	150.656	9.3427	5610.6	9.8935	233.17	101.415	79.195								
2015/01/13 19:40:00		0.71206	150.328	16.6792	61.443	1020.39	1.19583	23.8719	84.934	54.366	139.3	8.8946	5610.2	9.6614	230.82	99.233	77.378								
2015/01/13 19:45:00		0.8793	144.887	16.5802	61.844	1020.48	1.21042	23.855	77.8	50.902	128.702	8.4275	5598.1	9.5006	219.492	96.917	76.442								
2015/01/13 19:50:00		1.02434	146.538	16.4885	62.308	1020.51	1.19583	23.8225	72.686	49.6726	122.359	8.1939	5583.8	9.9971	212.222	95.14	74.71								
2015/01/13 19:55:00		0.53438	148.837	16.3911	62.376	1020.53	1.15937	23.8069	70.18	47.1941	117.374	8.0557	5557.5	10.1042	198.8	94.423	76.537								
2015/01/13 20:00:00		0.56415	168.038	16.2979	62.317	1020.58	1.18125	23.7844	69.177	46.0062	115.184	8.2416	5529.4	9.6292	185.297	92.977	76.292								
2015/01/13 20:05:00		0.58784	165.245	16.2391	62.043	1020.68	1.15937	23.761	68.085	45.5714	113.657	7.9842	5499.2	9.5078	176.677	91.645	76.46								
2015/01/13 20:10:00		0.57035	166.782	16.1995	61.897	1020.71	1.15208	23.7309	67.351	44.7019	112.052	7.7649	5455.6	9.9721	155.002	89.973	75.644								
2015/01/13 20:15:00		0.58658	149.668	16.1177	61.586	1020.71	1.18854	23.7086	66.028	43.4489	109.477	7.9603	5416.3	10.2078	166.402	93.09	77.503								
2015/01/13 20:20:00		0.87804	163.386	16.0964	61.849	1020.78	1.20313	23.6866	66.377	42.309	108.686	8.0128	5379.2	10.1328	160.307	92.373	77.674								
2015/01/13 20:25:00		0.76873	168.627	16.099	62.211	1020.84	1.19583	23.6611	65.827	42.4459	108.273	7.8316	5333.8	9.4756	177.472	95.797	78.927								
2015/01/13 20:30:00		0.63759	155.745	16.1016	62.27	1020.89	1.20313	23.6359	69.108	43.3907	112.499	7.8412	5294.0	9.4292	205.64	103.877	83.706								
2015/01/13 20:35:00		0.69725	157.86	16.0797	62.401	1020.91	1.13021	23.6064	72.99	45.2496	118.239	8.0271	5249.8	9.7721	208.433	107.108	86.985								
2015/01/13 20:40:00		0.83441	155.823	15.9958	62.693	1020.97	1.1375	23.5758	72.588	43.9487	116.537	8.0128	5212.1	9.8507	232.907	116.005	93.296								
2015/01/13 20:45:00		0.64921	149.093	16.001	63.568	1021.03	1.12292	23.55	76.052	44.3151	120.367	8.0557	5179.0	10.215	259.363	122.783	98.754								
2015/01/13 20:50:00		1.00054	152.327	15.9948	64.446	1021.1	1.16667	23.5181	75.728	41.9153	117.643	7.8269	5152.9	10.0435	245.007	128.13	103.99								
2015/01/13 20:55:00		1.02779	162.174	15.9203	64.833	1021.21	1.1375	23.4909	76.615	40.8301	117.445	7.7029	5119.4	9.6721	253.377	134.652	109.242								
2015/01/13 21:00:00		0.89697	154.95	15.8911	64.902	1021.24	1.17396	23.4708	76.769	42.131	118.9	7.8364	5093.1	10.1007	242.598	136.48	111.497								
2015/01/13 21:05:00		0.73153	165.319	15.8594	65.082	1021.25	1.16667	23.4515	75.554	41.4737	117.027	7.6743	5068.3	10.365	248.795	138.148	114.358								
2015/01/13 21:10:00		0.93886	168.506	15.8	65.023	1021.38	1.15937	23.4198	75.636	41.2854	116.922	7.8078	5045.8	10.1435	241.56	137.372	113.87								
2015/01/13 21:15:00		1.05456	161.85	15.8005	64.626	1021.39	1.19583	23.3964	73.57	41.5285	115.099	7.7077	5015.8	10.2328	234.092	134.59	111.983								
2015/01/13 21:20:00		0.88219	151.489	15.7318	64.965	1021.41	1.14479	23.379	73.993	40.2584	114.251	8.1844	4995.63	10.1078	239.445	135.752	111.837								
2015/01/13 21:25:00		0.90749	144.917	15.726	65.039	1021.47	1.14479	23.3575	75.009	40.2139	115.223	8.0509	4976.25	9.9721	238.122	133.452	111.428								
2015/01/13 21:30:00		0.71557	141.471	15.7047	65.22	1021.54	1.16667	23.3274	76.885	39.4779	116.363	8.1796	4947.08	10.2435	241.332	134.11	111.433								
2015/01/13 21:35:00		0.953	141.574	15.7052	65.324	1021.56	1.16667	23.2982	80.762	40.2276	120.989	8.1796	4926.67	9.5864	225.637	133.813	110.56								
2015/01/13 21:40:00		1.01843	139.857	15.6797	65.299	1021.62	1.15937	23.2713	85.117	39.5566	124.673	8.1939	4900.83	10.4721	246.078	131.827	106.748								
2015/01/13 21:45:00		0.74954	141.806	15.6005	65.011	1021.79	1.15208	23.2506	98.68	42.5383	141.218	9.0042	4872.71	10.2578	225.307	124.992	101.037								
2015/01/13 21:50:00		0.57011	138.043	15.6	64.864	1021.84	1.14479	23.2233	100.4	44.048	144.448	9.1663	4844.38	10.29	217.523	122.433	99.9								
2015/01/13 21:55:00		0.63658	144.609	15.5635	64.598	1021.86	1.20313	23.1908	99.77	42.0864	141.856	9.1139	4821.04	9.8792	255.747	128.223	100.579								
2015/01/13 22:00:00		0.213135	173.663	15.4958	64.657	1021.89	1.21042	23.1653	109.221	43.3976	152.619	9.2902	4796.46	10.0185	289.437	134.152	102.73								
2015/01/13 22:05:00		0.57737	312.999	15.5255	66.41	1021.95	1.25417	23.1325	128.51	45.2907	173.801	9.7288	4777.92	10.0042	353.928	157.798	110.252								
2015/01/13 22:10:00		0.0	502.0	15.5927	67.003	1021.97	1.1375	23.1059	150.77	45.9377	196.708	10.3389	4778.75	10.2971	228.892	152.592	109.083								
2015/01/13 22:15:00		1.23273	74.915	15.5193	66.252	1022.05	1.20313	23.0678	151.855	46.5026	198.358	10.0529	4788.96	9.8864	233.403	155.605	111.867								
2015/01/13 22:20:00		2.0161	92.258	15.4937	66.896	1022.18	1.14479	23.0203	156.883	47.5296	204.412	10.4867	4802.08	10.2364	230.228	153.488	115.35								
2015/01/13 22:25:00		1.80856	91.739	15.5286	67.921	1022.17	1.15208	22.9824	139.795	44.9689	184.764	9.8527	4797.29	10.1614	219.823	146.547	114.05								
2015/01/13 22:30:00		1.47086	101.008	15.5583	68.318	1022.18	1.18125	22.9475	116.754	39.8373	156.592	8.2988	4789.17	10.6043	210.028	140.022	110.882								
2015/01/13 22:35:00		1.56424	104.257	15.4599	68.832	1022.29	1.16667	22.9118	109.724	36.8282	146.552	7.5599	4778.33	10.3614	222.168	148.112	112.747								
2015/01/13 22:40:00		1.11695	121.109	15.3432	69.434	1022.35	1.17396	22.8933	117.304	38.0812	155.385	7.6696	4758.13	10.615	205.912	137.27	108.432								
2015/01/13 22:45:00		1.43377	132.762	15.2302	69.835	1022.37	1.12292	22.8659	104.9	35.1302	140.03	7.1214	4733.75	10.0614	192.955	128.632	103.02								
2015/01/13 22:50:00		1.21309	110.395	15.1146	70.167	1022.31	1.16667	22.8431	104.667	33.9697	138.637	7.0213	4700.21	10.5614	189.72	126.478	101.092								
2015/01/13 22:55:00		1.40513	107.784	15.012	70.347	1022.26	1.13021	22.8101	103.832	33.8054	137.638	6.7782	4668.96	10.9364	169.652	113.18	93.095								
2015/01/13 23:00:00		1.49044	103.535	14.9099	70.583	1022.33	1.15208	22.7763	94.05	32.4258	126.476	6.2348	4627.29	10.0185	156.317	104.207	87.608								
2015/01/13 23:05:00		1.47825	111.219	14.8297	71.071	1022.22	1.15208	22.7532	91.736	31.5905	123.327	6.2253	4585.21	10.0435	158.11	105.421	84.442								
2015/01/13 23:10:00		2.2227	98.346	14.7906	71.357	1022.25	1.18125	22.7328	101.606	33.3193	134.925	6.5256	4549.38	10.4078	136.868	91.633	75.022								
2015/01/13 23:15:00		1.73423	103.585	14.7995	71.122	1022.28	1.15937	22.707	94.832	31.0325	125.864	6.1776	4511.25	9.9221	125.195	83.602	70.137								
2015/01/13 23:20:00		1.49163	107.965	14.7979	71.298	1022.36	1.15937	22.6745	91.372	29.0573	120.43	5.8821	4464.79	10.0257	123.058	82.197	68.972								
2015/01/13 23:25:00		1.5166	105.416	14.7339	71.29	1022.26	1.18125	22.6479	90.952	29.5707	120.523	5.944	4420.42	9.5042	126.925	84.642	69.275								
2015/01/13 23:30:00		1.38249	119.185	14.6969	71.471	1022.28	1.18125	22.6267	95.037	30.6251	125.662	6.0584	4368.13	10.4364	122.758	81.84	65.983								
2015/01/13 23:35:00		1.42823	114.131	14.6661	71.557	1022.3	1.14479	22.5956	93.858	30.5122	124.37	6.1013	4327.29	10.6007	111.05	74.606	63.152								
2015/01/13 23:40:00		1.38528	114.584	14.5896	72.028	1022.29	1.14479	22.5711	88.04	29.3311	117.371	5.6866	4274.17	10.1257	113.61	75.779	62.433								
2015/01/13 23:45:00		1.63646	102.035	14.588	72.405	1022.19	1.15937	22.547	86.886	28.9854	115.871	5.4721	4222.29	9.9649	105.905	70.724	59.663								
2015/01/13 23:50:00		1.58906	101.093	14.5875	72.53	1022.17	1.12292	22.5336	86.513	28.1158	114.629	5.6104	4178.54	9.7256	104.734	70.311	58.761								
2015/01/13 23:55:00		2.02403	108.102	14.5865	72.855	1022.2	1.18854	22.5961	88.051	27.8317	115.883	5.6294	4134.38	9.8578	103.9	69.566	57.83								
2015/01/14 00:00:00		2.14155	98.37	14.5859	73.334	1022.2	1.14479	22.6428	88.57	27.1162	115.686	5.7343	4101.67	10.3293	99.336	66.499	56.814								
