-- 1st mean values --
Format: XTAB(V:1;HEAD:2;COL:TCFFFFFFFFFFFFFFFFFFFFFFFF)
StartTime: 2015/01/14 00:00:00
EndTime: 2015/01/15 00:00:00
Period: 24 h
Station: Gia Lam

Time	MeasPt	Wind Spd.	Wind Dir.	Temp	RH	Barometer	Radiation	InnerTemp	NO	NO2	NOx	SO2	CO	O3	PM-10	PM-2.5	PM-1	CH4	NMHC	THC	BENZEN	TOLUEN	ETHYL BENZEN	MP-XYLEN	O-XYLEN
		m/s	degree	°C	%	hPa	W/m²	°C	µg/m3	µg/m3	µg/m3	µg/m3	µg/m3	µg/m3	µg/m3	µg/m3	µg/m3	ppm	ppmC	ppmC	ug/m3	ug/m3	ug/m3	ug/m3	ug/m3
2015/01/14 00:05:00		2.29092	101.487	14.4839	73.379	1022.15	1.11563	22.6729	84.458	26.3699	110.828	5.8106	4061.04	10.1792	107.182	71.509	57.96								
2015/01/14 00:10:00		1.57968	118.874	14.4807	73.643	1022.17	1.15208	22.6866	54.705	20.427	75.132	6.0394	4022.71	10.1792	101.652	67.821	56.614								
2015/01/14 00:15:00		1.27435	126.517	14.4625	73.93	1022.22	1.1375	22.6823	0.5226	0.79764	1.32024	5.925	3977.5	10.2757	98.075	66.136	55.843								
2015/01/14 00:20:00		1.76508	101.211	14.3885	73.988	1022.23	1.18854	22.6635	0.437733	0.342333	0.78007	5.9583	3943.13	10.3721	102.441	68.743	56.532								
2015/01/14 00:25:00		1.30524	128.982	14.3922	73.928	1022.22	1.15208	22.6563	0.1876	1.20501	1.39261	5.8964	3900.63	10.3614	102.669	68.45	56.12								
2015/01/14 00:30:00		1.55576	133.437	14.3891	73.886	1022.23	1.15937	22.6509	0.6298	0.0	0.6298	6.1776	3859.38	9.9507	106.546	71.081	58.983								
2015/01/14 00:35:00		1.54637	134.472	14.3469	74.009	1022.22	1.19583	22.6431	0.73253	0.006847	0.73938	6.3397	3816.25	10.0292	103.531	69.766	58.391								
2015/01/14 00:40:00		1.21962	136.627	14.2891	74.137	1022.19	1.16667	22.6444	1.42933	0.208823	1.63816	6.3492	3782.08	10.1471	105.998	70.706	58.203								
2015/01/14 00:45:00		1.25218	138.915	14.1969	74.575	1022.19	1.18854	22.6238	33.6206	5.8813	39.5019	6.2634	3741.46	10.2828	110.268	73.585	58.865								
2015/01/14 00:50:00		1.44224	139.257	14.1677	75.105	1022.21	1.20313	22.6039	88.46	23.6176	112.078	6.2729	3707.5	10.5078	105.738	70.782	57.812								
2015/01/14 00:55:00		1.94962	131.36	14.0974	75.644	1022.21	1.15937	22.5746	82.397	22.5427	104.939	5.9154	3666.46	9.9971	108.507	72.528	58.409								
2015/01/14 01:00:00		1.59318	130.4	14.0078	76.195	1022.14	1.18854	22.5274	84.065	22.9398	107.005	5.944	3631.46	10.0828	107.118	71.622	58.23								
2015/01/14 01:05:00		1.45481	129.604	13.9661	76.559	1022.09	1.17396	22.4987	81.052	22.9637	104.016	6.1252	3592.5	9.9864	107.412	71.619	58.091								
2015/01/14 01:10:00		1.12193	136.782	13.9203	76.832	1022.08	1.15208	22.4579	81.782	23.3129	105.095	6.0394	3560.63	9.8328	109.708	73.187	58.561								
2015/01/14 01:15:00		0.73815	149.001	13.8438	77.199	1022.06	1.18125	22.4305	82.986	23.2547	106.241	5.8773	3520.21	9.7042	110.438	73.729	59.999								
2015/01/14 01:20:00		0.83155	142.775	13.8214	77.559	1022.11	1.20313	22.3899	78.893	23.2034	102.096	5.6628	3486.04	10.0078	111.977	74.654	60.444								
2015/01/14 01:25:00		0.68756	151.764	13.7292	77.874	1022.18	1.18125	22.3583	84.679	24.3536	109.033	5.863	3454.79	10.365	118.117	78.745	62.166								
2015/01/14 01:30:00		0.96629	154.26	13.7234	78.137	1022.21	1.18125	22.3263	85.204	25.2128	110.417	5.9345	3409.58	10.2078	118.455	78.968	63.166								
2015/01/14 01:35:00		1.01648	158.696	13.6578	78.357	1022.18	1.21771	22.297	80.478	22.7138	103.192	5.8773	3379.17	10.2971	132.582	88.433	72.598								
2015/01/14 01:40:00		1.05934	160.802	13.6156	78.537	1022.25	1.17396	22.2836	80.371	23.977	104.348	6.1204	3346.25	10.3614	133.863	90.061	73.393								
2015/01/14 01:45:00		1.19503	152.575	13.6135	78.758	1022.24	1.16667	22.2637	78.276	24.3228	102.599	7.1166	3308.75	10.2257	137.822	92.673	76.134								
2015/01/14 01:50:00		1.49306	163.944	13.612	78.992	1022.24	1.20313	22.2449	76.393	22.659	99.052	9.376	3278.54	10.1757	141.758	94.595	78.638								
2015/01/14 01:55:00		1.42886	164.676	13.5313	79.186	1022.24	1.12292	22.2275	77.427	21.3376	98.765	13.0273	3250.63	10.2507	146.805	98.29	80.978								
2015/01/14 02:00:00		1.25702	165.851	13.5125	79.377	1022.26	1.17396	22.2041	79.212	24.5213	103.733	17.9274	3219.58	9.9292	145.175	96.965	78.978								
2015/01/14 02:05:00		1.14366	163.919	13.5115	79.519	1022.23	1.17396	22.1985	76.492	21.8272	98.319	22.9801	3189.17	10.29	141.687	95.13	78.222								
2015/01/14 02:10:00		1.32744	163.403	13.4953	79.595	1022.22	1.18854	22.1845	75.665	23.4943	99.16	26.6838	3156.25	10.1471	135.732	90.788	73.555								
2015/01/14 02:15:00		1.17031	166.821	13.4141	79.725	1022.22	1.17396	22.1703	76.235	23.8504	100.085	28.0137	3129.79	10.2471	132.335	88.23	71.782								
2015/01/14 02:20:00		0.98737	169.751	13.412	79.927	1022.17	1.18125	22.1419	76.675	22.8987	99.573	26.4073	3105.42	10.5686	128.35	85.583	71.007								
2015/01/14 02:25:00		1.1053	158.623	13.3151	80.076	1022.17	1.18854	22.1185	74.5	22.0463	96.546	25.2729	3079.58	10.0185	127.45	85.02	71.264								
2015/01/14 02:30:00		0.98105	160.289	13.3193	80.305	1022.17	1.21042	22.0986	80.331	23.6313	103.962	24.4149	3046.25	10.74	124.268	84.19	70.908								
2015/01/14 02:35:00		0.99736	165.095	13.3146	80.496	1022.17	1.15937	22.0833	76.824	24.0078	100.832	22.8466	3018.54	10.1542	122.367	83.078	71.121								
2015/01/14 02:40:00		1.06548	176.167	13.2188	80.684	1022.18	1.19583	22.068	74.082	23.0425	97.124	21.5549	2989.58	10.5828	129.408	86.557	72.928								
2015/01/14 02:45:00		0.93511	172.259	13.2167	80.999	1022.2	1.1375	22.0353	79.236	22.7583	101.995	20.5062	2961.04	10.6471	128.99	86.188	72.675								
2015/01/14 02:50:00		0.53135	165.118	13.1516	81.28	1022.17	1.13021	22.031	76.858	23.7785	100.636	19.3956	2937.71	10.34	127.103	85.296	72.725								
2015/01/14 02:55:00		0.57009	124.06	13.1057	81.615	1022.12	1.15208	22.0119	76.132	24.5076	100.64	18.4232	2909.17	10.24	127.797	85.243	72.387								
2015/01/14 03:00:00		0.67425	182.701	13.0078	82.128	1022.12	1.18125	21.991	76.889	23.9873	100.877	17.1314	2880.63	10.3043	122.168	82.24	71.231								
2015/01/14 03:05:00		0.70841	208.518	13.0073	82.614	1022.18	1.19583	21.9663	73.696	22.1866	95.882	16.2686	2851.25	10.1185	123.03	83.715	70.884								
2015/01/14 03:10:00		0.64677	211.16	12.9224	83.207	1022.21	1.19583	21.948	81.414	23.8983	105.312	15.4869	2825.21	10.3364	123.963	84.131	71.976								
2015/01/14 03:15:00		0.60773	218.125	12.9109	83.654	1022.2	1.17396	21.9311	84.395	23.3437	107.739	14.7576	2797.29	10.2007	129.535	87.584	71.87								
2015/01/14 03:20:00		0.81955	218.413	12.9094	84.049	1022.2	1.15937	21.9061	87.716	25.4011	113.118	14.2333	2775.0	10.3007	125.617	84.77	71.103								
2015/01/14 03:25:00		0.60573	225.27	12.9099	84.336	1022.19	1.23229	21.8855	82.368	23.9976	106.365	13.6994	2744.79	10.2078	120.87	82.224	69.079								
2015/01/14 03:30:00		0.0	502.0	12.9047	84.538	1022.26	1.10833	21.8677	85.202	23.4087	108.61	13.0654	2727.71	9.8649	120.772	81.671	69.44								
2015/01/14 03:35:00		0.0	502.0	12.9073	84.481	1022.33	1.09375	21.8535	82.502	23.1349	105.636	12.5792	2701.46	9.6756	121.168	81.935	70.047								
2015/01/14 03:40:00		0.0	502.0	12.8458	84.352	1022.31	1.14479	21.8299	78.631	22.4639	101.095	12.2265	2682.92	10.4757	133.527	89.328	75.084								
2015/01/14 03:45:00		0.0	502.0	12.8089	84.4	1022.38	1.13021	21.8044	78.888	22.0839	100.972	11.645	2658.54	10.2328	131.8	87.877	73.536								
2015/01/14 03:50:00		0.0	502.0	12.7177	84.511	1022.42	1.1375	21.7759	78.381	22.0052	100.386	11.2875	2638.75	10.4793	136.923	91.625	75.992								
2015/01/14 03:55:00		0.0	502.0	12.6385	84.747	1022.45	1.12292	21.7319	78.866	22.7549	101.621	10.6773	2620.21	9.4899	132.768	88.897	75.999								
2015/01/14 04:00:00		0.0	502.0	12.5932	84.976	1022.41	1.18125	21.7096	78.272	22.3338	100.605	10.2674	2603.54	10.5186	130.912	88.823	77.869								
2015/01/14 04:05:00		0.53616	24.0299	12.5266	85.263	1022.44	1.15937	21.6973	78.379	21.8648	100.244	9.9337	2589.58	10.4328	129.867	90.917	79.211								
2015/01/14 04:10:00		0.0	502.0	12.5078	85.601	1022.51	1.15208	21.6562	75.884	22.1695	98.054	9.5572	2567.5	10.2578	133.947	91.609	79.11								
2015/01/14 04:15:00		0.53438	335.362	12.5016	85.851	1022.52	1.15937	21.6124	78.852	22.2277	101.08	9.3331	2555.21	10.4864	133.092	89.891	77.822								
2015/01/14 04:20:00		0.427275	310.429	12.5052	86.019	1022.58	1.17396	21.5859	76.985	21.6765	98.662	8.8803	2534.17	10.5221	131.595	91.406	78.6								
2015/01/14 04:25:00		0.58378	18.9322	12.4995	86.213	1022.62	1.13021	21.5534	75.027	21.6526	96.679	8.8851	2517.5	11.0365	143.665	96.8	81.758								
2015/01/14 04:30:00		0.59873	52.293	12.5063	86.368	1022.61	1.1375	21.5182	80.342	21.5396	101.882	8.6896	2507.5	10.9222	143.917	96.743	81.751								
2015/01/14 04:35:00		0.68651	67.486	12.5115	86.524	1022.65	1.18125	21.4844	78.884	21.7108	100.594	8.4942	2492.08	11.0043	153.928	102.652	83.038								
2015/01/14 04:40:00		0.57636	57.329	12.5083	86.669	1022.7	1.15937	21.4621	86.671	21.1904	107.862	8.5657	2476.88	10.5078	169.717	114.885	87.649								
2015/01/14 04:45:00		0.74915	57.469	12.5359	86.946	1022.7	1.225	21.4495	78.332	23.3882	101.72	8.2702	2462.92	10.7436	150.882	104.238	82.822								
2015/01/14 04:50:00		0.60788	55.752	12.6016	87.104	1022.7	1.14479	21.4441	74.821	21.8169	96.638	7.8602	2441.67	11.3329	143.968	99.453	80.545								
2015/01/14 04:55:00		0.71713	55.037	12.6042	87.122	1022.75	1.21771	21.4167	75.851	21.6047	97.455	8.1796	2427.92	11.1436	133.988	93.356	78.071								
2015/01/14 05:00:00		0.74902	45.28	12.6828	87.076	1022.74	1.18854	21.4078	74.455	21.4369	95.892	7.9842	2413.75	11.0293	129.843	90.971	77.571								
2015/01/14 05:05:00		0.79044	53.448	12.7167	86.971	1022.73	1.19583	21.381	73.691	20.9919	94.683	8.2654	2394.38	11.2508	131.508	91.806	78.853								
2015/01/14 05:10:00		0.79329	62.817	12.7198	86.86	1022.77	1.14479	21.3786	71.811	20.6187	92.429	8.6372	2379.38	11.4722	143.038	98.496	84.184								
2015/01/14 05:15:00		0.87226	57.172	12.7172	86.712	1022.87	1.18125	21.3654	70.055	21.1733	91.229	8.9137	2363.13	11.2615	152.26	104.727	88.14								
2015/01/14 05:20:00		0.63066	58.367	12.7193	86.574	1022.97	1.18854	21.3528	72.027	21.8101	93.837	9.0042	2345.0	11.4865	154.362	103.585	86.868								
2015/01/14 05:25:00		0.7362	56.274	12.7198	86.527	1023.01	1.13021	21.3474	74.781	22.6077	97.389	9.6239	2327.71	11.2615	158.36	105.888	88.432								
2015/01/14 05:30:00		0.73307	53.182	12.712	86.451	1023.04	1.15937	21.3445	89.644	23.508	113.152	10.1053	2312.71	11.0114	174.478	116.575	91.975								
2015/01/14 05:35:00		0.53722	48.7769	12.713	86.451	1023.12	1.15208	21.3276	97.125	24.1721	121.298	11.1349	2312.71	11.4115	280.163	186.883	111.915								
2015/01/14 05:40:00		0.59062	104.4	12.7156	86.341	1023.2	1.14479	21.3147	107.441	25.6134	133.055	11.8356	2304.58	11.0793	185.293	125.633	107.747								
2015/01/14 05:45:00		0.55441	34.1576	12.6609	86.22	1023.27	1.11563	21.3115	112.125	25.8119	137.936	12.3314	2288.96	11.4579	196.752	131.165	110.428								
2015/01/14 05:50:00		0.481348	54.206	12.6016	86.087	1023.29	1.20313	21.2803	108.69	25.4148	134.104	12.727	2288.75	11.1293	185.517	124.015	105.82								
2015/01/14 05:55:00		0.5177	86.223	12.5948	85.927	1023.38	1.17396	21.1813	112.933	27.4243	140.357	12.87	2287.08	11.3615	173.828	116.733	99.887								
2015/01/14 06:00:00		0.431451	54.564	12.5078	85.744	1023.4	1.13021	21.1158	105.27	25.8188	131.089	12.7222	2285.0	11.5436	180.523	120.68	102.042								
2015/01/14 06:05:00		0.85069	53.908	12.5005	85.598	1023.39	1.16667	21.0688	115.376	25.9215	141.298	13.0702	2290.83	11.7258	172.532	115.202	97.731								
2015/01/14 06:10:00		0.87358	55.113	12.5057	85.387	1023.42	1.17396	21.0102	111.164	27.5065	138.671	13.2656	2298.96	11.7186	164.825	110.097	92.625								
2015/01/14 06:15:00		0.89837	54.641	12.5026	84.976	1023.42	1.21771	20.9673	94.423	23.9017	118.325	12.7794	2298.33	11.5722	147.138	100.334	87.283								
2015/01/14 06:20:00		0.64373	35.998	12.5047	84.591	1023.41	1.11563	20.927	82.944	23.419	106.363	13.1083	2285.83	12.0222	162.772	109.357	91.629								
2015/01/14 06:25:00		0.435006	45.2807	12.5021	84.36	1023.42	1.21042	20.8978	111.289	25.1683	136.458	14.8386	2286.25	12.1722	171.012	114.013	93.686								
2015/01/14 06:30:00		0.443348	71.333	12.5031	84.12	1023.46	1.19583	20.8701	123.528	28.8758	152.404	15.9636	2293.54	11.7472	168.46	112.305	94.246								
2015/01/14 06:35:00		0.51308	40.9183	12.4219	83.935	1023.49	1.10833	20.8398	113.719	26.7088	140.428	15.8921	2306.04	11.8722	179.872	119.92	98.776								
2015/01/14 06:40:00		0.60013	69.382	12.4063	83.852	1023.52	1.1375	20.8129	121.125	26.435	147.56	15.8921	2316.25	11.8615	176.62	117.743	98.179								
2015/01/14 06:45:00		0.68497	54.764	12.4052	83.855	1023.55	1.14479	20.7925	129.1	26.6061	155.706	16.7596	2323.13	11.5151	192.818	128.538	102.866								
2015/01/14 06:50:00		1.09595	52.918	12.3651	83.806	1023.63	1.12292	20.7541	142.199	30.0397	172.238	18.1705	2336.46	12.1722	151.035	102.206	88.347								
2015/01/14 06:55:00		1.20647	51.932	12.3109	83.282	1023.69	1.17396	20.7227	98.859	25.5826	124.441	18.223	2351.46	11.9758	141.098	97.929	85.836								
2015/01/14 07:00:00		1.37325	59.71	12.2323	82.722	1023.78	3.13542	20.6843	86.725	23.7305	110.455	20.9352	2341.25	11.7686	140.107	96.228	81.156								
2015/01/14 07:05:00		1.30083	60.514	12.212	82.064	1023.86	6.4313	20.6572	87.122	22.9295	110.052	23.6713	2329.58	12.0437	143.492	95.998	78.912								
2015/01/14 07:10:00		1.01284	56.878	12.1375	81.564	1023.96	7.7438	20.6159	88.424	22.2825	110.707	25.4111	2317.92	12.0579	149.388	99.739	80.481								
2015/01/14 07:15:00		0.62357	75.213	12.1156	81.421	1024.04	17.1135	20.5901	92.487	21.4232	113.91	25.8258	2310.63	11.9508	186.12	124.077	89.233								
2015/01/14 07:20:00		1.16324	56.704	12.2094	81.433	1024.15	23.7563	20.5595	116.62	26.0344	142.655	27.0604	2306.88	11.9079	159.927	106.809	87.743								
2015/01/14 07:25:00		0.9136	66.497	12.2167	81.242	1024.23	37.3698	20.5066	96.178	23.9223	120.101	26.5408	2310.63	12.0865	151.265	101.112	86.511								
2015/01/14 07:30:00		1.30976	64.423	12.2229	81.136	1024.31	41.2125	20.4583	92.08	23.217	115.297	26.0308	2304.79	12.1079	156.413	104.43	89.578								
2015/01/14 07:35:00		1.17203	61.146	12.2109	81.067	1024.37	56.277	20.44	90.772	21.923	112.695	25.4254	2302.92	12.4937	170.445	114.063	92.397								
2015/01/14 07:40:00		0.75167	60.282	12.212	81.338	1024.49	74.025	20.4172	111.664	23.5252	135.19	25.5684	2309.38	11.9937	210.122	140.08	100.8								
2015/01/14 07:45:00		0.89812	55.759	12.2964	81.28	1024.54	94.843	20.4014	121.379	26.8492	148.229	26.0022	2319.17	11.9008	188.482	125.653	99.768								
2015/01/14 07:50:00		1.32776	56.23	12.3104	81.458	1024.59	110.746	20.3796	109.147	23.5594	132.707	25.1775	2331.04	12.1472	200.91	133.945	102.093								
2015/01/14 07:55:00		0.67077	53.501	12.4094	81.257	1024.65	128.64	20.3657	108.375	25.4593	133.834	25.454	2344.38	12.3115	211.32	140.875	103.049								
2015/01/14 08:00:00		0.60426	26.8086	12.513	81.302	1024.7	153.993	20.353	119.722	26.0584	145.781	26.0737	2374.58	12.2651	218.378	145.588	104.735								
2015/01/14 08:05:00		0.471598	0.59945	12.6411	80.978	1024.73	168.131	20.3573	116.428	28.7628	145.191	26.9603	2399.17	11.8829	222.558	148.375	114.462								
2015/01/14 08:10:00		0.454851	12.1866	12.7729	80.608	1024.82	184.217	20.356	112.176	28.5129	140.689	26.9555	2420.21	12.1365	205.185	137.015	110.103								
2015/01/14 08:15:00		0.79556	6.4105	12.8078	80.242	1024.91	210.86	20.3552	103.604	26.9656	130.57	27.3797	2430.21	12.1794	193.8	129.708	106.69								
2015/01/14 08:20:00		0.70018	42.5893	12.8198	80.088	1024.94	213.784	20.3654	97.012	27.0478	124.059	28.1662	2446.04	12.4365	192.72	128.482	104.863								
2015/01/14 08:25:00		0.6463	61.523	12.9089	80.006	1024.99	222.031	20.3753	101.909	30.1904	132.1	28.6667	2457.08	11.9722	175.233	116.823	98.01								
2015/01/14 08:30:00		0.52667	18.2736	12.9901	79.076	1025.0	232.575	20.4027	98.343	32.241	130.584	30.9976	2466.25	11.7222	172.227	114.967	94.88								
2015/01/14 08:35:00		0.69134	54.671	13.0047	77.928	1025.08	238.722	20.4116	91.372	30.6765	122.049	33.972	2463.54	11.9865	140.873	94.457	83.973								
2015/01/14 08:40:00		0.74254	65.263	13.1042	77.265	1025.14	241.325	20.4258	83.701	26.6061	110.307	35.1542	2461.46	11.6865	153.848	102.633	87.615								
2015/01/14 08:45:00		0.57145	26.6406	13.2495	77.22	1025.2	262.048	20.4416	84.608	30.6696	115.277	33.4572	2457.08	11.5829	156.362	104.232	86.977								
2015/01/14 08:50:00		0.54964	67.42	13.3797	76.809	1025.27	282.756	20.4591	88.458	34.0724	122.53	33.5764	2457.5	11.8401	151.878	101.335	84.708								
2015/01/14 08:55:00		0.5025	17.6928	13.487	75.703	1025.34	296.078	20.4803	84.409	30.632	115.041	34.6346	2448.96	11.7508	141.767	94.937	82.955								
2015/01/14 09:00:00		0.54842	63.341	13.562	74.93	1025.36	302.502	20.5058	82.551	28.2288	110.78	37.0703	2445.21	11.9544	147.43	98.643	83.368								
2015/01/14 09:05:00		0.71261	56.971	13.6943	74.143	1025.41	311.675	20.5353	83.154	29.1908	112.344	38.7196	2436.88	11.9079	144.825	96.545	80.038								
2015/01/14 09:10:00		0.61593	27.6274	13.8219	73.344	1025.45	330.575	20.563	84.679	30.9264	115.605	39.7588	2430.83	11.5472	137.155	91.52	76.215								
2015/01/14 09:15:00		0.52353	54.271	13.937	72.158	1025.52	352.202	20.5885	85.173	30.3342	115.507	40.4166	2414.79	11.6543	124.143	82.871	70.487								
2015/01/14 09:20:00		0.62339	48.9438	14.013	70.432	1025.59	370.067	20.6145	81.233	27.8112	109.044	42.3995	2403.75	11.5901	123.197	82.353	68.898								
2015/01/14 09:25:00		1.18461	49.2124	14.1214	69.301	1025.63	385.168	20.6392	81.919	27.2326	109.151	43.1336	2393.13	11.7401	118.983	79.423	67.913								
2015/01/14 09:30:00		1.11961	53.687	14.2312	68.451	1025.66	393.225	20.6736	79.846	27.4312	107.277	42.819	2384.17	11.9222	118.895	79.263	66.058								
2015/01/14 09:35:00		1.14471	59.386	14.3604	67.692	1025.7	402.617	20.6994	83.844	29.2729	113.117	43.1669	2373.75	11.9758	116.475	77.826	65.966								
2015/01/14 09:40:00		0.87564	9.8946	14.4995	67.398	1025.72	415.341	20.7268	78.345	27.1505	105.496	41.3365	2360.42	11.2758	119.3	79.997	67.459								
2015/01/14 09:45:00		1.19453	57.415	14.6536	67.16	1025.71	442.874	20.7609	79.757	29.8754	109.632	39.6968	2347.92	11.4043	115.168	77.346	64.933								
2015/01/14 09:50:00		0.90014	60.334	14.7589	70.835	1025.73	430.617	20.7982	78.687	28.222	106.909	39.3965	2337.71	11.4615	113.87	75.946	65.473								
2015/01/14 09:55:00		1.18922	50.486	14.8854	64.756	1025.71	448.591	20.8247	76.644	26.209	102.853	38.4479	2318.75	11.6008	118.878	79.791	67.734								
2015/01/14 10:00:00		1.22335	61.405	14.9656	63.056	1025.73	464.516	20.8551	75.723	27.1094	102.833	36.9655	2311.88	11.5936	121.582	81.136	68.972								
2015/01/14 10:05:00		1.0929	57.141	15.0094	62.75	1025.71	461.628	20.8929	75.706	27.8762	103.582	36.4126	2297.71	11.4793	122.275	82.208	68.257								
2015/01/14 10:10:00		1.28839	68.155	15.1354	62.045	1025.66	493.719	20.9249	78.403	32.3334	110.737	36.384	2284.58	11.7079	133.352	75.38	64.777								
2015/01/14 10:15:00		1.20461	55.986	15.2661	61.714	1025.62	500.11	20.9568	74.01	28.4239	102.434	35.7405	2277.08	11.7222	116.925	76.34	67.128								
2015/01/14 10:20:00		0.55414	48.9198	15.3302	62.743	1025.55	509.05	21.0027	72.177	27.5886	99.766	34.3915	2269.79	11.5901	124.977	83.488	71.808								
2015/01/14 10:25:00		0.373238	28.0743	15.512	62.902	1025.49	509.45	21.057	72.594	27.2292	99.824	33.8767	2256.67	11.2722	120.678	81.188	70.473								
2015/01/14 10:30:00		0.92741	17.7123	15.6542	61.809	1025.41	515.63	21.0911	72.146	27.3935	99.539	34.0006	2237.08	11.5508	126.39	80.609	69.671								
2015/01/14 10:35:00		0.76695	33.1954	15.6953	60.466	1025.35	529.91	21.1241	71.764	25.8085	97.572	34.3962	2220.21	11.1579	126.928	77.073	68.016								
2015/01/14 10:40:00		1.36489	51.158	15.7734	59.582	1025.28	543.99	21.174	70.714	26.6472	97.361	35.383	2205.0	10.9472	128.232	78.102	69.169								
2015/01/14 10:45:00		1.51984	60.923	15.8005	59.163	1025.25	545.52	21.2256	70.761	25.3019	96.063	34.687	2191.46	11.2829	124.822	75.207	65.721								
2015/01/14 10:50:00		0.82115	43.332	15.8813	58.251	1025.2	559.02	21.2921	70.52	27.729	98.249	34.5964	2178.33	11.4793	110.69	69.089	61.568								
2015/01/14 10:55:00		0.78951	343.274	15.9656	58.783	1025.12	566.15	21.3534	68.644	24.0352	92.679	33.9291	2155.42	11.1293	129.318	77.325	67.251								
2015/01/14 11:00:00		0.75218	41.3099	16.1359	58.47	1025.04	562.97	21.4097	68.286	26.0653	94.352	32.8852	2131.67	11.6258	124.468	76.478	67.522								
2015/01/14 11:05:00		0.72388	55.804	16.2745	58.058	1024.95	579.82	21.4616	67.154	26.6438	93.798	32.5945	2122.08	11.1793	125.832	75.61	65.819								
2015/01/14 11:10:00		1.29636	52.292	16.3979	57.297	1024.89	595.0	21.5252	66.433	28.1946	94.627	33.3571	2107.29	11.2758	112.293	71.572	63.88								
2015/01/14 11:15:00		0.84414	62.284	16.4005	57.48	1024.77	597.72	21.5851	65.45	26.4555	91.906	32.8995	2092.92	11.34	134.303	77.334	68.026								
2015/01/14 11:20:00		0.6675	23.8546	16.4823	57.967	1024.66	577.93	21.6495	68.552	30.4814	99.034	32.2894	2082.92	11.6043	133.592	76.597	67.044								
2015/01/14 11:25:00		0.440242	0.449219	16.6542	57.52	1024.56	588.98	21.7064	65.35	29.047	94.397	32.1798	2069.79	10.9793	116.214	71.155	63.228								
2015/01/14 11:30:00		0.352114	18.6246	16.7573	57.351	1024.48	610.79	21.7864	64.814	26.298	91.112	32.0415	2047.92	10.6936	128.974	76.158	67.804								
2015/01/14 11:35:00		0.457947	45.4865	16.8937	56.604	1024.38	618.57	21.8562	64.863	28.489	93.352	32.7041	2035.0	10.8472	114.222	71.894	64.447								
2015/01/14 11:40:00		0.465821	3.42778	16.9156	56.615	1024.28	647.37	21.9225	62.772	22.1558	84.928	32.2894	2027.08	10.74	113.705	70.665	62.199								
2015/01/14 11:45:00		0.55248	358.939	17.0573	56.591	1024.22	661.54	21.9904	62.247	23.0972	85.345	32.3371	2010.0	10.6186	109.842	68.373	59.683								
2015/01/14 11:50:00		1.29345	313.632	17.2552	56.136	1024.19	662.69	22.1083	62.685	25.3121	87.997	32.4229	1997.29	10.3328	117.788	70.208	61.878								
2015/01/14 11:55:00		1.07568	313.336	17.3484	55.709	1024.1	664.56	22.2957	61.441	23.3574	84.799	30.4066	1979.79	10.6829	105.488	68.504	61.179								
2015/01/14 12:00:00		0.55828	8.9295	17.4682	55.409	1024.01	348.301	22.4272	61.336	23.0972	84.433	30.7307	1967.5	10.6436	114.44	69.049	60.737								
2015/01/14 12:05:00		0.436329	301.443	17.5167	54.986	1023.92	367.682	22.5403	60.957	26.168	87.125	31.5696	1953.75	10.3543	125.175	73.493	63.677								
2015/01/14 12:10:00		0.351654	282.197	17.6057	54.864	1023.81	371.248	22.634	60.557	29.5776	90.134	30.969	1941.67	10.3507	109.065	70.782	63.585								
2015/01/14 12:15:00		1.55866	283.492	17.563	54.499	1023.67	293.519	22.722	59.402	25.2608	84.663	28.8097	1927.5	10.1507	106.865	69.79	63.067								
2015/01/14 12:20:00		1.17806	286.254	17.5	55.017	1023.55	395.857	22.8208	59.125	22.1832	81.308	25.1823	1915.0	10.0542	113.818	72.15	64.313								
2015/01/14 12:25:00		0.296931	27.123	17.6094	54.88	1023.43	313.768	22.9169	59.188	25.4662	84.654	25.8925	1912.92	10.24	121.017	72.638	64.597								
2015/01/14 12:30:00		0.427854	13.2105	17.7099	53.977	1023.31	364.015	22.9932	58.676	29.7316	88.408	27.0604	1894.38	10.7686	108.785	71.263	63.737								
2015/01/14 12:35:00		0.75197	23.9223	17.7089	53.661	1023.17	648.92	23.0874	57.645	24.1037	81.748	26.6647	1883.75	10.3435	100.12	70.651	64.478								
2015/01/14 12:40:00		0.56478	59.315	17.7724	53.226	1023.02	593.84	23.1918	57.234	20.9371	78.171	25.8496	1868.96	10.7329	97.628	69.252	63.2								
2015/01/14 12:45:00		0.73671	22.8021	17.7974	53.406	1022.85	359.815	23.2858	56.573	19.6602	76.233	25.454	1855.83	10.4614	106.244	72.927	65.711								
2015/01/14 12:50:00		0.90796	309.6	17.9115	53.943	1022.76	404.09	23.3731	57.169	22.9569	80.126	25.5398	1847.92	10.2685	111.007	73.226	66.168								
2015/01/14 12:55:00		0.43673	29.8784	17.9948	53.412	1022.63	261.559	23.4448	55.192	24.5145	79.707	22.3366	1835.42	9.9649	96.894	70.934	65.494								
2015/01/14 13:00:00		0.429315	349.947	17.9099	52.982	1022.48	248.325	23.5366	55.927	25.0554	80.983	21.6264	1819.38	9.6542	118.466	74.665	66.213								
2015/01/14 13:05:00		0.67014	327.486	18.0083	52.371	1022.35	571.66	23.6024	56.606	30.656	87.262	22.1173	1801.88	10.4578	100.492	70.109	64.028								
2015/01/14 13:10:00		0.178839	344.981	18.1995	51.937	1022.24	515.24	23.6469	56.716	27.4106	84.126	22.1459	1799.79	10.3935	110.096	72.894	65.128								
2015/01/14 13:15:00		2.35117	292.068	18.3911	50.237	1022.08	625.31	23.7331	55.025	24.624	79.649	19.51	1789.58	10.2007	80.556	61.45	56.542								
2015/01/14 13:20:00		1.52613	302.769	18.5115	50.121	1021.97	650.79	23.7978	53.66	20.0573	73.718	15.4678	1765.83	10.4828	86.329	62.193	57.552								
2015/01/14 13:25:00		0.91489	277.527	18.8224	49.4964	1021.86	643.27	23.8969	53.406	20.0607	73.466	16.731	1756.04	9.5685	85.159	62.642	56.702								
2015/01/14 13:30:00		0.68053	345.917	19.1979	48.7021	1021.8	656.07	24.0174	54.449	27.4962	81.945	16.8502	1744.79	9.9435	110.206	64.444	57.403								
2015/01/14 13:35:00		0.72197	30.3728	19.3115	48.3932	1021.71	643.28	24.1734	53.537	24.5008	78.038	15.6776	1730.21	9.9578	92.78	63.463	57.397								
2015/01/14 13:40:00		0.50453	346.406	19.4427	47.9292	1021.66	603.03	24.3189	53.133	25.1923	78.326	16.1781	1714.58	10.2364	83.732	59.978	54.683								
2015/01/14 13:45:00		0.74415	27.1463	19.6167	46.6734	1021.57	594.5	24.4982	52.823	22.9089	75.732	16.3592	1705.83	9.9614	85.852	58.502	53.669								
2015/01/14 13:50:00		0.88643	49.1774	19.6688	45.6427	1021.5	577.87	24.6961	52.68	25.319	77.999	14.9912	1694.38	10.3364	76.238	56.24	51.327								
2015/01/14 13:55:00		1.38874	335.765	19.6104	46.4182	1021.44	572.61	24.8939	51.985	22.6453	74.631	13.4658	1683.33	10.5364	85.446	57.532	51.857								
2015/01/14 14:00:00		1.03741	324.16	19.7188	44.8302	1021.35	550.48	25.0623	52.07	28.7423	80.812	14.6241	1680.63	10.9936	73.447	56.037	51.117								
2015/01/14 14:05:00		0.64305	354.756	19.7516	44.9891	1021.25	541.64	25.2247	50.54	21.4883	72.029	13.6231	1664.38	9.6935	80.393	55.741	50.247								
2015/01/14 14:10:00		0.52266	100.473	19.8797	44.3875	1020.87	517.32	25.414	45.8414	26.1235	71.965	13.4515	1659.38	9.6435	86.871	55.75	49.4683								
2015/01/14 14:15:00		1.30565	309.492	19.9839	44.1516	1020.71	542.65	25.5713	35.74	60.401	96.141	13.0416	1746.04	10.0542	91.143	56.809	49.5642								
2015/01/14 14:20:00		1.35476	296.325	20.2354	43.3724	1020.7	543.17	25.7404	23.0123	59.131	82.144	12.8319	1692.08	10.4507	94.586	55.164	48.6667								
2015/01/14 14:25:00		2.24	285.446	20.3818	41.9432	1020.68	532.74	25.8793	17.851	64.461	82.312	12.4934	1722.29	11.1007	84.507	53.329	47.2767								
2015/01/14 14:30:00		1.38618	318.445	20.3255	42.6036	1020.61	506.43	25.9979	10.4006	53.674	64.075	11.2207	1597.29	13.2795	80.675	53.332	46.8617								
2015/01/14 14:35:00		1.10069	320.507	20.3474	41.6432	1020.52	493.639	26.0967	6.5258	48.0191	54.545	10.3866	1453.75	15.2689	69.192	50.324	45.7458								
2015/01/14 14:40:00		1.31361	298.543	20.3031	41.9724	1020.44	493.332	26.2291	2.7939	39.964	42.7579	9.7669	1256.25	18.2834	80.455	52.512	46.5317								
2015/01/14 14:45:00		0.497512	284.727	20.4625	41.2516	1020.43	478.129	26.3193	2.82963	42.4664	45.2961	10.2817	1190.63	19.337	88.18	52.73	45.655								
2015/01/14 14:50:00		1.34101	289.411	20.5839	40.5286	1020.43	473.12	26.4057	5.532	64.523	70.055	10.7393	1321.25	17.2619	85.773	51.235	44.375								
2015/01/14 14:55:00		1.20055	310.181	20.5948	40.1609	1020.44	456.276	26.5058	3.07753	54.256	57.334	9.6906	1369.58	17.5083	83.346	49.7617	44.0692								
2015/01/14 15:00:00		1.50087	307.176	20.5875	41.4068	1020.46	436.771	26.5735	3.51303	57.413	60.926	10.4819	1393.96	18.1226	83.008	49.7433	43.8567								
2015/01/14 15:05:00		1.05558	290.513	20.3568	41.2724	1020.47	414.313	26.639	1.9899	43.538	45.5278	9.1377	1306.25	20.6442	72.069	50.292	43.9558								
2015/01/14 15:10:00		1.72771	289.625	19.9578	42.7089	1020.47	409.989	26.6779	1.79783	38.0127	39.8105	9.5095	1176.04	23.3801	78.61	52.272	46.5583								
2015/01/14 15:15:00		1.18577	291.356	19.7156	44.125	1020.51	391.322	26.693	1.8492	41.7031	43.5522	9.8861	1164.79	24.3623	89.947	56.485	49.3617								
2015/01/14 15:20:00		1.55024	297.017	19.563	44.963	1020.52	377.563	26.6608	1.31767	43.6441	44.9617	10.4438	1193.54	24.7195	94.488	57.616	50.427								
2015/01/14 15:25:00		0.93628	264.385	19.4495	45.2224	1020.52	352.02	26.6028	1.3601	38.8719	40.2321	10.7012	1172.29	26.3803	85.844	56.874	50.471								
2015/01/14 15:30:00		1.65296	278.261	19.3516	45.2615	1020.53	342.708	26.5389	1.55663	35.9381	37.4948	10.3675	1119.79	28.034	84.322	55.961	50.656								
2015/01/14 15:35:00		1.53221	300.812	19.2536	45.9089	1020.54	328.424	26.4736	2.30033	32.419	34.7193	9.6144	1035.63	29.0912	88.627	58.869	52.496								
2015/01/14 15:40:00		1.33092	300.164	19.2531	46.3724	1020.54	306.709	26.3867	1.78443	40.4741	42.2585	10.2245	1077.92	28.4483	97.357	60.687	53.876								
2015/01/14 15:45:00		0.6079	254.472	19.3151	45.976	1020.53	156.064	26.3053	2.12613	48.8989	51.025	10.5153	1206.46	26.4768	88.08	58.729	52.824								
2015/01/14 15:50:00		0.5054	271.537	19.3219	46.3036	1020.54	131.09	26.2175	2.3718	43.9214	46.2932	10.6249	1277.92	26.6875	104.584	61.333	53.347								
2015/01/14 15:55:00		1.7893	281.235	19.4083	45.963	1020.55	128.253	26.1388	3.1088	62.246	65.355	10.5248	1563.33	22.5658	110.919	62.432	53.393								
2015/01/14 16:00:00		1.56602	294.404	19.4099	45.8714	1020.53	123.127	26.0623	1.80677	49.83	51.637	10.3484	1587.08	24.4838	97.234	60.837	53.574								
2015/01/14 16:05:00		1.6863	293.149	19.4099	46.4458	1020.56	117.935	25.9968	1.87377	53.435	55.309	10.1673	1506.25	25.8339	102.308	63.327	55.198								
2015/01/14 16:10:00		1.31814	304.191	19.4068	46.6427	1020.58	114.377	25.9397	2.24897	55.42	57.669	10.4676	1485.42	26.191	94.13	63.623	56.137								
2015/01/14 16:15:00		1.25753	303.081	19.4104	46.2339	1020.58	111.161	25.8656	2.1306	49.7582	51.889	10.3103	1556.46	27.309	96.532	61.972	54.469								
2015/01/14 16:20:00		1.17432	305.773	19.3839	46.3797	1020.6	102.842	25.8143	1.90503	47.218	49.1231	9.8098	1511.46	28.3055	99.948	63.748	55.578								
2015/01/14 16:25:00		0.96295	316.359	19.3104	46.2177	1020.59	93.917	25.7667	1.29087	48.6148	49.9056	9.7335	1475.42	28.7305	93.823	62.779	55.577								
2015/01/14 16:30:00		0.80308	297.382	19.3125	46.3646	1020.59	85.881	25.7155	1.90727	46.3314	48.2387	9.5047	1414.79	29.3162	96.535	62.609	56.008								
2015/01/14 16:35:00		1.01381	314.509	19.3094	46.5599	1020.58	79.355	25.6768	1.96757	48.3066	50.274	9.662	1362.29	29.4448	120.172	66.138	57.344								
2015/01/14 16:40:00		1.23764	299.116	19.313	46.4021	1020.61	73.084	25.6322	4.95353	68.494	73.448	9.7431	1496.25	26.2303	112.34	64.595	55.977								
2015/01/14 16:45:00		1.28909	315.505	19.3135	45.7396	1020.59	65.997	25.589	3.5912	65.93	69.521	9.9862	1799.79	23.348	100.039	61.466	55.606								
2015/01/14 16:50:00		0.94715	318.069	19.2359	45.5052	1020.6	58.537	25.5568	1.64373	49.4672	51.111	9.9242	1674.38	26.7625	93.982	62.601	56.198								
2015/01/14 16:55:00		0.63583	315.323	19.2083	46.0401	1020.59	52.23	25.523	1.407	50.607	52.014	10.0958	1548.54	28.6055	97.047	65.31	57.689								
2015/01/14 17:00:00		0.95356	326.755	19.1573	45.9078	1020.6	46.2583	25.4849	1.54547	56.444	57.989	9.5524	1476.46	28.284	100.41	64.03	57.092								
2015/01/14 17:05:00		0.97856	317.568	19.1135	46.3526	1020.6	39.8563	25.4473	5.9675	67.601	73.568	9.7192	1536.04	25.6839	136.773	73.277	62.55								
2015/01/14 17:10:00		0.69885	320.579	19.1234	46.6151	1020.58	33.6948	25.4153	5.3935	81.927	87.321	9.7478	1909.79	20.3406	159.64	75.394	63.056								
2015/01/14 17:15:00		0.61918	320.473	19.1531	46.4823	1020.56	28.1677	25.3732	9.954	91.451	101.405	10.2102	2121.46	17.6262	127.097	70.711	61.086								
2015/01/14 17:20:00		0.0	502.0	19.1161	47.1437	1020.52	22.2542	25.3275	14.5814	95.155	109.736	10.0767	2476.46	14.5938	168.417	80.079	65.813								
2015/01/14 17:25:00		0.71114	333.296	19.1156	46.9604	1020.53	16.8	25.2907	20.5645	112.131	132.696	10.3437	3200.42	10.1114	142.955	72.908	61.89								
2015/01/14 17:30:00		0.64571	310.095	19.0375	47.7521	1020.55	12.0021	25.2674	20.6673	113.994	134.661	10.6821	3522.08	8.6041	212.325	87.709	68.886								
2015/01/14 17:35:00		0.488315	344.304	19.0161	47.8182	1020.54	5.374	25.2274	65.097	129.279	194.376	12.1216	4417.08	7.7934	189.585	86.877	70.454								
2015/01/14 17:40:00		0.64149	339.546	18.9703	47.9068	1020.58	1.15937	25.1952	57.348	130.398	187.746	12.0692	4787.29	7.7648	173.382	84.896	70.802								
2015/01/14 17:45:00		0.57038	349.238	18.8578	48.1521	1020.6	1.16667	25.1694	31.49	112.73	144.22	11.8642	4432.29	8.9899	164.352	83.306	71.184								
2015/01/14 17:50:00		0.78598	335.789	18.7911	48.9906	1020.57	1.10833	25.1146	27.8162	114.374	142.19	11.7069	4176.46	8.3827	231.395	103.28	83.662								
2015/01/14 17:55:00		0.0	502.0	18.7151	49.4224	1020.59	1.10833	25.0089	75.842	133.828	209.67	12.155	4433.75	8.1434	229.585	101.773	81.983								
2015/01/14 18:00:00		0.67967	344.882	18.6182	49.6516	1020.83	1.15937	24.9082	60.986	131.61	192.596	12.3314	4635.42	8.422	227.45	101.317	80.1								
2015/01/14 18:05:00		0.80593	338.871	18.5167	50.269	1021.07	1.17396	24.8488	61.767	117.828	179.595	12.2742	4690.42	8.0577	242.678	107.558	82.975								
2015/01/14 18:10:00		0.5227	334.49	18.4359	50.759	1021.04	1.16667	24.8126	64.07	115.277	179.347	12.1931	4696.67	8.197	235.828	106.03	83.193								
2015/01/14 18:15:00		0.38486	24.431	18.3021	51.419	1021.02	1.12292	24.7723	57.399	109.15	166.548	11.7212	4681.88	8.3256	260.858	101.713	80.807								
2015/01/14 18:20:00		0.0	502.0	18.2089	52.02	1021.04	1.14479	24.7356	60.249	106.883	167.132	12.8509	4675.63	8.0898	238.825	99.873	80.658								
2015/01/14 18:25:00		0.64104	327.548	18.1167	52.202	1021.09	1.14479	24.7162	57.287	103.576	160.864	12.8414	4670.63	8.1541	223.51	99.307	80.81								
2015/01/14 18:30:00		0.450866	354.462	18.1047	52.584	1021.1	1.16667	24.6931	54.475	99.52	153.995	13.0082	4662.5	8.1327	240.303	104.125	85.865								
2015/01/14 18:35:00		0.56096	86.607	18.0083	53.202	1021.13	1.14479	24.6687	57.939	96.928	154.868	12.9272	4654.58	8.0077	246.53	108.113	88.326								
2015/01/14 18:40:00		0.56266	58.206	17.9193	53.902	1021.18	1.18854	24.6429	53.944	93.46	147.404	12.3552	4648.96	8.1113	217.283	104.61	85.638								
2015/01/14 18:45:00		0.53133	112.543	17.7797	54.576	1021.23	1.08646	24.6142	48.4321	88.99	137.422	11.9882	4638.96	8.0041	212.55	105.207	87.776								
2015/01/14 18:50:00		0.56087	62.208	17.6583	55.197	1021.27	1.1375	24.578	44.9235	81.475	126.399	11.8928	4623.33	7.9934	210.687	112.033	95.302								
2015/01/14 18:55:00		0.0	502.0	17.5615	55.672	1021.34	1.18125	24.5452	44.0391	74.981	119.02	11.2446	4596.04	7.6041	214.322	112.407	96.053								
2015/01/14 19:00:00		0.52491	132.299	17.4547	56.01	1021.41	1.06458	24.5208	43.7108	72.715	116.426	10.7059	4573.13	8.0005	211.925	110.87	93.882								
2015/01/14 19:05:00		0.5482	161.593	17.3411	56.848	1021.49	1.20313	24.4802	42.679	70.373	113.052	10.9538	4542.08	7.8362	210.727	105.673	88.488								
2015/01/14 19:10:00		0.6428	161.331	17.2245	57.645	1021.53	1.13021	24.4421	42.3418	66.32	108.662	10.7393	4516.46	7.9755	202.033	102.183	85.818								
2015/01/14 19:15:00		0.58023	157.698	17.1099	58.408	1021.55	1.15937	24.3984	41.9197	64.218	106.138	10.2674	4487.92	7.9148	211.708	111.033	93.792								
2015/01/14 19:20:00		0.57001	157.06	17.0063	58.987	1021.58	1.10833	24.3589	41.9241	63.804	105.728	9.8718	4454.79	8.2791	208.467	113.368	96.278								
2015/01/14 19:25:00		0.50625	184.5	16.9099	59.682	1021.64	1.15937	24.3165	42.2413	63.054	105.296	9.9099	4423.13	8.4434	204.475	111.743	94.524								
2015/01/14 19:30:00		0.50229	223.266	16.8448	59.997	1021.69	1.12292	24.2754	43.9833	62.373	106.356	9.7812	4410.0	7.9148	224.212	115.957	97.683								
2015/01/14 19:35:00		0.61556	215.543	16.8047	60.395	1021.72	1.15937	24.2451	49.8703	64.475	114.345	9.8336	4405.83	8.0005	231.003	122.768	102.425								
2015/01/14 19:40:00		0.75023	205.655	16.751	60.734	1021.71	1.18125	24.2088	54.261	63.034	117.295	9.8718	4397.29	8.047	239.007	121.74	101.271								
2015/01/14 19:45:00		0.90743	202.286	16.7026	60.694	1021.72	1.12292	24.1857	51.469	61.634	113.103	9.9719	4377.08	7.8791	219.527	112.742	94.455								
2015/01/14 19:50:00		0.9883	211.393	16.675	60.829	1021.76	1.23229	24.1618	45.0106	58.738	103.748	9.7383	4359.79	8.1113	213.63	110.048	93.088								
2015/01/14 19:55:00		0.92582	221.338	16.5969	61.381	1021.73	1.09375	24.1385	41.578	55.681	97.258	9.3617	4335.63	8.097	239.332	114.715	95.319								
2015/01/14 20:00:00		0.74389	203.133	16.599	61.727	1021.79	1.13021	24.1138	46.0022	54.708	100.71	9.3284	4321.67	7.8434	229.903	115.567	96.27								
2015/01/14 20:05:00		0.98518	211.059	16.5781	61.752	1021.82	1.18125	24.084	44.9056	56.04	100.946	9.4475	4300.21	8.2434	228.902	114.548	96.141								
2015/01/14 20:10:00		1.18336	214.972	16.4969	61.966	1021.87	1.18125	24.0488	42.7326	53.096	95.828	9.4809	4281.88	8.5291	235.852	123.8	104.967								
2015/01/14 20:15:00		1.04074	212.345	16.4943	61.716	1021.86	1.20313	24.0265	41.8192	51.573	93.392	9.2426	4268.13	8.5613	254.878	132.777	114.238								
2015/01/14 20:20:00		1.25993	218.865	16.4948	62.25	1021.88	1.20313	24.0061	41.6829	51.394	93.077	9.3379	4256.25	9.1399	235.06	128.27	110.748								
2015/01/14 20:25:00		0.76487	200.642	16.4974	62.849	1021.94	1.15937	23.9787	41.9844	50.029	92.013	9.1663	4235.42	8.8077	223.465	124.957	106.68								
2015/01/14 20:30:00		0.97763	210.085	16.4979	63.376	1022.0	1.15937	23.9506	41.8661	50.176	92.042	8.8612	4217.29	8.6506	246.53	126.465	107.133								
2015/01/14 20:35:00		0.81082	208.098	16.501	64.126	1022.09	1.17396	23.9197	43.2016	49.2618	92.463	8.9041	4193.75	8.6041	204.582	127.19	108.145								
2015/01/14 20:40:00		0.78375	206.635	16.4948	65.019	1022.13	1.20313	23.902	42.5584	50.296	92.854	8.6467	4171.67	8.7434	195.958	130.63	110.363								
2015/01/14 20:45:00		0.72955	228.903	16.4943	65.278	1022.14	1.09375	23.8816	43.9364	49.3473	93.284	8.3226	4156.88	8.7649	193.722	129.202	109.413								
2015/01/14 20:50:00		0.70394	223.455	16.4932	65.238	1022.2	1.19583	23.8569	43.4964	49.4706	92.967	8.4465	4135.0	8.5934	186.022	124.017	105.267								
2015/01/14 20:55:00		0.74574	230.99	16.3979	65.156	1022.21	1.18854	23.8292	42.3217	47.9335	90.255	8.4942	4112.08	8.872	213.563	142.367	105.457								
2015/01/14 21:00:00		0.55173	256.773	16.3937	65.065	1022.29	1.15937	23.8104	41.4194	47.1154	88.535	8.6467	4095.63	8.7577	178.257	118.863	100.937								
2015/01/14 21:05:00		0.63751	279.389	16.3281	64.999	1022.32	1.19583	23.7868	42.3105	46.0849	88.395	8.6372	4078.96	8.6041	182.165	121.44	100.857								
2015/01/14 21:10:00		0.5947	274.803	16.3458	64.79	1022.36	1.20313	23.7658	47.9854	49.1248	97.11	8.9566	4072.29	8.8399	189.172	126.12	103.932								
2015/01/14 21:15:00		0.51031	297.279	16.3917	64.877	1022.4	1.1375	23.7449	62.178	51.812	113.99	10.0291	4072.29	8.9149	213.425	142.273	110.993								
2015/01/14 21:20:00		0.85091	90.162	16.4328	65.433	1022.45	1.14479	23.7328	90.283	54.972	145.254	10.725	4078.13	8.8506	259.15	172.772	125.223								
2015/01/14 21:25:00		0.54768	131.802	16.4625	65.641	1022.45	1.14479	23.7143	114.396	57.444	171.839	12.0358	4110.42	8.9827	220.958	147.307	117.56								
2015/01/14 21:30:00		0.86013	133.614	16.3161	66.449	1022.44	1.18125	23.6866	75.69	50.035	125.725	10.7536	4129.79	8.9577	213.507	142.34	116.97								
2015/01/14 21:35:00		1.06191	124.883	16.1875	67.811	1022.45	1.17396	23.6649	60.309	46.2835	106.592	9.5905	4137.71	8.9077	222.09	148.052	120.722								
2015/01/14 21:40:00		0.74971	130.317	16.0677	68.341	1022.51	1.13021	23.6477	61.325	45.1058	106.431	8.8517	4154.79	9.2185	226.698	151.132	121.995								
2015/01/14 21:45:00		0.73783	123.22	15.9448	68.868	1022.5	1.15937	23.623	64.731	44.921	109.652	9.0614	4169.58	8.897	234.042	156.03	125.012								
2015/01/14 21:50:00		0.68873	112.64	15.8276	69.314	1022.53	1.20313	23.5862	67.536	46.6874	114.223	8.947	4190.42	8.8756	237.373	158.247	126.323								
2015/01/14 21:55:00		0.0	502.0	15.724	69.851	1022.53	1.13021	23.5495	70.547	46.4067	116.953	9.0805	4207.08	8.847	251.508	167.672	129.735								
2015/01/14 22:00:00		0.0	502.0	15.6984	70.685	1022.54	1.12292	23.5172	88.422	47.7692	136.191	9.2807	4235.21	9.0577	281.617	187.743	137.765								
2015/01/14 22:05:00		0.0	502.0	15.6589	71.455	1022.57	1.15937	23.4821	121.496	51.631	173.126	10.5677	4277.29	9.1399	287.46	191.643	139.77								
2015/01/14 22:10:00		0.0	502.0	15.6599	71.843	1022.57	1.10104	23.4439	133.339	51.295	184.634	11.0205	4330.42	9.4435	267.96	178.645	135.102								
2015/01/14 22:15:00		0.5959	335.756	15.5901	72.204	1022.62	1.15937	23.4082	121.429	49.3405	170.769	10.3008	4388.33	9.4935	273.977	182.65	138.833								
2015/01/14 22:20:00		0.55215	318.708	15.5964	72.833	1022.62	1.19583	23.3741	130.786	51.199	181.986	10.5725	4445.21	9.5471	273.755	182.513	137.47								
2015/01/14 22:25:00		0.68026	325.562	15.5938	72.712	1022.65	1.1375	23.3288	131.503	50.344	181.847	10.2293	4496.67	9.6006	268.757	179.185	136.682								
2015/01/14 22:30:00		0.74972	317.462	15.5922	72.443	1022.65	1.15208	23.278	122.668	50.398	173.066	9.7097	4545.63	9.2899	262.605	175.065	137.537								
2015/01/14 22:35:00		0.70205	312.848	15.4917	72.729	1022.67	1.05729	23.2472	109.266	48.0978	157.364	9.0281	4598.54	9.022	265.463	176.968	137.833								
2015/01/14 22:40:00		0.75435	318.703	15.4901	73.057	1022.74	1.15937	23.223	104.844	47.331	152.175	8.8088	4648.13	8.7613	260.472	173.642	136.737								
2015/01/14 22:45:00		1.0049	315.733	15.4375	73.216	1022.75	1.18854	23.1921	100.86	46.7045	147.564	8.4656	4677.71	9.6614	255.25	170.168	135.56								
2015/01/14 22:50:00		0.72936	327.221	15.3849	73.361	1022.75	1.13021	23.1639	94.928	44.9552	139.883	7.8698	4714.79	9.3613	240.753	160.62	132.572								
2015/01/14 22:55:00		0.9301	321.097	15.2818	73.666	1022.75	1.09375	23.143	89.159	42.0009	131.16	7.722	4731.88	9.2042	241.118	160.74	132.083								
2015/01/14 23:00:00		0.8322	320.452	15.1906	74.265	1022.68	1.14479	23.1151	94.899	41.792	136.691	7.5885	4750.0	9.3006	238.167	158.773	132.363								
2015/01/14 23:05:00		0.94844	320.483	15.0833	74.726	1022.66	1.18854	23.0898	92.424	40.789	133.213	7.6076	4755.21	9.2649	236.742	157.957	133.15								
2015/01/14 23:10:00		1.16962	324.288	14.9922	75.341	1022.64	1.21042	23.0616	87.475	40.4467	127.922	7.1452	4754.17	9.5506	238.442	159.24	135.112								
2015/01/14 23:15:00		1.1736	313.133	14.8927	76.093	1022.61	1.21042	23.0278	84.022	38.6083	122.631	6.9069	4753.54	9.5149	239.007	159.97	136.78								
2015/01/14 23:20:00		0.93422	322.164	14.8448	76.62	1022.57	1.17396	22.9942	82.459	37.3931	119.852	6.5256	4738.13	9.4863	239.862	160.815	139.193								
2015/01/14 23:25:00		0.65	333.255	14.7875	77.047	1022.52	1.11563	22.9712	83.781	35.921	119.702	6.5208	4724.17	9.3685	241.133	161.677	139.417								
2015/01/14 23:30:00		0.84087	320.755	14.7354	77.375	1022.51	1.1375	22.9341	87.929	36.0648	123.993	6.1824	4707.5	9.9007	239.612	160.742	139.002								
2015/01/14 23:35:00		0.81638	310.924	14.6875	77.678	1022.47	1.06458	22.8989	85.905	35.3904	121.296	6.1919	4679.58	9.6292	234.647	159.598	138.557								
2015/01/14 23:40:00		0.56361	304.174	14.6917	77.979	1022.47	1.1375	22.8732	83.703	34.5962	118.299	5.8535	4653.54	9.8364	237.958	160.08	137.482								
2015/01/14 23:45:00		0.85615	311.411	14.6495	78.186	1022.44	1.1375	22.8514	85.039	33.5487	118.587	5.8296	4630.83	9.7114	234.367	160.55	138.79								
2015/01/14 23:50:00		0.84033	323.712	14.5849	78.318	1022.4	1.18125	22.8487	81.863	33.3022	115.165	5.5341	4591.25	9.6506	233.518	158.912	138.213								
2015/01/14 23:55:00		0.6541	331.027	14.5823	78.49	1022.37	1.13021	22.8836	83.603	32.5764	116.179	5.4864	4561.04	9.4363	236.908	162.865	140.547								
2015/01/15 00:00:00		0.74005	322.362	14.5891	78.607	1022.35	1.24688	22.9207	84.838	34.2025	119.04	5.5246	4526.04	9.0077	231.482	158.947	138.647								
