-- 1st mean values --
Format: XTAB(V:1;HEAD:2;COL:TCFFFFFFFFFFFFFFFFFFFFFFFF)
StartTime: 2015/01/22 00:00:00
EndTime: 2015/01/23 00:00:00
Period: 24 h
Station: Gia Lam

Time	MeasPt	Wind Spd.	Wind Dir.	Temp	RH	Barometer	Radiation	InnerTemp	NO	NO2	NOx	SO2	CO	O3	PM-10	PM-2.5	PM-1	CH4	NMHC	THC	BENZEN	TOLUEN	ETHYL BENZEN	MP-XYLEN	O-XYLEN
		m/s	degree	°C	%	hPa	W/m²	°C	µg/m3	µg/m3	µg/m3	µg/m3	µg/m3	µg/m3	µg/m3	µg/m3	µg/m3	ppm	ppmC	ppmC	ug/m3	ug/m3	ug/m3	ug/m3	ug/m3
2015/01/22 00:05:00		0.85462	157.555	17.7078	80.067	1021.38	1.12292	24.5694	37.9041	70.182	108.086	2.52633	1985.0	12.6401	240.387	172.162	149.61								
2015/01/22 00:10:00		1.05734	151.331	17.6125	80.296	1021.3	1.1375	24.7133	18.7823	39.8613	58.644	2.59307	1981.67	11.8401	248.9	172.822	148.952								
2015/01/22 00:15:00		1.01892	139.121	17.613	80.574	1021.31	1.225	24.7788	0.011167	2.15328	2.16444	2.64073	1979.17	10.1007	255.397	174.128	148.362								
2015/01/22 00:20:00		1.26783	128.431	17.5167	80.79	1021.34	1.12292	24.4394	0.65213	0.92772	1.57986	2.44053	1975.0	7.2683	268.628	180.083	152.278								
2015/01/22 00:25:00		1.2889	126.878	17.5109	80.986	1021.34	1.20313	24.2531	0.9045	0.126663	1.03116	2.05443	1984.38	14.7796	274.82	183.573	153.002								
2015/01/22 00:30:00		1.14662	129.065	17.5068	81.119	1021.32	1.16667	24.2905	1.06083	0.013693	1.07453	2.15453	1981.04	11.7544	278.905	185.945	153.552								
2015/01/22 00:35:00		1.16961	134.785	17.5125	81.182	1021.29	1.16667	24.3796	1.85367	0.0	1.85367	2.14023	1975.63	10.4686	277.25	185.212	153.92								
2015/01/22 00:40:00		0.86435	136.309	17.5104	81.222	1021.26	1.14479	24.4625	2.52367	0.0	2.52367	2.0735	1971.04	10.2221	275.628	184.715	152.825								
2015/01/22 00:45:00		0.86622	117.885	17.5115	81.306	1021.21	1.13021	24.5323	24.2473	19.4103	43.6576	2.32613	1970.0	10.2828	269.177	180.033	152.44								
2015/01/22 00:50:00		1.0488	119.289	17.4349	81.322	1021.16	1.17396	24.5823	44.1575	50.696	94.854	2.42147	1966.25	10.7043	257.055	177.22	152.323								
2015/01/22 00:55:00		1.14197	127.907	17.4109	81.326	1021.11	1.16667	24.626	40.966	48.5874	89.553	2.18313	1962.92	10.0292	258.293	179.822	155.23								
2015/01/22 01:00:00		1.1799	125.439	17.3844	81.416	1021.13	1.18125	24.6556	40.7762	47.6186	88.395	2.29753	1965.83	9.6685	265.89	182.913	157.797								
2015/01/22 01:05:00		1.18103	128.088	17.3094	81.428	1021.15	1.15208	24.6792	41.1447	47.0914	88.236	2.24033	1962.5	9.6614	264.723	184.448	159.905								
2015/01/22 01:10:00		1.22472	131.943	17.3099	81.428	1021.14	1.15208	24.6832	39.5881	44.3561	83.944	2.32137	1958.13	9.7292	282.55	189.287	161.385								
2015/01/22 01:15:00		1.333	134.847	17.3109	81.432	1021.11	1.18125	24.6854	45.091	43.9727	89.064	1.98293	1948.54	9.8292	279.937	188.947	162.26								
2015/01/22 01:20:00		1.45709	130.207	17.2979	81.37	1021.05	1.21042	24.6966	44.1887	43.4079	87.597	2.39287	1952.71	9.4292	281.173	190.965	162.03								
2015/01/22 01:25:00		1.25572	136.726	17.212	81.255	1020.96	1.16667	24.7103	40.832	42.9012	83.733	2.20697	1952.08	9.4828	265.27	188.797	161.687								
2015/01/22 01:30:00		1.25209	130.92	17.2104	81.226	1020.89	1.19583	24.7093	39.8829	42.2097	82.093	2.1021	1952.29	9.6542	273.368	187.35	160.707								
2015/01/22 01:35:00		1.25784	127.279	17.2141	81.206	1020.85	1.16667	24.7144	41.3457	41.6209	82.967	2.3023	1940.0	9.5864	269.047	186.47	159.92								
2015/01/22 01:40:00		1.0713	131.284	17.213	81.225	1020.79	1.18125	24.7372	41.6561	40.1933	81.849	2.29753	1945.0	9.2328	268.918	184.652	159.785								
2015/01/22 01:45:00		1.21941	128.725	17.1271	81.131	1020.81	1.16667	24.7474	43.311	39.851	83.162	2.12593	1936.67	9.4292	270.035	184.007	158.505								
2015/01/22 01:50:00		1.1987	126.689	17.1099	81.134	1020.79	1.15937	24.757	43.885	38.9644	82.849	2.43577	1941.46	10.0292	271.428	184.815	157.482								
2015/01/22 01:55:00		1.12023	130.214	17.1109	81.221	1020.77	1.18854	24.7578	43.6148	38.67	82.285	2.3738	1934.79	9.5899	267.025	183.785	158.135								
2015/01/22 02:00:00		1.24564	129.924	17.1094	81.144	1020.74	1.16667	24.7766	43.1971	37.1397	80.337	2.27847	1932.08	9.6721	265.023	185.697	159.347								
2015/01/22 02:05:00		0.8815	134.831	17.05	81.184	1020.67	1.21042	24.7801	42.5562	35.7464	78.303	2.2594	1929.79	9.3328	275.022	188.675	160.158								
2015/01/22 02:10:00		1.11513	126.515	17.0089	81.243	1020.6	1.16667	24.7858	43.7443	35.2672	79.011	2.3595	1934.79	9.2649	276.178	188.97	160.855								
2015/01/22 02:15:00		0.93523	128.515	17.0115	81.395	1020.57	1.20313	24.7812	43.6237	35.0892	78.713	2.21173	1925.63	9.197	265.5	187.677	161.235								
2015/01/22 02:20:00		1.11153	128.604	16.9521	81.443	1020.52	1.17396	24.7871	43.3244	33.6103	76.935	2.288	1919.58	9.4756	261.157	185.823	160.787								
2015/01/22 02:25:00		0.96188	124.445	16.9078	81.614	1020.45	1.12292	24.7807	41.9085	32.0937	74.002	2.39763	1910.42	9.3042	261.08	186.863	160.907								
2015/01/22 02:30:00		0.77475	128.742	16.9094	81.816	1020.42	1.18854	24.7909	43.3222	32.0219	75.344	2.18313	1912.29	9.2649	264.18	187.218	160.895								
2015/01/22 02:35:00		0.72953	128.8	16.825	81.951	1020.39	1.13021	24.7965	43.3602	31.5255	74.886	2.145	1907.71	9.1899	262.492	185.768	159.99								
2015/01/22 02:40:00		0.72003	134.314	16.8021	82.044	1020.34	1.12292	24.7989	43.885	32.4395	76.325	2.0878	1900.21	9.4078	266.072	186.835	160.867								
2015/01/22 02:45:00		0.58562	118.416	16.7672	82.239	1020.31	1.17396	24.7941	45.589	32.0424	77.631	2.4167	1900.21	9.3613	269.672	185.212	160.023								
2015/01/22 02:50:00		0.0	502.0	16.7083	82.371	1020.31	1.18125	24.7981	47.4382	31.392	78.83	2.53587	1895.83	8.8577	269.238	186.15	160.975								
2015/01/22 02:55:00		0.63684	94.419	16.6828	82.511	1020.28	1.10104	24.7922	47.264	30.7347	77.999	2.39287	1891.25	8.8149	253.77	183.813	159.997								
2015/01/22 03:00:00		0.66903	124.313	16.599	82.803	1020.24	1.14479	24.7844	44.5059	29.8001	74.306	2.26417	1885.83	9.1935	259.29	183.962	159.433								
2015/01/22 03:05:00		0.59316	124.008	16.6005	83.063	1020.23	1.15208	24.7828	44.4366	29.6255	74.062	2.16407	1885.83	9.5578	261.322	183.17	158.57								
2015/01/22 03:10:00		0.57608	135.81	16.6068	83.294	1020.24	1.14479	24.7675	49.9507	30.5396	80.49	2.40717	1887.29	9.2399	263.257	184.577	159.007								
2015/01/22 03:15:00		0.62295	147.932	16.601	83.385	1020.2	1.05	24.7584	49.0239	30.6251	79.649	2.31183	1882.08	9.0756	259.512	181.185	158.188								
2015/01/22 03:20:00		0.58191	102.271	16.5974	83.511	1020.18	1.07917	24.756	46.2546	28.7183	74.973	2.19267	1872.29	9.2078	240.242	179.74	157.235								
2015/01/22 03:25:00		0.54609	107.037	16.4995	83.692	1020.11	1.10833	24.7482	46.2702	28.2048	74.475	2.19743	1875.63	9.5256	241.65	180.303	157.052								
2015/01/22 03:30:00		0.83267	82.144	16.5031	83.835	1020.08	1.13021	24.7407	48.1529	28.578	76.731	2.0878	1865.83	8.9363	252.923	181.732	157.007								
2015/01/22 03:35:00		0.71079	91.497	16.5016	83.938	1020.11	1.11563	24.724	52.783	29.8378	82.62	2.2451	1866.25	9.0935	247.995	179.118	156.01								
2015/01/22 03:40:00		0.63866	99.877	16.4995	84.037	1020.16	1.10833	24.7213	51.353	28.8792	80.232	2.28323	1861.04	9.1685	233.885	175.45	153.95								
2015/01/22 03:45:00		0.78124	91.73	16.499	84.135	1020.16	1.11563	24.7044	48.5125	28.3589	76.871	2.2022	1862.08	9.1292	249.575	175.032	153.188								
2015/01/22 03:50:00		0.73986	65.217	16.5016	84.261	1020.17	1.09375	24.6891	49.9262	27.7427	77.669	2.145	1852.92	8.9792	209.17	169.158	151.078								
2015/01/22 03:55:00		0.72096	70.318	16.4453	84.361	1020.16	1.08646	24.6685	47.9206	27.1847	75.105	2.04967	1856.67	8.8899	209.5	169.555	150.643								
2015/01/22 04:00:00		0.7383	66.794	16.3995	84.498	1020.18	1.10833	24.6612	47.8871	27.0341	74.921	2.05443	1849.38	9.0792	204.202	166.998	148.707								
2015/01/22 04:05:00		0.86086	69.584	16.4026	84.552	1020.24	1.13021	24.6494	46.6923	25.7845	72.477	1.95433	1844.38	9.0363	204.092	165.69	146.822								
2015/01/22 04:10:00		0.62099	72.724	16.362	84.66	1020.28	1.18125	24.6306	46.0089	23.6723	69.681	2.002	1839.58	9.3006	203.708	165.54	146.7								
2015/01/22 04:15:00		0.78898	60.223	16.3026	84.784	1020.28	1.10104	24.6035	45.8995	23.6655	69.565	1.74937	1832.29	9.0006	206.51	165.045	145.922								
2015/01/22 04:20:00		0.74528	62.825	16.301	84.885	1020.3	1.11563	24.5659	45.4997	23.6039	69.104	1.8018	1832.08	8.8863	202.213	165.262	147.553								
2015/01/22 04:25:00		0.57146	70.88	16.3005	84.963	1020.3	1.15937	24.5409	45.9821	22.3509	68.333	1.9877	1825.63	8.972	196.782	164.533	146.543								
2015/01/22 04:30:00		0.619	62.438	16.2755	85.02	1020.33	1.19583	24.5202	46.2925	22.9671	69.26	1.7303	1819.79	9.0435	196.01	161.462	144.108								
2015/01/22 04:35:00		0.56725	55.195	16.2036	85.046	1020.35	1.18854	24.5194	45.5846	23.2752	68.86	1.69217	1809.79	9.1077	191.315	157.298	141.188								
2015/01/22 04:40:00		0.72455	73.949	16.2052	85.118	1020.38	1.16667	24.5183	45.4483	22.2756	67.724	1.8876	1810.42	9.2006	197.263	159.705	142.938								
2015/01/22 04:45:00		0.70573	58.221	16.2052	85.21	1020.4	1.18125	24.5012	46.1697	20.8412	67.011	1.8733	1808.13	9.1613	213.852	163.077	144.052								
2015/01/22 04:50:00		0.77356	59.69	16.2073	85.213	1020.43	1.21771	24.4931	46.7638	24.0832	70.847	1.80657	1802.71	8.8577	213.74	162.743	142.958								
2015/01/22 04:55:00		0.86779	62.779	16.2062	85.311	1020.5	1.16667	24.4869	46.938	23.2513	70.189	1.6874	1803.13	9.2042	220.155	162.85	142.093								
2015/01/22 05:00:00		0.0	502.0	16.2068	85.273	1020.56	1.10104	24.4684	45.7186	21.5328	67.251	1.58253	1799.38	9.5042	220.25	162.24	140.978								
2015/01/22 05:05:00		0.64008	84.962	16.2068	85.216	1020.6	1.12292	24.459	46.3729	21.7964	68.169	1.8447	1798.54	9.1077	224.298	162.573	142.273								
2015/01/22 05:10:00		0.0	502.0	16.2	85.309	1020.63	1.225	24.4507	48.8408	23.6073	72.448	1.92573	1790.63	9.4292	229.137	163.367	143.385								
2015/01/22 05:15:00		0.0	502.0	16.2036	85.319	1020.68	1.16667	24.4585	51.469	24.5624	76.032	1.63973	1793.54	9.247	231.302	165.127	144.138								
2015/01/22 05:20:00		0.0	502.0	16.2016	85.324	1020.74	1.14479	24.4394	52.959	25.408	78.367	2.06873	1789.79	9.3649	231.27	166.217	145.028								
2015/01/22 05:25:00		0.54843	97.304	16.2026	85.32	1020.77	1.18125	24.4445	56.89	25.8325	82.722	1.89713	1795.21	9.3863	235.23	168.778	147.125								
2015/01/22 05:30:00		0.0	502.0	16.2	85.318	1020.79	1.10833	24.4418	61.58	26.0687	87.648	2.11163	1799.17	8.9827	233.452	167.978	147.045								
2015/01/22 05:35:00		0.0	502.0	16.199	85.319	1020.83	1.16667	24.4279	62.567	26.9896	89.556	2.24033	1808.75	8.8042	232.16	167.968	146.958								
2015/01/22 05:40:00		0.0	502.0	16.1958	85.253	1020.85	1.16667	24.43	59.123	26.4932	85.616	2.0735	1812.5	9.072	228.835	173.433	154.278								
2015/01/22 05:45:00		0.5311	34.5259	16.1057	85.211	1020.89	1.12292	24.4316	54.498	24.915	79.413	1.99247	1818.13	9.322	222.892	183.787	164.783								
2015/01/22 05:50:00		0.66491	4.17246	16.0943	85.214	1020.92	1.19583	24.4123	60.26	25.1204	85.38	2.10687	1825.63	9.2149	237.82	194.787	175.897								
2015/01/22 05:55:00		0.469294	44.672	16.0094	85.284	1020.92	1.1375	24.3208	64.128	24.6548	88.783	2.46913	1838.75	9.3221	254.457	201.75	181.253								
2015/01/22 06:00:00		0.5745	8.6706	15.9937	85.436	1020.96	1.12292	24.2609	64.152	24.9253	89.078	2.39763	1852.71	9.3971	250.735	200.743	179.368								
2015/01/22 06:05:00		0.67671	22.676	15.9932	85.557	1020.99	1.17396	24.2021	63.467	24.8979	88.365	2.42623	1870.42	9.3399	248.682	203.907	182.99								
2015/01/22 06:10:00		0.67879	356.737	15.9922	85.705	1021.04	1.20313	24.1769	63.335	24.1208	87.456	2.4024	1878.54	9.3435	246.572	198.328	177.518								
2015/01/22 06:15:00		0.6372	26.5323	15.9964	85.866	1021.12	1.12292	24.1583	71.605	26.2296	97.835	2.5454	1894.58	9.3113	257.737	200.943	179.188								
2015/01/22 06:20:00		0.57947	18.757	15.9948	85.853	1021.2	1.15937	24.1377	71.288	26.1166	97.405	2.90767	1902.71	9.8042	259.147	208.683	186.67								
2015/01/22 06:25:00		0.64452	324.797	15.9953	85.825	1021.24	1.18854	24.1081	68.492	25.2847	93.777	2.69317	1920.83	9.6471	280.252	220.5	188.25								
2015/01/22 06:30:00		0.68776	34.1726	15.9969	85.784	1021.33	1.17396	24.0915	65.709	24.5385	90.248	2.72177	1937.92	9.5471	254.207	210.36	183.462								
2015/01/22 06:35:00		0.63437	41.5946	15.9234	85.59	1021.39	1.1375	24.0719	65.568	23.734	89.302	2.4453	1948.33	9.7078	222.28	191.265	173.155								
2015/01/22 06:40:00		0.382512	28.493	15.813	85.474	1021.48	1.16667	24.0539	60.744	24.0181	84.763	2.29277	1953.96	9.7292	241.605	192.497	171.533								
2015/01/22 06:45:00		0.60175	42.8971	15.8281	85.557	1021.54	1.18854	24.0464	65.182	24.6309	89.813	2.25463	1961.25	9.7328	255.598	192.153	168.317								
2015/01/22 06:50:00		0.75086	19.681	15.8885	85.589	1021.58	1.11563	24.0292	70.08	24.4186	94.498	2.48343	1977.5	9.6328	231.2	186.08	164.448								
2015/01/22 06:55:00		0.5781	25.1826	15.8047	85.29	1021.62	1.1375	24.019	68.63	24.8705	93.501	2.3738	1986.46	9.6399	223.042	180.645	159.76								
2015/01/22 07:00:00		0.78781	315.851	15.7932	85.118	1021.72	1.52396	23.9957	64.389	24.7541	89.143	2.1164	1996.25	9.5935	243.353	186.825	160.338								
2015/01/22 07:05:00		0.80612	334.451	15.7411	85.011	1021.82	1.94687	23.9707	67.188	24.9219	92.109	1.91143	2001.04	9.3149	235.648	187.917	159.955								
2015/01/22 07:10:00		0.0	502.0	15.7469	85.013	1021.86	3.65313	23.9532	66.004	24.2851	90.289	2.1021	2009.79	9.6756	278.408	197.853	161.127								
2015/01/22 07:15:00		0.81093	336.48	15.7932	85.122	1021.92	5.9938	23.9264	71.438	25.5757	97.013	2.1021	2031.67	9.5471	284.218	195.855	158.202								
2015/01/22 07:20:00		0.3949	296.549	15.8844	85.117	1021.98	9.3552	23.9103	78.971	26.1337	105.104	2.22127	2055.83	9.2756	272.003	185.227	153.098								
2015/01/22 07:25:00		0.0	502.0	15.9286	85.065	1022.04	12.4396	23.8928	79.185	25.9352	105.12	2.46913	2078.75	9.3542	280.478	187.648	152.675								
2015/01/22 07:30:00		0.57779	353.67	15.9953	84.985	1022.08	12.6583	23.877	82.481	25.6716	108.153	2.37857	2109.38	9.6721	282.853	192.572	156.072								
2015/01/22 07:35:00		0.60474	350.572	16.0536	84.719	1022.11	15.5385	23.8767	86.151	26.5582	112.709	2.55493	2136.25	9.5471	265.512	187.295	156.162								
2015/01/22 07:40:00		0.53252	17.7038	16.0146	84.452	1022.17	18.375	23.8719	78.444	25.5723	104.016	2.32137	2165.21	9.3292	292.757	200.707	162.97								
2015/01/22 07:45:00		0.66647	18.6825	16.0792	84.289	1022.22	23.4792	23.8676	79.35	25.8975	105.248	1.96863	2189.58	9.1077	283.003	197.1	162.67								
2015/01/22 07:50:00		0.73341	17.5179	16.0495	84.061	1022.26	40.126	23.8695	79.83	24.737	104.568	2.32137	2225.21	9.1435	255.373	186.717	160.343								
2015/01/22 07:55:00		0.63673	22.8302	15.9943	83.707	1022.32	55.832	23.8808	73.838	25.2265	99.065	2.07827	2246.25	9.2078	267.01	191.375	162.328								
2015/01/22 08:00:00		0.70734	6.7416	15.9641	83.679	1022.33	66.201	23.8856	76.856	24.9013	101.757	1.9877	2278.54	9.1042	248.182	179.918	154.928								
2015/01/22 08:05:00		0.71902	14.9446	15.9307	83.59	1022.34	68.265	23.8934	74.129	25.7195	99.848	1.81133	2293.54	9.4613	271.128	182.742	152.782								
2015/01/22 08:10:00		0.59562	6.5023	16.0224	83.693	1022.41	79.61	23.8936	78.303	26.3083	104.611	1.9591	2327.92	9.1935	276.675	185.922	153.2								
2015/01/22 08:15:00		0.426094	354.329	16.0958	83.496	1022.48	94.245	23.8936	82.097	26.8321	108.929	2.16407	2369.79	9.6399	270.137	185.565	156.102								
2015/01/22 08:20:00		0.72933	5.8546	16.1563	83.116	1022.53	112.489	23.8993	79.35	27.6674	107.018	2.35473	2401.04	9.6399	258.67	182.543	156.48								
2015/01/22 08:25:00		0.31941	26.0719	16.2026	82.739	1022.57	135.042	23.9103	76.389	28.5951	104.984	2.1164	2426.25	9.3256	286.032	194.505	163.105								
2015/01/22 08:30:00		0.58024	65.805	16.2807	82.483	1022.61	145.505	23.9175	85.494	32.33	117.824	2.3738	2465.21	9.8578	285.567	195.648	166.112								
2015/01/22 08:35:00		0.7121	73.883	16.3641	82.048	1022.63	153.854	23.9299	79.895	33.2474	113.143	2.79327	2492.92	9.6864	290.978	197.538	168.26								
2015/01/22 08:40:00		0.367936	17.4378	16.4854	81.732	1022.67	163.523	23.9473	82.312	33.1208	115.432	2.82187	2524.58	9.6435	281.727	194.027	166.758								
2015/01/22 08:45:00		0.70505	352.868	16.574	81.107	1022.7	181.49	23.9651	76.123	32.3779	108.501	2.8314	2549.58	9.6435	275.005	191.407	164.992								
2015/01/22 08:50:00		0.401108	30.5444	16.5969	80.847	1022.79	189.868	23.9814	73.249	33.1789	106.428	2.4882	2573.33	9.3149	268.305	189.895	163.93								
2015/01/22 08:55:00		0.52927	46.8554	16.675	80.588	1022.82	202.3	23.9975	73.836	32.1896	106.026	2.66457	2596.25	9.0756	271.273	190.438	163.745								
2015/01/22 09:00:00		0.53569	319.713	16.7193	80.355	1022.87	203.554	24.0102	73.093	30.0569	103.149	2.68363	2614.58	9.6399	275.427	188.98	164.603								
2015/01/22 09:05:00		0.7178	309.831	16.8156	80.249	1022.98	208.717	24.0308	70.004	29.9884	99.992	2.74083	2625.0	10.115	269.215	188.087	163.8								
2015/01/22 09:10:00		0.675	191.7	16.9052	79.964	1023.05	219.683	24.0633	69.262	29.1976	98.46	2.9315	2637.5	9.6435	294.025	199.933	165.432								
2015/01/22 09:15:00		0.5521	311.556	17.0318	80.083	1023.13	240.931	24.0934	77.381	30.1493	107.53	3.289	2650.0	9.5649	280.257	193.253	163.908								
2015/01/22 09:20:00		0.90737	316.315	17.1646	79.519	1023.21	254.581	24.1202	77.159	31.3714	108.531	3.85623	2669.79	9.6971	244.752	185.153	161.513								
2015/01/22 09:25:00		0.83647	312.192	17.2047	78.935	1023.29	269.318	24.153	70.848	30.6388	101.487	4.18036	2682.92	9.7114	246.763	183.157	158.788								
2015/01/22 09:30:00		0.64308	262.032	17.2203	78.605	1023.39	280.401	24.1876	67.534	27.2634	94.797	4.32813	2690.63	9.8435	247.117	183.853	160.092								
2015/01/22 09:35:00		0.95135	318.488	17.3234	78.607	1023.42	296.311	24.2169	65.573	25.3224	90.895	4.5331	2689.58	9.7435	262.248	191.558	165.23								
2015/01/22 09:40:00		0.493419	327.277	17.4536	78.651	1023.42	306.33	24.2539	71.471	28.5746	100.046	4.90013	2695.42	9.5685	264.593	191.587	165.308								
2015/01/22 09:45:00		0.92403	308.933	17.6167	78.364	1023.41	314.388	24.2813	72.204	30.1116	102.315	5.291	2709.58	9.6185	259.797	189.452	165.612								
2015/01/22 09:50:00		0.76356	295.208	17.7344	77.867	1023.4	325.792	24.3159	69.14	30.5909	99.73	5.4435	2722.71	9.8399	259.52	189.038	165.107								
2015/01/22 09:55:00		0.7045	299.483	17.8505	77.418	1023.4	330.385	24.3624	67.456	30.0945	97.55	5.4197	2734.38	9.5435	264.007	187.593	162.928								
2015/01/22 10:00:00		0.86104	272.265	17.9766	76.778	1023.37	347.747	24.4067	68.416	31.0017	99.418	5.5579	2743.33	9.8864	255.22	186.727	162.477								
2015/01/22 10:05:00		0.96511	273.2	18.0688	76.199	1023.36	362.447	24.4424	66.491	29.759	96.25	5.8487	2753.33	9.8721	255.477	186.213	161.638								
2015/01/22 10:10:00		0.5699	242.289	18.1141	75.693	1023.33	368.776	24.4829	64.184	24.7541	88.938	5.9107	2748.13	10.0007	253.44	183.607	161.297								
2015/01/22 10:15:00		0.95419	291.228	18.2005	75.839	1023.26	375.769	24.5197	64.885	25.8873	90.772	6.3158	2745.83	9.7185	249.375	183.945	161.09								
2015/01/22 10:20:00		0.71204	328.156	18.3349	75.326	1023.18	391.344	24.5535	65.001	29.6016	94.603	6.3349	2751.88	9.8435	255.433	185.297	161.532								
2015/01/22 10:25:00		0.82883	320.381	18.4771	74.872	1023.08	406.489	24.6083	71.364	33.2132	104.577	6.516	2761.46	9.8078	259.002	186.045	161.715								
2015/01/22 10:30:00		0.7586	339.5	18.6688	74.273	1023.0	419.271	24.6494	70.265	34.7366	105.002	6.9593	2773.13	9.8614	276.85	190.423	163.128								
2015/01/22 10:35:00		0.466426	38.1209	18.8755	73.538	1022.93	420.802	24.6991	71.967	35.8868	107.854	6.9975	2792.5	9.8149	252.172	184.258	161.22								
2015/01/22 10:40:00		0.62848	249.092	19.0396	72.564	1022.84	426.191	24.7608	69.691	36.972	106.663	7.088	2794.38	9.7935	259.315	185.313	161.577								
2015/01/22 10:45:00		0.95334	292.51	19.1516	71.707	1022.75	436.333	24.8188	65.756	36.8282	102.584	7.3931	2804.38	9.5364	242.948	180.183	158.908								
2015/01/22 10:50:00		0.412193	359.567	19.2224	71.266	1022.65	438.317	24.9007	62.815	31.5118	94.327	7.517	2800.21	9.9721	249.28	179.612	157.092								
2015/01/22 10:55:00		0.78009	358.116	19.351	71.051	1022.56	447.497	24.9648	62.846	32.1246	94.971	7.5933	2802.5	9.7292	249.458	180.255	157.733								
2015/01/22 11:00:00		0.81313	327.501	19.5286	70.492	1022.46	450.96	25.0258	65.939	39.4984	105.438	7.6982	2815.83	9.3542	253.783	184.465	157.63								
2015/01/22 11:05:00		0.87391	325.684	19.7172	69.627	1022.36	454.227	25.0972	65.146	43.4866	108.633	7.8555	2833.96	9.5256	251.872	178.635	154.212								
2015/01/22 11:10:00		0.70333	268.916	19.8422	68.781	1022.24	467.819	25.1646	61.316	42.5623	103.878	8.0938	2845.42	9.7828	228.795	170.558	149.418								
2015/01/22 11:15:00		0.91915	307.375	19.963	68.089	1022.13	479.879	25.2322	62.058	37.1637	99.221	7.9127	2850.83	9.6685	228.888	169.783	147.705								
2015/01/22 11:20:00		0.80828	326.145	20.0833	67.583	1022.03	480.856	25.3047	60.588	32.8982	93.486	8.1176	2856.67	9.7221	218.53	166.202	146.162								
2015/01/22 11:25:00		0.77798	90.261	20.1865	67.383	1021.92	490.569	25.3815	59.373	32.2136	91.587	8.4227	2857.08	9.4613	235.15	168.382	145.257								
2015/01/22 11:30:00		0.7455	54.056	20.3656	66.727	1021.83	512.98	25.4553	59.956	37.2493	97.205	8.0128	2865.0	9.2363	231.792	167.395	145.543								
2015/01/22 11:35:00		0.70783	67.731	20.5115	65.861	1021.69	513.33	25.5345	61.021	41.1861	102.207	8.3131	2872.08	9.8435	234.087	167.995	145.645								
2015/01/22 11:40:00		0.69711	356.013	20.6745	65.585	1021.06	513.82	25.6333	51.099	64.65	115.748	8.6801	2933.75	10.465	240.108	168.688	144.93								
2015/01/22 11:45:00		0.68424	317.522	20.8948	64.787	1020.95	520.44	25.7184	33.9869	77.895	111.881	8.8183	3140.0	12.1972	234.502	165.19	143.722								
2015/01/22 11:50:00		0.85184	292.135	21.0682	63.564	1020.85	524.31	25.796	24.0932	91.204	115.298	8.947	3469.58	14.4117	212.88	158.278	137.87								
2015/01/22 11:55:00		1.02139	298.363	21.1797	63.255	1020.74	508.75	25.9072	13.2146	88.486	101.701	9.0948	3557.92	16.4868	222.265	162.462	141.25								
2015/01/22 12:00:00		0.52512	241.845	21.3599	62.569	1020.62	512.92	26.0229	11.9573	111.58	123.537	9.0042	3880.83	18.8834	233.42	165.317	142.243								
2015/01/22 12:05:00		1.43444	199.996	21.4802	62.057	1020.5	512.67	26.1182	6.4901	112.357	118.847	8.8946	4189.38	22.7551	231.288	163.193	140.87								
2015/01/22 12:10:00		1.27427	168.351	21.6974	61.118	1020.39	514.13	26.2189	5.1478	106.616	111.764	8.7468	4195.63	28.2412	232.963	159.447	137.552								
2015/01/22 12:15:00		0.69592	298.038	21.8974	60.205	1020.2	521.26	26.3126	3.7051	95.994	99.699	8.6038	4221.46	34.3666	242.82	158.46	136.447								
2015/01/22 12:20:00		1.21914	320.484	21.9984	59.679	1020.03	523.1	26.3985	3.1155	94.309	97.425	8.7278	4086.88	40.5848	227.055	157.062	136.197								
2015/01/22 12:25:00		0.84582	207.471	22.0911	59.503	1019.87	568.6	26.4948	3.13783	87.651	90.789	8.5657	4003.33	47.6567	226.213	160.223	138.222								
2015/01/22 12:30:00		1.9141	190.387	22.276	58.732	1019.75	561.5	26.5918	3.14453	102.765	105.91	8.3703	3997.29	48.9104	242.908	160.155	135.343								
2015/01/22 12:35:00		1.73799	175.317	22.487	59.229	1019.63	493.872	26.6919	3.40583	103.21	106.616	8.3703	4095.0	49.7998	231.688	154.062	131.485								
2015/01/22 12:40:00		1.56498	180.473	22.687	54.414	1019.48	480.936	26.7974	2.73807	100.8	103.538	7.9603	4082.08	54.825	249.162	162.413	137.302								
2015/01/22 12:45:00		0.87996	250.987	22.876	53.395	1019.29	518.12	26.8941	2.74477	105.839	108.584	7.8126	4252.5	55.479	244.977	163.972	139.277								
2015/01/22 12:50:00		0.42362	280.318	22.7677	52.748	1019.11	470.138	26.9982	1.6549	92.913	94.568	7.4646	4218.75	65.179	237.857	163.275	139.262								
2015/01/22 12:55:00		1.38923	189.656	22.7563	53.178	1018.95	459.419	27.0807	3.07307	97.024	100.097	7.2787	4237.92	68.951	252.443	161.242	136.767								
2015/01/22 13:00:00		1.57448	129.133	22.9141	51.953	1018.8	435.174	27.1767	3.12667	111.303	114.429	7.0642	4140.63	66.479	234.512	155.13	130.708								
2015/01/22 13:05:00		1.16149	167.601	23.0932	51.506	1018.64	479.515	27.2645	4.72127	123.555	128.276	6.8163	4103.75	56.314	245.247	154.788	130.793								
2015/01/22 13:10:00		0.349464	206.388	23.238	49.5984	1018.48	514.63	27.3593	3.68053	120.655	124.336	6.7687	3996.04	54.0	223.682	142.852	121.603								
2015/01/22 13:15:00		1.56031	116.187	23.2781	49.7661	1018.34	529.68	27.4369	2.48347	109.16	111.643	6.3111	3919.58	58.457	221.207	140.42	117.442								
2015/01/22 13:20:00		1.63626	137.773	23.5828	48.7589	1018.21	501.05	27.5199	3.2629	121.689	124.952	6.3444	3840.0	56.782	202.225	132.483	112.535								
2015/01/22 13:25:00		0.72057	150.899	23.9818	46.7219	1018.11	427.16	27.6286	2.5594	104.401	106.961	6.5303	3574.79	60.415	187.493	122.028	103.728								
2015/01/22 13:30:00		0.312477	142.117	24.187	45.2885	1017.96	465.587	27.7642	2.54823	94.84	97.388	6.5017	3421.67	60.086	212.493	127.2	105.542								
2015/01/22 13:35:00		1.24465	141.114	24.4818	44.4276	1017.84	469.365	27.9153	4.0669	129.056	133.123	6.4207	3566.25	47.571	202.657	121.383	101.362								
2015/01/22 13:40:00		1.57513	150.385	24.7995	43.7875	1017.7	471.596	28.0471	3.2361	130.984	134.22	6.4016	3561.46	44.3922	203.367	122.913	101.637								
2015/01/22 13:45:00		0.90806	130.127	25.0052	43.4714	1017.57	484.626	28.2026	2.76933	117.732	120.501	6.1204	3481.25	49.7569	205.953	123.365	101.691								
2015/01/22 13:50:00		1.34674	115.091	25.2115	42.05	1017.44	470.072	28.3806	2.88993	118.143	121.033	6.1109	3606.25	49.5962	195.342	115.537	95.513								
2015/01/22 13:55:00		1.36874	179.289	25.3911	41.1375	1017.36	471.056	28.5653	3.4371	120.012	123.449	6.2682	3715.83	44.8387	196.855	108.183	89.481								
2015/01/22 14:00:00		1.45614	150.602	25.4766	39.6568	1017.22	447.686	28.525	3.55547	122.418	125.974	6.0441	3777.08	40.6563	176.03	103.336	86.162								
2015/01/22 14:05:00		1.61157	139.776	25.476	39.9547	1017.09	447.628	27.9744	3.16017	116.551	119.711	5.5913	3794.79	39.399	176.348	103.378	84.557								
2015/01/22 14:10:00		2.35403	161.119	25.5167	39.5932	1017.0	450.771	27.5244	3.0217	111.269	114.29	5.4102	3577.29	38.2168	175.983	101.307	83.634								
2015/01/22 14:15:00		2.42055	177.897	25.5198	39.6208	1016.92	446.615	27.4756	3.7989	101.091	104.89	5.005	3292.71	44.628	184.703	102.982	84.171								
2015/01/22 14:20:00		1.31518	210.007	25.5417	38.3203	1016.82	427.788	27.8238	3.97533	104.042	108.017	5.1861	3091.04	44.8351	154.325	98.526	83.217								
2015/01/22 14:25:00		0.54351	211.317	25.4385	38.7927	1016.71	423.041	28.1741	3.50633	88.877	92.383	5.4912	3097.92	49.9283	163.425	100.77	85.443								
2015/01/22 14:30:00		2.10139	179.654	25.4562	38.9755	1016.59	424.995	28.4665	2.40083	97.319	99.719	5.5007	3159.79	50.285	174.003	100.457	83.447								
2015/01/22 14:35:00		1.57065	183.654	25.6729	38.4521	1016.46	411.286	28.5333	3.29417	102.224	105.518	5.3053	3085.42	48.5747	168.382	97.488	80.38								
2015/01/22 14:40:00		1.86469	151.098	25.812	37.612	1016.37	409.208	28.0482	2.96363	97.681	100.645	5.1909	2961.46	45.1601	156.355	93.411	79.17								
2015/01/22 14:45:00		0.90481	161.769	25.8526	37.3849	1016.24	398.045	27.565	3.4974	93.803	97.3	4.78097	2901.46	42.8493	169.685	95.333	78.964								
2015/01/22 14:50:00		1.41957	142.707	25.9964	37.1453	1016.16	381.996	27.3513	3.00607	102.063	105.069	4.6189	3080.63	42.0564	173.475	93.811	77.247								
2015/01/22 14:55:00		2.16017	151.363	26.0089	37.3677	1016.14	365.852	27.6732	4.17857	98.428	102.606	4.44253	2962.08	41.0777	184.448	96.177	77.734								
2015/01/22 15:00:00		1.61766	186.826	25.912	37.3359	1016.11	364.314	28.0804	6.8697	119.652	126.522	4.8477	2904.17	37.5453	158.752	94.701	78.33								
2015/01/22 15:05:00		1.44327	167.576	25.7885	37.7542	1016.08	383.571	28.398	3.35893	96.055	99.414	4.88107	2772.71	43.6279	191.607	93.621	76.198								
2015/01/22 15:10:00		1.8044	132.019	25.699	37.4427	1016.03	357.911	28.4697	3.4438	93.118	96.562	4.90967	2772.92	42.5743	161.398	90.593	75.26								
2015/01/22 15:15:00		1.45953	111.566	25.5484	37.1818	1016.01	343.467	27.9752	4.76593	110.961	115.726	4.62843	2849.79	34.7702	149.245	87.748	74.498								
2015/01/22 15:20:00		1.26235	118.006	25.3656	38.0401	1015.99	331.946	27.5226	6.1126	117.372	123.485	3.83717	2887.71	28.5841	157.448	91.503	77.104								
2015/01/22 15:25:00		2.04055	143.727	25.2578	38.3089	1015.95	315.554	27.373	3.23387	103.415	106.649	3.8324	2908.75	33.8701	176.905	106.206	90.5								
2015/01/22 15:30:00		1.62164	150.807	25.1724	37.8094	1015.91	320.804	27.6565	3.49293	105.079	108.572	4.36627	2828.75	32.4272	152.63	94.198	80.587								
2015/01/22 15:35:00		1.85919	134.203	25.0984	38.1505	1015.88	306.017	27.9497	3.8994	108.328	112.227	4.12793	2841.88	32.2307	135.465	82.983	72.267								
2015/01/22 15:40:00		2.12433	137.122	25.0161	38.1786	1015.85	161.168	28.172	3.11997	99.198	102.318	4.11363	2713.96	35.5595	129.477	80.66	69.238								
2015/01/22 15:45:00		1.62618	146.571	24.9234	38.2797	1015.82	132.242	28.3427	2.73807	92.947	95.685	3.93727	2538.75	37.056	130.595	78.523	68.135								
2015/01/22 15:50:00		1.46961	143.873	24.8266	38.7745	1015.82	126.649	28.4708	2.59737	85.689	88.287	3.9897	2379.17	37.4382	134.378	79.616	68.713								
2015/01/22 15:55:00		1.18542	165.822	24.7271	38.7958	1015.8	119.744	28.5234	2.4656	82.307	84.773	3.84193	2291.88	37.7454	138.877	80.057	68.712								
2015/01/22 16:00:00		1.37322	154.221	24.624	39.5365	1015.74	123.404	28.0764	3.21153	86.61	89.822	3.75613	2317.08	34.2487	128.035	80.685	69.768								
2015/01/22 16:05:00		1.81492	168.176	24.6156	39.8115	1015.7	121.88	27.4439	3.05073	79.897	82.948	3.3891	2318.54	32.0736	157.702	86.035	71.737								
2015/01/22 16:10:00		2.33393	159.191	24.5854	39.8818	1015.69	128.596	27.2501	3.149	86.35	89.499	3.17936	2442.71	33.3022	162.532	85.688	71.779								
2015/01/22 16:15:00		2.23205	171.755	24.526	39.8812	1015.7	122.42	27.4372	3.46837	87.038	90.507	3.03637	2562.29	34.188	154.88	83.832	70.892								
2015/01/22 16:20:00		2.64491	163.534	24.5151	39.801	1015.67	116.528	27.6219	5.0518	98.445	103.497	3.43677	2589.38	32.4736	140.185	83.808	71.512								
2015/01/22 16:25:00		2.04217	173.494	24.4573	40.0281	1015.64	108.361	27.7645	4.25003	94.111	98.361	3.33667	2490.63	32.2021	135.348	81.118	69.787								
2015/01/22 16:30:00		2.50463	165.527	24.3604	39.6568	1015.61	103.768	27.8772	2.70457	80.691	83.396	3.37003	2448.75	34.8452	138.113	78.239	66.242								
2015/01/22 16:35:00		1.81741	141.867	24.2953	39.6734	1015.6	99.13	27.9489	4.2947	78.216	82.511	3.19367	2535.42	33.1379	124.942	77.658	67.279								
2015/01/22 16:40:00		2.48222	141.611	24.2135	40.8469	1015.6	91.131	28.0147	2.86983	75.183	78.053	3.1603	2360.83	33.1415	141.46	86.14	75.233								
2015/01/22 16:45:00		2.489	143.358	24.1771	42.2271	1015.56	82.841	28.0689	2.83857	74.009	76.848	3.15076	2193.54	34.9416	162.018	96.304	82.593								
2015/01/22 16:50:00		2.72699	149.312	24.1104	43.2042	1015.49	73.908	28.1143	3.03733	79.586	82.623	3.53687	2127.5	36.1917	163.34	101.609	87.533								
2015/01/22 16:55:00		2.27962	139.038	24.0281	43.9839	1015.45	65.311	28.1553	2.4522	76.46	78.912	3.25563	2013.13	38.3776	165.802	101.961	88.217								
2015/01/22 17:00:00		2.08978	146.821	23.9135	44.6437	1015.43	57.006	28.2085	2.7068	68.515	71.221	3.39863	1933.54	41.8349	183.737	107.54	92.184								
2015/01/22 17:05:00		2.45539	142.502	23.8172	45.1255	1015.44	50.393	28.2359	7.5442	82.673	90.218	3.2461	1948.33	30.2235	175.508	105.043	90.41								
2015/01/22 17:10:00		1.909	143.325	23.7125	45.5448	1015.47	43.7792	28.2692	6.2667	94.549	100.816	3.4606	2000.63	25.7982	188.098	104.633	89.041								
2015/01/22 17:15:00		1.76042	142.219	23.6167	45.9276	1015.46	36.8521	28.3011	5.3913	93.587	98.978	3.67987	1994.58	26.2196	179.652	104.822	89.554								
2015/01/22 17:20:00		1.98275	145.909	23.5057	46.55	1015.47	30.0781	28.3296	6.0434	98.63	104.673	3.61314	2078.75	22.6622	205.605	109.105	91.488								
2015/01/22 17:25:00		2.84655	144.374	23.4083	46.974	1015.49	23.3406	28.3465	5.3198	102.584	107.903	3.52734	2221.46	23.6694	210.698	108.147	91.597								
2015/01/22 17:30:00		2.33621	147.83	23.2896	47.0057	1015.5	17.1427	28.3559	3.7922	93.584	97.376	3.7466	2235.0	26.8018	197.277	107.252	90.213								
2015/01/22 17:35:00		2.33375	144.258	23.1573	47.0469	1015.49	12.4833	28.369	4.1942	96.459	100.653	3.7895	2254.79	25.1374	184.5	102.243	87.005								
2015/01/22 17:40:00		2.10338	145.007	23.0464	47.2141	1015.48	7.3646	28.3728	6.3538	98.763	105.117	3.6894	2315.83	22.5015	197.323	102.941	87.889								
2015/01/22 17:45:00		1.82694	147.94	22.9474	47.687	1015.49	3.2375	28.3714	4.63863	96.052	100.691	3.80857	2427.92	22.2265	209.298	112.992	97.577								
2015/01/22 17:50:00		1.99917	139.865	22.8427	48.3688	1015.52	1.14479	28.1188	5.0094	98.547	103.557	3.43677	2556.67	22.005	221.347	121.82	104.662								
2015/01/22 17:55:00		2.22506	140.893	22.7078	48.9292	1015.53	1.08646	27.4987	7.0663	104.302	111.368	3.14123	2552.08	19.6513	239.82	118.628	99.792								
2015/01/22 18:00:00		1.92633	150.863	22.5708	49.5099	1015.55	1.15208	27.271	6.5839	100.338	106.922	3.16983	2524.79	18.7763	267.683	115.21	94.875								
2015/01/22 18:05:00		1.92475	149.3	22.4964	50.226	1015.52	1.07917	27.3051	10.624	105.736	116.36	2.79327	2609.17	16.2225	307.888	116.963	93.629								
2015/01/22 18:10:00		1.88459	148.274	22.388	50.843	1015.53	1.18125	27.3145	12.0399	106.938	118.978	3.003	2666.67	15.4832	297.48	119.515	94.122								
2015/01/22 18:15:00		1.57296	150.136	22.2667	51.464	1015.54	1.07917	27.3088	8.681	100.43	109.111	2.9172	2667.92	15.3153	337.17	120.298	95.149								
2015/01/22 18:20:00		1.53511	149.119	22.1427	52.276	1015.53	1.07187	27.3105	11.955	105.295	117.25	2.88383	2698.33	13.0473	337.468	123.65	97.158								
2015/01/22 18:25:00		1.71281	156.236	22.0177	52.978	1015.51	1.14479	27.307	13.5429	106.158	119.7	3.19843	2707.08	11.515	340.897	128.253	99.455								
2015/01/22 18:30:00		1.70611	146.864	21.8891	53.454	1015.51	1.07187	27.3051	11.6848	102.197	113.882	2.9887	2588.96	12.7401	359.125	125.04	99.065								
2015/01/22 18:35:00		1.70268	153.483	21.8021	54.007	1015.54	1.14479	27.3051	15.0035	103.152	118.155	3.02207	2473.13	12.1687	349.037	127.887	100.988								
2015/01/22 18:40:00		1.68101	145.872	21.7057	54.406	1015.57	1.09375	27.3059	17.3217	107.554	124.876	2.90767	2510.83	10.215	314.647	126.688	102.088								
2015/01/22 18:45:00		1.89308	148.696	21.6141	54.852	1015.6	1.10833	27.2992	16.5579	107.883	124.441	3.08403	2558.75	11.1186	310.268	130.117	103.38								
2015/01/22 18:50:00		1.56673	151.581	21.5854	55.188	1015.61	1.07187	27.2938	18.2061	107.931	126.137	3.12693	2594.79	10.6221	299.192	126.687	104.058								
2015/01/22 18:55:00		1.76467	158.09	21.4958	55.588	1015.6	1.10833	27.2828	11.9483	103.617	115.566	2.95057	2627.29	11.5115	288.78	129.435	105.512								
2015/01/22 19:00:00		1.8888	153.529	21.3958	56.335	1015.63	1.04271	27.2637	20.7923	103.001	123.794	2.92197	2557.29	11.8365	272.778	127.16	105.927								
2015/01/22 19:05:00		1.73682	168.062	21.301	56.945	1015.72	1.11563	27.2425	11.3632	94.087	105.45	3.3319	2400.83	13.2009	253.697	125.04	105.99								
2015/01/22 19:10:00		2.56096	161.514	21.2182	57.486	1015.86	1.13021	27.2205	8.1003	87.596	95.697	3.0745	2256.88	14.4938	270.157	128.193	107.702								
2015/01/22 19:15:00		2.70907	155.181	21.1411	57.872	1015.92	1.10104	27.198	8.2745	85.59	93.865	3.02207	2192.92	15.6153	193.087	128.572	109.952								
2015/01/22 19:20:00		2.79873	163.806	21.0984	58.169	1015.99	1.10104	27.1671	9.4448	87.305	96.75	3.04113	2187.29	16.1547	194.312	130.343	113.503								
2015/01/22 19:25:00		3.09508	158.402	21.0953	58.091	1016.03	1.08646	27.1252	14.4899	94.648	109.138	2.9458	2278.33	14.7831	193.468	131.003	113.63								
2015/01/22 19:30:00		3.03026	153.462	21.0979	58.033	1016.07	1.08646	27.0949	10.4319	91.663	102.095	2.92673	2252.08	15.4189	194.903	132.003	114.275								
2015/01/22 19:35:00		3.61217	153.365	21.0177	57.607	1016.08	1.10104	27.0702	8.0288	85.036	93.064	2.94103	2150.83	17.9798	193.808	127.467	111.75								
2015/01/22 19:40:00		3.19157	153.542	20.9651	56.803	1016.12	1.10833	27.046	6.1729	74.427	80.6	2.64073	2043.13	21.8979	244.455	125.62	109.648								
2015/01/22 19:45:00		3.05838	158.544	20.8979	56.121	1016.18	1.10833	27.0254	6.7871	76.761	83.549	2.76943	1967.29	23.4016	178.847	121.223	107.032								
2015/01/22 19:50:00		3.50016	156.347	20.8953	55.361	1016.19	1.07187	27.0082	8.8842	77.22	86.104	2.90767	1913.54	22.1265	188.543	116.045	102.997								
2015/01/22 19:55:00		3.42691	160.027	20.8167	55.286	1016.21	1.09375	26.9942	5.2238	66.919	72.143	2.7599	1827.08	25.2338	171.457	114.337	101.96								
2015/01/22 20:00:00		3.66577	153.956	20.7958	55.714	1016.26	1.11563	26.9708	5.6861	73.629	79.315	2.52157	1768.33	26.6661	186.542	115.638	102.66								
2015/01/22 20:05:00		4.04861	158.317	20.7177	56.508	1016.33	1.11563	26.944	3.97087	66.368	70.339	2.49297	1730.0	28.084	173.53	116.695	103.997								
2015/01/22 20:10:00		3.96434	165.705	20.6448	57.546	1016.36	1.10104	26.9147	3.9597	61.014	64.974	2.42623	1690.83	29.8841	169.113	118.962	104.715								
2015/01/22 20:15:00		3.37729	156.452	20.5464	58.624	1016.41	1.10104	26.8889	6.6777	66.676	73.354	2.42147	1654.17	29.9877	178.468	123.327	106.723								
2015/01/22 20:20:00		3.04792	154.454	20.4464	59.624	1016.5	1.08646	26.8562	4.7972	67.111	71.908	2.19267	1632.5	29.2734	179.303	124.307	107.55								
2015/01/22 20:25:00		3.80805	157.092	20.3333	61.022	1016.54	1.09375	26.8339	3.78773	57.07	60.858	2.47867	1597.29	30.8914	186.247	128.72	109.775								
2015/01/22 20:30:00		3.60859	156.106	20.2448	62.351	1016.59	1.07917	26.8103	4.25227	60.168	64.421	2.1736	1564.38	31.1092	177.64	126.998	111.48								
2015/01/22 20:35:00		2.59007	156.574	20.1807	63.62	1016.64	1.09375	26.7797	6.968	69.114	76.082	2.20697	1554.17	28.9483	185.157	131.448	113.023								
2015/01/22 20:40:00		3.74248	155.348	20.0953	64.574	1016.69	1.10833	26.7472	5.7799	67.34	73.12	2.30707	1573.75	26.6339	192.623	132.287	114.087								
2015/01/22 20:45:00		3.67427	159.387	20.013	65.423	1016.78	1.10104	26.7067	5.092	68.429	73.521	2.25463	1582.5	25.366	188.787	132.935	114.853								
2015/01/22 20:50:00		2.78218	156.255	19.9458	66.213	1016.84	1.10833	26.6594	5.6593	66.474	72.134	2.12117	1623.33	25.2874	190.115	136.527	116.588								
2015/01/22 20:55:00		3.25425	158.92	19.8635	67.091	1016.92	1.15208	26.6181	4.83293	62.308	67.141	1.97817	1647.29	25.9267	191.835	136.315	117.953								
2015/01/22 21:00:00		3.07277	160.316	19.7911	67.916	1016.96	1.15937	26.5821	4.7369	64.78	69.517	1.92097	1693.96	25.8946	199.367	139.905	118.87								
2015/01/22 21:05:00		3.51592	153.493	19.7422	68.664	1016.99	1.12292	26.5469	6.1059	64.893	70.999	2.25463	1710.0	24.7266	202.925	142.333	120.83								
2015/01/22 21:10:00		2.71802	157.828	19.7271	69.324	1017.0	1.08646	26.5155	6.5861	69.346	75.933	2.06397	1706.67	23.498	196.063	140.267	120.373								
2015/01/22 21:15:00		2.95071	153.192	19.624	70.005	1017.04	1.04271	26.4833	6.1082	68.987	75.095	2.1307	1708.13	22.7337	202.15	143.642	122.563								
2015/01/22 21:20:00		2.40395	164.904	19.6224	70.625	1017.1	1.11563	26.4484	9.0986	75.875	84.973	2.04013	1732.5	19.8263	202.26	141.832	122.585								
2015/01/22 21:25:00		3.10053	163.129	19.5245	71.081	1017.07	1.13021	26.4076	7.1355	72.564	79.7	2.00677	1736.88	19.2334	204.763	145.142	123.572								
2015/01/22 21:30:00		2.90705	162.874	19.4891	71.752	1017.07	1.07917	26.3628	6.8809	71.027	77.908	1.97817	1758.75	19.5192	205.345	145.565	123.562								
2015/01/22 21:35:00		2.83803	163.71	19.4141	72.339	1017.06	1.14479	26.334	8.2388	71.181	79.42	2.00677	1758.54	19.1763	198.673	146.453	124.452								
2015/01/22 21:40:00		3.04364	162.235	19.4068	72.882	1017.01	1.10833	26.3056	8.8194	73.708	82.527	2.0878	1733.13	18.3334	223.918	153.513	125.498								
2015/01/22 21:45:00		3.58549	162.321	19.3193	73.208	1017.06	1.15208	26.2736	6.6419	69.61	76.252	1.92097	1681.88	18.712	218.972	152.598	126.633								
2015/01/22 21:50:00		2.7087	159.896	19.2708	73.592	1017.09	1.10833	26.239	9.2594	71.938	81.197	1.67787	1680.83	18.6548	199.53	144.71	124.763								
2015/01/22 21:55:00		2.44172	157.354	19.2198	73.994	1017.08	1.1375	26.1979	7.9618	70.271	78.233	1.91143	1750.0	18.7763	196.23	145.037	126.917								
2015/01/22 22:00:00		2.49267	146.547	19.1234	74.302	1017.1	1.06458	26.1576	9.007	72.794	81.801	1.9162	1814.38	18.4369	188.438	144.825	127.2								
2015/01/22 22:05:00		3.08355	156.714	19.0495	74.602	1017.15	1.07917	26.1061	7.3767	64.619	71.996	1.92573	1800.42	18.7941	235.932	173.247	128.043								
2015/01/22 22:10:00		2.68733	155.155	19.0151	74.895	1017.14	1.12292	26.0626	7.4549	66.806	74.261	1.6445	1775.0	19.1227	197.46	145.492	127.405								
2015/01/22 22:15:00		2.53939	150.022	18.9724	75.156	1017.17	1.10833	26.0223	8.6385	69.747	78.386	2.1164	1758.33	18.2512	189.463	142.757	126.382								
2015/01/22 22:20:00		2.89116	159.161	18.9151	75.338	1017.16	1.12292	25.9708	8.5626	67.327	75.889	2.02107	1705.21	18.7834	176.522	138.97	125.748								
2015/01/22 22:25:00		3.11332	162.42	18.8984	75.373	1017.14	1.08646	25.9249	7.9752	64.143	72.118	1.8018	1668.75	19.087	170.302	138.818	124.782								
2015/01/22 22:30:00		3.95634	164.324	18.8146	75.483	1017.12	1.13021	25.8776	5.5074	55.828	61.335	1.5587	1620.21	21.5229	172.922	137.258	124.443								
2015/01/22 22:35:00		3.3021	166.301	18.8208	75.549	1017.1	1.10104	25.8363	5.5119	57.156	62.668	1.71123	1600.42	23.3015	176.153	138.558	124.183								
2015/01/22 22:40:00		3.60463	158.266	18.8198	75.549	1017.08	1.12292	25.8051	4.8039	51.086	55.89	1.7732	1554.79	24.9052	172.765	139.443	125.04								
2015/01/22 22:45:00		3.02251	160.725	18.8188	75.553	1017.1	1.11563	25.7786	4.43763	50.912	55.349	1.79703	1509.17	27.0768	175.367	138.633	123.957								
2015/01/22 22:50:00		3.07817	162.747	18.7484	75.598	1017.08	1.07917	25.7418	4.6029	50.422	55.025	1.7303	1465.83	28.0662	170.372	137.68	123.615								
2015/01/22 22:55:00		2.58348	150.042	18.7219	75.777	1017.08	1.07917	25.7026	4.03563	47.711	51.747	1.6016	1433.13	28.3698	167.488	136.352	122.987								
2015/01/22 23:00:00		3.25279	152.246	18.7182	75.991	1017.07	1.10104	25.6806	3.6247	44.7464	48.3711	1.68263	1393.54	28.8734	174.04	138.683	124.318								
2015/01/22 23:05:00		3.03106	144.648	18.6208	76.16	1017.03	1.1375	25.6475	4.35947	45.1983	49.5577	1.53487	1371.04	28.9234	172.258	138.948	125.65								
2015/01/22 23:10:00		3.63021	147.954	18.6177	76.342	1016.96	1.10833	25.611	3.752	45.0476	48.7996	1.52533	1338.75	28.5269	170.88	137.408	123.857								
2015/01/22 23:15:00		2.84979	148.306	18.563	76.431	1016.87	1.18125	25.5729	3.8324	43.1614	46.9938	1.43477	1318.33	28.5698	167.165	134.615	122.255								
2015/01/22 23:20:00		3.29783	147.095	18.5083	76.555	1016.81	1.08646	25.5442	4.60067	47.1359	51.737	1.37757	1296.88	27.6054	158.145	132.023	121.033								
2015/01/22 23:25:00		3.26061	148.689	18.4698	76.629	1016.76	1.13021	25.5225	4.34607	47.3652	51.711	1.49673	1254.58	26.2839	154.725	130.18	119.88								
2015/01/22 23:30:00		3.01144	147.47	18.3969	76.924	1016.7	1.10833	25.4862	4.22323	41.2512	45.4744	1.3299	1207.92	27.2197	153.145	129.483	118.723								
2015/01/22 23:35:00		3.78887	146.836	18.3125	77.149	1016.64	1.14479	25.4518	3.85697	41.4189	45.2759	1.39187	1171.67	28.3055	153.322	128.558	117.768								
2015/01/22 23:40:00		3.50575	143.882	18.2958	77.247	1016.6	1.15208	25.4177	3.8927	38.5604	42.4531	1.40617	1133.33	29.1877	151.317	126.218	116.375								
2015/01/22 23:45:00		3.68974	147.669	18.212	77.179	1016.61	1.15937	25.3836	3.89047	37.0233	40.9138	1.18213	1091.88	29.5555	145.54	124.587	115.27								
2015/01/22 23:50:00		3.676	145.491	18.2172	77.046	1016.61	1.12292	25.1737	2.4857	36.9207	39.4064	1.06773	1064.38	28.5805	145.96	125.302	115.238								
2015/01/22 23:55:00		3.42102	140.364	18.212	76.922	1016.58	1.1375	24.6558	3.2093	33.5487	36.758	1.0868	1045.42	29.0734	144.978	125.245	115.692								
2015/01/23 00:00:00		3.36308	133.311	18.1917	76.956	1016.53	1.13021	24.4668	3.78103	34.603	38.3841	1.0153	1040.63	33.6129	150.69	126.283	116.085								
