-- 1st mean values --
Format: XTAB(V:1;HEAD:2;COL:TCFFFFFFFFFFFFFFFFFFFFFFFF)
StartTime: 2015/01/28 00:00:00
EndTime: 2015/01/29 00:00:00
Period: 24 h
Station: Gia Lam

Time	MeasPt	Wind Spd.	Wind Dir.	Temp	RH	Barometer	Radiation	InnerTemp	NO	NO2	NOx	SO2	CO	O3	PM-10	PM-2.5	PM-1	CH4	NMHC	THC	BENZEN	TOLUEN	ETHYL BENZEN	MP-XYLEN	O-XYLEN
		m/s	degree	°C	%	hPa	W/m²	°C	µg/m3	µg/m3	µg/m3	µg/m3	µg/m3	µg/m3	µg/m3	µg/m3	µg/m3	ppm	ppmC	ppmC	ug/m3	ug/m3	ug/m3	ug/m3	ug/m3
2015/01/28 00:05:00		2.82385	147.266	20.6995	82.215	1012.78	1.13021	25.3842	6.6955	25.8051	32.5006	1.89237	510.42	13.9474	61.252	48.1542	38.2825								
2015/01/28 00:10:00		2.6637	138.715	20.7844	82.23	1012.73	1.13021	25.0392	6.6442	26.346	32.9901	1.9019	487.708	13.2295	64.804	48.7225	38.7758								
2015/01/28 00:15:00		3.19846	134.839	20.7719	82.106	1012.67	1.20313	24.7356	0.263533	2.38606	2.6496	1.8876	471.25	14.4545	60.242	47.71	38.7475								
2015/01/28 00:20:00		3.007	142.567	20.699	82.102	1012.64	1.17396	24.6779	0.145167	0.59908	0.74425	1.66833	467.5	25.9374	61.601	48.9267	39.3792								
2015/01/28 00:25:00		2.7848	141.544	20.6974	82.12	1012.65	1.18854	24.836	0.62757	0.486113	1.11368	1.6016	444.583	37.5168	60.29	48.1658	38.6475								
2015/01/28 00:30:00		2.57088	141.162	20.701	82.152	1012.65	1.18854	24.9893	0.198767	0.003423	0.20219	1.48243	421.042	56.739	62.023	48.1667	38.8283								
2015/01/28 00:35:00		2.22391	136.777	20.6974	82.286	1012.65	1.15937	25.1176	0.1809	0.475843	0.65674	1.859	411.875	74.448	67.155	50.631	39.4125								
2015/01/28 00:40:00		2.42305	133.904	20.6995	82.365	1012.69	1.18854	25.2228	1.1658	0.280713	1.44651	1.73983	400.417	92.688	63.303	48.6767	39.3517								
2015/01/28 00:45:00		2.44111	133.983	20.6969	82.434	1012.67	1.13021	25.3109	2.02563	0.198553	2.22419	1.74937	394.792	107.389	65.022	49.1267	39.4383								
2015/01/28 00:50:00		2.52065	138.853	20.6984	82.436	1012.63	1.08646	25.3587	9.0919	21.0227	30.1146	1.716	389.792	111.875	71.972	51.922	40.4817								
2015/01/28 00:55:00		2.74141	144.697	20.6995	82.526	1012.6	1.18854	25.142	8.7368	26.3391	35.0759	1.80657	379.583	27.2197	73.878	52.512	40.4658								
2015/01/28 01:00:00		3.19511	137.617	20.6922	82.391	1012.55	1.13021	24.8362	7.2025	23.7032	30.9057	1.52533	385.833	14.6688	63.911	50.513	40.7141								
2015/01/28 01:05:00		3.15508	148.521	20.5964	82.387	1012.51	1.15937	24.4864	6.1394	22.3338	28.4733	1.3871	376.667	14.0974	64.487	50.778	41.3017								
2015/01/28 01:10:00		2.52015	136.289	20.5938	82.51	1012.49	1.17396	24.4835	6.5571	22.6419	29.199	1.50627	390.208	32.0379	74.44	54.098	42.6808								
2015/01/28 01:15:00		2.04582	130.466	20.5984	82.605	1012.44	1.13021	24.6013	7.1511	23.8983	31.0494	1.43	405.417	47.546	84.16	58.882	44.2183								
2015/01/28 01:20:00		2.76753	141.873	20.5969	82.66	1012.43	1.15937	24.7128	7.1869	26.4761	33.6629	1.56347	423.333	73.173	79.077	56.475	43.25								
2015/01/28 01:25:00		2.99882	137.804	20.599	82.738	1012.42	1.18125	24.8145	7.3119	25.3224	32.6343	1.73507	437.083	101.139	76.016	57.06	43.5933								
2015/01/28 01:30:00		2.47806	135.859	20.5953	82.64	1012.4	1.21042	24.9047	6.4834	24.6103	31.0937	1.77797	426.667	124.076	75.653	55.492	43.2717								
2015/01/28 01:35:00		3.09801	138.954	20.5943	82.747	1012.36	1.18125	24.9847	7.743	25.5209	33.2639	1.65403	413.958	118.183	71.105	54.449	42.7575								
2015/01/28 01:40:00		3.15008	132.437	20.5698	82.835	1012.27	1.15937	25.0685	8.5626	30.5772	39.1398	1.6016	412.5	91.167	74.162	55.819	43.5517								
2015/01/28 01:45:00		3.17495	136.236	20.4932	82.899	1012.24	1.14479	25.1361	9.6793	33.5144	43.1937	1.70647	417.083	60.54	78.698	55.035	42.8025								
2015/01/28 01:50:00		2.23399	134.697	20.4911	83.036	1012.25	1.19583	24.8961	7.5263	29.0093	36.5357	1.69693	427.708	18.7977	75.228	55.236	42.2125								
2015/01/28 01:55:00		3.13206	137.379	20.4927	83.135	1012.21	1.15208	24.5449	7.4191	26.8047	34.2238	1.77797	426.042	14.5081	71.669	53.726	41.9667								
2015/01/28 02:00:00		3.31092	139.15	20.4932	83.139	1012.14	1.18125	24.3186	6.6375	22.0326	28.67	1.2155	428.542	23.9445	74.912	54.608	41.8617								
2015/01/28 02:05:00		3.43961	135.141	20.4927	83.14	1012.08	1.16667	24.4042	5.9809	20.4989	26.4798	1.36803	415.208	41.2206	73.092	54.369	41.865								
2015/01/28 02:10:00		2.24159	138.306	20.4448	83.092	1012.01	1.18125	24.528	6.2801	21.6834	27.9635	1.3442	405.833	66.476	72.205	53.868	41.7492								
2015/01/28 02:15:00		2.7583	140.348	20.3922	83.217	1011.95	1.18854	24.6397	6.3762	21.8409	28.217	1.39187	396.875	96.089	67.697	51.11	41.0867								
2015/01/28 02:20:00		2.54235	147.048	20.3557	83.284	1011.9	1.20313	24.7262	6.8764	24.2269	31.1034	1.52533	389.792	116.211	63.833	49.6433	40.1933								
2015/01/28 02:25:00		3.17942	146.863	20.2875	83.476	1011.87	1.23958	24.8472	7.0283	26.7191	33.7474	1.46337	375.208	77.787	59.598	47.865	39.1567								
2015/01/28 02:30:00		2.35326	145.111	20.2927	83.628	1011.86	1.20313	24.9828	6.499	26.0139	32.5129	1.17737	361.667	51.557	58.06	47.4267	38.6883								
2015/01/28 02:35:00		2.77949	141.341	20.2911	83.697	1011.83	1.225	25.098	6.4901	26.9245	33.4146	1.52057	354.583	40.9134	56.451	46.3917	38.1558								
2015/01/28 02:40:00		2.36166	139.98	20.2917	83.814	1011.82	1.21771	25.0897	6.4164	26.3802	32.7966	1.86377	338.333	27.5983	54.995	44.9783	37.5								
2015/01/28 02:45:00		2.70497	141.593	20.1984	83.893	1011.81	1.18125	24.7576	5.2841	22.3852	27.6692	1.33467	337.292	16.6547	59.915	47.26	38.5667								
2015/01/28 02:50:00		3.01637	137.359	20.1948	84.016	1011.75	1.18854	24.4024	5.264	20.7831	26.047	1.47767	338.333	16.3404	64.453	49.6267	39.5267								
2015/01/28 02:55:00		2.96863	140.705	20.1193	84.075	1011.73	1.15937	24.3535	5.9273	21.3	27.2272	1.4729	330.417	34.5237	69.003	51.552	40.3042								
2015/01/28 03:00:00		2.61673	143.597	20.0969	84.204	1011.73	1.14479	24.4386	5.0406	19.5404	24.581	1.50627	330.208	52.489	64.233	49.2958	39.4633								
2015/01/28 03:05:00		3.20938	135.547	20.0807	84.308	1011.75	1.14479	24.5294	5.8893	20.8515	26.7408	1.5015	322.083	80.084	59.303	48.3191	39.4058								
2015/01/28 03:10:00		3.27036	137.37	19.9901	84.443	1011.75	1.24688	24.6083	6.566	23.0048	29.5708	1.72553	316.042	86.838	60.981	48.8958	39.7358								
2015/01/28 03:15:00		3.27223	145.744	19.9911	84.508	1011.73	1.26875	24.7238	6.3449	23.3197	29.6646	1.56347	311.667	57.732	61.936	47.9058	39.1875								
2015/01/28 03:20:00		3.59988	133.863	19.9922	84.554	1011.67	1.24688	24.83	6.7782	23.5149	30.293	1.56823	304.167	43.2957	59.062	47.9683	39.4575								
2015/01/28 03:25:00		2.82444	137.957	19.8927	84.639	1011.61	1.24688	24.9232	5.8982	24.0044	29.9026	1.29177	294.375	36.7631	63.704	49.5067	40.01								
2015/01/28 03:30:00		3.1937	143.886	19.8891	84.698	1011.59	1.19583	25.0121	6.4588	24.5213	30.9801	1.36803	291.25	32.7665	65.793	49.5233	39.4808								
2015/01/28 03:35:00		3.15924	144.657	19.888	84.822	1011.62	1.26146	25.0773	5.4538	24.6857	30.1395	1.287	305.0	30.6842	63.366	48.305	38.88								
2015/01/28 03:40:00		2.71764	148.132	19.8698	84.928	1011.62	1.18854	25.134	5.1612	23.0835	28.2448	1.52057	318.75	29.8984	59.522	46.4583	38.1442								
2015/01/28 03:45:00		2.66218	150.313	19.8901	85.069	1011.62	1.16667	25.1866	5.5498	23.0561	28.606	1.56823	331.25	29.2984	61.935	46.7583	37.8383								
2015/01/28 03:50:00		2.65461	144.223	19.8885	85.134	1011.59	1.21042	25.1976	5.1478	21.0364	26.1842	1.6445	330.0	25.8089	55.977	44.5042	37.6833								
2015/01/28 03:55:00		2.1935	142.83	19.8036	85.219	1011.6	1.21042	24.8623	5.2372	20.1977	25.4348	1.47767	322.083	15.6939	55.435	44.6592	37.3775								
2015/01/28 04:00:00		2.11878	139.704	19.7906	85.218	1011.59	1.19583	24.437	4.66097	18.4073	23.0682	1.3871	324.792	16.0225	52.264	43.9208	37.1492								
2015/01/28 04:05:00		2.49071	136.618	19.7927	85.304	1011.56	1.19583	24.3653	5.0473	17.7363	22.7836	1.35373	325.833	33.6344	54.841	44.2442	36.8833								
2015/01/28 04:10:00		1.90977	130.144	19.788	85.321	1011.55	1.16667	24.4163	5.4962	18.4586	23.9549	1.44907	354.375	48.4568	53.382	43.435	36.7225								
2015/01/28 04:15:00		2.72312	134.82	19.7875	85.329	1011.55	1.19583	24.4789	6.6263	21.4027	28.029	1.04867	367.917	66.958	52.518	43.9092	36.8525								
2015/01/28 04:20:00		2.50492	134.373	19.7885	85.349	1011.57	1.20313	24.5855	5.6637	22.036	27.6997	1.0582	373.333	54.289	55.401	43.8192	36.7283								
2015/01/28 04:25:00		2.0722	146.081	19.8557	85.424	1011.56	1.225	24.7144	7.1109	25.093	32.204	1.31083	381.25	40.9241	55.8	43.8125	36.3425								
2015/01/28 04:30:00		1.80011	143.674	19.8875	85.276	1011.53	1.17396	24.8244	8.1695	26.5514	34.7209	1.33943	373.75	34.1558	56.607	43.725	35.8817								
2015/01/28 04:35:00		1.86749	145.834	19.8859	85.22	1011.55	1.12292	24.9267	7.1288	24.0181	31.1469	1.3585	383.542	31.3199	58.578	43.5367	35.6142								
2015/01/28 04:40:00		2.43128	141.489	19.8891	85.213	1011.53	1.19583	24.9981	7.3365	23.9257	31.2622	1.49673	390.208	29.3841	53.296	42.1592	34.5792								
2015/01/28 04:45:00		2.84461	140.225	19.887	85.121	1011.51	1.1375	25.0755	7.5464	25.5826	33.129	1.56823	396.875	28.8091	47.695	39.6858	33.6133								
2015/01/28 04:50:00		2.62719	131.761	19.9135	85.047	1011.51	1.1375	25.1471	7.4169	25.2231	32.64	1.73507	382.083	28.7519	48.9583	39.8492	33.6533								
2015/01/28 04:55:00		3.06535	140.777	19.9927	84.986	1011.55	1.17396	25.1949	9.5319	27.7735	37.3054	1.56823	389.792	27.1947	44.6633	37.875	32.7592								
2015/01/28 05:00:00		2.8905	141.354	19.9849	84.914	1011.61	1.18125	24.9616	8.2097	23.5457	31.7554	1.6731	395.0	14.826	46.1375	37.9392	32.0725								
2015/01/28 05:05:00		2.97694	143.164	19.9906	84.826	1011.62	1.14479	24.531	7.2963	23.4738	30.7701	1.64927	395.0	14.1867	46.2325	37.8033	31.7992								
2015/01/28 05:10:00		2.39026	153.773	19.9901	84.746	1011.66	1.18125	24.328	6.7983	23.775	30.5733	1.3156	410.208	26.0803	48.1725	39.1725	32.76								
2015/01/28 05:15:00		3.04652	156.353	20.0	84.736	1011.67	1.20313	24.4091	7.2695	22.7001	29.9696	1.41093	418.958	40.9277	48.1125	38.2525	32.0967								
2015/01/28 05:20:00		2.68793	145.195	20.0911	84.648	1011.72	1.18854	24.4955	9.1812	27.0649	36.2461	1.0868	449.792	61.754	51.297	39.1442	32.6942								
2015/01/28 05:25:00		2.57716	148.606	20.0948	84.649	1011.75	1.18854	24.6059	9.82	29.3859	39.2059	1.1011	490.833	58.965	50.248	40.37	33.8217								
2015/01/28 05:30:00		2.20151	140.001	20.0932	84.72	1011.73	1.23958	24.7455	13.2035	32.5285	45.732	1.06773	506.67	42.635	51.352	40.5533	33.4792								
2015/01/28 05:35:00		2.46142	144.311	20.0953	84.712	1011.76	1.18854	24.8738	12.826	32.5011	45.3271	1.22503	505.0	34.6952	48.7517	39.8217	33.0933								
2015/01/28 05:40:00		3.33519	146.872	20.0938	84.721	1011.86	1.18854	24.9799	11.8478	29.6529	41.5007	1.19643	519.58	31.4557	53.868	40.8833	33.715								
2015/01/28 05:45:00		2.42973	141.067	20.0953	84.672	1011.96	1.21042	25.0862	14.7221	35.5992	50.321	1.15353	538.96	29.0305	54.417	42.3	35.17								
2015/01/28 05:50:00		2.25092	134.973	20.0922	84.581	1012.03	1.19583	25.167	13.4	33.826	47.226	1.38233	592.29	27.9626	55.965	43.4267	36.15								
2015/01/28 05:55:00		2.87804	143.312	20.1812	84.518	1012.09	1.23958	25.1729	14.644	35.63	50.274	1.61113	629.79	26.4875	63.102	47.855	38.5517								
2015/01/28 06:00:00		2.52722	140.172	20.1979	84.375	1012.14	1.20313	25.1831	17.8198	39.3341	57.154	1.66357	687.29	25.6553	69.875	49.4283	38.9717								
2015/01/28 06:05:00		3.0232	134.142	20.1948	84.257	1012.18	1.13021	25.2097	17.554	39.317	56.871	1.47767	730.21	24.5588	76.465	52.644	39.7867								
2015/01/28 06:10:00		2.56744	140.552	20.1948	84.005	1012.28	1.16667	25.2467	18.119	38.9986	57.118	1.7303	776.25	24.5088	86.035	58.913	43.7633								
2015/01/28 06:15:00		2.35171	136.9	20.1974	83.79	1012.33	1.15937	25.287	27.0814	43.3839	70.465	1.7446	871.88	23.2408	91.463	61.28	43.8517								
2015/01/28 06:20:00		2.58397	132.109	20.1938	83.532	1012.36	1.18854	25.3283	21.3775	41.0423	62.42	1.6302	916.46	23.0051	81.79	55.831	41.6758								
2015/01/28 06:25:00		2.48401	142.283	20.1937	83.422	1012.44	1.18854	25.3788	24.7208	42.8362	67.557	1.79703	999.58	22.673	83.651	58.681	45.5542								
2015/01/28 06:30:00		2.4802	135.044	20.1974	83.329	1012.51	1.23229	25.4237	31.9947	46.3793	78.374	1.58253	1041.25	21.7336	75.214	53.903	42.9817								
2015/01/28 06:35:00		2.846	139.336	20.1964	83.18	1012.57	1.14479	25.4688	31.3873	46.2903	77.678	1.859	1129.58	22.0658	89.302	59.766	43.6259								
2015/01/28 06:40:00		2.52858	146.136	20.2813	83.114	1012.63	1.16667	25.5141	32.3342	47.1838	79.518	1.7732	1170.0	21.6872	87.296	60.952	45.53								
2015/01/28 06:45:00		2.3121	140.467	20.2906	83.041	1012.69	1.16667	25.5496	34.6211	49.2754	83.897	1.73983	1286.04	21.5907	80.823	58.548	45.8642								
2015/01/28 06:50:00		2.3624	143.109	20.362	82.968	1012.73	1.16667	25.5866	42.1162	49.3439	91.46	2.2308	1422.08	20.755	75.568	56.737	46.505								
2015/01/28 06:55:00		1.79926	135.352	20.3917	82.778	1012.83	1.15937	25.6228	47.1122	50.737	97.849	2.64073	1605.42	20.3156	65.819	51.899	45.3567								
2015/01/28 07:00:00		2.01616	145.906	20.4719	82.656	1012.95	1.16667	25.6526	48.7045	50.843	99.548	2.89337	1830.42	20.1621	90.695	62.014	43.6825								
2015/01/28 07:05:00		2.26779	144.247	20.4932	82.409	1013.06	1.15208	25.6771	53.785	51.901	105.687	2.71223	1905.0	20.2621	95.691	63.808	42.0975								
2015/01/28 07:10:00		2.32467	141.514	20.4927	82.195	1013.14	1.16667	25.6969	46.1697	51.949	98.119	2.4453	2118.13	20.1478	89.896	59.927	41.3867								
2015/01/28 07:15:00		2.4291	133.942	20.4932	82.155	1013.19	1.72812	25.7232	54.031	52.788	106.819	2.5311	2411.46	20.0906	86.358	57.59	40.9383								
2015/01/28 07:20:00		2.80781	141.743	20.4937	82.059	1013.28	2.0125	25.748	62.915	56.119	119.034	2.50727	2887.92	20.1549	86.21	57.458	39.9767								
2015/01/28 07:25:00		2.82161	138.384	20.5427	81.943	1013.39	7.8094	25.7767	59.344	56.66	116.004	2.47867	2874.38	20.0049	76.59	51.472	38.535								
2015/01/28 07:30:00		2.95167	136.678	20.5974	81.837	1013.48	12.8552	25.7982	45.3702	52.795	98.165	2.65503	2665.0	19.9442	79.357	53.033	40.0792								
2015/01/28 07:35:00		2.56177	140.174	20.5948	81.699	1013.54	23.7781	25.818	48.4164	54.602	103.019	2.7885	2535.21	19.862	83.225	55.923	40.9117								
2015/01/28 07:40:00		2.39214	144.115	20.5974	81.732	1013.61	24.5219	25.8454	50.538	53.897	104.435	2.9315	2532.5	19.5477	87.034	58.132	42.44								
2015/01/28 07:45:00		2.74398	138.669	20.676	81.674	1013.7	31.2448	25.8916	63.601	56.396	119.997	2.574	2690.83	19.2298	86.193	57.582	42.2342								
2015/01/28 07:50:00		1.81944	139.396	20.7193	81.622	1013.76	39.9802	25.9273	68.371	56.228	124.599	2.99823	2925.63	19.3156	87.401	58.266	42.7642								
2015/01/28 07:55:00		2.11854	136.611	20.7964	81.438	1013.85	30.0854	25.9646	67.572	57.923	125.495	3.19843	3276.46	19.3513	93.639	62.43	45.4042								
2015/01/28 08:00:00		2.34278	139.313	20.8047	81.196	1013.94	32.7323	26.0129	68.941	59.71	128.651	3.1889	3678.75	19.4263	94.341	62.897	44.3642								
2015/01/28 08:05:00		1.71387	145.988	20.8969	81.0	1014.0	39.0833	26.0535	58.681	59.254	117.935	3.35097	3826.04	19.5477	94.478	62.996	44.2742								
2015/01/28 08:10:00		2.46027	146.179	20.8964	80.817	1014.08	39.3094	26.0905	48.939	54.274	103.213	3.3605	3738.96	19.3727	92.176	61.449	42.5517								
2015/01/28 08:15:00		2.37314	144.711	20.9411	80.712	1014.14	50.947	26.1337	56.322	56.468	112.79	3.38433	3889.58	18.8441	91.481	61.0	44.6683								
2015/01/28 08:20:00		2.95363	134.965	20.9943	80.51	1014.19	29.4729	26.1826	55.456	58.382	113.837	3.64173	3813.33	18.837	79.778	53.343	38.925								
2015/01/28 08:25:00		3.05395	139.701	20.9927	80.153	1014.25	45.9229	26.2205	46.1139	54.773	100.887	3.41293	3590.83	18.4191	78.212	52.147	39.2567								
2015/01/28 08:30:00		3.24845	144.024	20.9943	80.056	1014.28	58.166	26.2707	44.6242	55.246	99.87	3.18413	3325.42	18.3476	77.26	51.724	39.1675								
2015/01/28 08:35:00		2.84134	148.692	21.0672	80.023	1014.36	74.834	26.3096	43.8158	55.612	99.428	2.9458	3168.54	18.3119	84.923	56.857	41.4367								
2015/01/28 08:40:00		3.06754	135.661	21.1	80.02	1014.42	89.68	26.3394	41.6807	54.404	96.084	3.15077	2920.0	18.2798	85.589	57.611	40.425								
2015/01/28 08:45:00		3.11417	140.025	21.099	79.922	1014.46	88.878	26.3778	33.3928	50.573	83.966	2.80757	2581.04	18.3584	87.838	59.052	40.7233								
2015/01/28 08:50:00		3.32887	149.9	21.0958	79.789	1014.53	99.334	26.421	29.1673	52.87	82.037	3.17936	2284.17	20.8371	101.608	67.733	44.085								
2015/01/28 08:55:00		3.0965	138.545	21.1995	79.911	1014.5	110.017	26.4597	26.4516	53.828	80.28	3.22227	2202.29	19.1263	86.603	58.125	41.78								
2015/01/28 09:00:00		4.06949	137.252	21.2828	79.669	1014.53	160.526	26.5066	22.8582	51.247	74.105	3.16507	2101.88	19.0156	78.392	52.265	38.14								
2015/01/28 09:05:00		3.13244	141.137	21.2979	79.236	1014.58	145.622	26.5587	27.9033	51.891	79.794	2.94103	2059.79	18.5905	70.282	47.3	36.6267								
2015/01/28 09:10:00		4.36192	138.587	21.3026	78.878	1014.6	175.642	26.5979	28.8368	51.86	80.697	2.73607	1941.46	18.7905	67.578	45.6317	35.0717								
2015/01/28 09:15:00		4.02821	142.77	21.4026	78.804	1014.62	199.332	26.6522	24.0329	49.183	73.216	2.56923	1784.17	18.8048	70.072	47.2483	36.2033								
2015/01/28 09:20:00		3.69436	148.195	21.462	78.7	1014.62	221.04	26.7064	27.5839	50.641	78.225	2.49297	1769.17	18.0976	72.241	48.2583	35.5158								
2015/01/28 09:25:00		3.59743	152.14	21.6484	78.683	1014.62	235.521	26.7662	26.4784	50.128	76.606	2.6741	1721.25	18.0191	70.852	47.48	35.1333								
2015/01/28 09:30:00		3.84924	137.295	21.7495	77.773	1014.71	365.473	26.8135	28.0484	49.6828	77.731	3.0173	1634.38	19.462	65.198	44.7033	35.3342								
2015/01/28 09:35:00		3.21591	135.115	21.8464	77.529	1014.67	358.13	26.8597	27.91	54.523	82.433	2.64073	1492.92	20.4942	71.629	47.8342	36.2508								
2015/01/28 09:40:00		3.33335	141.448	21.9932	76.985	1014.66	284.572	26.9338	25.565	53.496	79.061	2.96487	1512.08	18.2119	69.601	47.08	36.6933								
2015/01/28 09:45:00		3.01485	143.393	22.0979	76.848	1014.68	439.337	27.0031	30.1411	55.287	85.428	2.76467	1543.33	17.6119	75.782	50.608	35.9367								
2015/01/28 09:50:00		3.23149	133.325	22.2432	76.164	1014.7	405.905	27.0734	33.4107	54.814	88.225	2.8028	1676.04	17.2583	66.447	44.6258	34.1433								
2015/01/28 09:55:00		3.4652	142.381	22.3115	75.459	1014.68	242.273	27.1416	28.0953	52.723	80.818	3.21273	1669.17	17.7333	66.739	45.1792	34.2417								
2015/01/28 10:00:00		3.34416	136.838	22.3073	74.794	1014.71	220.901	27.2219	28.0127	51.518	79.53	3.45107	1577.71	17.9798	62.608	42.3967	33.235								
2015/01/28 10:05:00		3.00317	137.694	22.3073	74.915	1014.73	180.527	27.2884	26.3891	52.432	78.821	3.0459	1514.58	17.294	65.38	44.1158	34.64								
2015/01/28 10:10:00		2.74171	137.451	22.3083	74.727	1014.75	205.866	27.3483	27.4544	53.811	81.266	2.86	1483.54	17.1404	65.378	43.8208	33.4125								
2015/01/28 10:15:00		3.46503	159.486	22.3766	74.544	1014.75	165.309	27.4039	24.4662	50.261	74.728	2.72177	1517.08	17.6619	64.618	43.2867	33.1858								
2015/01/28 10:20:00		3.77699	139.849	22.4063	74.221	1014.73	85.983	27.4549	32.9953	52.004	84.999	2.81233	1551.46	17.2011	63.188	42.325	32.1108								
2015/01/28 10:25:00		3.12758	144.731	22.4089	74.045	1014.73	80.478	27.496	30.5408	53.904	84.445	2.91243	1624.17	17.2011	60.164	40.7883	30.9025								
2015/01/28 10:30:00		2.46363	158.038	22.4078	74.215	1014.67	109.732	27.5327	25.3372	50.925	76.263	2.72653	1590.0	16.5297	64.237	42.945	33.6117								
2015/01/28 10:35:00		2.84362	150.305	22.4083	74.124	1014.63	101.084	27.5717	27.968	54.558	82.526	2.55017	1646.88	16.6797	59.579	40.65	31.6								
2015/01/28 10:40:00		3.4851	152.857	22.4255	74.246	1014.58	176.597	27.5993	27.0412	53.64	80.681	2.431	1662.92	16.3011	69.445	46.2825	32.2								
2015/01/28 10:45:00		2.72211	152.616	22.5047	74.153	1014.5	228.579	27.6383	32.323	55.396	87.719	2.54063	1671.04	16.5082	63.392	42.3275	31.4925								
2015/01/28 10:50:00		4.05003	143.909	22.6078	73.59	1014.4	231.051	27.6799	27.4923	52.339	79.832	2.56923	1595.63	16.5868	62.974	42.3742	30.4733								
2015/01/28 10:55:00		3.2891	143.723	22.6052	73.241	1014.34	199.092	27.7312	24.7922	53.062	77.854	2.49297	1554.79	15.9475	60.572	40.8033	30.92								
2015/01/28 11:00:00		3.61685	140.353	22.6307	73.271	1014.25	188.103	27.787	22.7443	51.614	74.358	2.99823	1567.29	16.1046	58.053	39.625	30.8692								
2015/01/28 11:05:00		3.42524	143.347	22.7083	72.824	1014.2	203.576	27.8372	25.2724	52.617	77.889	3.7323	1542.92	16.7083	57.725	38.895	29.595								
2015/01/28 11:10:00		2.73483	148.064	22.6115	72.642	1014.22	235.579	27.8743	22.8738	48.4059	71.28	3.26993	1483.96	16.719	64.247	42.9058	32.1258								
2015/01/28 11:15:00		2.86332	136.957	22.6453	72.832	1014.15	296.764	27.9295	23.0547	52.055	75.11	3.37957	1456.46	16.5297	59.487	39.9667	30.9067								
2015/01/28 11:20:00		3.55305	150.937	22.7516	72.737	1014.07	300.73	27.9859	27.3092	53.887	81.196	3.8181	1456.88	16.1904	60.926	41.015	31.8025								
2015/01/28 11:25:00		3.84537	140.332	22.8813	72.468	1013.99	479.66	28.041	23.6867	53.678	77.365	3.81333	1419.79	16.7154	64.43	43.4225	33.0192								
2015/01/28 11:30:00		3.59113	144.358	23.0479	71.997	1013.89	489.752	28.0922	23.2177	51.97	75.187	3.3891	1404.38	16.494	59.224	40.5608	31.6008								
2015/01/28 11:35:00		3.586	135.299	23.1703	71.389	1013.82	369.491	28.1553	20.3122	52.647	72.96	2.98393	1332.92	16.644	59.448	40.0908	31.5717								
2015/01/28 11:40:00		2.7818	147.239	23.2146	71.059	1013.73	287.685	28.2346	19.392	51.997	71.389	3.25087	1350.63	16.444	54.935	38.2267	30.3267								
2015/01/28 11:45:00		3.51057	136.534	23.2266	71.197	1013.63	372.575	28.3062	16.9778	49.0564	66.034	2.89813	1275.21	16.7297	60.887	41.3167	32.1958								
2015/01/28 11:50:00		3.70456	148.323	23.3172	70.86	1013.55	394.399	28.3484	17.7528	51.935	69.688	2.79803	1247.5	15.8225	58.71	39.465	31.2233								
2015/01/28 11:55:00		4.02556	145.176	23.4745	70.679	1013.42	577.95	28.0131	24.2384	49.7239	73.962	2.8314	1211.04	10.7757	60.298	40.6683	32.3433								
2015/01/28 12:00:00		3.46928	142.354	23.6161	68.938	1013.34	290.186	27.5408	31.7535	53.325	85.079	2.7313	1274.79	9.7757	58.273	40.3333	32.7633								
2015/01/28 12:05:00		4.11859	141.871	23.6156	68.599	1013.25	251.898	27.2157	24.9262	52.165	77.091	2.75513	1310.21	15.0546	58.082	40.2133	32.7467								
2015/01/28 12:10:00		3.56816	133.832	23.6172	68.652	1013.18	214.681	27.2723	25.1027	53.116	78.219	2.71223	1359.58	27.9126	59.86	40.3317	32.3667								
2015/01/28 12:15:00		3.73926	138.449	23.6198	68.605	1013.14	302.692	27.3784	24.5399	56.242	80.782	2.87907	1369.17	32.0557	57.812	38.9983	30.5133								
2015/01/28 12:20:00		2.40732	135.529	23.6151	68.953	1013.03	291.382	27.5682	19.3407	54.445	73.785	2.717	1342.92	23.7016	58.202	39.2325	30.9617								
2015/01/28 12:25:00		2.81622	135.288	23.6969	69.002	1012.94	202.913	27.7827	27.8519	60.329	88.181	3.05543	1416.88	19.4692	56.132	38.015	29.6667								
2015/01/28 12:30:00		3.57698	149.648	23.7161	68.65	1012.84	253.947	27.9599	25.2054	57.789	82.995	2.96963	1401.04	18.4727	53.651	36.2708	28.8458								
2015/01/28 12:35:00		2.96306	137.317	23.6568	68.382	1012.7	263.018	28.1118	24.4215	55.256	79.678	2.9458	1306.88	17.5726	53.562	36.6183	28.9167								
2015/01/28 12:40:00		2.68735	145.285	23.6859	68.639	1012.57	311.558	28.2541	23.3942	56.944	80.338	2.7456	1252.92	17.1547	54.542	36.9142	28.5633								
2015/01/28 12:45:00		3.30968	137.346	23.8198	68.357	1012.45	271.367	28.3639	21.0894	56.006	77.095	2.94103	1266.25	16.6725	62.498	41.6625	29.615								
2015/01/28 12:50:00		2.62947	137.494	23.926	67.834	1012.36	269.646	28.4638	25.2545	58.827	84.081	3.1603	1277.71	15.8511	55.44	37.33	28.565								
2015/01/28 12:55:00		3.34633	144.357	24.0094	67.569	1012.22	215.141	28.1765	22.3534	55.472	77.825	3.29377	1243.96	10.09	54.523	36.6383	28.2242								
2015/01/28 13:00:00		2.15229	140.192	24.0141	67.893	1012.14	278.972	27.6938	21.4132	55.037	76.45	3.3462	1203.75	10.2543	54.45	36.3958	27.7025								
2015/01/28 13:05:00		3.09011	148.466	24.1708	67.519	1012.04	301.773	27.2892	24.9218	56.509	81.431	3.52257	1260.83	12.258	55.276	37.7433	29.6675								
2015/01/28 13:10:00		2.71536	138.477	24.2875	66.19	1011.89	357.656	27.2841	24.4528	55.177	79.63	3.31283	1285.63	27.0411	49.1775	34.0692	27.7533								
2015/01/28 13:15:00		3.73225	134.634	24.3188	65.123	1011.75	322.642	27.3854	21.4713	53.407	74.879	2.9315	1238.13	34.2809	47.2167	32.085	26.0275								
2015/01/28 13:20:00		3.57677	142.788	24.4031	65.199	1011.64	199.952	27.5668	18.521	57.163	75.684	2.92197	1195.83	26.6303	48.6558	32.5942	24.385								
2015/01/28 13:25:00		4.23998	140.503	24.4214	64.323	1011.57	253.925	27.7986	18.0833	53.544	71.628	2.68363	1188.33	21.555	47.68	32.2283	24.51								
2015/01/28 13:30:00		3.55637	139.098	24.3292	64.117	1011.45	364.824	27.9795	15.6735	52.569	68.242	2.66457	1118.13	20.0656	44.595	30.5667	24.3267								
2015/01/28 13:35:00		4.21804	142.711	24.4068	64.546	1011.32	759.32	28.1457	12.6116	50.114	62.726	2.55017	1061.04	19.7156	45.4842	30.6658	24.0317								
2015/01/28 13:40:00		4.02522	140.053	24.8469	64.018	1011.17	730.3	28.2998	13.0806	50.525	63.606	2.42147	1010.42	18.9405	43.8858	29.4792	22.7417								
2015/01/28 13:45:00		3.9615	135.661	25.2359	62.734	1011.09	687.95	28.1674	12.357	47.9369	60.294	2.52157	1019.17	13.0866	57.766	35.0567	23.6								
2015/01/28 13:50:00		4.4569	149.779	25.4443	60.985	1011.02	560.61	27.7967	15.3251	46.9818	62.307	2.82187	1057.92	12.2294	66.758	29.3858	21.3517								
2015/01/28 13:55:00		4.17463	142.796	25.4656	60.162	1010.96	153.176	27.4694	16.0063	48.6113	64.618	2.42147	1092.08	10.1507	72.544	28.5092	20.9758								
2015/01/28 14:00:00		2.39054	146.342	25.2568	61.288	1010.86	356.599	27.2431	12.8886	45.9617	58.85	2.3595	1104.17	14.8867	75.333	32.0175	22.715								
2015/01/28 14:05:00		4.90301	149.966	25.3333	61.828	1010.77	629.45	27.3991	15.7405	49.9499	65.69	2.26893	1205.42	28.2769	83.293	32.3167	22.8892								
2015/01/28 14:10:00		3.26383	145.56	25.4276	60.886	1010.71	320.221	27.6423	17.0604	51.305	68.366	2.38333	1213.13	39.4062	69.525	28.6442	21.8175								
2015/01/28 14:15:00		3.54648	140.345	25.3656	60.689	1010.69	303.02	27.9145	17.9158	51.662	69.577	2.30707	1166.25	45.2423	70.06	29.4083	21.415								
2015/01/28 14:20:00		4.10027	139.894	25.2948	61.935	1010.66	461.161	28.2412	17.6031	58.525	76.128	2.43577	1250.0	29.0519	47.7158	28.3033	20.3267								
2015/01/28 14:25:00		4.53582	142.754	25.3615	61.408	1010.64	357.226	28.4251	16.8103	55.492	72.303	2.16883	1330.0	18.3012	83.305	27.52	20.635								
2015/01/28 14:30:00		4.85406	133.701	25.3281	61.629	1010.66	455.459	28.1287	14.8874	48.3169	63.204	2.42147	1316.88	12.8223	44.7783	28.7592	20.6133								
2015/01/28 14:35:00		4.72547	142.182	25.1964	61.802	1010.61	359.866	27.7999	14.443	43.8152	58.258	2.288	1258.54	11.2686	49.2708	32.845	22.4042								
2015/01/28 14:40:00		3.93748	131.317	25.124	62.561	1010.57	253.48	27.4436	15.5172	49.7239	65.241	2.6884	1243.54	9.99	47.2608	31.5742	22.4183								
2015/01/28 14:45:00		3.92772	140.558	25.0448	62.801	1010.51	320.833	27.3537	12.0533	45.253	57.306	2.65027	1209.17	23.6301	47.1517	31.4283	22.9467								
2015/01/28 14:50:00		4.01529	131.699	24.9792	63.029	1010.47	198.749	27.5413	12.6563	48.0807	60.737	2.61213	1248.96	33.7201	47.4233	31.9167	23.1333								
2015/01/28 14:55:00		4.17305	132.141	24.876	63.685	1010.41	294.569	27.7588	12.9891	48.2656	61.255	2.46437	1292.5	49.3854	45.8983	30.6817	22.9917								
2015/01/28 15:00:00		4.22107	130.312	24.9146	64.05	1010.37	348.068	27.9577	15.1844	50.778	65.963	2.4024	1283.13	50.768	48.4433	32.33	22.7533								
2015/01/28 15:05:00		3.91524	134.48	25.0229	64.291	1010.36	499.669	28.1945	17.583	59.08	76.663	2.3309	1263.13	32.2128	47.1708	31.4458	22.3942								
2015/01/28 15:10:00		4.29289	138.742	25.2672	63.422	1010.33	361.083	28.4268	14.9924	54.585	69.577	2.2451	1240.83	24.4981	45.355	30.3217	22.3767								
2015/01/28 15:15:00		4.90477	137.527	25.2193	62.444	1010.35	239.32	28.2453	12.5603	46.1328	58.693	2.53587	1250.83	13.3759	47.415	31.6633	23.2125								
2015/01/28 15:20:00		4.03148	136.709	25.049	62.899	1010.35	338.61	27.8514	16.0644	49.45	65.514	2.46437	1288.33	12.5616	46.675	31.2483	23.295								
2015/01/28 15:25:00		4.4198	135.805	25.0604	63.415	1010.35	281.378	27.4627	13.6122	48.5497	62.162	2.19743	1306.25	10.4971	46.1867	30.8133	22.75								
2015/01/28 15:30:00		4.28405	138.723	25.0234	63.388	1010.36	226.851	27.2965	12.0243	41.193	53.217	2.0878	1390.21	21.4514	49.1017	32.8083	23.7917								
2015/01/28 15:35:00		4.79072	141.915	24.9474	63.707	1010.39	271.666	27.4495	13.6099	44.5478	58.158	2.31183	1335.21	32.295	55.403	37.11	27.0683								
2015/01/28 15:40:00		3.54311	140.923	24.8745	63.979	1010.42	203.591	27.6023	12.6809	47.0332	59.714	3.62267	1291.25	47.9711	50.851	34.145	24.8717								
2015/01/28 15:45:00		3.76953	134.676	24.7563	64.31	1010.41	147.445	27.787	16.2229	54.048	70.271	3.7466	1299.38	48.8961	56.721	38.08	27.4567								
2015/01/28 15:50:00		3.95853	141.107	24.6698	64.617	1010.45	173.717	28.0028	21.8934	57.084	78.977	3.72753	1351.46	30.6413	50.338	33.625	24.7025								
2015/01/28 15:55:00		4.91033	136.772	24.5365	65.119	1010.45	146.293	28.1948	14.8494	50.474	65.323	3.20797	1349.38	24.2123	48.8408	33.2533	24.6083								
2015/01/28 16:00:00		4.3001	138.085	24.5026	65.612	1010.5	110.79	28.3486	14.4765	50.867	65.344	2.88383	1324.58	21.505	49.225	33.1833	25.2033								
2015/01/28 16:05:00		4.02476	140.988	24.4188	66.364	1010.54	102.404	28.2251	19.9705	55.564	75.535	3.01253	1281.88	13.0759	52.078	34.8117	26.2608								
2015/01/28 16:10:00		4.28463	141.614	24.3594	66.353	1010.54	117.986	27.7956	14.3402	47.4611	61.801	2.87907	1235.21	12.2937	48.3892	32.5442	24.0067								
2015/01/28 16:15:00		4.46463	150.029	24.3219	66.773	1010.5	146.548	27.3368	13.0293	43.5379	56.567	2.97917	1163.75	11.0007	57.353	38.61	29.035								
2015/01/28 16:20:00		4.0024	132.556	24.3177	67.095	1010.49	157.894	27.2205	17.5786	46.1568	63.735	2.46913	1121.25	26.3482	51.57	34.4075	24.9508								
2015/01/28 16:25:00		4.62057	137.914	24.3208	66.984	1010.51	146.803	27.2844	16.4909	46.9305	63.421	2.46913	1162.5	35.1452	47.9233	32.44	24.365								
2015/01/28 16:30:00		4.14767	141.153	24.3208	66.879	1010.53	138.141	27.3808	13.7551	45.2154	58.97	2.6312	1171.67	43.5708	49.3008	32.88	24.0308								
2015/01/28 16:35:00		3.94026	135.651	24.3208	66.816	1010.55	131.972	27.5687	16.0688	50.357	66.426	2.26417	1173.96	30.002	50.885	34.1283	25.385								
2015/01/28 16:40:00		4.26025	145.199	24.3193	67.046	1010.56	120.903	27.7623	18.6215	52.709	71.331	2.31183	1311.67	23.6837	49.4908	33.0108	25.2533								
2015/01/28 16:45:00		3.60508	141.581	24.3182	67.39	1010.57	101.318	27.9129	27.7737	49.4329	77.207	2.76943	1476.88	21.2264	53.064	35.3842	26.085								
2015/01/28 16:50:00		3.89572	150.801	24.3177	67.528	1010.55	89.644	28.0501	91.562	56.909	148.472	3.33667	2124.17	18.2119	50.534	33.6992	24.3392								
2015/01/28 16:55:00		4.65809	145.026	24.2849	67.48	1010.6	82.009	28.1782	74.625	52.428	127.053	3.09833	2095.63	17.594	48.5508	32.5517	23.9675								
2015/01/28 17:00:00		4.96838	139.443	24.2104	67.08	1010.64	80.639	28.2952	61.406	52.949	114.354	2.81233	1892.71	16.9368	50.001	33.4025	24.4025								
2015/01/28 17:05:00		4.21855	141.958	24.1161	67.177	1010.68	77.401	28.3242	47.8112	51.576	99.387	3.19843	1695.21	13.2009	49.9908	33.33	23.8667								
2015/01/28 17:10:00		4.245	144.131	24.1167	67.467	1010.7	64.903	27.8998	39.6528	49.3234	88.976	3.87053	1589.79	9.2506	50.213	33.5908	24.1983								
2015/01/28 17:15:00		4.90687	145.442	24.0443	67.374	1010.73	54.607	27.4055	36.3855	48.423	84.809	4.09933	1537.5	8.9077	47.8183	32.2017	24.0908								
2015/01/28 17:20:00		4.47158	136.333	24.012	67.509	1010.77	44.851	27.1271	32.4057	49.5356	81.941	4.2471	1495.21	18.4619	50.188	33.465	24.3308								
2015/01/28 17:25:00		4.46145	141.524	23.9641	67.769	1010.75	36.8375	27.1891	25.5605	46.0438	71.604	3.7466	1430.21	29.602	49.3008	32.8833	24.1967								
2015/01/28 17:30:00		4.83594	144.008	23.913	67.833	1010.82	28.5469	27.2705	22.3311	46.862	69.193	3.4463	1395.42	35.4845	48.6817	32.5142	23.7383								
2015/01/28 17:35:00		3.57868	149.77	23.8318	67.949	1010.83	21.175	27.434	21.5785	50.381	71.96	3.11263	1389.38	25.4731	49.1325	32.7617	23.3242								
2015/01/28 17:40:00		3.9186	141.379	23.8203	68.268	1010.85	14.5688	27.5983	23.4076	52.285	75.692	2.7599	1472.71	20.6335	58.934	39.3317	27.23								
2015/01/28 17:45:00		4.27893	146.682	23.7271	68.314	1010.89	8.7427	27.7551	21.5606	50.559	72.12	3.06497	1557.5	19.7013	49.5542	33.0308	24.3683								
2015/01/28 17:50:00		3.93142	147.24	23.6672	68.364	1010.9	3.48542	27.8262	19.803	50.231	70.034	2.75513	1516.67	17.0368	50.893	33.9642	24.8342								
2015/01/28 17:55:00		4.6309	142.69	23.6161	68.611	1010.95	1.1375	27.4713	17.7193	49.3508	67.07	2.65503	1559.38	12.8366	51.551	34.4742	25.8308								
2015/01/28 18:00:00		3.6642	139.454	23.5313	68.683	1010.97	1.15937	27.0331	20.1737	48.2108	68.384	2.49297	1627.5	12.6759	52.427	34.9808	26.6567								
2015/01/28 18:05:00		3.25325	138.283	23.4693	68.905	1011.01	1.23229	26.5397	16.6428	46.0781	62.721	2.66933	1667.92	10.7114	62.562	41.7417	27.2033								
2015/01/28 18:10:00		3.45796	140.926	23.4115	69.096	1011.07	1.15208	26.4092	23.1329	47.6665	70.799	2.4739	1691.04	26.6196	54.748	36.5225	26.7033								
2015/01/28 18:15:00		3.7943	135.144	23.3417	69.354	1011.14	1.14479	26.4183	17.6724	45.7597	63.432	2.5883	1701.88	38.9919	55.267	36.8683	26.9783								
2015/01/28 18:20:00		3.28706	144.485	23.288	69.542	1011.19	1.11563	26.4801	17.6277	48.4744	66.102	2.5311	1622.29	33.1093	55.153	36.8558	27.1842								
2015/01/28 18:25:00		2.66398	138.0	23.2042	69.928	1011.25	1.1375	26.5816	16.8751	48.3956	65.271	2.21173	1569.38	24.3695	56.51	37.6875	28.1717								
2015/01/28 18:30:00		2.90326	139.464	23.1693	70.315	1011.3	1.06458	26.6973	17.7416	48.0088	65.75	2.63597	1605.63	21.2764	59.582	39.7367	30.0067								
2015/01/28 18:35:00		2.96711	143.76	23.1068	70.729	1011.3	1.15937	26.7899	19.966	48.156	68.122	2.62167	1681.88	19.5584	60.802	40.6483	31.1333								
2015/01/28 18:40:00		3.06377	145.402	23.0073	71.183	1011.36	1.15937	26.8737	27.4633	50.556	78.019	2.96963	1755.21	18.3619	63.618	42.565	31.7833								
2015/01/28 18:45:00		2.74555	139.164	22.9521	71.583	1011.42	1.23958	26.9633	25.4332	48.9742	74.407	2.55493	1760.42	17.8155	59.778	39.9392	30.3775								
2015/01/28 18:50:00		2.72987	137.916	22.9	71.936	1011.5	1.21042	27.031	24.1825	48.3854	72.568	2.69793	2186.67	17.7155	62.188	41.46	31.0658								
2015/01/28 18:55:00		3.16431	141.815	22.8125	72.186	1011.58	1.15208	27.093	28.2316	50.275	78.507	2.22127	2110.42	17.3154	62.889	41.9733	31.1725								
2015/01/28 19:00:00		3.49975	135.668	22.7755	72.48	1011.61	1.18854	27.1443	30.5364	49.8335	80.37	2.62167	1979.58	16.6297	58.654	39.4958	30.3967								
2015/01/28 19:05:00		3.21811	136.289	22.7109	72.682	1011.62	1.14479	27.2063	23.9145	48.0396	71.954	2.7456	1805.83	16.894	56.582	38.1975	29.91								
2015/01/28 19:10:00		3.00756	132.687	22.6182	72.809	1011.68	1.18854	27.2492	21.3194	46.7216	68.041	2.54063	1634.17	17.119	57.716	39.0258	30.7875								
2015/01/28 19:15:00		3.41242	135.713	22.5771	72.835	1011.75	1.17396	27.2798	20.1	43.6509	63.751	2.75037	1510.42	17.2083	56.691	38.3258	29.6175								
2015/01/28 19:20:00		3.66061	134.015	22.5047	72.936	1011.84	1.19583	27.3121	20.5467	45.4755	66.022	2.76467	1520.0	17.0476	59.583	40.175	30.7458								
2015/01/28 19:25:00		3.0825	142.452	22.5042	73.047	1011.97	1.16667	27.333	28.6872	46.8278	75.515	3.00777	1541.67	16.4011	55.204	37.6617	29.9108								
2015/01/28 19:30:00		3.1976	136.611	22.4141	73.05	1012.08	1.15937	27.3518	27.7157	46.3143	74.03	3.22227	1494.79	16.3582	56.65	39.1292	31.5367								
2015/01/28 19:35:00		2.96991	143.924	22.4073	73.2	1012.19	1.20313	27.3676	23.4857	44.2637	67.749	5.577	1436.46	15.9189	55.516	37.545	29.9442								
2015/01/28 19:40:00		3.14652	142.695	22.3068	73.44	1012.22	1.17396	27.3897	25.9714	45.0134	70.985	5.6866	1419.17	16.0154	56.52	38.4183	29.705								
2015/01/28 19:45:00		3.2812	145.184	22.3094	73.758	1012.3	1.11563	27.4071	26.9943	45.6775	72.672	4.719	1478.54	16.3582	58.932	40.0417	30.6225								
2015/01/28 19:50:00		3.17376	142.4	22.2365	74.024	1012.38	1.1375	27.4286	33.6921	47.4337	81.126	4.39963	1485.21	15.8439	61.2	41.4542	32.9583								
2015/01/28 19:55:00		2.97721	146.657	22.1995	74.235	1012.4	1.17396	27.4404	27.001	43.5756	70.577	4.05643	1440.0	16.4118	54.518	37.2542	29.3517								
2015/01/28 20:00:00		2.97297	145.827	22.1115	74.584	1012.44	1.15208	27.4525	22.7197	43.199	65.919	3.7037	1339.17	15.6868	57.736	39.2217	30.6717								
2015/01/28 20:05:00		3.15702	141.924	22.1089	74.925	1012.49	1.1375	27.4724	23.6465	44.1679	67.814	3.0745	1288.33	16.0868	55.003	38.01	29.9167								
2015/01/28 20:10:00		3.04263	147.329	22.0109	75.144	1012.55	1.10833	27.4785	22.0564	41.1587	63.215	2.75037	1233.54	16.4582	55.574	39.165	31.725								
2015/01/28 20:15:00		3.77073	143.151	22.0021	75.426	1012.64	1.15208	27.4828	21.411	42.5965	64.007	3.62267	1175.42	16.1725	54.092	38.71	31.0758								
2015/01/28 20:20:00		3.16119	143.884	21.9594	75.733	1012.67	1.16667	27.4769	22.5969	41.3333	63.93	5.2815	1155.42	15.8582	57.277	38.8592	29.3933								
2015/01/28 20:25:00		3.00555	146.112	21.9052	75.982	1012.73	1.19583	27.4799	20.7767	40.5014	61.278	4.47113	1118.13	15.6582	53.97	37.2558	29.3225								
2015/01/28 20:30:00		3.64219	150.264	21.9052	76.221	1012.86	1.1375	27.4815	19.0436	39.5326	58.576	3.9611	1093.75	15.2653	58.531	39.4117	29.1858								
2015/01/28 20:35:00		3.36499	145.719	21.9068	76.374	1012.92	1.15208	27.4912	21.2658	40.5049	61.771	3.60837	1083.13	16.0296	52.291	36.7275	29.2725								
2015/01/28 20:40:00		3.16909	148.816	21.8115	76.557	1012.93	1.13021	27.4906	24.1289	41.5079	65.637	3.06973	1111.46	15.5725	53.512	36.3458	28.4358								
2015/01/28 20:45:00		3.14859	142.69	21.8042	76.815	1013.04	1.15208	27.4914	25.3573	42.8601	68.217	2.9029	1143.54	15.5117	53.54	36.5558	28.4167								
2015/01/28 20:50:00		2.82892	139.705	21.8073	76.988	1013.07	1.07187	27.4801	21.5807	39.3101	60.891	2.56923	1129.17	15.7368	58.847	39.9208	29.2042								
2015/01/28 20:55:00		3.88084	148.656	21.8073	77.139	1013.11	1.15208	27.4777	25.2367	41.3299	66.567	2.46913	1102.29	15.6725	67.358	45.0033	30.5017								
2015/01/28 21:00:00		2.99545	145.484	21.8057	77.216	1013.16	1.1375	27.4745	24.0351	40.1523	64.187	2.288	1093.33	15.476	57.382	38.9558	29.9458								
2015/01/28 21:05:00		2.74696	141.063	21.8073	77.388	1013.2	1.16667	27.4791	23.8498	41.1142	64.964	2.51203	1121.88	15.2689	56.664	38.3775	30.0225								
2015/01/28 21:10:00		2.68366	133.997	21.7156	77.556	1013.28	1.14479	27.4804	22.0117	37.8004	59.812	2.7027	1116.88	15.7546	61.88	42.1183	31.9308								
2015/01/28 21:15:00		2.5492	138.74	21.7047	77.753	1013.33	1.1375	27.4777	26.0876	41.7133	67.801	2.73607	1198.13	15.9296	56.671	39.2475	30.0742								
2015/01/28 21:20:00		2.73226	135.751	21.7031	77.908	1013.35	1.16667	27.4842	25.2746	39.7346	65.009	2.5597	1177.71	15.551	57.079	38.9358	30.8567								
2015/01/28 21:25:00		2.83003	139.85	21.7036	78.028	1013.37	1.06458	27.4847	25.3841	41.2306	66.615	2.89813	1126.04	15.3617	58.307	39.7333	30.2933								
2015/01/28 21:30:00		2.96915	133.958	21.7031	78.054	1013.42	1.10104	27.4861	23.8587	40.7205	64.579	3.12693	1109.38	15.6367	57.527	39.16	30.2483								
2015/01/28 21:35:00		2.77337	135.677	21.7078	78.142	1013.47	1.13021	27.493	22.7286	39.2862	62.015	3.4177	1087.29	15.2439	64.583	43.745	34.0083								
2015/01/28 21:40:00		2.64139	136.886	21.7016	78.214	1013.54	1.07187	27.4922	31.6843	40.9362	72.621	3.57977	1144.79	15.3546	64.868	44.0567	34.3067								
2015/01/28 21:45:00		2.23982	131.615	21.7026	78.345	1013.6	1.10833	27.4973	32.667	41.2375	73.904	6.0727	1264.17	15.3975	64.687	43.3217	33.73								
2015/01/28 21:50:00		2.50683	135.325	21.6495	78.508	1013.65	1.16667	27.4973	32.7585	41.614	74.373	5.5198	1326.67	15.6403	58.018	39.335	31.0883								
2015/01/28 21:55:00		2.76782	137.416	21.6016	78.762	1013.67	1.10833	27.4933	30.3555	39.5737	69.929	4.85723	1309.38	15.4367	59.438	40.025	30.9717								
2015/01/28 22:00:00		2.19478	133.173	21.649	78.854	1013.71	1.15937	27.4796	28.542	39.2999	67.842	4.0183	1242.5	15.7939	57.353	38.9692	30.0658								
2015/01/28 22:05:00		2.34358	138.086	21.7047	78.928	1013.72	1.15208	27.4767	30.9629	39.9229	70.886	3.9468	1207.5	15.8011	60.866	40.7658	31.0625								
2015/01/28 22:10:00		2.74828	130.932	21.7042	78.934	1013.74	1.1375	27.4737	30.6994	39.9229	70.622	3.42723	1251.67	15.726	61.527	41.3733	31.3258								
2015/01/28 22:15:00		2.16242	138.946	21.7094	78.932	1013.73	1.15208	27.4699	39.6863	41.9769	81.663	3.48443	1308.33	15.5296	60.969	40.8275	30.9542								
2015/01/28 22:20:00		2.43516	132.501	21.7047	78.956	1013.71	1.15208	27.4624	46.1987	42.7951	88.994	3.12217	1339.79	15.5582	66.034	44.4075	32.8667								
2015/01/28 22:25:00		2.31204	143.471	21.7094	78.924	1013.73	1.17396	27.4605	40.9571	42.8464	83.804	3.51303	1325.0	16.0582	61.385	41.615	32.9025								
2015/01/28 22:30:00		2.15914	137.316	21.7052	79.022	1013.75	1.1375	27.46	36.5016	41.0149	77.517	3.5464	1347.5	15.5903	60.127	41.6442	33.0908								
2015/01/28 22:35:00		2.54549	135.953	21.7073	79.104	1013.75	1.18854	27.4603	29.9847	39.5224	69.507	3.15553	1326.25	15.6725	60.636	41.9675	33.66								
2015/01/28 22:40:00		2.28988	137.204	21.7052	79.091	1013.73	1.11563	27.4721	26.9921	37.821	64.813	2.9601	1256.88	16.3189	63.938	44.4075	35.2625								
2015/01/28 22:45:00		2.22727	143.31	21.7036	79.04	1013.73	1.14479	27.4807	26.0161	37.8176	63.834	3.46537	1225.0	16.2404	67.798	46.1808	36.6108								
2015/01/28 22:50:00		2.20566	136.633	21.7026	79.152	1013.71	1.13021	27.4903	23.0145	36.7392	59.754	3.92773	1250.21	16.2832	64.472	44.065	35.305								
2015/01/28 22:55:00		2.32774	137.925	21.7047	79.169	1013.72	1.15937	27.5073	21.4378	37.0199	58.458	3.8324	1277.71	16.3654	66.513	45.3908	35.2208								
2015/01/28 23:00:00		2.14406	139.354	21.7052	79.22	1013.69	1.15937	27.5215	27.4968	38.7487	66.246	3.5607	1274.38	16.1046	62.446	42.9367	34.2975								
2015/01/28 23:05:00		1.94748	134.208	21.649	79.315	1013.69	1.14479	27.5384	26.1233	38.5741	64.697	3.4463	1226.88	16.5404	61.567	42.5042	33.645								
2015/01/28 23:10:00		2.34542	138.143	21.6083	79.435	1013.67	1.04271	27.5531	26.9362	39.1835	66.12	3.21273	1186.46	16.1975	62.841	43.3225	34.6033								
2015/01/28 23:15:00		1.99835	139.467	21.6047	79.535	1013.66	1.1375	27.5623	25.7012	39.1218	64.823	3.22227	1144.79	16.3582	65.835	44.9775	35.565								
2015/01/28 23:20:00		2.5336	134.428	21.6047	79.644	1013.61	1.1375	27.5727	24.723	38.4201	63.143	3.07927	1067.29	15.8261	60.265	41.7808	33.095								
2015/01/28 23:25:00		2.44287	140.219	21.5943	79.81	1013.6	1.15208	27.5792	22.0251	38.0093	60.034	2.90767	1021.88	16.4332	56.55	39.4958	31.5167								
2015/01/28 23:30:00		2.97658	135.451	21.5	79.893	1013.57	1.18854	27.5813	17.3441	34.4216	51.766	2.46437	980.83	16.9975	52.098	37.5983	30.4192								
2015/01/28 23:35:00		2.23188	137.036	21.4964	80.105	1013.56	1.10833	27.5805	15.6333	32.6997	48.333	2.55016	901.46	16.5547	54.578	39.1217	31.5383								
2015/01/28 23:40:00		2.77057	134.68	21.5	80.081	1013.53	1.09375	27.5803	14.4832	33.4596	47.9428	2.3595	811.88	16.6618	52.606	37.4558	30.7383								
2015/01/28 23:45:00		2.90003	136.446	21.4974	80.216	1013.52	1.09375	27.5872	13.2615	32.4155	45.6771	2.6169	744.38	16.8583	53.932	38.6292	30.1617								
2015/01/28 23:50:00		2.56873	137.243	21.499	80.32	1013.51	1.15208	27.54	12.5	30.7929	43.2929	2.65503	673.54	14.2009	48.015	34.985	28.6342								
2015/01/28 23:55:00		2.63874	136.584	21.438	80.456	1013.51	1.19583	27.0227	12.2364	27.818	40.0544	2.574	639.79	9.3328	48.6242	36.0742	29.3575								
2015/01/29 00:00:00		2.77175	138.672	21.3979	80.596	1013.46	1.17396	26.4795	11.2649	26.1988	37.4637	2.46437	651.25	9.3685	46.6475	35.6008	29.0767								
