-- 1st mean values --
Format: XTAB(V:1;HEAD:2;COL:TCFFFFFFFFFFFFFFFFFFFFFFFF)
StartTime: 2015/07/05 00:00:00
EndTime: 2015/07/06 00:00:00
Period: 24 h
Station: Gia Lam

Time	MeasPt	Wind Spd.	Wind Dir.	Temp	RH	Barometer	Radiation	InnerTemp	NO	NO2	NOx	SO2	CO	O3	PM-10	PM-2.5	PM-1	CH4	NMHC	THC	BENZEN	TOLUEN	ETHYL BENZEN	MP-XYLEN	O-XYLEN
		m/s	degree	°C	%	hPa	W/m²	°C	µg/m3	µg/m3	µg/m3	µg/m3	µg/m3	µg/m3	µg/m3	µg/m3	µg/m3	ppm	ppmC	ppmC	ug/m3	ug/m3	ug/m3	ug/m3	ug/m3
2015/07/05 00:05:00		2.24374	215.169	24.1906	67.316	1001.7	1.25417	26.642	3.72967	24.3022	28.0319	52.991	550.21	16.1796							0.0	0.0	0.0	0.0	0.0
2015/07/05 00:10:00		1.12422	237.415	24.2917	68.474	1001.51	1.225	26.3515	17.6076	33.5521	51.16	52.367	560.0	12.6794							0.0	0.0	0.0	0.0	0.0
2015/07/05 00:15:00		1.07132	296.543	24.3417	69.185	1001.51	1.21771	26.1335	14.3693	7.124	21.4932	50.927	573.33	11.7651							0.0	0.0	0.0	0.0	0.0
2015/07/05 00:20:00		0.92075	312.073	24.4734	70.041	1001.7	1.18125	25.9778	0.0	0.0	0.0	49.2778	606.04	12.4508							0.0	0.0	0.0	0.0	0.0
2015/07/05 00:25:00		0.456069	34.8225	24.5141	70.823	1001.72	1.15937	25.8629	0.0268	0.376567	0.403367	47.5808	584.79	14.0795							0.0	0.0	0.0	0.0	0.0
2015/07/05 00:30:00		0.58371	322.419	24.5182	72.995	1001.47	1.17396	25.7748	150.987	1.52681	152.514	46.2176	536.88	14.7474							0.0	0.0	0.0	0.0	0.0
2015/07/05 00:35:00		0.0	502.0	24.5151	73.993	1001.17	1.15937	25.6932	213.592	1.28375	214.875	45.1594	527.92	15.3617							0.0	0.0	0.0	0.0	0.0
2015/07/05 00:40:00		0.0	502.0	24.5474	74.466	1001.21	1.17396	25.6271	215.302	1.83148	217.134	43.7866	516.25	15.226							0.0	0.0	0.0	0.0	0.0
2015/07/05 00:45:00		0.70449	79.412	24.6974	75.298	1001.4	1.18125	25.5654	217.567	0.489537	218.056	43.5769	512.5	15.1617							0.0	0.0	0.0	0.0	0.0
2015/07/05 00:50:00		0.506	354.7	24.774	76.072	1001.4	1.20313	25.516	72.025	22.1113	94.136	42.9572	510.0	15.6403							0.0	0.0	0.0	0.0	0.0
2015/07/05 00:55:00		0.58105	0.75437	24.6844	77.222	1001.27	1.21771	25.4757	3.48847	21.6355	25.1239	42.9524	468.125	15.7296							0.0	0.0	0.0	0.0	0.0
2015/07/05 01:00:00		0.6916	1.29345	24.6203	77.603	1001.16	1.225	25.4344	2.5862	21.163	23.7492	43.3385	436.875	15.9332							0.0	0.0	0.0	0.0	0.0
2015/07/05 01:05:00		0.71235	15.6028	24.7224	78.186	1001.25	1.15937	25.3949	3.5711	23.2684	26.8395	43.5244	420.833	16.0618							0.0	0.0	0.0	0.0	0.0
2015/07/05 01:10:00		1.16766	321.192	24.7172	78.56	1001.28	1.18125	25.3479	1.82463	20.9542	22.7789	43.7914	397.083	16.2332							0.0	0.0	0.0	0.0	0.0
2015/07/05 01:15:00		1.06111	327.513	24.7969	79.333	1001.17	1.225	25.3063	1.8291	17.8493	19.6784	43.9058	389.375	16.919							0.0	0.0	0.0	0.0	0.0
2015/07/05 01:20:00		0.83978	322.885	24.8198	80.068	1001.04	1.18854	25.284	2.07477	16.9352	19.01	43.9487	369.583	17.4726							0.0	0.0	0.0	0.0	0.0
2015/07/05 01:25:00		1.0603	326.609	24.8339	80.256	1000.97	1.20313	25.254	2.50357	16.2163	18.7199	44.0392	352.292	18.6227							0.0	0.0	0.0	0.0	0.0
2015/07/05 01:30:00		0.84451	319.947	24.8234	80.489	1000.98	1.23958	25.2116	2.42763	15.6036	18.0312	43.82	341.25	18.3012							0.0	0.0	0.0	0.0	0.0
2015/07/05 01:35:00		0.97979	324.073	24.8099	80.928	1000.95	1.23229	25.1842	3.27407	16.319	19.5931	43.4672	318.958	17.9155							0.0	0.0	0.0	0.0	0.0
2015/07/05 01:40:00		1.01391	324.587	24.7193	81.347	1000.93	1.26146	25.1565	2.19983	14.0014	16.2013	43.4529	304.375	17.7655							0.0	0.0	0.0	0.0	0.0
2015/07/05 01:45:00		0.50269	352.617	24.7604	81.505	1001.02	1.21771	25.1181	0.5628	12.8306	13.3935	43.0573	286.042	17.3976							0.0	0.0	0.0	0.0	0.0
2015/07/05 01:50:00		0.61906	47.2158	24.7828	81.641	1001.1	1.19583	25.0824	2.06583	15.1756	17.2415	43.5006	268.333	17.6333							0.0	0.0	0.0	0.0	0.0
2015/07/05 01:55:00		1.12978	316.621	24.7703	81.753	1001.14	1.26146	25.0505	1.49633	14.3403	15.8367	43.2575	273.542	17.4333							0.0	0.0	0.0	0.0	0.0
2015/07/05 02:00:00		0.94999	312.821	24.8203	81.867	1001.25	1.225	25.0078	4.12273	18.0889	22.2116	43.5006	272.5	17.1154							0.0	0.0	0.0	0.0	0.0
2015/07/05 02:05:00		0.64378	322.483	24.825	82.903	1001.33	1.21042	24.9782	2.34723	16.2882	18.6355	43.1383	269.792	16.8725							0.0	0.0	0.0	0.0	0.0
2015/07/05 02:10:00		1.28274	313.864	24.8536	83.195	1001.23	1.25417	24.949	2.59513	14.4499	17.045	42.7665	269.375	16.9726							0.0	0.0	0.0	0.0	0.0
2015/07/05 02:15:00		0.90454	321.629	24.8667	83.352	1001.13	1.25417	24.9154	1.23727	16.521	17.7583	42.5806	263.542	15.9725							0.0	0.0	0.0	0.0	0.0
2015/07/05 02:20:00		0.79103	322.721	24.824	83.389	1001.14	1.18854	24.8848	4.26567	15.8603	20.126	42.6569	257.5	16.1332							0.0	0.0	0.0	0.0	0.0
2015/07/05 02:25:00		1.06554	322.077	24.8224	83.446	1001.21	1.225	24.8639	1.9698	13.1559	15.1257	42.3423	244.792	16.5225							0.0	0.0	0.0	0.0	0.0
2015/07/05 02:30:00		1.09998	317.388	24.824	83.512	1001.25	1.28333	24.8467	1.63033	10.3487	11.9791	42.5425	228.125	16.4154							0.0	0.0	0.0	0.0	0.0
2015/07/05 02:35:00		0.87521	319.316	24.8203	83.557	1001.29	1.21771	24.8198	0.58513	8.6131	9.1982	42.4138	217.292	16.7154							0.0	0.0	0.0	0.0	0.0
2015/07/05 02:40:00		0.72223	321.488	24.8844	83.645	1001.32	1.21771	24.8062	1.79783	11.499	13.2968	42.2708	201.667	16.0725							0.0	0.0	0.0	0.0	0.0
2015/07/05 02:45:00		1.10054	311.419	24.9646	83.672	1001.24	1.18854	24.7893	3.8324	15.3913	19.2237	41.8132	207.5	15.8796							0.0	0.0	0.0	0.0	0.0
2015/07/05 02:50:00		1.03898	318.618	25.0177	83.747	1001.16	1.26875	24.7834	3.5309	15.7268	19.2577	42.3471	204.792	15.451							0.0	0.0	0.0	0.0	0.0
2015/07/05 02:55:00		1.20401	315.825	25.0187	83.809	1001.14	1.24688	24.775	1.13453	14.5081	15.6426	42.1469	197.083	16.2011							0.0	0.0	0.0	0.0	0.0
2015/07/05 03:00:00		0.97706	320.136	25.0156	83.882	1001.12	1.24688	24.774	0.4891	13.1627	13.6518	41.9848	182.917	16.5475							0.0	0.0	0.0	0.0	0.0
2015/07/05 03:05:00		1.28329	306.242	25.0156	83.947	1001.01	1.25417	24.7774	1.51867	14.3061	15.8248	41.7846	181.875	15.9225							0.0	0.0	0.0	0.0	0.0
2015/07/05 03:10:00		1.21748	306.934	25.0786	83.989	1000.91	1.17396	24.7643	2.7001	17.9417	20.6418	41.9514	173.542	15.9011							0.0	0.0	0.0	0.0	0.0
2015/07/05 03:15:00		0.89725	300.993	25.1214	84.055	1000.93	1.24688	24.7605	0.9715	15.2201	16.1916	41.8656	170.625	16.8011							0.0	0.0	0.0	0.0	0.0
2015/07/05 03:20:00		1.01865	316.522	25.1172	84.165	1001.06	1.26146	24.7648	0.73923	14.5457	15.285	41.9085	168.542	16.4582							0.0	0.0	0.0	0.0	0.0
2015/07/05 03:25:00		0.86788	320.308	25.1208	84.247	1001.11	1.21771	24.7686	7.064	19.5472	26.6113	41.8561	171.667	15.8582							0.0	0.0	0.0	0.0	0.0
2015/07/05 03:30:00		0.97064	319.82	25.1187	84.326	1001.04	1.25417	24.7616	4.7503	18.1882	22.9385	42.0324	182.083	15.5796							0.0	0.0	0.0	0.0	0.0
2015/07/05 03:35:00		0.462017	4.2979	25.2052	84.349	1000.93	1.225	24.7589	2.9882	16.7435	19.7317	42.2851	188.958	16.1582							0.0	0.0	0.0	0.0	0.0
2015/07/05 03:40:00		0.83905	316.747	25.2255	84.361	1000.85	1.23958	24.7587	1.4204	14.936	16.3564	41.7608	189.792	16.0511							0.0	0.0	0.0	0.0	0.0
2015/07/05 03:45:00		1.1287	315.121	25.2281	84.461	1000.73	1.24688	24.7562	2.6197	13.9295	16.5492	41.5463	195.833	16.6761							0.0	0.0	0.0	0.0	0.0
2015/07/05 03:50:00		0.76895	301.599	25.2292	84.554	1000.66	1.25417	24.756	1.93853	13.844	15.7825	41.7894	205.208	16.6797							0.0	0.0	0.0	0.0	0.0
2015/07/05 03:55:00		0.7825	331.169	25.2693	84.557	1000.66	1.18125	24.7511	1.37797	12.9984	14.3764	41.5367	217.917	16.3082							0.0	0.0	0.0	0.0	0.0
2015/07/05 04:00:00		1.44021	322.406	25.2318	84.642	1000.69	1.20313	24.7554	2.24003	15.4906	17.7306	41.7179	243.75	17.2297							0.0	0.0	0.0	0.0	0.0
2015/07/05 04:05:00		0.89182	317.059	25.3286	84.671	1000.67	1.225	24.7568	1.99883	12.9847	14.9835	41.7274	253.333	17.1011							0.0	0.0	0.0	0.0	0.0
2015/07/05 04:10:00		0.68158	328.151	25.326	84.753	1000.67	1.25417	24.7549	3.8927	16.1684	20.0611	41.551	269.583	17.5583							0.0	0.0	0.0	0.0	0.0
2015/07/05 04:15:00		0.73903	330.171	25.3245	84.832	1000.8	1.19583	24.7576	1.33777	13.4297	14.7675	41.5463	259.583	17.4476							0.0	0.0	0.0	0.0	0.0
2015/07/05 04:20:00		0.94544	306.108	25.3229	84.844	1000.82	1.15937	24.7643	0.424333	11.208	11.6323	41.4223	257.917	17.969							0.0	0.0	0.0	0.0	0.0
2015/07/05 04:25:00		0.79617	319.694	25.3573	84.886	1000.79	1.18125	24.7745	0.67893	10.0167	10.6956	41.8132	271.25	18.937							0.0	0.0	0.0	0.0	0.0
2015/07/05 04:30:00		1.1045	357.671	25.4146	84.93	1000.84	1.18854	24.7834	1.6214	12.7964	14.4178	41.0171	290.208	18.6298							0.0	0.0	0.0	0.0	0.0
2015/07/05 04:35:00		1.39777	326.496	25.3224	84.928	1000.87	1.23958	24.7758	1.68393	12.5465	14.2305	41.4605	293.75	19.3691							0.0	0.0	0.0	0.0	0.0
2015/07/05 04:40:00		1.01272	322.948	25.3563	84.928	1000.93	1.20313	24.7718	0.79283	8.8596	9.6524	41.2936	291.458	19.4406							0.0	0.0	0.0	0.0	0.0
2015/07/05 04:45:00		1.06297	5.8473	25.374	85.001	1000.99	1.19583	24.7562	1.17027	11.5435	12.7137	41.7894	293.542	19.6084							0.0	0.0	0.0	0.0	0.0
2015/07/05 04:50:00		0.83787	5.624	25.3271	85.026	1001.0	1.20313	24.7391	1.13677	10.7869	11.9237	41.675	299.375	18.9334							0.0	0.0	0.0	0.0	0.0
2015/07/05 04:55:00		0.72121	17.0795	25.2927	85.028	1001.05	1.21771	24.7205	0.9246	11.8892	12.8138	41.3032	302.708	18.8298							0.0	0.0	0.0	0.0	0.0
2015/07/05 05:00:00		0.82836	0.58135	25.2276	85.11	1001.08	1.13021	24.709	1.943	13.8679	15.8109	41.7179	298.333	18.5762							0.0	0.0	0.0	0.0	0.0
2015/07/05 05:05:00		0.79513	2.39303	25.225	85.127	1001.14	1.25417	24.6988	0.74593	12.7998	13.5458	41.1935	307.917	18.1905							0.0	0.0	0.0	0.0	0.0
2015/07/05 05:10:00		0.94145	22.8593	25.226	85.124	1001.27	1.19583	24.691	0.61193	12.0467	12.6586	41.4462	315.208	18.9227							0.0	0.0	0.0	0.0	0.0
2015/07/05 05:15:00		0.6307	8.7202	25.2245	85.129	1001.35	1.225	24.6787	0.78613	12.8341	13.6202	41.1411	336.25	18.8727							0.0	0.0	0.0	0.0	0.0
2015/07/05 05:20:00		0.87597	353.077	25.2281	85.128	1001.38	1.21042	24.6666	1.55887	14.2548	15.8136	41.327	375.833	18.4084							0.0	0.0	0.0	0.0	0.0
2015/07/05 05:25:00		0.7472	0.96952	25.1911	85.132	1001.48	1.23229	24.6636	0.9916	11.588	12.5796	41.0553	378.333	17.8333							0.0	0.0	0.0	0.0	0.0
2015/07/05 05:30:00		0.50074	30.5338	25.2021	85.181	1001.65	1.20313	24.6628	0.319367	11.5127	11.832	41.4319	397.292	18.2834							0.0	0.0	0.0	0.0	0.0
2015/07/05 05:35:00		0.55767	64.504	25.2375	85.198	1001.83	1.17396	24.665	0.9849	12.3754	13.3603	41.0839	403.958	17.8869							0.0	0.0	0.0	0.0	0.0
2015/07/05 05:40:00		0.60641	42.8965	25.2911	85.221	1002.03	1.19583	24.6671	2.31597	15.2578	17.5738	41.1649	448.958	18.0833							0.0	0.0	0.0	0.0	0.0
2015/07/05 05:45:00		0.52632	318.015	25.4083	85.211	1002.06	1.17396	24.6687	4.46667	20.9987	25.4654	41.0315	577.92	17.9869							0.0	0.0	0.0	0.0	0.0
2015/07/05 05:50:00		0.85881	9.7228	25.3672	85.136	1002.03	1.93958	24.7114	7.2047	21.2007	28.4054	41.3222	674.58	14.5688							0.0	0.0	0.0	0.0	0.0
2015/07/05 05:55:00		0.51476	8.1612	25.3266	85.215	1001.98	5.0458	24.9184	2.67777	16.586	19.2638	41.0076	659.38	0.4286							0.0	0.0	0.0	0.0	0.0
2015/07/05 06:00:00		0.424322	0.54074	25.3245	85.201	1001.95	8.3417	25.1962	7.3588	22.1592	29.5181	41.2793	697.08	6.0647							0.0	0.0	0.0	0.0	0.0
2015/07/05 06:05:00		0.92345	33.4437	25.2854	85.144	1001.88	13.599	25.4983	12.5156	28.9922	41.5078	41.98	740.62	11.3365							0.0	0.0	0.0	0.0	0.0
2015/07/05 06:10:00		0.76234	46.4736	25.2297	85.128	1001.95	18.5719	25.7941	3.9731	29.1052	33.0783	43.0001	751.67	16.8154							0.0	0.0	0.0	0.0	0.0
2015/07/05 06:15:00		0.94868	60.518	25.2354	85.131	1002.08	21.0365	26.0699	10.6932	35.1987	45.8919	44.1536	821.25	22.0657							0.0	0.0	0.0	0.0	0.0
2015/07/05 06:20:00		0.58476	41.4273	25.2323	85.129	1002.18	22.6917	26.3367	28.4192	43.7091	72.128	44.983	944.17	25.641							0.0	0.0	0.0	0.0	0.0
2015/07/05 06:25:00		0.69701	54.45	25.2333	85.126	1002.26	25.5281	26.5856	19.5752	40.4159	59.991	46.3368	1011.46	28.5233							0.0	0.0	0.0	0.0	0.0
2015/07/05 06:30:00		0.7326	69.136	25.3047	85.13	1002.25	30.3188	26.8235	20.665	36.9857	57.651	47.5713	1101.67	30.1627							0.0	0.0	0.0	0.0	0.0
2015/07/05 06:35:00		0.77771	73.851	25.3292	85.13	1002.27	34.0885	27.0501	30.7552	35.1063	65.862	49.0156	1254.58	31.6736							0.0	0.0	0.0	0.0	0.0
2015/07/05 06:40:00		1.07268	72.168	25.3135	85.06	1002.35	32.6156	27.2586	35.1437	36.2463	71.39	50.145	1308.75	34.113							0.0	0.0	0.0	0.0	0.0
2015/07/05 06:45:00		0.82389	66.296	25.238	85.033	1002.39	35.7729	27.4461	19.2	32.0527	51.253	50.755	1313.96	36.3846							0.0	0.0	0.0	0.0	0.0
2015/07/05 06:50:00		0.499493	47.8107	25.2698	85.03	1002.42	37.7271	27.6307	27.6509	33.4528	61.104	52.629	1365.63	38.4418							0.0	0.0	0.0	0.0	0.0
2015/07/05 06:55:00		0.33425	75.314	25.3318	84.996	1002.43	38.2594	27.816	32.9149	35.6711	68.586	53.625	1410.83	39.2062							0.0	0.0	0.0	0.0	0.0
2015/07/05 07:00:00		0.5553	54.704	25.3307	84.93	1002.47	41.8396	27.9878	34.1276	39.4094	73.537	54.478	1416.46	40.7241							0.0	0.0	0.0	0.0	0.0
2015/07/05 07:05:00		0.74906	85.648	25.3375	84.934	1002.56	52.595	28.1551	33.471	45.1401	78.611	55.617	1464.58	41.317							0.0	0.0	0.0	0.0	0.0
2015/07/05 07:10:00		0.60555	61.065	25.4568	84.902	1002.64	54.811	28.3202	39.3804	47.7384	87.119	56.761	1520.0	40.3777							0.0	0.0	0.0	0.0	0.0
2015/07/05 07:15:00		0.97333	20.0219	25.5229	84.845	1002.72	51.355	28.4834	96.337	53.096	149.433	57.133	1596.04	40.1705							0.0	0.0	0.0	0.0	0.0
2015/07/05 07:20:00		0.421737	66.094	25.4672	84.758	1002.74	54.418	28.6305	50.313	63.667	113.98	58.211	1595.0	39.6777							0.0	0.0	0.0	0.0	0.0
2015/07/05 07:25:00		0.62847	42.4784	25.4245	84.698	1002.76	62.65	28.783	40.1017	71.811	111.913	59.245	1563.96	39.1133							0.0	0.0	0.0	0.0	0.0
2015/07/05 07:30:00		0.81654	65.384	25.4984	84.579	1002.79	69.519	28.863	21.8777	78.292	100.169	60.136	1529.38	63.133							0.0	0.0	0.0	0.0	0.0
2015/07/05 07:35:00		0.79013	50.346	25.6297	84.425	1002.85	72.341	28.6979	27.5191	100.865	128.384	61.032	1560.83	50.06							0.0	0.0	0.0	0.0	0.0
2015/07/05 07:40:00		0.85056	75.894	25.7651	84.188	1002.88	83.621	28.489	29.4264	126.023	155.45	61.166	1607.5	35.1666							0.0	0.0	0.0	0.0	0.0
2015/07/05 07:45:00		1.29457	60.539	25.9099	83.756	1002.9	98.758	28.3202	31.2957	150.822	182.117	60.603	1628.96	15.7439							0.0	0.0	0.0	0.0	0.0
2015/07/05 07:50:00		0.75988	55.824	26.0469	83.045	1002.91	119.197	28.3518	19.2938	100.728	120.022	60.494	1594.58	0.0							0.0	0.0	0.0	0.0	0.0
2015/07/05 07:55:00		1.15334	58.099	26.2193	82.043	1002.92	134.094	28.4058	54.679	82.632	137.311	59.426	1710.0	0.0							0.0	0.0	0.0	0.0	0.0
2015/07/05 08:00:00		0.79664	358.898	26.3516	80.57	1002.92	148.896	28.5033	49.1445	85.268	134.413	58.978	1706.46	27.5304							0.0	0.0	0.0	0.0	0.0
2015/07/05 08:05:00		1.08187	1.3046	26.4609	78.77	1002.95	169.444	28.5997	38.0783	81.092	119.17	59.278	1680.42	93.678							0.0	0.0	0.0	0.0	0.0
2015/07/05 08:10:00		0.647	26.1656	26.6068	76.343	1002.99	198.246	28.6899	24.6984	80.554	105.253	59.159	1644.58	170.343							0.0	0.0	0.0	0.0	0.0
2015/07/05 08:15:00		1.0135	14.951	26.7443	73.815	1003.02	216.861	28.5908	16.1247	78.343	94.468	59.55	1575.63	272.586							0.0	0.0	0.0	0.0	0.0
2015/07/05 08:20:00		0.82115	56.799	26.8807	71.817	1003.01	215.279	28.4662	3.91727	67.176	71.093	59.517	1525.83	119.24							0.0	0.0	0.0	0.0	0.0
2015/07/05 08:25:00		0.85052	19.8022	27.0172	69.962	1003.04	226.326	28.2584	3.86367	70.041	73.905	60.017	1536.04	71.033							0.0	0.0	0.0	0.0	0.0
2015/07/05 08:30:00		0.85946	33.9459	27.1401	68.374	1003.08	245.226	28.0385	3.2428	64.389	67.632	59.436	1457.5	46.2674							0.0	0.0	0.0	0.0	0.0
2015/07/05 08:35:00		1.13341	7.5869	27.2573	67.204	1003.14	248.179	28.0128	3.4505	59.035	62.486	58.301	1367.5	7.2969							0.0	0.0	0.0	0.0	0.0
2015/07/05 08:40:00		1.09959	7.3458	27.4286	66.411	1003.16	256.339	28.1306	3.7587	56.766	60.524	58.087	1308.75	0.0							0.0	0.0	0.0	0.0	0.0
2015/07/05 08:45:00		0.75484	14.442	27.5047	65.089	1003.26	275.749	28.2815	3.2763	46.0404	49.3167	57.71	1228.54	0.0							0.0	0.0	0.0	0.0	0.0
2015/07/05 08:50:00		1.15523	24.084	27.6615	64.535	1003.34	269.442	28.4289	4.5158	50.987	55.503	57.438	1195.21	29.7841							0.0	0.0	0.0	0.0	0.0
2015/07/05 08:55:00		0.67829	41.6344	27.8177	63.835	1003.39	260.086	28.4719	4.07137	55.698	59.769	58.068	1162.08	220.358							0.0	0.0	0.0	0.0	0.0
2015/07/05 09:00:00		0.99818	45.3184	27.9026	62.128	1003.46	219.931	28.3994	7.7162	62.291	70.007	58.272	1191.88	142.624							0.0	0.0	0.0	0.0	0.0
2015/07/05 09:05:00		1.08491	43.8225	27.9964	61.474	1003.46	202.672	28.2713	6.6151	62.274	68.889	58.249	1192.71	80.784							0.0	0.0	0.0	0.0	0.0
2015/07/05 09:10:00		0.85889	50.568	28.1026	61.269	1003.47	224.671	28.0989	5.0429	67.987	73.03	57.672	1250.83	48.5139							0.0	0.0	0.0	0.0	0.0
2015/07/05 09:15:00		1.0255	43.8349	28.201	60.541	1003.54	240.421	27.9459	15.2961	74.136	89.432	57.3	1385.83	39.2741							0.0	0.0	0.0	0.0	0.0
2015/07/05 09:20:00		0.82564	65.313	28.201	59.518	1003.57	246.371	27.885	15.6646	72.106	87.77	57.405	1434.58	12.8009							0.0	0.0	0.0	0.0	0.0
2015/07/05 09:25:00		0.87175	39.1066	28.2906	59.568	1003.58	245.365	28.0415	5.8603	63.065	68.925	55.861	1426.04	0.0							0.0	0.0	0.0	0.0	0.0
2015/07/05 09:30:00		0.85773	45.1174	28.301	59.604	1003.54	238.955	28.2136	3.61577	59.025	62.641	56.061	1375.0	0.0							0.0	0.0	0.0	0.0	0.0
2015/07/05 09:35:00		0.85392	66.858	28.299	59.079	1003.53	230.271	28.3953	5.2774	64.718	69.995	56.28	1330.0	29.9163							0.0	0.0	0.0	0.0	0.0
2015/07/05 09:40:00		0.68297	62.595	28.3818	58.978	1003.54	203.168	28.4117	7.0707	67.166	74.237	56.352	1345.21	207.3							0.0	0.0	0.0	0.0	0.0
2015/07/05 09:45:00		0.78062	22.0834	28.3948	59.028	1003.48	209.796	28.369	11.7473	72.239	83.987	56.652	1360.0	100.807							0.0	0.0	0.0	0.0	0.0
2015/07/05 09:50:00		1.23905	28.3326	28.3953	58.893	1003.44	231.984	28.2356	6.7335	67.337	74.07	57.081	1331.04	66.222							0.0	0.0	0.0	0.0	0.0
2015/07/05 09:55:00		1.67428	57.476	28.4005	58.208	1003.41	319.346	28.0791	3.35223	62.705	66.057	57.014	1334.17	42.635							0.0	0.0	0.0	0.0	0.0
2015/07/05 10:00:00		0.67303	75.444	28.4823	57.902	1003.4	381.515	27.928	4.37287	60.819	65.192	56.895	1338.75	36.2417							0.0	0.0	0.0	0.0	0.0
2015/07/05 10:05:00		0.93431	68.574	28.6448	57.346	1003.44	351.429	27.8412	11.4302	72.222	83.652	56.118	1412.92	15.6189							0.0	0.0	0.0	0.0	0.0
2015/07/05 10:10:00		0.81749	64.374	28.7021	56.67	1003.42	338.61	28.0254	15.2604	71.062	86.322	55.217	1444.17	0.0							0.0	0.0	0.0	0.0	0.0
2015/07/05 10:15:00		0.85698	71.602	28.8073	57.091	1003.34	390.272	28.216	9.1589	60.24	69.399	55.408	1438.75	0.0							0.0	0.0	0.0	0.0	0.0
2015/07/05 10:20:00		0.85839	70.088	28.974	56.47	1003.4	322.911	28.3365	23.2669	79.726	102.993	55.87	1518.96	133.27							0.0	0.0	0.0	0.0	0.0
2015/07/05 10:25:00		0.99038	69.598	28.987	55.765	1003.42	250.578	28.3403	13.2526	74.495	87.748	55.932	1508.13	113.99							0.0	0.0	0.0	0.0	0.0
2015/07/05 10:30:00		1.98566	60.905	28.9036	56.113	1003.36	228.04	28.2598	5.1679	59.703	64.871	55.832	1459.17	73.53							0.0	0.0	0.0	0.0	0.0
2015/07/05 10:35:00		1.13936	69.144	28.9068	56.264	1003.35	213.413	28.1508	6.4521	57.231	63.683	56.213	1416.25	46.0459							0.0	0.0	0.0	0.0	0.0
2015/07/05 10:40:00		1.21481	69.088	28.8578	56.011	1003.36	227.048	28.0554	9.6703	60.234	69.904	55.975	1388.54	37.5382							0.0	0.0	0.0	0.0	0.0
2015/07/05 10:45:00		0.233781	31.6364	28.8021	56.342	1003.31	276.296	27.9194	2.48793	49.539	52.027	55.965	1363.13	33.4951							0.0	0.0	0.0	0.0	0.0
2015/07/05 10:50:00		1.13127	59.387	28.8995	56.606	1003.24	310.953	27.7814	7.3298	64.598	71.928	55.069	1391.04	30.6235							0.0	0.0	0.0	0.0	0.0
2015/07/05 10:55:00		0.88333	73.464	28.9974	56.028	1003.22	460.52	27.6358	8.3236	65.112	73.435	54.526	1386.88	29.8949							0.0	0.0	0.0	0.0	0.0
2015/07/05 11:00:00		1.27315	63.988	29.0885	55.693	1003.21	660.12	27.5513	6.4744	62.192	68.666	54.164	1385.63	26.6446							0.0	0.0	0.0	0.0	0.0
2015/07/05 11:05:00		1.07238	53.221	29.2635	55.213	1003.2	563.27	27.5027	7.801	64.591	72.392	53.458	1369.17	29.1234							0.0	0.0	0.0	0.0	0.0
2015/07/05 11:10:00		1.34216	46.3724	29.3885	54.509	1003.19	480.572	27.4831	11.4324	66.385	77.818	52.367	1338.33	29.7877							0.0	0.0	0.0	0.0	0.0
2015/07/05 11:15:00		1.03165	28.2937	29.3036	54.642	1003.15	521.18	27.4632	4.4622	52.853	57.315	52.081	1279.38	30.0877							0.0	0.0	0.0	0.0	0.0
2015/07/05 11:20:00		1.18207	47.4454	29.3234	54.735	1003.08	564.74	27.5937	6.3002	57.413	63.713	51.752	1235.83	4.00384							0.0	0.0	0.0	0.0	0.0
2015/07/05 11:25:00		1.30846	46.8691	29.4005	54.809	1003.07	713.93	27.8769	2.5996	47.6562	50.256	51.318	1161.67	0.0							0.0	0.0	0.0	0.0	0.0
2015/07/05 11:30:00		0.79823	23.1195	29.5562	55.055	1003.06	840.73	28.1476	2.0167	48.6353	50.652	52.119	1119.38	37.1596							0.0	0.0	0.0	0.0	0.0
2015/07/05 11:35:00		0.94809	26.4825	29.8844	54.332	1003.0	717.19	28.2882	2.71127	51.336	54.048	52.271	1102.08	148.713							0.0	0.0	0.0	0.0	0.0
2015/07/05 11:40:00		1.19534	42.648	30.0094	53.661	1002.94	580.1	28.3886	2.37627	51.425	53.802	53.12	1070.0	90.138							0.0	0.0	0.0	0.0	0.0
2015/07/05 11:45:00		1.37679	58.601	30.1214	52.903	1002.95	514.73	28.4297	1.3735	45.9925	47.366	54.011	1031.46	58.661							0.0	0.0	0.0	0.0	0.0
2015/07/05 11:50:00		1.10707	48.3275	30.0359	52.533	1002.88	791.25	28.4482	4.6096	50.463	55.073	54.168	1005.42	32.8629							0.0	0.0	0.0	0.0	0.0
2015/07/05 11:55:00		1.50157	27.3886	30.113	52.485	1002.87	467.564	28.7403	7.1534	59.816	66.969	54.221	987.71	0.050003							0.0	0.0	0.0	0.0	0.0
2015/07/05 12:00:00		0.98591	41.1715	30.0214	52.554	1002.89	632.14	28.9997	1.87823	46.4512	48.3294	54.145	928.13	66.451							0.0	0.0	0.0	0.0	0.0
2015/07/05 12:05:00		1.35172	37.3613	30.0604	52.568	1002.82	755.41	29.0947	2.51697	45.4687	47.9857	55.107	902.71	52.65							0.0	0.0	0.0	0.0	0.0
2015/07/05 12:10:00		0.60425	353.617	30.1766	52.25	1002.8	890.31	29.1261	2.9614	48.269	51.23	56.018	890.0	52.364							0.0	0.0	0.0	0.0	0.0
2015/07/05 12:15:00		0.7038	24.4327	30.2172	52.039	1002.8	499.96	29.1199	1.9296	40.207	42.1366	56.466	825.0	41.2063							0.0	0.0	0.0	0.0	0.0
2015/07/05 12:20:00		0.73116	15.4421	30.1146	52.506	1002.8	656.83	29.0966	1.3266	35.1268	36.4534	56.037	775.63	34.0523							0.0	0.0	0.0	0.0	0.0
2015/07/05 12:25:00		1.98525	50.855	30.2036	51.524	1002.82	687.5	29.0563	2.17527	32.977	35.1522	56.342	721.04	30.8628							0.0	0.0	0.0	0.0	0.0
2015/07/05 12:30:00		1.22751	26.6879	30.212	51.187	1002.8	670.99	29.0048	2.1842	29.7214	31.9056	56.108	682.71	28.5662							0.0	0.0	0.0	0.0	0.0
2015/07/05 12:35:00		0.7208	43.3663	30.2755	52.888	1002.77	290.179	28.9653	1.48517	30.4026	31.8878	55.932	636.46	27.759							0.0	0.0	0.0	0.0	0.0
2015/07/05 12:40:00		0.360747	339.871	30.2828	41.0417	1002.8	152.214	28.913	2.29587	41.5524	43.8483	55.603	643.75	27.4018							0.0	0.0	0.0	0.0	0.0
2015/07/05 12:45:00		1.20256	324.728	30.0719	38.8828	1002.77	177.29	28.8818	1.25737	36.6434	37.9007	55.146	640.83	23.8944							0.0	0.0	0.0	0.0	0.0
2015/07/05 12:50:00		0.96521	353.696	29.9995	38.9792	1002.79	149.603	28.8488	3.8927	46.4615	50.354	55.188	658.33	22.4765							0.0	0.0	0.0	0.0	0.0
2015/07/05 12:55:00		0.50619	65.306	29.9073	38.5708	1002.78	172.426	28.8332	1.6616	43.7502	45.4118	54.731	681.25	27.534							0.0	0.0	0.0	0.0	0.0
2015/07/05 13:00:00		0.62293	59.087	29.8708	37.538	1002.72	213.624	28.8313	4.1406	51.84	55.98	54.507	739.38	28.8448							0.0	0.0	0.0	0.0	0.0
2015/07/05 13:05:00		0.64383	31.6193	29.7458	37.2057	1002.66	274.254	28.8069	1.9028	39.2143	41.1171	54.674	726.25	29.6806							0.0	0.0	0.0	0.0	0.0
2015/07/05 13:10:00		0.6315	338.617	29.7172	38.0104	1002.6	393.334	28.7661	2.04127	43.3291	45.3704	54.507	708.54	29.0377							0.0	0.0	0.0	0.0	0.0
2015/07/05 13:15:00		0.469991	353.997	29.8615	37.2286	1002.54	398.482	28.7197	2.61747	46.8997	49.5171	53.916	700.42	29.7448							0.0	0.0	0.0	0.0	0.0
2015/07/05 13:20:00		0.264392	10.51	29.9141	36.0495	1002.53	474.44	28.6821	3.54877	47.1701	50.719	54.006	676.25	29.5948							0.0	0.0	0.0	0.0	0.0
2015/07/05 13:25:00		0.47836	6.4565	30.0333	35.6286	1002.47	551.82	28.6453	2.1641	41.7578	43.9219	54.035	667.92	29.8949							0.0	0.0	0.0	0.0	0.0
2015/07/05 13:30:00		0.252647	43.2604	30.249	34.0406	1002.39	499.997	28.6289	3.2897	43.8461	47.1358	53.797	682.5	29.252							0.0	0.0	0.0	0.0	0.0
2015/07/05 13:35:00		0.85087	38.1954	30.3109	32.5917	1002.32	462.416	28.6246	10.2778	52.274	62.552	54.197	700.83	29.552							0.0	0.0	0.0	0.0	0.0
2015/07/05 13:40:00		0.74531	352.764	30.2234	32.5776	1002.31	465.872	28.6126	3.81453	40.9123	44.7268	53.615	668.54	29.7449							0.0	0.0	0.0	0.0	0.0
2015/07/05 13:45:00		0.199866	1.54937	30.2141	31.9438	1002.25	376.199	28.604	2.16633	33.6479	35.8143	53.31	655.0	29.5948							0.0	0.0	0.0	0.0	0.0
2015/07/05 13:50:00		0.73987	48.011	30.2156	31.088	1002.24	369.25	28.6042	4.49793	40.2789	44.7769	53.573	665.83	29.0377							0.0	0.0	0.0	0.0	0.0
2015/07/05 13:55:00		0.464946	39.6792	30.1505	30.9755	1002.19	416.857	28.5908	1.92513	35.4965	37.4217	53.42	651.46	29.4877							0.0	0.0	0.0	0.0	0.0
2015/07/05 14:00:00		0.85905	54.363	30.2156	30.1224	1002.14	351.145	28.5922	2.3249	33.8054	36.1303	53.644	659.38	29.402							0.0	0.0	0.0	0.0	0.0
2015/07/05 14:05:00		0.6326	11.0689	30.1682	28.376	1002.1	278.265	28.5795	3.26513	44.137	47.4022	53.368	674.17	29.6163							0.0	0.0	0.0	0.0	0.0
2015/07/05 14:10:00		0.66521	48.5895	30.1375	28.362	1002.02	305.579	28.5556	2.15963	45.6433	47.8029	52.905	685.63	29.402							0.0	0.0	0.0	0.0	0.0
2015/07/05 14:15:00		0.79808	355.627	30.2734	28.4276	1001.99	390.666	28.528	4.92897	53.818	58.747	53.153	736.46	29.2305							0.0	0.0	0.0	0.0	0.0
2015/07/05 14:20:00		1.03986	0.293345	30.3125	27.8839	1001.92	358.4	28.5151	1.7554	37.9682	39.7236	53.234	717.5	29.702							0.0	0.0	0.0	0.0	0.0
2015/07/05 14:25:00		0.77222	326.05	30.3354	28.9214	1001.89	298.616	28.4958	0.5494	34.4661	35.0155	52.691	694.17	29.6806							0.0	0.0	0.0	0.0	0.0
2015/07/05 14:30:00		0.80906	351.079	30.4568	28.3885	1001.86	247.472	28.5003	2.6733	44.1678	46.8411	52.948	740.0	29.6806							0.0	0.0	0.0	0.0	0.0
2015/07/05 14:35:00		1.37352	2.65998	30.4229	27.7146	1001.82	205.712	28.4971	3.20707	49.1248	52.332	52.872	775.0	29.8199							0.0	0.0	0.0	0.0	0.0
2015/07/05 14:40:00		1.07795	337.389	30.2745	27.9172	1001.76	150.325	28.4933	2.00553	43.959	45.9646	52.757	768.54	29.8734							0.0	0.0	0.0	0.0	0.0
2015/07/05 14:45:00		0.76603	345.911	30.2062	28.3687	1001.79	90.949	28.4845	2.30927	48.7106	51.02	52.319	781.46	30.4806							0.0	0.0	0.0	0.0	0.0
2015/07/05 14:50:00		1.39604	2.04591	30.0698	28.2526	1001.8	60.521	28.4662	1.61247	44.9073	46.5197	52.219	777.08	30.2877							0.0	0.0	0.0	0.0	0.0
2015/07/05 14:55:00		1.58103	328.638	29.912	30.1276	1001.81	52.34	28.4383	0.94693	35.7088	36.6557	52.948	778.33	30.4235							0.0	0.0	0.0	0.0	0.0
2015/07/05 15:00:00		1.82397	315.058	29.8005	34.6047	1001.8	52.063	28.4053	0.62087	35.5924	36.2133	52.695	778.33	30.3806							0.0	0.0	0.0	0.0	0.0
2015/07/05 15:05:00		1.78876	320.105	29.6156	38.9297	1001.81	47.1188	28.3736	3.13113	41.9153	45.0464	53.105	778.13	30.202							0.0	0.0	0.0	0.0	0.0
2015/07/05 15:10:00		1.9338	317.707	29.3745	41.6599	1001.76	41.6646	28.3266	2.4589	40.0359	42.4948	52.443	762.29	31.4057							0.0	0.0	0.0	0.0	0.0
2015/07/05 15:15:00		1.89257	312.631	29.2255	44.2818	1001.69	42.299	28.2877	3.3969	42.8875	46.2844	52.634	813.13	30.8199							0.0	0.0	0.0	0.0	0.0
2015/07/05 15:20:00		1.3063	307.28	29.0599	46.2906	1001.68	47.8479	28.2469	1.5477	33.8054	35.3531	52.471	781.88	30.3663							0.0	0.0	0.0	0.0	0.0
2015/07/05 15:25:00		0.9001	302.959	28.926	49.1688	1001.67	65.005	28.1956	2.2713	39.9434	42.2148	52.348	787.5	30.6663							0.0	0.0	0.0	0.0	0.0
2015/07/05 15:30:00		1.34069	312.976	28.8865	49.4396	1001.62	66.077	28.1306	5.2014	48.4299	53.631	52.257	844.38	30.8878							0.0	0.0	0.0	0.0	0.0
2015/07/05 15:35:00		1.56471	312.722	28.8016	49.2896	1001.51	84.262	28.0683	2.6398	41.6243	44.2641	52.452	864.38	30.477							0.0	0.0	0.0	0.0	0.0
2015/07/05 15:40:00		0.9282	315.245	28.7927	48.8547	1001.46	98.226	28.0203	6.6397	50.542	57.182	51.957	908.13	30.3627							0.0	0.0	0.0	0.0	0.0
2015/07/05 15:45:00		1.3806	302.775	28.7948	48.2807	1001.44	96.41	27.9808	4.28353	48.8578	53.141	51.971	948.33	30.4306							0.0	0.0	0.0	0.0	0.0
2015/07/05 15:50:00		0.77758	309.492	28.7359	47.937	1001.38	73.945	27.9285	3.0083	42.932	45.9403	51.923	954.17	30.1949							0.0	0.0	0.0	0.0	0.0
2015/07/05 15:55:00		2.40362	317.384	28.7036	47.9078	1001.36	55.351	27.8686	3.92173	46.3485	50.27	51.633	935.63	30.4699							0.0	0.0	0.0	0.0	0.0
2015/07/05 16:00:00		0.8067	310.807	28.601	48.4115	1001.36	43.7573	27.8388	7.3521	40.2413	47.5934	51.251	902.29	30.452							0.0	0.0	0.0	0.0	0.0
2015/07/05 16:05:00		1.12204	308.325	28.6	49.6094	1001.35	54.965	27.7994	7.8479	55.249	63.097	51.675	956.25	30.1092							0.0	0.0	0.0	0.0	0.0
2015/07/05 16:10:00		1.08669	301.462	28.6	50.831	1001.35	64.218	27.7438	3.64703	51.432	55.079	50.999	980.0	30.1377							0.0	0.0	0.0	0.0	0.0
2015/07/05 16:15:00		1.44338	314.682	28.5932	51.151	1001.37	71.349	27.7032	5.2215	50.785	56.007	50.775	1001.67	30.2592							0.0	0.0	0.0	0.0	0.0
2015/07/05 16:20:00		1.53353	312.385	28.6047	51.952	1001.41	70.992	27.6581	3.11327	51.487	54.6	50.803	1048.75	30.6663							0.0	0.0	0.0	0.0	0.0
2015/07/05 16:25:00		1.32812	309.092	28.6	54.711	1001.41	68.739	27.6122	6.1685	49.8951	56.064	50.617	1071.67	30.8806							0.0	0.0	0.0	0.0	0.0
2015/07/05 16:30:00		1.88623	314.224	28.5969	55.855	1001.34	71.203	27.5768	7.8122	57.166	64.978	50.632	1077.71	31.1056							0.0	0.0	0.0	0.0	0.0
2015/07/05 16:35:00		0.53011	277.796	28.5115	56.145	1001.36	82.425	27.7204	5.465	49.0564	54.521	50.493	1057.08	1.36438							0.0	0.0	0.0	0.0	0.0
2015/07/05 16:40:00		0.78888	311.795	28.4943	55.751	1001.41	74.535	27.9822	9.5899	55.102	64.692	50.145	1101.25	0.0							0.0	0.0	0.0	0.0	0.0
2015/07/05 16:45:00		1.01074	294.078	28.4417	55.445	1001.41	64.181	28.2702	3.3567	45.657	49.0137	50.817	1107.92	0.65361							0.0	0.0	0.0	0.0	0.0
2015/07/05 16:50:00		0.9472	311.86	28.3948	56.091	1001.41	60.499	28.5272	7.0886	55.133	62.221	51.88	1133.33	75.341							0.0	0.0	0.0	0.0	0.0
2015/07/05 16:55:00		1.1383	301.943	28.3953	56.935	1001.42	51.494	28.5618	9.2616	54.612	63.874	52.491	1150.83	201.524							0.0	0.0	0.0	0.0	0.0
2015/07/05 17:00:00		1.38465	303.485	28.3943	57.671	1001.43	48.1906	28.5194	9.7351	60.158	69.893	53.349	1142.92	97.546							0.0	0.0	0.0	0.0	0.0
2015/07/05 17:05:00		1.29688	309.086	28.388	58.421	1001.42	52.959	28.4131	6.0077	56.471	62.479	53.558	1134.17	62.64							0.0	0.0	0.0	0.0	0.0
2015/07/05 17:10:00		0.92722	302.348	28.3	58.65	1001.49	41.774	28.2754	4.7101	53.435	58.145	53.735	1135.42	46.1066							0.0	0.0	0.0	0.0	0.0
2015/07/05 17:15:00		1.14019	307.439	28.3495	59.319	1001.54	32.0833	28.1223	11.7563	59.285	71.042	53.377	1219.58	38.4562							0.0	0.0	0.0	0.0	0.0
2015/07/05 17:20:00		1.16125	306.828	28.3958	59.183	1001.62	25.3531	27.9613	18.0208	70.634	88.654	53.029	1348.54	34.2487							0.0	0.0	0.0	0.0	0.0
2015/07/05 17:25:00		1.81103	310.408	28.3234	58.853	1001.62	22.2104	27.9626	4.9111	56.369	61.28	53.082	1302.29	5.7754							0.0	0.0	0.0	0.0	0.0
2015/07/05 17:30:00		0.93095	307.736	28.2974	58.802	1001.6	25.4698	28.172	2.64427	45.2565	47.9007	52.481	1220.83	0.0							0.0	0.0	0.0	0.0	0.0
2015/07/05 17:35:00		1.46733	313.085	28.2979	58.887	1001.55	33.7167	28.4265	4.24557	53.414	57.66	52.419	1246.88	0.0							0.0	0.0	0.0	0.0	0.0
2015/07/05 17:40:00		1.58848	311.087	28.3328	58.888	1001.59	31.0552	28.6542	5.3935	53.859	59.253	52.81	1281.88	61.218							0.0	0.0	0.0	0.0	0.0
2015/07/05 17:45:00		1.27539	310.187	28.3927	58.713	1001.69	23.6833	28.6856	12.223	68.467	80.69	53.082	1339.58	195.556							0.0	0.0	0.0	0.0	0.0
2015/07/05 17:50:00		0.87448	326.487	28.4005	58.503	1001.83	17.2229	28.6794	13.5809	64.376	77.957	54.044	1355.63	82.566							0.0	0.0	0.0	0.0	0.0
2015/07/05 17:55:00		1.2994	328.06	28.3964	58.386	1001.92	12.9792	28.6168	13.2973	68.189	81.487	54.378	1345.21	69.676							0.0	0.0	0.0	0.0	0.0
2015/07/05 18:00:00		1.29157	317.272	28.3927	58.064	1001.94	12.4833	28.4096	12.96	66.053	79.013	54.397	1284.79	63.204							0.0	0.0	0.0	0.0	0.0
2015/07/05 18:05:00		1.17515	316.231	28.4198	58.26	1001.97	13.2781	28.1736	11.1868	58.625	69.811	54.164	1332.08	45.6673							0.0	0.0	0.0	0.0	0.0
2015/07/05 18:10:00		0.93344	313.86	28.4917	57.885	1002.01	17.5583	27.9854	23.0301	73.958	96.988	53.596	1445.0	29.1377							0.0	0.0	0.0	0.0	0.0
2015/07/05 18:15:00		0.93837	320.132	28.4885	57.757	1002.03	17.4125	27.8549	10.3068	67.844	78.15	53.382	1464.17	30.002							0.0	0.0	0.0	0.0	0.0
2015/07/05 18:20:00		1.30141	317.624	28.4917	57.484	1002.05	14.1094	27.7384	9.3487	62.37	71.718	52.448	1455.42	33.1736							0.0	0.0	0.0	0.0	0.0
2015/07/05 18:25:00		0.73312	328.7	28.4937	56.899	1002.1	9.9385	27.6361	10.9969	65.567	76.564	51.828	1455.21	35.8167							0.0	0.0	0.0	0.0	0.0
2015/07/05 18:30:00		0.62264	319.365	28.4911	56.39	1002.16	5.6656	27.5679	10.7959	63.972	74.768	51.823	1480.42	35.9095							0.0	0.0	0.0	0.0	0.0
2015/07/05 18:35:00		1.16855	309.046	28.4948	55.784	1002.26	2.99688	27.5	18.5523	67.221	85.773	51.184	1489.17	35.5738							0.0	0.0	0.0	0.0	0.0
2015/07/05 18:40:00		1.0974	317.722	28.4875	55.497	1002.33	1.28333	27.4337	18.0409	70.829	88.87	50.241	1455.21	35.4452							0.0	0.0	0.0	0.0	0.0
2015/07/05 18:45:00		1.28392	315.933	28.4531	55.204	1002.35	1.15937	27.3612	12.7233	66.354	79.078	50.198	1382.08	35.5738							0.0	0.0	0.0	0.0	0.0
2015/07/05 18:50:00		2.20103	311.802	28.3943	55.256	1002.38	1.21042	27.2992	6.0992	56.03	62.129	49.988	1344.79	35.1023							0.0	0.0	0.0	0.0	0.0
2015/07/05 18:55:00		1.05094	312.933	28.3964	55.234	1002.52	1.23958	27.2439	5.6905	55.359	61.049	49.4542	1309.58	35.2523							0.0	0.0	0.0	0.0	0.0
2015/07/05 19:00:00		0.91551	315.697	28.3958	55.258	1002.64	1.21771	27.1861	4.6163	52.493	57.11	48.7153	1288.13	34.1022							0.0	0.0	0.0	0.0	0.0
2015/07/05 19:05:00		1.01847	318.119	28.3932	55.327	1002.8	1.23229	27.1199	20.1402	62.199	82.339	48.6629	1287.5	34.2523							0.0	0.0	0.0	0.0	0.0
2015/07/05 19:10:00		0.6835	324.173	28.3943	55.269	1002.94	1.21042	27.0707	27.0166	69.901	96.918	48.3007	1325.63	34.588							0.0	0.0	0.0	0.0	0.0
2015/07/05 19:15:00		1.15136	305.714	28.3896	55.659	1003.01	1.19583	27.0154	7.6268	56.94	64.567	48.4246	1336.67	34.738							0.0	0.0	0.0	0.0	0.0
2015/07/05 19:20:00		1.2372	323.479	28.3891	56.078	1002.98	1.16667	26.9682	14.4497	62.739	77.189	48.0098	1330.63	34.738							0.0	0.0	0.0	0.0	0.0
2015/07/05 19:25:00		1.29398	314.681	28.3906	57.657	1003.03	1.225	26.9214	7.9484	58.019	65.967	48.2673	1305.83	34.4059							0.0	0.0	0.0	0.0	0.0
2015/07/05 19:30:00		0.96122	311.123	28.3917	58.907	1003.15	1.21771	26.8592	8.2812	56.112	64.393	47.8144	1302.08	34.2451							0.0	0.0	0.0	0.0	0.0
2015/07/05 19:35:00		0.98839	319.044	28.3932	60.077	1003.24	1.20313	26.8328	21.6499	60.795	82.445	47.4331	1377.71	34.0701							0.0	0.0	0.0	0.0	0.0
2015/07/05 19:40:00		1.40902	316.359	28.363	60.503	1003.3	1.26146	26.7904	13.6189	58.262	71.881	47.0422	1312.08	34.5594							0.0	0.0	0.0	0.0	0.0
2015/07/05 19:45:00		1.14398	307.492	28.2948	61.232	1003.36	1.18125	26.7566	4.17187	47.1804	51.352	47.1089	1210.42	34.163							0.0	0.0	0.0	0.0	0.0
2015/07/05 19:50:00		1.23579	317.663	28.2484	61.641	1003.4	1.18125	26.7204	4.4354	44.4999	48.9353	46.7467	1134.38	34.063							0.0	0.0	0.0	0.0	0.0
2015/07/05 19:55:00		1.00265	308.882	28.1891	62.081	1003.43	1.225	26.6793	3.7788	42.1994	45.9782	47.028	1100.21	33.9808							0.0	0.0	0.0	0.0	0.0
2015/07/05 20:00:00		0.9784	301.726	28.187	62.426	1003.53	1.17396	26.6267	4.7637	44.1062	48.8699	46.6323	1108.75	33.6987							0.0	0.0	0.0	0.0	0.0
2015/07/05 20:05:00		0.79034	313.155	28.2583	62.472	1003.6	1.225	26.5926	8.6787	48.7654	57.444	46.1699	1142.92	33.5022							0.0	0.0	0.0	0.0	0.0
2015/07/05 20:10:00		1.03317	312.56	28.2505	62.248	1003.61	1.15208	26.5681	10.1237	48.6319	58.756	46.1175	1191.88	33.9023							0.0	0.0	0.0	0.0	0.0
2015/07/05 20:15:00		0.83229	306.536	28.1932	61.939	1003.64	1.17396	26.5416	6.6419	48.1663	54.808	46.0412	1195.83	34.0308							0.0	0.0	0.0	0.0	0.0
2015/07/05 20:20:00		1.02096	313.481	28.1938	61.985	1003.69	1.23958	26.5018	10.0991	51.172	61.271	46.0222	1209.38	34.4452							0.0	0.0	0.0	0.0	0.0
2015/07/05 20:25:00		0.95973	313.878	28.1901	61.743	1003.72	1.20313	26.4811	11.5307	51.682	63.213	45.6456	1217.5	34.0523							0.0	0.0	0.0	0.0	0.0
2015/07/05 20:30:00		1.16329	316.44	28.2156	61.631	1003.74	1.15937	26.4634	25.1228	56.283	81.406	45.5503	1317.92	33.988							0.0	0.0	0.0	0.0	0.0
2015/07/05 20:35:00		0.91501	310.108	28.2776	61.111	1003.72	1.17396	26.4433	36.6892	62.161	98.85	45.331	1403.54	34.7702							0.0	0.0	0.0	0.0	0.0
2015/07/05 20:40:00		1.03877	305.128	28.1901	59.278	1003.72	1.16667	26.4095	17.6478	56.711	74.359	45.2929	1385.83	33.9237							0.0	0.0	0.0	0.0	0.0
2015/07/05 20:45:00		0.55369	311.351	28.1109	56.821	1003.7	1.21771	26.5083	10.8853	52.843	63.728	45.0974	1331.46	4.4503							0.0	0.0	0.0	0.0	0.0
2015/07/05 20:50:00		0.86536	315.807	28.0911	55.259	1003.67	1.20313	26.7043	14.8182	56.304	71.122	45.4311	1322.5	33.7665							0.0	0.0	0.0	0.0	0.0
2015/07/05 20:55:00		0.84558	312.493	28.0885	54.481	1003.72	1.17396	26.7689	12.2632	55.16	67.423	45.5407	1283.13	97.353							0.0	0.0	0.0	0.0	0.0
2015/07/05 21:00:00		0.80408	317.648	28.0901	54.251	1003.8	1.15937	26.7953	17.4535	56.002	73.456	45.984	1282.08	74.53							0.0	0.0	0.0	0.0	0.0
2015/07/05 21:05:00		1.18713	312.839	28.0859	54.034	1003.89	1.20313	26.7604	21.3953	57.991	79.387	46.3177	1304.58	51.707							0.0	0.0	0.0	0.0	0.0
2015/07/05 21:10:00		1.25373	318.775	28.0927	54.114	1003.95	1.20313	26.7142	30.4068	58.813	89.22	46.7991	1368.54	40.3098							0.0	0.0	0.0	0.0	0.0
2015/07/05 21:15:00		0.61295	326.839	28.0917	54.256	1004.0	1.17396	26.649	34.4224	60.757	95.18	46.2271	1408.75	35.9524							0.0	0.0	0.0	0.0	0.0
2015/07/05 21:20:00		1.22281	316.166	28.0917	54.498	1004.07	1.20313	26.6629	28.4259	57.847	86.273	46.2319	1377.92	9.7507							0.0	0.0	0.0	0.0	0.0
2015/07/05 21:25:00		1.18707	315.332	28.0547	55.082	1004.16	1.18854	26.8511	24.991	58.21	83.201	46.1842	1338.96	0.74291							0.0	0.0	0.0	0.0	0.0
2015/07/05 21:30:00		0.87764	310.282	27.9891	55.772	1004.29	1.12292	26.9351	23.5081	58.577	82.085	46.7038	1327.92	111.543							0.0	0.0	0.0	0.0	0.0
2015/07/05 21:35:00		0.74476	335.598	27.9854	56.318	1004.38	1.15937	26.9636	29.2254	57.464	86.689	47.0661	1341.25	85.324							0.0	0.0	0.0	0.0	0.0
2015/07/05 21:40:00		1.19648	317.561	27.9865	56.543	1004.44	1.20313	26.937	30.3934	57.793	88.186	47.6095	1376.25	64.433							0.0	0.0	0.0	0.0	0.0
2015/07/05 21:45:00		1.32939	316.485	27.9859	56.463	1004.53	1.20313	26.8731	33.6072	58.368	91.975	47.967	1386.46	44.8101							0.0	0.0	0.0	0.0	0.0
2015/07/05 21:50:00		0.85553	328.345	28.0047	56.396	1004.62	1.18125	26.8028	28.0507	58.097	86.148	47.8526	1351.25	38.9276							0.0	0.0	0.0	0.0	0.0
2015/07/05 21:55:00		0.84051	317.567	28.0932	56.529	1004.71	1.15937	26.7274	32.1846	55.437	87.622	47.19	1378.75	36.9167							0.0	0.0	0.0	0.0	0.0
2015/07/05 22:00:00		0.88471	314.41	28.0828	56.473	1004.77	1.16667	26.6441	42.8242	59.104	101.928	46.9469	1376.67	26.5982							0.0	0.0	0.0	0.0	0.0
2015/07/05 22:05:00		0.93389	320.708	27.9917	56.707	1004.83	1.11563	26.7743	22.5477	55.181	77.728	46.9755	1312.08	0.0							0.0	0.0	0.0	0.0	0.0
2015/07/05 22:10:00		0.71364	312.657	27.987	57.141	1004.87	1.18854	26.8938	27.4544	54.458	81.913	46.7801	1349.79	63.654							0.0	0.0	0.0	0.0	0.0
2015/07/05 22:15:00		1.0879	315.068	27.988	56.979	1004.87	1.23229	26.9362	17.152	53.099	70.251	46.8563	1314.17	93.374							0.0	0.0	0.0	0.0	0.0
2015/07/05 22:20:00		0.90279	325.216	27.9214	56.396	1004.92	1.21042	26.9182	10.9366	49.9704	60.907	47.3044	1258.75	70.523							0.0	0.0	0.0	0.0	0.0
2015/07/05 22:25:00		1.22797	307.195	27.8885	55.247	1004.99	1.18125	26.8575	12.7501	50.433	63.183	46.9231	1175.42	48.2639							0.0	0.0	0.0	0.0	0.0
2015/07/05 22:30:00		1.01224	320.464	27.8922	54.569	1005.03	1.18125	26.7864	7.5889	48.7448	56.334	47.2996	1092.71	39.1562							0.0	0.0	0.0	0.0	0.0
2015/07/05 22:35:00		1.2247	316.142	27.8896	53.976	1005.1	1.21042	26.7	8.844	46.6018	55.446	47.5046	1058.54	37.081							0.0	0.0	0.0	0.0	0.0
2015/07/05 22:40:00		1.34938	316.922	27.888	53.713	1005.1	1.18854	26.7483	7.5643	44.5684	52.133	47.0089	1062.29	3.10021							0.0	0.0	0.0	0.0	0.0
2015/07/05 22:45:00		0.50244	309.307	27.8891	53.517	1005.11	1.21042	26.9053	6.8496	44.8594	51.709	47.3044	1044.58	21.0693							0.0	0.0	0.0	0.0	0.0
2015/07/05 22:50:00		1.02744	305.939	27.8344	53.268	1005.13	1.17396	26.9504	5.8156	42.9115	48.7271	47.4283	1017.29	112.05							0.0	0.0	0.0	0.0	0.0
2015/07/05 22:55:00		0.96853	320.755	27.7896	53.126	1005.2	1.17396	26.9486	4.25227	40.8061	45.0584	47.7906	931.04	74.898							0.0	0.0	0.0	0.0	0.0
2015/07/05 23:00:00		1.19993	323.672	27.7865	53.399	1005.26	1.1375	26.8873	3.45497	35.4041	38.8591	47.4855	853.13	58.275							0.0	0.0	0.0	0.0	0.0
2015/07/05 23:05:00		0.53738	326.808	27.7917	53.754	1005.24	1.18125	26.8216	6.9613	36.3969	43.3582	47.1471	848.75	40.8599							0.0	0.0	0.0	0.0	0.0
2015/07/05 23:10:00		0.97269	320.448	27.7938	53.716	1005.21	1.14479	26.7402	12.5871	42.7506	55.338	47.4474	865.83	36.706							0.0	0.0	0.0	0.0	0.0
2015/07/05 23:15:00		1.12469	319.586	27.8094	53.789	1005.15	1.17396	26.7131	7.8457	40.1831	48.0288	47.1614	863.96	11.1543							0.0	0.0	0.0	0.0	0.0
2015/07/05 23:20:00		1.25654	311.593	27.825	53.802	1005.13	1.23229	26.8683	11.4414	41.7201	53.162	46.4941	871.88	0.0							0.0	0.0	0.0	0.0	0.0
2015/07/05 23:25:00		1.03412	313.079	27.7906	53.82	1005.14	1.21771	26.9432	6.7692	41.662	48.4312	46.9803	831.25	109.161							0.0	0.0	0.0	0.0	0.0
2015/07/05 23:30:00		1.2349	318.874	27.7943	53.954	1005.15	1.23229	26.9684	3.39243	34.2504	37.6429	47.128	774.38	82.738							0.0	0.0	0.0	0.0	0.0
2015/07/05 23:35:00		0.57236	317.663	27.7953	54.238	1005.12	1.15208	26.94	2.5795	31.8781	34.4576	47.4569	754.17	64.201							0.0	0.0	0.0	0.0	0.0
2015/07/05 23:40:00		0.92851	317.69	27.7901	54.297	1005.1	1.17396	26.857	4.78157	34.4319	39.2134	47.3044	738.75	44.1958							0.0	0.0	0.0	0.0	0.0
2015/07/05 23:45:00		0.69791	312.136	27.7917	54.263	1005.06	1.19583	26.7808	7.8613	36.568	44.4294	46.9278	715.63	36.6489							0.0	0.0	0.0	0.0	0.0
2015/07/05 23:50:00		1.27806	311.355	27.7932	54.317	1005.01	1.21042	26.6857	3.15793	32.4737	35.6317	46.6895	681.67	27.859							0.0	0.0	0.0	0.0	0.0
2015/07/05 23:55:00		1.30636	318.8	27.7953	54.642	1005.03	1.15937	26.6828	3.9932	33.6993	37.6925	46.7372	643.96	28.8912							0.0	0.0	0.0	0.0	0.0
2015/07/06 00:00:00		1.2894	318.659	27.7203	55.09	1005.02	1.12292	26.646	2.79167	32.0047	34.7964	46.251	622.29	48.4997							0.0	0.0	0.0	0.0	0.0
