-- 1st mean values --
Format: XTAB(V:1;HEAD:2;COL:TCFFFFFFFFFFFFFFFFFFFFFFFF)
StartTime: 2015/07/20 00:00:00
EndTime: 2015/07/21 00:00:00
Period: 24 h
Station: Gia Lam

Time	MeasPt	Wind Spd.	Wind Dir.	Temp	RH	Barometer	Radiation	InnerTemp	NO	NO2	NOx	SO2	CO	O3	PM-10	PM-2.5	PM-1	CH4	NMHC	THC	BENZEN	TOLUEN	ETHYL BENZEN	MP-XYLEN	O-XYLEN
		m/s	degree	°C	%	hPa	W/m²	°C	µg/m3	µg/m3	µg/m3	µg/m3	µg/m3	µg/m3	µg/m3	µg/m3	µg/m3	ppm	ppmC	ppmC	ug/m3	ug/m3	ug/m3	ug/m3	ug/m3
2015/07/20 00:05:00		1.56051	63.486	29.6833	36.6141	1003.35	1.18125	27.1437	18.5478	19.8211	38.3689	51.251	1678.33	10.6079							0.0	0.0	0.0	0.0	0.0
2015/07/20 00:10:00		1.27378	63.354	29.5573	37.013	1003.35	1.1375	26.9397	17.9493	16.7333	34.6826	50.407	1660.0	10.4257							0.0	0.0	0.0	0.0	0.0
2015/07/20 00:15:00		1.80501	61.408	29.4406	37.3135	1003.26	1.16667	26.7496	2.11273	2.58119	4.69393	49.8879	1657.08	10.5436							0.0	0.0	0.0	0.0	0.0
2015/07/20 00:20:00		1.6446	90.49	29.3234	37.4583	1003.07	1.16667	26.5681	0.163033	0.219093	0.382127	48.1433	1643.75	10.1471							0.0	0.0	0.0	0.0	0.0
2015/07/20 00:25:00		2.43596	84.612	29.2089	38.0161	1002.9	1.24688	26.3987	3.21823	0.0	3.21823	46.5894	1636.04	10.5007							0.0	0.0	0.0	0.0	0.0
2015/07/20 00:30:00		1.48663	76.949	29.1682	38.0833	1002.79	1.15937	26.2659	202.65	0.53062	203.181	45.4645	1635.0	10.8864							0.0	0.0	0.0	0.0	0.0
2015/07/20 00:35:00		1.44859	95.282	29.0995	38.524	1002.73	1.17396	26.2054	215.537	0.208823	215.746	44.554	1622.92	11.8079							0.0	0.0	0.0	0.0	0.0
2015/07/20 00:40:00		1.16105	70.411	29.0646	39.3604	1002.8	1.14479	26.1265	216.732	0.455303	217.187	43.8676	1607.71	11.5401							0.0	0.0	0.0	0.0	0.0
2015/07/20 00:45:00		1.098	61.385	28.8875	39.8865	1002.84	1.11563	26.028	214.916	1.54392	216.46	43.4339	1597.92	10.315							0.0	0.0	0.0	0.0	0.0
2015/07/20 00:50:00		0.73562	48.7184	28.6297	40.9484	1002.84	1.15208	25.9496	34.4023	13.2243	47.6266	43.1336	1583.33	10.6828							0.0	0.0	0.0	0.0	0.0
2015/07/20 00:55:00		0.75304	22.7605	28.3802	41.8828	1002.85	1.11563	25.9045	19.0905	11.232	30.3225	42.9524	1573.13	10.5828							0.0	0.0	0.0	0.0	0.0
2015/07/20 01:00:00		0.91023	351.381	28.1583	42.8724	1002.8	1.09375	25.8457	18.1972	11.2011	29.3983	42.9906	1563.33	11.0329							0.0	0.0	0.0	0.0	0.0
2015/07/20 01:05:00		0.74141	15.0517	27.9786	43.8396	1002.75	1.07917	25.7971	18.3736	10.5576	28.9312	43.3528	1551.88	11.5258							0.0	0.0	0.0	0.0	0.0
2015/07/20 01:10:00		0.7235	10.2609	27.8531	44.6359	1002.69	1.15208	25.7364	18.396	9.4142	27.8101	43.2241	1541.04	11.4222							0.0	0.0	0.0	0.0	0.0
2015/07/20 01:15:00		1.24578	56.249	27.7891	45.3948	1002.64	1.14479	25.6792	18.0319	9.2259	27.2578	43.0716	1533.13	11.2936							0.0	0.0	0.0	0.0	0.0
2015/07/20 01:20:00		0.0	502.0	27.6854	45.9635	1002.59	1.16667	25.6116	17.5719	8.1544	25.7262	42.5139	1524.58	10.8329							0.0	0.0	0.0	0.0	0.0
2015/07/20 01:25:00		0.71678	3.42057	27.6906	46.4714	1002.48	1.1375	25.5332	19.0146	9.1574	28.172	42.5902	1510.63	11.0329							0.0	0.0	0.0	0.0	0.0
2015/07/20 01:30:00		0.78887	339.869	27.5901	46.662	1002.42	1.17396	25.4816	17.8689	10.2974	28.1663	42.8285	1501.04	10.8186							0.0	0.0	0.0	0.0	0.0
2015/07/20 01:35:00		0.79749	331.983	27.4969	46.9859	1002.4	1.16667	25.4137	18.0833	7.7778	25.8611	42.5091	1499.58	10.8079							0.0	0.0	0.0	0.0	0.0
2015/07/20 01:40:00		0.97384	323.673	27.4531	47.3167	1002.3	1.21042	25.3463	17.8488	6.8501	24.6989	42.8237	1490.21	10.7829							0.0	0.0	0.0	0.0	0.0
2015/07/20 01:45:00		1.04921	317.59	27.387	47.7495	1002.22	1.20313	25.3034	17.8801	6.7953	24.6754	42.5425	1482.92	11.2972							0.0	0.0	0.0	0.0	0.0
2015/07/20 01:50:00		0.7843	316.886	27.4281	48.1682	1002.18	1.18854	25.2368	17.3039	7.4252	24.7291	42.4138	1475.0	11.3793							0.0	0.0	0.0	0.0	0.0
2015/07/20 01:55:00		1.03569	319.084	27.3865	48.3943	1002.08	1.13021	25.1901	16.7679	8.6918	25.4597	42.4233	1458.54	11.0007							0.0	0.0	0.0	0.0	0.0
2015/07/20 02:00:00		0.96969	322.829	27.3844	48.6099	1002.0	1.18125	25.1372	17.3195	7.3841	24.7036	42.2994	1455.0	11.3793							0.0	0.0	0.0	0.0	0.0
2015/07/20 02:05:00		0.6004	322.488	27.388	48.8531	1001.94	1.14479	25.1001	17.6366	6.1141	23.7507	42.3042	1443.54	11.5722							0.0	0.0	0.0	0.0	0.0
2015/07/20 02:10:00		0.50625	293.738	27.4448	49.2672	1001.82	1.21042	25.0561	16.7433	7.4903	24.2336	41.7846	1438.54	11.3186							0.0	0.0	0.0	0.0	0.0
2015/07/20 02:15:00		0.80476	300.639	27.4302	49.4375	1001.7	1.16667	25.0091	17.5629	6.6618	24.2247	42.1087	1432.29	11.7115							0.0	0.0	0.0	0.0	0.0
2015/07/20 02:20:00		0.82489	327.367	27.387	49.5396	1001.63	1.12292	24.9683	16.6339	7.6066	24.2405	41.5796	1422.71	11.2758							0.0	0.0	0.0	0.0	0.0
2015/07/20 02:25:00		0.68822	330.17	27.3849	49.6589	1001.58	1.15937	24.9433	17.8667	7.4047	25.2713	41.4033	1423.96	11.4008							0.0	0.0	0.0	0.0	0.0
2015/07/20 02:30:00		0.51254	310.537	27.3224	49.8057	1001.5	1.13021	24.9189	17.056	6.6687	23.7246	41.2269	1410.21	11.3579							0.0	0.0	0.0	0.0	0.0
2015/07/20 02:35:00		0.65291	324.22	27.2891	49.8656	1001.42	1.17396	24.8923	16.9532	5.6245	22.5778	41.2078	1397.29	10.9079							0.0	0.0	0.0	0.0	0.0
2015/07/20 02:40:00		0.52997	300.488	27.2068	49.8854	1001.38	1.19583	24.8856	17.5875	4.03611	21.6236	40.8742	1383.96	10.7579							0.0	0.0	0.0	0.0	0.0
2015/07/20 02:45:00		0.97128	317.593	27.2865	50.195	1001.36	1.15937	24.8695	17.2726	5.4534	22.726	41.4271	1386.67	11.5151							0.0	0.0	0.0	0.0	0.0
2015/07/20 02:50:00		0.80526	317.9	27.2911	50.474	1001.38	1.15208	24.8325	17.0939	8.3255	25.4195	41.6702	1372.92	11.1329							0.0	0.0	0.0	0.0	0.0
2015/07/20 02:55:00		0.97127	316.626	27.2891	50.936	1001.38	1.17396	24.8118	16.9733	7.1068	24.0802	41.3556	1366.88	11.3722							0.0	0.0	0.0	0.0	0.0
2015/07/20 03:00:00		0.9972	319.094	27.3323	51.314	1001.39	1.1375	24.807	17.123	7.1308	24.2538	41.0744	1358.33	10.4828							0.0	0.0	0.0	0.0	0.0
2015/07/20 03:05:00		1.24098	316.143	27.3786	51.371	1001.38	1.21042	24.7911	16.8483	5.6451	22.4933	41.5033	1355.42	10.2221							0.0	0.0	0.0	0.0	0.0
2015/07/20 03:10:00		0.89345	306.823	27.2885	51.455	1001.4	1.21042	24.7734	16.7746	7.3054	24.08	41.1649	1346.88	10.4364							0.0	0.0	0.0	0.0	0.0
2015/07/20 03:15:00		1.09134	324.239	27.288	51.461	1001.43	1.19583	24.7584	16.8304	5.1042	21.9346	41.203	1342.92	10.7793							0.0	0.0	0.0	0.0	0.0
2015/07/20 03:20:00		0.8955	317.093	27.2896	51.527	1001.46	1.1375	24.7385	16.3368	5.8025	22.1394	40.6644	1334.38	10.5864							0.0	0.0	0.0	0.0	0.0
2015/07/20 03:25:00		0.8515	317.195	27.3771	51.683	1001.52	1.11563	24.7229	16.6316	5.2309	21.8625	41.1363	1322.08	10.7793							0.0	0.0	0.0	0.0	0.0
2015/07/20 03:30:00		0.7577	328.094	27.3057	51.659	1001.53	1.16667	24.7068	17.1207	5.3301	22.4509	41.5844	1317.92	10.8007							0.0	0.0	0.0	0.0	0.0
2015/07/20 03:35:00		1.0677	316.285	27.2891	51.669	1001.53	1.15937	24.6985	17.2123	4.60096	21.8133	41.0362	1306.67	10.6936							0.0	0.0	0.0	0.0	0.0
2015/07/20 03:40:00		0.85741	320.548	27.2875	51.667	1001.57	1.18125	24.6851	16.5959	5.8265	22.4224	41.4747	1303.54	10.2864							0.0	0.0	0.0	0.0	0.0
2015/07/20 03:45:00		0.75286	330.548	27.2891	51.695	1001.61	1.18125	24.6706	16.5736	4.73105	21.3046	40.5596	1293.75	10.9829							0.0	0.0	0.0	0.0	0.0
2015/07/20 03:50:00		0.70176	350.047	27.2922	51.772	1001.61	1.20313	24.6526	16.2721	4.96726	21.2393	40.4499	1289.58	11.0436							0.0	0.0	0.0	0.0	0.0
2015/07/20 03:55:00		0.73074	337.254	27.238	51.753	1001.56	1.16667	24.633	16.8862	4.19016	21.0764	40.9504	1278.96	11.0186							0.0	0.0	0.0	0.0	0.0
2015/07/20 04:00:00		1.02896	322.423	27.1844	51.723	1001.53	1.15937	24.6113	16.4686	4.36817	20.8368	40.4928	1274.58	11.0757							0.0	0.0	0.0	0.0	0.0
2015/07/20 04:05:00		0.92528	322.011	27.113	51.707	1001.56	1.18125	24.5954	15.7584	4.64889	20.4073	40.5214	1271.25	10.815							0.0	0.0	0.0	0.0	0.0
2015/07/20 04:10:00		1.01147	323.293	27.0885	51.767	1001.55	1.13021	24.5772	15.477	4.38529	19.8623	40.4261	1259.17	11.0793							0.0	0.0	0.0	0.0	0.0
2015/07/20 04:15:00		0.81708	326.506	27.0859	51.766	1001.58	1.15208	24.5538	15.2179	5.3644	20.5823	40.5309	1267.08	11.3079							0.0	0.0	0.0	0.0	0.0
2015/07/20 04:20:00		1.04137	325.254	27.0854	51.762	1001.63	1.18125	24.5447	15.5887	4.71393	20.3026	40.6072	1246.88	10.9293							0.0	0.0	0.0	0.0	0.0
2015/07/20 04:25:00		0.63323	320.006	27.0807	51.836	1001.69	1.13021	24.5342	15.6378	5.5253	21.1631	39.8589	1242.92	10.8686							0.0	0.0	0.0	0.0	0.0
2015/07/20 04:30:00		0.449122	105.979	27.1479	51.869	1001.76	1.12292	24.5119	16.4932	6.1209	22.6141	40.3355	1233.75	11.3293							0.0	0.0	0.0	0.0	0.0
2015/07/20 04:35:00		0.44556	28.6344	27.175	51.874	1001.75	1.16667	24.498	15.7338	5.7889	21.5227	40.7883	1231.88	10.7793							0.0	0.0	0.0	0.0	0.0
2015/07/20 04:40:00		0.455647	15.9136	27.087	51.859	1001.77	1.17396	24.4681	15.7472	4.79267	20.5399	40.7454	1220.83	10.8864							0.0	0.0	0.0	0.0	0.0
2015/07/20 04:45:00		0.9526	16.4581	27.1578	51.904	1001.78	1.21042	24.4416	15.4234	5.3952	20.8186	40.7407	1222.92	10.6078							0.0	0.0	0.0	0.0	0.0
2015/07/20 04:50:00		0.69005	25.1583	27.1859	51.964	1001.75	1.10104	24.4252	15.4212	6.453	21.8741	40.817	1213.13	11.0579							0.0	0.0	0.0	0.0	0.0
2015/07/20 04:55:00		0.483052	3.39239	27.188	51.96	1001.76	1.15937	24.4043	16.0711	6.1997	22.2707	40.6835	1212.29	11.2186							0.0	0.0	0.0	0.0	0.0
2015/07/20 05:00:00		0.62051	20.2365	27.1521	51.856	1001.81	1.15208	24.3882	15.908	5.7683	21.6763	40.3737	1204.17	11.1364							0.0	0.0	0.0	0.0	0.0
2015/07/20 05:05:00		0.70298	48.99	27.0052	51.577	1001.82	1.1375	24.3508	15.5105	8.6234	24.1339	40.4166	1206.67	11.2936							0.0	0.0	0.0	0.0	0.0
2015/07/20 05:10:00		0.84206	27.7882	26.8724	51.326	1001.81	1.07187	24.4794	15.8254	8.1304	23.9558	40.202	1204.38	8.0434							0.0	0.0	0.0	0.0	0.0
2015/07/20 05:15:00		0.53373	359.168	26.6703	50.947	1001.84	1.15937	24.7981	15.745	8.3255	24.0705	40.0066	1193.75	14.4081							0.0	0.0	0.0	0.0	0.0
2015/07/20 05:20:00		0.452789	24.681	26.5865	50.897	1001.85	1.15937	24.9428	15.8433	8.0277	23.871	40.55	1180.42	17.269							0.0	0.0	0.0	0.0	0.0
2015/07/20 05:25:00		0.59606	16.3078	26.5833	50.905	1001.88	1.15937	24.9441	16.587	8.7603	25.3473	40.9314	1189.79	14.5081							0.0	0.0	0.0	0.0	0.0
2015/07/20 05:30:00		0.53876	50.11	26.5901	50.789	1001.89	1.1375	24.8655	16.6383	9.1369	25.7752	40.8932	1184.17	11.9651							0.0	0.0	0.0	0.0	0.0
2015/07/20 05:35:00		0.325612	19.1977	26.6432	50.766	1001.94	1.10833	24.7442	16.6182	11.9303	28.5485	40.8742	1188.96	10.1007							0.0	0.0	0.0	0.0	0.0
2015/07/20 05:40:00		0.325357	8.0807	26.6021	50.644	1001.93	1.12292	24.6182	17.2927	11.4921	28.7848	40.8742	1184.17	9.8471							0.0	0.0	0.0	0.0	0.0
2015/07/20 05:45:00		0.54615	0.022962	26.6354	50.619	1001.92	1.18125	24.484	17.4401	10.1125	27.5526	41.0553	1188.33	10.0507							0.0	0.0	0.0	0.0	0.0
2015/07/20 05:50:00		0.54516	5.782	26.5849	50.451	1001.93	1.13021	24.5154	17.2659	10.5302	27.7961	40.7454	1176.25	9.8435							0.0	0.0	0.0	0.0	0.0
2015/07/20 05:55:00		0.70925	18.0243	26.5708	50.435	1001.93	1.18125	24.8636	17.0247	11.4613	28.486	40.6549	1174.79	11.5543							0.0	0.0	0.0	0.0	0.0
2015/07/20 06:00:00		0.377092	34.9506	26.5484	50.47	1001.96	1.49479	25.2209	16.3279	11.5846	27.9125	41.3222	1170.0	11.5722							0.0	0.0	0.0	0.0	0.0
2015/07/20 06:05:00		0.396349	38.8979	26.4922	50.487	1001.97	3.34687	25.5549	18.7176	11.8927	30.6102	41.8561	1170.21	11.3508							0.0	0.0	0.0	0.0	0.0
2015/07/20 06:10:00		0.68073	35.7918	26.5115	50.596	1001.98	6.0156	25.869	18.1816	11.3792	29.5607	42.6617	1164.38	11.2543							0.0	0.0	0.0	0.0	0.0
2015/07/20 06:15:00		0.39884	11.784	26.5339	50.642	1002.03	8.5167	26.1692	17.2525	12.3206	29.5731	43.3052	1151.67	11.4651							0.0	0.0	0.0	0.0	0.0
2015/07/20 06:20:00		0.379312	26.5345	26.4797	50.599	1002.09	11.725	26.4414	18.8627	12.3445	31.2073	44.4301	1161.25	11.6544							0.0	0.0	0.0	0.0	0.0
2015/07/20 06:25:00		0.475083	355.653	26.4813	50.596	1002.09	15.5385	26.6973	18.4518	12.3993	30.8511	45.6742	1155.83	11.0972							0.0	0.0	0.0	0.0	0.0
2015/07/20 06:30:00		0.57658	346.721	26.4828	50.561	1002.07	21.0583	26.9381	17.7304	11.6701	29.4006	46.6704	1145.21	11.6365							0.0	0.0	0.0	0.0	0.0
2015/07/20 06:35:00		0.97937	318.937	26.4833	50.593	1002.13	23.7198	27.1606	17.018	11.2696	28.2876	47.7525	1146.25	12.1937							0.0	0.0	0.0	0.0	0.0
2015/07/20 06:40:00		0.80307	324.943	26.587	50.655	1002.17	28.0292	27.3725	17.6366	10.6705	28.3072	48.6772	1146.88	11.6579							0.0	0.0	0.0	0.0	0.0
2015/07/20 06:45:00		0.95733	315.394	26.6917	50.66	1002.27	29.1083	27.5666	20.8995	13.755	34.6545	49.8498	1146.67	11.1793							0.0	0.0	0.0	0.0	0.0
2015/07/20 06:50:00		0.98126	319.089	26.7432	50.559	1002.38	29.8448	27.7669	20.8169	13.6694	34.4863	51.008	1139.17	10.9436							0.0	0.0	0.0	0.0	0.0
2015/07/20 06:55:00		0.70013	321.825	26.7917	50.273	1002.49	29.7062	27.9537	22.9453	14.4191	37.3644	52.066	1139.17	11.5865							0.0	0.0	0.0	0.0	0.0
2015/07/20 07:00:00		0.61883	310.789	26.8172	50.105	1002.54	34.9198	28.1333	20.1246	15.3365	35.4611	52.51	1137.29	11.6472							0.0	0.0	0.0	0.0	0.0
2015/07/20 07:05:00		0.59685	329.44	26.8927	49.9531	1002.64	39.5719	28.2947	26.2752	15.2646	41.5398	53.577	1139.79	11.1472							0.0	0.0	0.0	0.0	0.0
2015/07/20 07:10:00		0.71704	320.74	26.9104	49.7203	1002.7	40.6656	28.1438	29.8597	15.0182	44.8778	53.554	1150.83	11.1472							0.0	0.0	0.0	0.0	0.0
2015/07/20 07:15:00		0.66254	329.494	26.9865	49.4792	1002.7	42.7802	28.1532	27.5705	15.6412	43.2117	54.678	1156.04	11.9722							0.0	0.0	0.0	0.0	0.0
2015/07/20 07:20:00		0.81809	321.085	26.9922	49.1828	1002.67	49.474	28.3339	25.3997	14.9292	40.3289	54.545	1140.42	12.1401							0.0	0.0	0.0	0.0	0.0
2015/07/20 07:25:00		0.80054	323.102	27.0099	48.9323	1002.73	60.448	28.5178	25.1295	15.001	40.1305	55.679	1141.04	12.0472							0.0	0.0	0.0	0.0	0.0
2015/07/20 07:30:00		0.70626	355.68	27.0906	48.6901	1002.73	85.159	28.4472	23.1507	15.1037	38.2545	55.884	1146.04	12.3223							0.0	0.0	0.0	0.0	0.0
2015/07/20 07:35:00		0.79084	341.473	27.0964	48.4078	1002.74	115.223	28.277	22.8269	15.1996	38.0265	55.47	1156.67	12.108							0.0	0.0	0.0	0.0	0.0
2015/07/20 07:40:00		1.0242	317.726	27.2193	48.3693	1002.78	142.691	28.4099	21.2412	16.1102	37.3514	55.88	1156.25	12.3794							0.0	0.0	0.0	0.0	0.0
2015/07/20 07:45:00		1.15285	319.065	27.2964	48.0609	1002.84	160.891	28.5567	20.9129	15.5009	36.4138	55.803	1149.79	12.0222							0.0	0.0	0.0	0.0	0.0
2015/07/20 07:50:00		1.28566	325.227	27.4047	47.7995	1002.91	146.176	28.3511	21.5271	14.5081	36.0352	55.875	1158.33	11.7472							0.0	0.0	0.0	0.0	0.0
2015/07/20 07:55:00		0.79765	318.001	27.4948	47.3786	1002.93	153.256	28.2061	20.0174	15.2783	35.2957	56.466	1168.33	12.1865							0.0	0.0	0.0	0.0	0.0
2015/07/20 08:00:00		1.26678	312.355	27.6344	47.2474	1002.95	185.69	28.3819	21.4824	14.467	35.9494	55.965	1164.17	12.5008							0.0	0.0	0.0	0.0	0.0
2015/07/20 08:05:00		0.78421	303.704	27.7661	46.9417	1002.95	175.372	28.5554	28.1311	16.0109	44.142	56.247	1163.33	13.2402							0.0	0.0	0.0	0.0	0.0
2015/07/20 08:10:00		1.44418	317.145	27.887	46.3656	1003.02	159.141	28.3937	32.1533	20.8686	53.022	56.123	1180.63	12.1151							0.0	0.0	0.0	0.0	0.0
2015/07/20 08:15:00		0.81419	322.99	27.951	45.6969	1003.05	156.647	28.1927	29.1785	18.8728	48.0513	55.627	1186.67	12.1044							0.0	0.0	0.0	0.0	0.0
2015/07/20 08:20:00		0.98577	325.767	27.9901	45.3328	1003.06	149.392	28.3274	24.4461	16.3122	40.7583	55.641	1186.04	12.9151							0.0	0.0	0.0	0.0	0.0
2015/07/20 08:25:00		1.00871	321.701	28.0797	44.9854	1003.11	161.941	28.5591	22.4606	15.1654	37.626	55.222	1180.0	13.4009							0.0	0.0	0.0	0.0	0.0
2015/07/20 08:30:00		1.05385	325.051	28.0958	44.551	1003.22	152.775	28.4555	23.6153	15.0798	38.695	55.298	1187.08	12.3901							0.0	0.0	0.0	0.0	0.0
2015/07/20 08:35:00		0.90651	317.777	28.1417	44.5865	1003.3	130.995	28.2453	22.9207	14.6656	37.5863	55.57	1192.29	11.6829							0.0	0.0	0.0	0.0	0.0
2015/07/20 08:40:00		0.323624	3.00127	28.2	44.1141	1003.35	107.873	28.3403	26.6303	15.6926	42.3228	55.474	1192.71	12.758							0.0	0.0	0.0	0.0	0.0
2015/07/20 08:45:00		0.7789	28.4899	28.1943	43.8349	1003.3	112.211	28.5701	24.1937	16.545	40.7387	55.265	1198.13	13.3759							0.0	0.0	0.0	0.0	0.0
2015/07/20 08:50:00		0.921	326.68	28.1948	43.9589	1003.23	144.594	28.4367	25.3483	17.0687	42.4171	55.598	1198.75	13.1544							0.0	0.0	0.0	0.0	0.0
2015/07/20 08:55:00		0.81596	332.417	28.2141	44.0208	1003.18	192.041	28.2402	25.5382	17.4316	42.9698	55.617	1205.83	12.108							0.0	0.0	0.0	0.0	0.0
2015/07/20 09:00:00		0.88164	325.606	28.299	44.1339	1003.08	231.919	28.368	24.6984	15.405	40.1034	56.046	1205.63	13.2616							0.0	0.0	0.0	0.0	0.0
2015/07/20 09:05:00		1.2611	315.536	28.3964	44.0469	1003.08	258.657	28.5736	27.0546	18.9687	46.0233	55.522	1199.17	13.9188							0.0	0.0	0.0	0.0	0.0
2015/07/20 09:10:00		1.03323	320.729	28.4328	43.4281	1003.09	268.559	28.4262	22.2462	19.5233	41.7695	55.651	1201.04	12.7616							0.0	0.0	0.0	0.0	0.0
2015/07/20 09:15:00		1.00994	304.272	28.6141	43.6078	1003.08	293.373	28.3266	22.2797	18.4689	40.7486	55.956	1209.38	12.0651							0.0	0.0	0.0	0.0	0.0
2015/07/20 09:20:00		1.24954	311.588	28.7323	42.8219	1003.06	361.04	28.5468	22.9162	22.4331	45.3493	56.113	1209.17	14.1581							0.0	0.0	0.0	0.0	0.0
2015/07/20 09:25:00		1.11969	300.746	28.8714	42.5141	1003.05	411.819	28.5231	23.8073	23.4978	47.3051	55.551	1214.58	13.583							0.0	0.0	0.0	0.0	0.0
2015/07/20 09:30:00		1.24946	306.443	29.049	42.0786	1003.09	391.161	28.3186	24.7989	23.3061	48.105	55.756	1222.92	12.8401							0.0	0.0	0.0	0.0	0.0
2015/07/20 09:35:00		0.81635	319.438	29.2323	41.9453	1003.11	444.289	28.39	23.4768	23.5799	47.0567	55.675	1222.71	12.6116							0.0	0.0	0.0	0.0	0.0
2015/07/20 09:40:00		1.47071	316.005	29.4005	41.0104	1003.06	518.26	28.6424	33.5201	26.9793	60.499	55.651	1219.38	14.9581							0.0	0.0	0.0	0.0	0.0
2015/07/20 09:45:00		1.30717	318.077	29.4266	40.9714	1003.01	603.47	28.5758	24.2495	23.8435	48.0931	55.97	1208.75	13.2152							0.0	0.0	0.0	0.0	0.0
2015/07/20 09:50:00		0.72623	300.692	29.6036	41.0693	1002.98	652.44	28.4133	21.9894	20.0265	42.0159	55.598	1216.25	12.1937							0.0	0.0	0.0	0.0	0.0
2015/07/20 09:55:00		1.08728	315.544	29.8109	40.4073	1003.0	590.5	28.5395	24.0128	23.8196	47.8324	56.046	1212.5	12.6651							0.0	0.0	0.0	0.0	0.0
2015/07/20 10:00:00		1.46281	304.95	29.9927	40.0344	1002.99	560.85	28.8005	22.7063	24.9184	47.6248	55.589	1210.0	15.3474							0.0	0.0	0.0	0.0	0.0
2015/07/20 10:05:00		1.60719	315.07	30.1563	39.1583	1003.0	476.314	28.7355	23.153	22.6111	45.7641	56.061	1206.04	13.483							0.0	0.0	0.0	0.0	0.0
2015/07/20 10:10:00		1.20578	312.102	30.2182	38.6161	1003.07	470.728	28.6061	21.6857	21.5259	43.2116	56.299	1202.92	12.533							0.0	0.0	0.0	0.0	0.0
2015/07/20 10:15:00		1.84259	300.41	30.2198	38.9474	1003.11	496.388	28.6901	21.6611	21.0398	42.7009	55.713	1206.25	11.1329							0.0	0.0	0.0	0.0	0.0
2015/07/20 10:20:00		2.45166	290.105	30.1974	38.412	1003.12	449.32	28.9675	21.4378	19.8382	41.276	55.331	1199.37	16.0832							0.0	0.0	0.0	0.0	0.0
2015/07/20 10:25:00		1.8034	311.638	30.1755	38.675	1003.15	435.466	28.9366	21.6388	21.8477	43.4865	55.684	1197.08	14.6795							0.0	0.0	0.0	0.0	0.0
2015/07/20 10:30:00		1.60842	309.447	30.1146	38.6083	1003.14	517.72	28.805	20.636	20.4476	41.0836	56.247	1185.83	13.408							0.0	0.0	0.0	0.0	0.0
2015/07/20 10:35:00		2.25279	303.194	30.1141	39.1557	1003.14	527.3	28.7376	21.5271	18.4175	39.9446	56.147	1183.13	11.7008							0.0	0.0	0.0	0.0	0.0
2015/07/20 10:40:00		1.08527	315.976	30.1891	39.3766	1003.15	472.587	28.9567	21.2792	21.7656	43.0448	55.722	1177.92	12.9794							0.0	0.0	0.0	0.0	0.0
2015/07/20 10:45:00		1.7764	326.309	30.3234	39.5052	1003.13	447.694	29.1047	20.9174	26.1611	47.0785	55.665	1174.38	17.344							0.0	0.0	0.0	0.0	0.0
2015/07/20 10:50:00		1.59654	293.601	30.4479	38.8505	1003.12	432.25	29.0158	22.4986	29.4681	51.967	56.018	1173.54	14.9974							0.0	0.0	0.0	0.0	0.0
2015/07/20 10:55:00		1.74006	295.04	30.5193	38.1516	1003.11	414.881	28.888	23.1061	29.9165	53.023	56.59	1177.08	12.5401							0.0	0.0	0.0	0.0	0.0
2015/07/20 11:00:00		1.34551	320.535	30.6167	37.9036	1003.1	450.151	28.8295	21.3127	27.3935	48.7062	55.822	1175.21	11.8079							0.0	0.0	0.0	0.0	0.0
2015/07/20 11:05:00		1.18055	317.341	30.6911	37.9302	1003.08	558.75	29.0458	22.1859	30.1424	52.328	55.851	1176.67	14.0474							0.0	0.0	0.0	0.0	0.0
2015/07/20 11:10:00		1.33181	318.195	30.8828	37.1349	1003.06	548.76	29.172	23.5684	38.8411	62.41	56.17	1172.29	18.0048							0.0	0.0	0.0	0.0	0.0
2015/07/20 11:15:00		1.34058	313.499	30.975	36.5625	1002.97	482.737	29.0961	22.9341	41.323	64.257	55.756	1168.75	14.8653							0.0	0.0	0.0	0.0	0.0
2015/07/20 11:20:00		1.52853	302.797	31.0458	35.812	1002.94	447.052	28.9693	23.3428	44.3048	67.648	56.423	1168.13	12.9509							0.0	0.0	0.0	0.0	0.0
2015/07/20 11:25:00		1.86777	313.604	31.0896	34.9536	1002.94	418.775	28.8311	23.5416	48.673	72.215	56.204	1172.71	11.7008							0.0	0.0	0.0	0.0	0.0
2015/07/20 11:30:00		1.54193	298.878	31.1771	34.7464	1002.87	432.921	28.874	23.9011	47.776	71.677	55.994	1174.58	11.5436							0.0	0.0	0.0	0.0	0.0
2015/07/20 11:35:00		1.78863	299.737	31.1854	34.8385	1002.76	440.708	29.1455	25.2635	65.05	90.314	55.856	1174.79	14.8046							0.0	0.0	0.0	0.0	0.0
2015/07/20 11:40:00		2.03833	312.607	31.1865	34.2339	1002.7	469.219	29.2539	25.1898	79.312	104.502	55.637	1167.5	19.3441							0.0	0.0	0.0	0.0	0.0
2015/07/20 11:45:00		1.29721	292.395	31.2854	34.1823	1002.72	441.036	29.1672	24.3902	76.405	100.796	55.856	1171.04	15.6225							0.0	0.0	0.0	0.0	0.0
2015/07/20 11:50:00		1.27023	308.519	31.2813	34.0297	1002.72	422.231	29.1535	24.2763	68.905	93.181	56.361	1166.25	13.108							0.0	0.0	0.0	0.0	0.0
2015/07/20 11:55:00		1.51773	296.337	31.2859	33.9281	1002.7	432.746	29.2687	23.9056	62.068	85.974	56.599	1162.08	12.6723							0.0	0.0	0.0	0.0	0.0
2015/07/20 12:00:00		1.69066	309.598	31.2839	33.8948	1002.7	443.793	29.2066	32.9216	58.809	91.731	56.137	1158.33	11.3508							0.0	0.0	0.0	0.0	0.0
2015/07/20 12:05:00		1.52739	317.635	31.2865	33.8281	1002.69	453.184	29.0453	25.2456	52.274	77.52	55.923	1158.75	10.2007							0.0	0.0	0.0	0.0	0.0
2015/07/20 12:10:00		1.58583	297.903	31.3745	34.0094	1002.65	418.833	28.8378	23.2847	42.7163	66.001	55.88	1160.0	9.3435							0.0	0.0	0.0	0.0	0.0
2015/07/20 12:15:00		1.82234	306.909	31.3792	33.262	1002.58	429.26	28.6125	22.2909	34.2676	56.558	54.912	1158.13	9.7364							0.0	0.0	0.0	0.0	0.0
2015/07/20 12:20:00		0.915	304.056	31.3792	33.3292	1002.53	400.356	28.4536	21.469	30.2417	51.711	54.125	1158.96	10.3971							0.0	0.0	0.0	0.0	0.0
2015/07/20 12:25:00		1.11889	319.05	31.4745	32.5385	1002.55	394.669	28.3653	22.2172	33.0968	55.314	53.005	1147.71	10.8472							0.0	0.0	0.0	0.0	0.0
2015/07/20 12:30:00		1.23728	311.887	31.4812	31.9917	1002.57	352.027	28.2909	21.8532	30.1082	51.961	52.562	1146.25	10.5471							0.0	0.0	0.0	0.0	0.0
2015/07/20 12:35:00		1.14402	292.288	31.4771	32.1906	1002.52	326.521	28.259	21.2256	28.1946	49.4202	52.052	1143.13	11.2722							0.0	0.0	0.0	0.0	0.0
2015/07/20 12:40:00		1.65345	288.885	31.4807	32.1995	1002.46	367.945	28.2437	21.4981	26.5479	48.046	51.833	1140.42	11.8258							0.0	0.0	0.0	0.0	0.0
2015/07/20 12:45:00		1.13083	313.99	31.5599	32.7708	1002.47	422.844	28.2327	21.5137	24.7575	46.2712	51.366	1140.63	11.3436							0.0	0.0	0.0	0.0	0.0
2015/07/20 12:50:00		1.4699	317.345	31.6896	31.9161	1002.45	445.164	28.2303	22.5656	29.4509	52.017	51.633	1131.67	12.1794							0.0	0.0	0.0	0.0	0.0
2015/07/20 12:55:00		1.18841	300.797	31.624	32.2734	1002.37	458.223	28.2233	21.3149	24.5556	45.8705	51.251	1133.75	12.608							0.0	0.0	0.0	0.0	0.0
2015/07/20 13:00:00		1.71576	309.299	31.6922	31.9594	1002.33	400.837	28.2225	21.7259	27.26	48.9859	51.18	1121.88	12.1294							0.0	0.0	0.0	0.0	0.0
2015/07/20 13:05:00		0.96606	312.807	31.7526	31.8625	1002.3	376.09	28.2348	21.1474	25.6374	46.7848	50.984	1120.83	12.533							0.0	0.0	0.0	0.0	0.0
2015/07/20 13:10:00		1.21387	294.195	31.875	31.3698	1002.17	351.356	28.2367	21.2792	24.9219	46.201	50.975	1114.79	12.0222							0.0	0.0	0.0	0.0	0.0
2015/07/20 13:15:00		1.40718	288.088	31.8875	30.9677	1002.13	354.732	28.2405	22.8671	28.8655	51.733	50.622	1111.88	12.5651							0.0	0.0	0.0	0.0	0.0
2015/07/20 13:20:00		0.94606	296.481	31.8813	30.7266	1002.13	329.685	28.2552	20.6628	27.0923	47.7551	50.612	1106.46	12.2151							0.0	0.0	0.0	0.0	0.0
2015/07/20 13:25:00		1.01038	256.407	31.8828	30.4844	1002.12	358.444	28.2606	20.9196	25.8564	46.7761	50.932	1107.71	11.8186							0.0	0.0	0.0	0.0	0.0
2015/07/20 13:30:00		1.5713	282.804	31.8833	30.463	1002.04	444.099	28.2662	20.7879	25.8804	46.6683	50.612	1103.54	12.1115							0.0	0.0	0.0	0.0	0.0
2015/07/20 13:35:00		1.22458	279.864	31.8807	22.8609	1001.98	410.718	28.2582	20.9531	23.8059	44.759	50.512	1099.79	11.7436							0.0	0.0	0.0	0.0	0.0
2015/07/20 13:40:00		0.77522	303.061	31.9349	19.1729	1001.9	415.472	28.2469	20.7834	23.4806	44.264	51.018	1087.5	12.433							0.0	0.0	0.0	0.0	0.0
2015/07/20 13:45:00		1.37797	309.415	32.0656	18.2516	1001.77	419.016	28.2447	20.7209	24.114	44.8348	50.346	1090.83	12.508							0.0	0.0	0.0	0.0	0.0
2015/07/20 13:50:00		1.9348	279.743	32.0927	16.9188	1001.71	477.313	28.2265	20.4171	22.8576	43.2747	50.789	1082.08	12.0329							0.0	0.0	0.0	0.0	0.0
2015/07/20 13:55:00		0.98225	273.549	32.0943	16.299	1001.73	643.41	28.2107	19.7203	20.184	39.9043	50.436	1080.83	11.7008							0.0	0.0	0.0	0.0	0.0
2015/07/20 14:00:00		0.342972	142.342	32.2318	16.4151	1001.76	544.8	28.226	19.736	19.7526	39.4886	50.999	1071.88	12.0579							0.0	0.0	0.0	0.0	0.0
2015/07/20 14:05:00		0.57328	302.239	32.575	14.9411	1001.76	469.78	28.2359	22.9363	27.2737	50.21	51.041	1074.38	12.308							0.0	0.0	0.0	0.0	0.0
2015/07/20 14:10:00		1.1401	281.744	32.6906	12.6917	1001.76	465.019	28.2541	21.8107	32.1896	54.0	51.122	1085.63	12.258							0.0	0.0	0.0	0.0	0.0
2015/07/20 14:15:00		0.6367	163.206	32.7021	12.7677	1001.71	452.127	28.2638	19.2536	25.7298	44.9833	51.137	1076.87	12.608							0.0	0.0	0.0	0.0	0.0
2015/07/20 14:20:00		0.84233	163.767	32.9005	12.5005	1001.65	376.228	28.2888	23.2088	39.2964	62.505	50.77	1082.29	12.1829							0.0	0.0	0.0	0.0	0.0
2015/07/20 14:25:00		1.40639	179.578	33.1656	11.4	1001.57	345.268	28.3325	27.566	47.5296	75.096	51.337	1104.79	13.083							0.0	0.0	0.0	0.0	0.0
2015/07/20 14:30:00		0.6429	126.564	33.2917	9.5573	1001.47	376.403	28.3704	24.9486	48.5737	73.522	50.703	1118.54	12.9151							0.0	0.0	0.0	0.0	0.0
2015/07/20 14:35:00		1.54467	153.734	33.3724	8.8432	1001.42	342.876	28.3988	21.5182	44.4999	66.018	50.698	1130.21	12.6223							0.0	0.0	0.0	0.0	0.0
2015/07/20 14:40:00		1.6022	147.084	33.5089	8.1177	1001.42	326.535	28.4501	23.1932	47.711	70.904	50.784	1151.46	12.4508							0.0	0.0	0.0	0.0	0.0
2015/07/20 14:45:00		1.38511	216.416	33.5745	6.9182	1001.39	304.201	28.4786	32.9417	55.821	88.763	50.779	1171.04	12.3937							0.0	0.0	0.0	0.0	0.0
2015/07/20 14:50:00		1.64487	168.692	33.4979	7.4151	1001.34	326.346	28.5183	30.2818	57.988	88.27	51.361	1178.75	12.4365							0.0	0.0	0.0	0.0	0.0
2015/07/20 14:55:00		2.05391	169.044	33.5464	6.9521	1001.34	331.224	28.5366	22.9185	54.599	77.517	51.413	1197.71	13.283							0.0	0.0	0.0	0.0	0.0
2015/07/20 15:00:00		1.15357	164.84	33.6042	6.2776	1001.23	327.607	28.5873	21.5896	57.252	78.841	51.428	1203.13	13.0616							0.0	0.0	0.0	0.0	0.0
2015/07/20 15:05:00		0.96583	159.23	33.6042	5.6771	1001.09	342.227	28.6032	28.3164	62.383	90.7	51.923	1221.25	13.483							0.0	0.0	0.0	0.0	0.0
2015/07/20 15:10:00		1.62159	177.734	33.6057	5.9682	1001.12	344.378	28.6206	26.2082	68.008	94.216	52.185	1240.42	13.2223							0.0	0.0	0.0	0.0	0.0
2015/07/20 15:15:00		1.66319	136.665	33.6073	6.3365	1001.12	337.648	28.6558	23.7984	67.145	90.944	51.981	1257.5	13.208							0.0	0.0	0.0	0.0	0.0
2015/07/20 15:20:00		1.76245	144.577	33.6948	6.4391	1001.05	356.737	28.6834	22.0318	63.277	85.309	51.995	1285.0	13.483							0.0	0.0	0.0	0.0	0.0
2015/07/20 15:25:00		1.78005	179.279	33.801	5.3182	1000.94	386.028	28.7038	26.1166	66.505	92.622	52.128	1310.83	13.108							0.0	0.0	0.0	0.0	0.0
2015/07/20 15:30:00		1.39179	148.313	33.8031	5.5089	1000.98	296.691	28.7307	22.4182	64.201	86.619	52.586	1320.0	13.3437							0.0	0.0	0.0	0.0	0.0
2015/07/20 15:35:00		1.0184	160.047	33.7984	4.84635	1001.05	277.885	28.7443	20.9844	60.275	81.259	52.757	1343.96	13.308							0.0	0.0	0.0	0.0	0.0
2015/07/20 15:40:00		1.7379	123.978	33.8536	3.89844	1001.04	236.199	28.746	25.2411	69.097	94.338	52.328	1365.21	12.908							0.0	0.0	0.0	0.0	0.0
2015/07/20 15:45:00		1.40225	158.587	33.8021	4.04948	1001.05	223.577	28.747	23.0234	71.733	94.756	52.419	1392.5	12.9544							0.0	0.0	0.0	0.0	0.0
2015/07/20 15:50:00		1.63841	151.04	33.8005	3.4401	1001.01	209.329	28.7392	21.8465	70.49	92.336	52.247	1415.83	12.758							0.0	0.0	0.0	0.0	0.0
2015/07/20 15:55:00		1.88933	163.027	33.8031	2.76563	1000.98	223.599	28.743	23.5594	71.88	95.439	52.486	1440.83	13.7152							0.0	0.0	0.0	0.0	0.0
2015/07/20 16:00:00		1.3798	155.901	33.8026	2.8276	1000.94	222.461	28.7245	23.8453	72.989	96.834	52.552	1463.13	13.5545							0.0	0.0	0.0	0.0	0.0
2015/07/20 16:05:00		1.57727	137.205	33.8672	2.92708	1000.91	187.797	28.6915	22.3155	68.432	90.748	52.962	1489.17	12.7187							0.0	0.0	0.0	0.0	0.0
2015/07/20 16:10:00		1.48416	157.47	33.8885	3.16771	1000.94	156.946	28.6689	25.9759	69.805	95.781	52.848	1512.29	13.308							0.0	0.0	0.0	0.0	0.0
2015/07/20 16:15:00		2.08706	165.472	33.8036	3.70937	1000.89	170.559	28.6687	29.8485	72.486	102.334	52.61	1536.67	13.208							0.0	0.0	0.0	0.0	0.0
2015/07/20 16:20:00		2.45864	148.237	33.7984	4.52031	1000.83	177.071	28.6875	34.3531	72.15	106.503	52.452	1559.79	13.8473							0.0	0.0	0.0	0.0	0.0
2015/07/20 16:25:00		2.50476	156.739	33.6844	5.5917	1000.8	178.332	28.6936	29.5023	69.716	99.219	52.748	1565.63	13.8438							0.0	0.0	0.0	0.0	0.0
2015/07/20 16:30:00		2.58245	158.08	33.6031	6.0177	1000.88	167.985	28.7078	25.4801	63.431	88.911	52.948	1587.08	14.1081							0.0	0.0	0.0	0.0	0.0
2015/07/20 16:35:00		3.21855	165.798	33.5203	6.3026	1001.0	159.593	28.7159	29.3214	62.654	91.975	53.005	1592.5	14.3581							0.0	0.0	0.0	0.0	0.0
2015/07/20 16:40:00		3.00459	171.078	33.2995	7.1552	1001.03	155.706	28.7189	29.6408	60.572	90.213	53.024	1611.25	13.8331							0.0	0.0	0.0	0.0	0.0
2015/07/20 16:45:00		3.81253	181.992	33.1443	7.7042	1000.94	168.408	28.7025	25.929	56.499	82.428	53.549	1618.75	13.3009							0.0	0.0	0.0	0.0	0.0
2015/07/20 16:50:00		2.48269	178.579	32.9609	8.3505	1000.89	186.134	28.6797	26.0496	55.311	81.36	53.287	1621.25	12.9187							0.0	0.0	0.0	0.0	0.0
2015/07/20 16:55:00		2.79815	165.413	32.8927	9.6911	1000.88	176.859	28.6499	20.8995	45.7426	66.642	52.977	1621.04	12.908							0.0	0.0	0.0	0.0	0.0
2015/07/20 17:00:00		3.16232	183.713	32.8594	9.5125	1000.78	172.171	28.623	28.2606	48.0191	76.28	52.567	1636.67	14.0152							0.0	0.0	0.0	0.0	0.0
2015/07/20 17:05:00		2.91484	167.256	32.7573	9.2083	1000.77	162.48	28.605	20.5042	46.1842	66.688	52.629	1636.88	13.5188							0.0	0.0	0.0	0.0	0.0
2015/07/20 17:10:00		3.15111	169.744	32.6932	8.3042	1000.8	154.503	28.5731	22.5567	44.743	67.3	52.405	1647.92	13.158							0.0	0.0	0.0	0.0	0.0
2015/07/20 17:15:00		3.12234	166.739	32.5932	8.0521	1000.89	141.298	28.5315	34.2526	48.7311	82.984	51.942	1665.83	13.283							0.0	0.0	0.0	0.0	0.0
2015/07/20 17:20:00		2.65632	177.042	32.5958	7.6078	1000.96	128.829	28.5049	50.907	52.997	103.903	51.847	1670.42	13.433							0.0	0.0	0.0	0.0	0.0
2015/07/20 17:25:00		3.28983	189.497	32.5943	7.2068	1001.1	122.238	28.4837	45.6538	53.894	99.547	52.066	1688.13	12.733							0.0	0.0	0.0	0.0	0.0
2015/07/20 17:30:00		2.44671	179.041	32.4807	6.3547	1001.27	113.094	28.4772	35.7981	52.709	88.507	52.672	1694.17	12.9794							0.0	0.0	0.0	0.0	0.0
2015/07/20 17:35:00		2.58705	167.586	32.3807	7.5125	1001.35	101.916	28.4531	26.1412	45.6707	71.812	52.238	1693.75	12.4723							0.0	0.0	0.0	0.0	0.0
2015/07/20 17:40:00		3.12706	181.371	32.3807	7.0589	1001.37	92.684	28.4249	33.6988	49.0906	82.789	52.181	1708.13	12.733							0.0	0.0	0.0	0.0	0.0
2015/07/20 17:45:00		3.12492	180.033	32.2927	6.1594	1001.51	81.565	28.408	30.7999	51.155	81.955	51.914	1722.29	12.9901							0.0	0.0	0.0	0.0	0.0
2015/07/20 17:50:00		2.65604	170.96	32.2	6.5417	1001.68	68.739	28.463	25.5672	50.011	75.579	52.047	1727.29	12.983							0.0	0.0	0.0	0.0	0.0
2015/07/20 17:55:00		3.16451	172.239	32.1448	7.575	1001.68	62.249	28.5086	24.3121	51.531	75.843	52.123	1738.54	12.9723							0.0	0.0	0.0	0.0	0.0
2015/07/20 18:00:00		2.81263	169.291	32.0505	8.7807	1001.6	57.269	28.3881	30.0629	52.654	82.717	52.772	1758.75	13.0616							0.0	0.0	0.0	0.0	0.0
2015/07/20 18:05:00		3.12613	184.465	31.912	10.4016	1001.62	50.407	28.2101	27.9747	48.4949	76.47	52.114	1768.54	11.9794							0.0	0.0	0.0	0.0	0.0
2015/07/20 18:10:00		2.91671	170.107	31.7276	12.1703	1001.62	43.1594	28.0573	23.8475	43.045	66.893	52.262	1777.5	11.9258							0.0	0.0	0.0	0.0	0.0
2015/07/20 18:15:00		3.55186	168.889	31.613	13.4604	1001.67	35.3063	27.8998	33.3839	45.4413	78.825	51.647	1791.88	11.5115							0.0	0.0	0.0	0.0	0.0
2015/07/20 18:20:00		3.09344	169.946	31.4896	14.6719	1001.66	27.8833	27.765	29.375	43.603	72.978	51.289	1805.63	11.6115							0.0	0.0	0.0	0.0	0.0
2015/07/20 18:25:00		2.481	177.179	31.4385	15.1849	1001.67	21.5469	27.6678	36.4212	44.4177	80.839	50.999	1822.29	11.5043							0.0	0.0	0.0	0.0	0.0
2015/07/20 18:30:00		2.00663	168.051	31.3771	15.8802	1001.76	16.0635	27.5537	28.7363	42.6992	71.436	51.018	1827.08	11.5722							0.0	0.0	0.0	0.0	0.0
2015/07/20 18:35:00		1.88319	166.683	31.3193	16.5464	1001.83	11.2437	27.4702	31.6106	41.0766	72.687	49.9356	1844.79	11.8401							0.0	0.0	0.0	0.0	0.0
2015/07/20 18:40:00		2.11749	175.25	31.2792	17.0661	1001.88	6.8104	27.4136	36.5976	40.6795	77.277	49.7306	1865.0	12.408							0.0	0.0	0.0	0.0	0.0
2015/07/20 18:45:00		2.04992	162.575	31.2594	17.6734	1002.02	4.05417	27.3811	45.6382	41.7099	87.348	49.3731	1879.58	11.9865							0.0	0.0	0.0	0.0	0.0
2015/07/20 18:50:00		2.61082	161.894	31.1807	18.9703	1002.17	1.39271	27.3335	39.3424	41.234	80.576	49.5352	1886.04	12.0008							0.0	0.0	0.0	0.0	0.0
2015/07/20 18:55:00		2.72957	160.064	31.0958	20.4875	1002.31	1.18125	27.2739	38.6478	38.468	77.116	49.1586	1893.13	11.9151							0.0	0.0	0.0	0.0	0.0
2015/07/20 19:00:00		2.9151	164.527	31.0552	21.6526	1002.37	1.15937	27.2425	36.0974	39.2691	75.366	49.2826	1911.88	11.4401							0.0	0.0	0.0	0.0	0.0
2015/07/20 19:05:00		2.32069	159.038	30.9781	22.9792	1002.41	1.18125	27.1701	34.4648	37.9853	72.45	48.558	1913.75	12.1294							0.0	0.0	0.0	0.0	0.0
2015/07/20 19:10:00		2.64326	155.987	30.9276	24.1245	1002.46	1.18125	27.3674	36.7607	37.2596	74.02	48.4913	1911.25	11.4793							0.0	0.0	0.0	0.0	0.0
2015/07/20 19:15:00		2.06179	158.419	30.8729	25.1677	1002.46	1.225	27.5682	33.6809	38.4851	72.166	48.7344	1907.92	17.0583							0.0	0.0	0.0	0.0	0.0
2015/07/20 19:20:00		2.55136	165.7	30.7844	25.9854	1002.5	1.21042	27.5687	35.6619	39.5429	75.205	49.3922	1913.54	15.0224							0.0	0.0	0.0	0.0	0.0
2015/07/20 19:25:00		2.10649	163.063	30.7005	26.5021	1002.58	1.1375	27.4839	39.9342	40.0941	80.028	48.8869	1916.88	14.5974							0.0	0.0	0.0	0.0	0.0
2015/07/20 19:30:00		1.65365	163.626	30.6156	27.4182	1002.59	1.19583	27.3749	39.3737	39.026	78.4	49.1205	1938.75	13.2652							0.0	0.0	0.0	0.0	0.0
2015/07/20 19:35:00		1.35261	160.156	30.6172	27.9229	1002.67	1.15937	27.4809	35.9455	38.2249	74.17	49.1825	1946.67	12.208							0.0	0.0	0.0	0.0	0.0
2015/07/20 19:40:00		2.32858	163.303	30.6151	28.0771	1002.74	1.21042	27.6302	41.1291	41.6996	82.829	49.7592	1949.38	17.4262							0.0	0.0	0.0	0.0	0.0
2015/07/20 19:45:00		2.49263	162.339	30.5792	27.7719	1002.81	1.18125	27.5897	36.9661	41.4771	78.443	49.5543	1962.29	15.0974							0.0	0.0	0.0	0.0	0.0
2015/07/20 19:50:00		2.42841	161.167	30.5042	27.9458	1002.82	1.11563	27.474	32.1243	40.4227	72.547	50.021	1968.33	13.9438							0.0	0.0	0.0	0.0	0.0
2015/07/20 19:55:00		2.27568	156.97	30.474	28.2552	1002.87	1.21042	27.4407	41.6673	39.43	81.097	50.193	1968.75	12.3758							0.0	0.0	0.0	0.0	0.0
2015/07/20 20:00:00		2.26309	158.703	30.4042	28.7828	1003.02	1.17396	27.6235	30.8624	39.5395	70.402	50.341	1966.46	15.6868							0.0	0.0	0.0	0.0	0.0
2015/07/20 20:05:00		2.38585	157.022	30.3458	29.7578	1003.1	1.19583	27.6785	28.7609	39.1698	67.931	50.255	1959.38	15.7368							0.0	0.0	0.0	0.0	0.0
2015/07/20 20:10:00		2.2422	153.179	30.312	31.275	1003.22	1.13021	27.5779	28.6425	37.8723	66.515	50.827	1968.33	15.5225							0.0	0.0	0.0	0.0	0.0
2015/07/20 20:15:00		2.56268	158.484	30.313	32.7255	1003.29	1.18125	27.4726	29.7882	36.3832	66.171	50.579	1960.0	13.1687							0.0	0.0	0.0	0.0	0.0
2015/07/20 20:20:00		2.48779	162.892	30.3094	33.9188	1003.41	1.18854	27.5709	32.0349	35.4349	67.47	50.512	1960.21	12.6187							0.0	0.0	0.0	0.0	0.0
2015/07/20 20:25:00		1.94385	173.439	30.2135	35.5359	1003.47	1.20313	27.6971	30.4939	37.7217	68.216	51.037	1950.42	18.2512							0.0	0.0	0.0	0.0	0.0
2015/07/20 20:30:00		2.08525	160.593	30.1734	37.0453	1003.47	1.19583	27.6178	27.1618	33.3809	60.543	50.641	1946.67	15.5439							0.0	0.0	0.0	0.0	0.0
2015/07/20 20:35:00		2.73356	160.317	30.1156	37.888	1003.58	1.19583	27.5201	28.7988	29.6255	58.424	51.165	1950.83	14.4117							0.0	0.0	0.0	0.0	0.0
2015/07/20 20:40:00		2.63534	156.052	30.099	38.2	1003.57	1.18854	27.5029	31.5816	27.438	59.02	50.76	1951.25	12.333							0.0	0.0	0.0	0.0	0.0
2015/07/20 20:45:00		2.48475	168.47	30.0063	38.4724	1003.52	1.17396	27.6887	31.9836	29.8172	61.801	51.461	1941.88	16.8511							0.0	0.0	0.0	0.0	0.0
2015/07/20 20:50:00		2.77232	164.688	29.9167	38.7646	1003.49	1.14479	27.7054	34.4603	29.7967	64.257	51.294	1933.75	17.6262							0.0	0.0	0.0	0.0	0.0
2015/07/20 20:55:00		1.87378	167.522	29.8776	39.0469	1003.44	1.1375	27.5988	34.9405	28.3726	63.313	51.461	1931.25	14.7581							0.0	0.0	0.0	0.0	0.0
2015/07/20 21:00:00		2.34877	161.997	29.8073	39.176	1003.43	1.15208	27.474	36.946	23.8127	60.759	51.013	1925.83	12.8151							0.0	0.0	0.0	0.0	0.0
2015/07/20 21:05:00		2.69817	159.116	29.7391	39.3078	1003.53	1.15208	27.6031	40.5998	25.3806	65.98	50.965	1928.54	11.8936							0.0	0.0	0.0	0.0	0.0
2015/07/20 21:10:00		2.13771	144.877	29.712	39.5286	1003.74	1.18854	27.7346	38.563	26.4281	64.991	51.351	1924.58	18.7834							0.0	0.0	0.0	0.0	0.0
2015/07/20 21:15:00		2.54507	152.693	29.713	39.3625	1003.85	1.04271	27.682	41.0844	25.7229	66.807	51.68	1921.88	15.3046							0.0	0.0	0.0	0.0	0.0
2015/07/20 21:20:00		1.79584	154.275	29.6141	39.3052	1003.89	1.15937	27.5856	37.9577	24.7199	62.678	52.071	1917.5	14.0581							0.0	0.0	0.0	0.0	0.0
2015/07/20 21:25:00		2.0128	144.909	29.6172	39.2203	1003.98	1.16667	27.6001	38.4535	22.6248	61.078	51.389	1915.63	11.4115							0.0	0.0	0.0	0.0	0.0
2015/07/20 21:30:00		1.93254	151.811	29.6135	38.9557	1004.12	1.19583	27.7706	42.4378	24.3228	66.761	51.661	1905.83	17.6333							0.0	0.0	0.0	0.0	0.0
2015/07/20 21:35:00		1.83536	161.183	29.612	38.8552	1004.19	1.15937	27.7513	42.708	24.4494	67.157	51.351	1900.83	16.6868							0.0	0.0	0.0	0.0	0.0
2015/07/20 21:40:00		1.69785	159.715	29.6187	38.6578	1004.28	1.18854	27.6103	38.6277	22.8679	61.496	51.733	1900.63	14.3688							0.0	0.0	0.0	0.0	0.0
2015/07/20 21:45:00		2.22519	165.41	29.6156	38.662	1004.3	1.14479	27.4885	41.2229	22.3989	63.622	51.613	1904.58	12.5616							0.0	0.0	0.0	0.0	0.0
2015/07/20 21:50:00		1.82412	156.007	29.6099	38.5896	1004.33	1.225	27.6348	52.827	23.0288	75.856	51.942	1900.83	10.9757							0.0	0.0	0.0	0.0	0.0
2015/07/20 21:55:00		2.63953	157.453	29.5458	38.3927	1004.45	1.1375	27.7798	47.1658	25.182	72.348	51.785	1893.13	18.5762							0.0	0.0	0.0	0.0	0.0
2015/07/20 22:00:00		2.00832	142.682	29.4969	38.451	1004.47	1.10833	27.7325	39.5099	26.5069	66.017	52.386	1888.13	16.0439							0.0	0.0	0.0	0.0	0.0
2015/07/20 22:05:00		2.40926	140.056	29.4979	38.6328	1004.45	1.19583	27.591	37.5848	22.6248	60.21	51.571	1886.25	13.5545							0.0	0.0	0.0	0.0	0.0
2015/07/20 22:10:00		2.52488	140.456	29.5005	38.712	1004.51	1.14479	27.5706	40.3027	22.5803	62.883	51.604	1877.92	11.0686							0.0	0.0	0.0	0.0	0.0
2015/07/20 22:15:00		2.141	133.415	29.4	38.6401	1004.61	1.14479	27.7559	44.1262	21.4746	65.601	51.671	1872.92	15.8868							0.0	0.0	0.0	0.0	0.0
2015/07/20 22:20:00		2.20589	144.101	29.3885	38.4552	1004.58	1.15937	27.7626	39.2464	23.9291	63.175	51.432	1864.38	17.5083							0.0	0.0	0.0	0.0	0.0
2015/07/20 22:25:00		2.01245	143.557	29.3057	38.5677	1004.55	1.21771	27.6385	36.1577	23.556	59.714	52.062	1845.83	13.8938							0.0	0.0	0.0	0.0	0.0
2015/07/20 22:30:00		2.70966	144.331	29.3047	38.8646	1004.59	1.10833	27.584	39.5367	22.1455	61.682	52.753	1842.71	12.4365							0.0	0.0	0.0	0.0	0.0
2015/07/20 22:35:00		2.64113	140.285	29.3052	38.8609	1004.58	1.18854	27.7521	39.0856	21.1699	60.255	51.642	1843.13	14.5653							0.0	0.0	0.0	0.0	0.0
2015/07/20 22:40:00		2.18779	142.648	29.3078	38.8719	1004.55	1.17396	27.7714	38.1029	23.0562	61.159	51.695	1828.54	18.5369							0.0	0.0	0.0	0.0	0.0
2015/07/20 22:45:00		2.30811	146.787	29.2354	38.6646	1004.51	1.11563	27.6544	38.9337	21.6355	60.569	51.828	1826.25	14.1616							0.0	0.0	0.0	0.0	0.0
2015/07/20 22:50:00		1.7311	141.291	29.2047	38.7083	1004.51	1.1375	27.5658	39.5836	21.2486	60.832	52.209	1823.13	11.9401							0.0	0.0	0.0	0.0	0.0
2015/07/20 22:55:00		1.37815	168.7	29.2047	38.7828	1004.45	1.14479	27.7218	43.713	22.1729	65.886	51.58	1817.08	12.3472							0.0	0.0	0.0	0.0	0.0
2015/07/20 23:00:00		1.26309	161.977	29.2042	39.0057	1004.39	1.15208	27.7897	37.4217	21.7484	59.17	51.618	1815.21	19.8942							0.0	0.0	0.0	0.0	0.0
2015/07/20 23:05:00		1.45964	165.253	29.2052	39.0781	1004.34	1.18125	27.6895	39.1637	21.0364	60.2	51.394	1802.5	14.1366							0.0	0.0	0.0	0.0	0.0
2015/07/20 23:10:00		1.92778	163.18	29.2073	39.1078	1004.28	1.1375	27.5467	45.4863	20.5742	66.061	51.599	1806.04	11.9151							0.0	0.0	0.0	0.0	0.0
2015/07/20 23:15:00		2.03565	165.958	29.187	39.1646	1004.2	1.13021	27.6538	41.4105	19.5507	60.961	51.275	1806.67	10.7579							0.0	0.0	0.0	0.0	0.0
2015/07/20 23:20:00		1.70162	170.566	29.0995	39.276	1004.22	1.12292	27.7585	41.0464	20.718	61.764	51.99	1802.29	19.687							0.0	0.0	0.0	0.0	0.0
2015/07/20 23:25:00		1.48181	157.108	29.0995	39.363	1004.28	1.1375	27.6742	38.1342	20.9029	59.037	51.323	1786.67	15.501							0.0	0.0	0.0	0.0	0.0
2015/07/20 23:30:00		1.53345	154.923	29.0333	39.5552	1004.31	1.12292	27.5392	37.3257	19.0372	56.363	51.442	1780.83	13.233							0.0	0.0	0.0	0.0	0.0
2015/07/20 23:35:00		1.52808	139.242	28.9948	39.8391	1004.33	1.20313	27.6219	33.9645	18.599	52.564	51.032	1774.79	10.3293							0.0	0.0	0.0	0.0	0.0
2015/07/20 23:40:00		1.49735	140.08	28.9953	40.0401	1004.25	1.16667	27.7491	35.0745	19.4959	54.57	51.618	1767.29	18.3584							0.0	0.0	0.0	0.0	0.0
2015/07/20 23:45:00		1.58961	152.834	28.9536	40.2255	1004.2	1.13021	27.6764	33.9109	19.5472	53.458	51.604	1751.88	15.3796							0.0	0.0	0.0	0.0	0.0
2015/07/20 23:50:00		1.62177	139.468	28.9005	40.362	1004.17	1.18125	27.5805	35.9857	17.5172	53.503	51.675	1747.92	13.133							0.0	0.0	0.0	0.0	0.0
2015/07/20 23:55:00		1.40345	135.128	28.9052	40.4984	1004.17	1.21042	27.5086	35.5792	17.5583	53.138	51.599	1735.83	12.258							0.0	0.0	0.0	0.0	0.0
2015/07/21 00:00:00		1.27132	147.883	28.9026	40.7453	1004.2	1.15208	27.2471	35.1348	15.2749	50.41	51.504	1718.33	10.2078							0.0	0.0	0.0	0.0	0.0
