-- 1st mean values --
Format: XTAB(V:1;HEAD:2;COL:TCFFFFFFFFFFFFFFFFFFFFFFFF)
StartTime: 2015/07/30 00:00:00
EndTime: 2015/07/31 00:00:00
Period: 24 h
Station: Gia Lam

Time	MeasPt	Wind Spd.	Wind Dir.	Temp	RH	Barometer	Radiation	InnerTemp	NO	NO2	NOx	SO2	CO	O3	PM-10	PM-2.5	PM-1	CH4	NMHC	THC	BENZEN	TOLUEN	ETHYL BENZEN	MP-XYLEN	O-XYLEN
		m/s	degree	°C	%	hPa	W/m²	°C	µg/m3	µg/m3	µg/m3	µg/m3	µg/m3	µg/m3	µg/m3	µg/m3	µg/m3	ppm	ppmC	ppmC	ug/m3	ug/m3	ug/m3	ug/m3	ug/m3
2015/07/30 00:05:00		2.1907	164.926	24.8292	56.804	1006.48	1.20313	26.279	43.4741	20.362	63.836	54.326	1202.71	11.6151							0.0	0.0	0.0	0.0	0.0
2015/07/30 00:10:00		1.79209	162.681	24.8276	56.861	1006.45	1.10833	25.956	40.8209	17.8835	58.704	53.329	1209.38	9.8935							0.0	0.0	0.0	0.0	0.0
2015/07/30 00:15:00		1.38165	161.288	24.8266	56.855	1006.44	1.10104	25.6755	0.98713	0.76683	1.75396	52.004	1193.96	9.247							0.0	0.0	0.0	0.0	0.0
2015/07/30 00:20:00		1.3896	153.023	24.8286	56.86	1006.43	1.15937	25.404	0.67893	0.017117	0.69605	50.307	1190.0	8.5613							0.0	0.0	0.0	0.0	0.0
2015/07/30 00:25:00		1.58189	161.167	24.8286	56.858	1006.35	1.18854	25.1847	16.4507	0.178013	16.6287	49.4017	1179.17	9.0685							0.0	0.0	0.0	0.0	0.0
2015/07/30 00:30:00		1.82792	166.949	24.8297	56.857	1006.3	1.15208	25.0381	214.025	3.12893	217.154	47.3902	1176.46	9.4685							0.0	0.0	0.0	0.0	0.0
2015/07/30 00:35:00		2.03485	165.369	24.8302	56.858	1006.25	1.15208	24.9275	210.489	3.19054	213.68	47.0851	1160.83	9.9114							0.0	0.0	0.0	0.0	0.0
2015/07/30 00:40:00		2.36079	174.3	24.8229	56.858	1006.23	1.18125	24.8309	213.844	1.25979	215.104	46.2224	1143.13	10.4578							0.0	0.0	0.0	0.0	0.0
2015/07/30 00:45:00		1.32314	160.208	24.8281	56.857	1006.19	1.15208	24.7423	199.568	5.9155	205.484	45.6599	1142.92	9.6649							0.0	0.0	0.0	0.0	0.0
2015/07/30 00:50:00		1.95525	161.8	24.8245	56.842	1006.11	1.15208	24.6505	45.8615	15.4084	61.27	45.3119	1131.88	9.5792							0.0	0.0	0.0	0.0	0.0
2015/07/30 00:55:00		1.69691	155.752	24.8271	56.758	1006.03	1.20313	24.5562	60.351	17.4385	77.79	44.84	1122.29	9.9042							0.0	0.0	0.0	0.0	0.0
2015/07/30 01:00:00		2.05944	165.463	24.8271	56.758	1006.0	1.19583	24.481	51.646	18.8249	70.471	44.8495	1117.08	10.2292							0.0	0.0	0.0	0.0	0.0
2015/07/30 01:05:00		1.69112	165.27	24.8266	56.758	1006.01	1.18854	24.4088	48.0859	17.1235	65.209	44.7209	1101.88	9.8542							0.0	0.0	0.0	0.0	0.0
2015/07/30 01:10:00		1.76399	151.357	24.8245	56.757	1006.01	1.1375	24.332	53.415	16.2916	69.706	43.7008	1087.5	10.4293							0.0	0.0	0.0	0.0	0.0
2015/07/30 01:15:00		1.76273	146.297	24.824	56.759	1005.99	1.17396	24.2641	46.0402	17.4316	63.472	43.7866	1077.71	10.6257							0.0	0.0	0.0	0.0	0.0
2015/07/30 01:20:00		1.337	152.514	24.8208	56.76	1005.9	1.10104	24.2026	43.8537	16.4252	60.279	43.615	1067.92	10.0007							0.0	0.0	0.0	0.0	0.0
2015/07/30 01:25:00		1.40842	158.218	24.8255	56.758	1005.84	1.14479	24.1318	41.741	15.7199	57.461	43.472	1060.83	10.465							0.0	0.0	0.0	0.0	0.0
2015/07/30 01:30:00		1.51242	145.252	24.8255	56.758	1005.77	1.16667	24.0536	43.5053	16.2643	59.77	42.9429	1062.29	10.6257							0.0	0.0	0.0	0.0	0.0
2015/07/30 01:35:00		0.80389	159.602	24.8271	56.759	1005.7	1.11563	23.9983	47.0854	15.5111	62.596	42.3137	1048.13	10.0257							0.0	0.0	0.0	0.0	0.0
2015/07/30 01:40:00		1.24295	140.981	24.8411	56.76	1005.6	1.16667	23.9578	50.656	15.3776	66.034	42.5282	1039.38	7.0005							0.0	0.0	0.0	0.0	0.0
2015/07/30 01:45:00		1.33504	145.463	24.9214	56.756	1005.54	1.15937	24.1326	47.1233	14.8059	61.929	42.347	1032.5	0.303592							0.0	0.0	0.0	0.0	0.0
2015/07/30 01:50:00		1.34383	138.315	24.9203	56.76	1005.49	1.18854	24.4021	42.9314	14.7409	57.672	42.1516	1022.5	0.0							0.0	0.0	0.0	0.0	0.0
2015/07/30 01:55:00		1.30787	138.335	24.876	56.758	1005.44	1.1375	24.6392	41.5355	15.8329	57.368	42.3375	1023.96	35.0345							0.0	0.0	0.0	0.0	0.0
2015/07/30 02:00:00		1.2262	138.566	24.8266	56.758	1005.42	1.12292	24.6642	37.8684	16.254	54.122	42.962	1010.42	36.8203							0.0	0.0	0.0	0.0	0.0
2015/07/30 02:05:00		0.73141	155.785	24.8219	56.754	1005.36	1.15937	24.5809	40.2313	14.9155	55.147	43.8295	997.92	21.3121							0.0	0.0	0.0	0.0	0.0
2015/07/30 02:10:00		1.06963	153.74	24.8271	56.755	1005.33	1.19583	24.4593	46.6677	14.0904	60.758	43.2146	998.13	15.2653							0.0	0.0	0.0	0.0	0.0
2015/07/30 02:15:00		1.42807	145.461	24.8266	56.781	1005.31	1.14479	24.284	46.7124	15.583	62.295	43.7485	995.83	11.4258							0.0	0.0	0.0	0.0	0.0
2015/07/30 02:20:00		1.37523	140.727	24.8255	56.855	1005.24	1.17396	24.2024	45.9508	14.6347	60.586	43.3957	996.88	4.31457							0.0	0.0	0.0	0.0	0.0
2015/07/30 02:25:00		1.62298	142.264	24.8203	56.854	1005.17	1.16667	24.3626	46.5159	14.2616	60.777	43.2384	987.29	0.0							0.0	0.0	0.0	0.0	0.0
2015/07/30 02:30:00		1.2419	143.507	24.8255	56.85	1005.17	1.08646	24.5968	44.7538	15.6412	60.395	42.5854	978.54	0.160725							0.0	0.0	0.0	0.0	0.0
2015/07/30 02:35:00		1.45939	134.312	24.8229	56.872	1005.18	1.18854	24.7407	38.6568	15.3537	54.01	43.043	967.29	49.9391							0.0	0.0	0.0	0.0	0.0
2015/07/30 02:40:00		1.5889	135.279	24.824	56.96	1005.21	1.16667	24.724	41.5043	15.7336	57.238	43.8486	965.63	28.6734							0.0	0.0	0.0	0.0	0.0
2015/07/30 02:45:00		1.72306	150.751	24.8266	56.964	1005.19	1.1375	24.6445	36.9483	15.7576	52.706	44.0678	960.63	19.812							0.0	0.0	0.0	0.0	0.0
2015/07/30 02:50:00		1.19311	145.741	24.8245	56.964	1005.21	1.18125	24.5146	36.6959	16.0109	52.707	44.3729	958.54	13.8509							0.0	0.0	0.0	0.0	0.0
2015/07/30 02:55:00		0.82969	147.517	24.825	56.959	1005.24	1.15208	24.3479	41.8013	15.4427	57.244	43.7866	947.92	11.3293							0.0	0.0	0.0	0.0	0.0
2015/07/30 03:00:00		0.84122	129.532	24.8302	57.035	1005.26	1.15937	24.1978	44.5997	14.2958	58.896	43.9916	949.58	7.2469							0.0	0.0	0.0	0.0	0.0
2015/07/30 03:05:00		1.33403	133.534	24.8286	57.064	1005.23	1.21042	24.2802	44.0168	14.0391	58.056	43.6341	938.13	0.328593							0.0	0.0	0.0	0.0	0.0
2015/07/30 03:10:00		0.81126	117.824	24.8281	57.065	1005.2	1.18125	24.4937	43.8091	12.8409	56.65	43.5578	936.25	0.0							0.0	0.0	0.0	0.0	0.0
2015/07/30 03:15:00		0.99666	125.604	24.8266	57.065	1005.17	1.16667	24.6993	44.2312	14.0254	58.257	43.2813	925.63	33.7915							0.0	0.0	0.0	0.0	0.0
2015/07/30 03:20:00		1.10632	134.959	24.826	57.135	1005.15	1.16667	24.7337	40.8968	13.933	54.83	44.0249	923.75	36.4417							0.0	0.0	0.0	0.0	0.0
2015/07/30 03:25:00		1.03543	134.57	24.8312	57.166	1005.15	1.13021	24.6733	40.6556	13.8919	54.547	44.5016	917.08	21.4193							0.0	0.0	0.0	0.0	0.0
2015/07/30 03:30:00		1.12568	118.053	24.8281	57.167	1005.15	1.1375	24.5514	37.7322	12.6321	50.364	44.1489	913.33	15.1153							0.0	0.0	0.0	0.0	0.0
2015/07/30 03:35:00		1.18769	125.286	24.8583	57.176	1005.13	1.24688	24.3959	47.7196	13.8303	61.55	44.0773	908.13	11.8972							0.0	0.0	0.0	0.0	0.0
2015/07/30 03:40:00		1.04317	132.532	24.9245	57.262	1005.15	1.11563	24.2273	49.4929	12.6869	62.18	43.7485	908.96	10.0542							0.0	0.0	0.0	0.0	0.0
2015/07/30 03:45:00		1.2649	119.229	24.9219	57.258	1005.17	1.20313	24.2236	56.291	15.0353	71.326	43.8581	909.79	1.63225							0.0	0.0	0.0	0.0	0.0
2015/07/30 03:50:00		1.39673	124.695	24.8531	57.265	1005.14	1.17396	24.4088	47.5209	13.1833	60.704	42.9667	906.25	0.0							0.0	0.0	0.0	0.0	0.0
2015/07/30 03:55:00		1.32077	125.269	24.8333	57.259	1005.1	1.18125	24.6362	44.9615	12.5739	57.535	43.4911	890.83	13.3937							0.0	0.0	0.0	0.0	0.0
2015/07/30 04:00:00		1.30183	135.719	24.8266	57.264	1005.1	1.17396	24.7076	43.2016	13.149	56.351	43.9963	886.25	47.7675							0.0	0.0	0.0	0.0	0.0
2015/07/30 04:05:00		1.32795	138.489	24.7984	57.256	1005.1	1.21042	24.6797	45.0508	13.7995	58.85	44.3348	886.25	24.2623							0.0	0.0	0.0	0.0	0.0
2015/07/30 04:10:00		1.20354	128.265	24.7266	57.261	1005.1	1.16667	24.5968	45.187	13.9877	59.175	44.249	886.46	16.3368							0.0	0.0	0.0	0.0	0.0
2015/07/30 04:15:00		1.01356	126.307	24.7813	57.258	1005.13	1.15937	24.4432	40.3385	15.1003	55.439	44.0774	886.67	12.558							0.0	0.0	0.0	0.0	0.0
2015/07/30 04:20:00		0.63703	115.77	24.8271	57.26	1005.14	1.15937	24.2639	40.9683	13.3407	54.309	44.0678	887.08	10.1542							0.0	0.0	0.0	0.0	0.0
2015/07/30 04:25:00		0.93044	95.874	24.7516	57.257	1005.12	1.16667	24.1116	42.2189	13.1045	55.323	43.6293	887.71	6.8862							0.0	0.0	0.0	0.0	0.0
2015/07/30 04:30:00		0.87078	120.392	24.7271	57.261	1005.09	1.15208	24.2177	45.6873	13.5804	59.268	43.1002	881.88	0.057147							0.0	0.0	0.0	0.0	0.0
2015/07/30 04:35:00		1.19898	133.22	24.725	57.257	1005.07	1.07917	24.4233	42.6165	12.5636	55.18	43.3385	873.75	0.0							0.0	0.0	0.0	0.0	0.0
2015/07/30 04:40:00		1.05048	140.338	24.725	57.319	1005.03	1.18125	24.6413	42.3507	11.6222	53.973	43.3433	872.5	26.7839							0.0	0.0	0.0	0.0	0.0
2015/07/30 04:45:00		0.96222	127.731	24.7234	57.358	1005.03	1.20313	24.6768	46.2836	12.5089	58.792	43.3338	870.63	45.0209							0.0	0.0	0.0	0.0	0.0
2015/07/30 04:50:00		1.24485	145.435	24.7307	57.364	1005.02	1.17396	24.6107	49.7252	13.44	63.165	43.8438	868.75	24.1838							0.0	0.0	0.0	0.0	0.0
2015/07/30 04:55:00		0.89249	131.443	24.7276	57.359	1005.02	1.18125	24.4816	47.3936	14.3335	61.727	43.7008	878.54	16.644							0.0	0.0	0.0	0.0	0.0
2015/07/30 05:00:00		1.07378	123.134	24.7266	57.356	1005.03	1.13021	24.3036	49.1512	13.7618	62.913	43.6722	893.54	12.0579							0.0	0.0	0.0	0.0	0.0
2015/07/30 05:05:00		0.81482	115.129	24.801	57.429	1005.04	1.12292	24.1658	57.89	13.0018	70.892	44.1965	896.25	7.1791							0.0	0.0	0.0	0.0	0.0
2015/07/30 05:10:00		0.9504	126.175	24.7885	57.468	1005.05	1.15937	24.2392	60.063	12.4952	72.558	43.5673	890.83	0.125008							0.0	0.0	0.0	0.0	0.0
2015/07/30 05:15:00		0.89569	119.001	24.8172	57.465	1005.09	1.15208	24.4461	59.078	13.0634	72.142	42.7475	883.13	0.0							0.0	0.0	0.0	0.0	0.0
2015/07/30 05:20:00		0.72229	105.16	24.8229	57.47	1005.1	1.20313	24.655	59.458	12.7896	72.248	43.2146	887.5	33.4201							0.0	0.0	0.0	0.0	0.0
2015/07/30 05:25:00		0.60016	112.954	24.826	57.465	1005.11	1.15208	24.6725	76.485	13.8987	90.384	43.4291	887.08	39.5812							0.0	0.0	0.0	0.0	0.0
2015/07/30 05:30:00		1.16858	139.775	24.8271	57.469	1005.14	1.11563	24.6107	100.178	16.4354	116.614	43.8914	898.96	23.198							0.0	0.0	0.0	0.0	0.0
2015/07/30 05:35:00		1.13263	126.146	24.824	57.467	1005.17	1.13021	24.491	95.837	17.0687	112.906	43.8676	915.42	15.8903							0.0	0.0	0.0	0.0	0.0
2015/07/30 05:40:00		1.0387	124.484	24.825	57.467	1005.24	1.17396	24.3331	94.193	15.9835	110.177	43.6388	927.92	11.6258							0.0	0.0	0.0	0.0	0.0
2015/07/30 05:45:00		1.05282	127.092	24.8255	57.523	1005.31	1.19583	24.1656	87.714	16.3498	104.064	43.677	935.42	10.3578							0.0	0.0	0.0	0.0	0.0
2015/07/30 05:50:00		0.95968	126.292	24.8484	57.568	1005.4	1.11563	24.1911	95.714	14.7991	110.513	43.2051	943.54	3.81097							0.0	0.0	0.0	0.0	0.0
2015/07/30 05:55:00		1.04181	105.523	24.9214	57.567	1005.47	1.18125	24.4056	105.331	15.9664	121.297	43.105	935.0	12.3115							0.0	0.0	0.0	0.0	0.0
2015/07/30 06:00:00		0.70559	91.801	24.9125	57.57	1005.51	1.17396	24.7063	112.437	16.7367	129.174	43.3481	926.46	13.8152							0.0	0.0	0.0	0.0	0.0
2015/07/30 06:05:00		1.00259	111.762	24.8219	57.567	1005.59	1.10104	25.0005	131.635	18.5579	150.193	44.106	935.42	13.1187							0.0	0.0	0.0	0.0	0.0
2015/07/30 06:10:00		1.10475	95.209	24.8271	57.571	1005.69	1.18125	25.2644	114.201	19.2939	133.495	44.6541	938.33	12.5473							0.0	0.0	0.0	0.0	0.0
2015/07/30 06:15:00		0.94242	84.675	24.8266	57.57	1005.76	1.15208	25.5262	105.661	18.3183	123.979	45.5074	930.42	13.3652							0.0	0.0	0.0	0.0	0.0
2015/07/30 06:20:00		1.03637	91.696	24.8292	57.572	1005.78	1.16667	25.7708	119.83	18.6024	138.432	46.1795	932.29	12.6437							0.0	0.0	0.0	0.0	0.0
2015/07/30 06:25:00		0.89043	95.454	24.9026	57.571	1005.79	1.16667	26.0022	118.838	16.8154	135.653	46.9469	935.0	12.983							0.0	0.0	0.0	0.0	0.0
2015/07/30 06:30:00		0.65694	75.3	24.9271	57.573	1005.81	1.21771	26.2264	135.478	17.0379	152.516	48.1243	935.83	12.9294							0.0	0.0	0.0	0.0	0.0
2015/07/30 06:35:00		0.7801	92.803	24.9255	57.58	1005.84	1.48021	26.4489	151.081	18.3799	169.46	49.13	935.42	13.5866							0.0	0.0	0.0	0.0	0.0
2015/07/30 06:40:00		0.65568	118.742	24.926	57.621	1005.87	4.01771	26.6511	153.401	20.2798	173.681	50.388	939.58	13.1902							0.0	0.0	0.0	0.0	0.0
2015/07/30 06:45:00		0.64879	79.726	24.9292	57.672	1005.9	5.9354	26.842	185.221	20.5674	205.789	50.999	944.58	13.4437							0.0	0.0	0.0	0.0	0.0
2015/07/30 06:50:00		0.56597	93.533	24.9292	57.675	1005.9	6.599	27.0203	189.355	24.292	213.647	51.661	947.08	12.9437							0.0	0.0	0.0	0.0	0.0
2015/07/30 06:55:00		0.451821	113.599	24.9297	57.673	1005.94	9.399	27.1918	169.034	25.9112	194.945	52.834	955.21	13.3687							0.0	0.0	0.0	0.0	0.0
2015/07/30 07:00:00		0.97465	117.787	24.9781	57.67	1005.92	15.2031	27.3537	157.408	25.2642	182.672	53.811	966.88	14.0902							0.0	0.0	0.0	0.0	0.0
2015/07/30 07:05:00		0.79475	124.649	25.0203	57.674	1005.88	18.3094	27.4879	152.606	27.5065	180.112	54.502	968.33	13.7652							0.0	0.0	0.0	0.0	0.0
2015/07/30 07:10:00		0.90985	141.584	25.0219	57.718	1005.87	25.8781	27.6307	194.747	33.2474	227.994	55.184	985.21	14.0259							0.0	0.0	0.0	0.0	0.0
2015/07/30 07:15:00		0.61801	147.259	25.0234	57.77	1005.84	33.6583	27.7833	183.086	35.5582	218.645	56.604	1000.0	14.0009							0.0	0.0	0.0	0.0	0.0
2015/07/30 07:20:00		0.71023	151.602	25.0219	57.701	1005.83	39.1854	27.922	159.319	37.2322	196.551	57.152	998.33	14.4438							0.0	0.0	0.0	0.0	0.0
2015/07/30 07:25:00		0.74943	148.056	25.0224	57.674	1005.82	50.67	28.0563	155.0	39.026	194.026	57.696	1012.71	14.9939							0.0	0.0	0.0	0.0	0.0
2015/07/30 07:30:00		0.82251	148.066	25.099	57.677	1005.81	69.694	28.1846	130.485	43.4832	173.968	58.339	1024.38	14.6688							0.0	0.0	0.0	0.0	0.0
2015/07/30 07:35:00		0.9203	160.589	25.1458	57.675	1005.82	82.877	28.3016	127.921	36.8488	164.77	59.66	1033.13	14.9939							0.0	0.0	0.0	0.0	0.0
2015/07/30 07:40:00		0.89803	155.454	25.237	57.672	1005.87	78.407	28.4112	142.245	33.624	175.869	59.769	1047.5	13.8188							0.0	0.0	0.0	0.0	0.0
2015/07/30 07:45:00		1.24262	125.963	25.2391	57.706	1005.91	77.933	28.477	123.349	31.3851	154.734	60.742	1060.21	15.9404							0.0	0.0	0.0	0.0	0.0
2015/07/30 07:50:00		0.87088	138.019	25.3214	57.734	1005.96	76.417	28.1892	137.178	32.1109	169.289	60.918	1088.75	12.7616							0.0	0.0	0.0	0.0	0.0
2015/07/30 07:55:00		0.7997	126.385	25.3359	57.669	1006.0	69.213	28.1465	127.762	31.0633	158.826	60.57	1101.25	14.2867							0.0	0.0	0.0	0.0	0.0
2015/07/30 08:00:00		0.78772	141.957	25.3526	57.673	1006.02	68.76	28.2885	122.373	32.4258	154.799	60.446	1112.92	15.0689							0.0	0.0	0.0	0.0	0.0
2015/07/30 08:05:00		0.61101	158.165	25.3911	57.55	1006.05	68.44	28.434	136.765	44.1952	180.96	60.627	1124.17	15.4653							0.0	0.0	0.0	0.0	0.0
2015/07/30 08:10:00		1.0473	131.152	25.338	57.404	1006.03	70.751	28.5632	126.098	63.38	189.478	60.727	1138.33	16.0296							0.0	0.0	0.0	0.0	0.0
2015/07/30 08:15:00		1.03622	103.369	25.3547	57.329	1006.05	79.632	28.3819	116.96	71.171	188.131	61.385	1170.21	16.4404							0.0	0.0	0.0	0.0	0.0
2015/07/30 08:20:00		0.73992	103.235	25.4339	57.264	1006.09	92.721	28.0901	118.074	60.692	178.766	61.409	1196.67	11.8044							0.0	0.0	0.0	0.0	0.0
2015/07/30 08:25:00		0.74758	124.933	25.4714	57.195	1006.16	120.889	28.1234	124.421	54.708	179.13	61.123	1214.17	14.7974							0.0	0.0	0.0	0.0	0.0
2015/07/30 08:30:00		0.74508	98.494	25.587	57.171	1006.22	125.956	28.2898	146.904	49.5322	196.436	60.413	1223.54	16.1546							0.0	0.0	0.0	0.0	0.0
2015/07/30 08:35:00		0.75731	95.999	25.6208	57.099	1006.28	112.43	28.467	166.598	49.5253	216.123	60.618	1235.0	16.2475							0.0	0.0	0.0	0.0	0.0
2015/07/30 08:40:00		0.69183	66.993	25.624	56.876	1006.33	100.669	28.3632	201.775	50.354	252.129	61.566	1260.0	17.869							0.0	0.0	0.0	0.0	0.0
2015/07/30 08:45:00		0.85046	99.844	25.5427	56.616	1006.37	85.167	28.0619	131.881	46.9647	178.845	61.09	1282.08	14.1938							0.0	0.0	0.0	0.0	0.0
2015/07/30 08:50:00		0.67948	92.864	25.6203	56.521	1006.4	89.935	28.0203	110.398	41.6243	152.022	60.951	1285.42	11.7544							0.0	0.0	0.0	0.0	0.0
2015/07/30 08:55:00		0.241345	31.7562	25.6182	56.396	1006.42	99.677	28.1798	110.941	40.498	151.439	60.565	1289.79	16.8797							0.0	0.0	0.0	0.0	0.0
2015/07/30 09:00:00		0.63958	331.763	25.6187	56.203	1006.44	117.447	28.3744	96.797	40.7	137.497	60.813	1297.71	17.2047							0.0	0.0	0.0	0.0	0.0
2015/07/30 09:05:00		0.76216	320.583	25.6203	56.023	1006.48	158.623	28.4313	83.897	41.3367	125.234	61.085	1288.54	18.7298							0.0	0.0	0.0	0.0	0.0
2015/07/30 09:10:00		0.61184	5.8546	25.6245	55.863	1006.51	214.98	28.161	75.024	38.4885	113.513	61.19	1298.13	16.8797							0.0	0.0	0.0	0.0	0.0
2015/07/30 09:15:00		0.6703	329.672	25.7693	55.865	1006.54	236.418	27.9298	68.548	35.7875	104.335	61.009	1305.0	11.2043							0.0	0.0	0.0	0.0	0.0
2015/07/30 09:20:00		0.80468	316.286	25.9083	55.757	1006.53	248.566	27.9679	100.502	41.0047	141.507	60.632	1310.63	12.3758							0.0	0.0	0.0	0.0	0.0
2015/07/30 09:25:00		0.59527	335.745	26.0151	55.431	1006.55	223.686	28.1701	75.118	44.1747	119.293	60.089	1314.58	18.3191							0.0	0.0	0.0	0.0	0.0
2015/07/30 09:30:00		0.772	38.0639	26.1094	55.055	1006.54	229.002	28.3403	63.049	42.8738	105.923	60.413	1307.71	20.3764							0.0	0.0	0.0	0.0	0.0
2015/07/30 09:35:00		0.61092	35.9004	26.1469	54.558	1006.52	240.435	28.1704	53.685	48.6798	102.365	60.508	1316.46	18.5941							0.0	0.0	0.0	0.0	0.0
2015/07/30 09:40:00		0.71594	27.1457	26.3036	54.206	1006.53	203.758	27.9484	54.004	53.181	107.186	60.16	1317.71	13.3759							0.0	0.0	0.0	0.0	0.0
2015/07/30 09:45:00		0.64433	46.6172	26.3552	53.555	1006.48	176.385	27.9795	47.0027	62.397	109.4	60.275	1319.58	10.0007							0.0	0.0	0.0	0.0	0.0
2015/07/30 09:50:00		0.0	502.0	26.4391	53.192	1006.47	177.8	28.1685	37.7947	58.703	96.498	60.356	1314.79	18.3834							0.0	0.0	0.0	0.0	0.0
2015/07/30 09:55:00		0.8942	106.801	26.6089	52.914	1006.5	208.709	28.3347	66.806	71.78	138.586	60.127	1329.38	21.7229							0.0	0.0	0.0	0.0	0.0
2015/07/30 10:00:00		0.65991	33.0898	26.7474	52.305	1006.53	258.577	28.1696	129.44	89.821	219.261	60.136	1350.83	19.3191							0.0	0.0	0.0	0.0	0.0
2015/07/30 10:05:00		0.419686	27.8813	26.8453	51.55	1006.52	325.959	27.9309	110.831	92.793	203.624	60.17	1369.58	16.7797							0.0	0.0	0.0	0.0	0.0
2015/07/30 10:10:00		0.80007	126.345	26.963	51.012	1006.51	350.89	27.8359	74.129	85.121	159.25	59.707	1371.67	6.8397							0.0	0.0	0.0	0.0	0.0
2015/07/30 10:15:00		0.66481	92.152	27.1745	50.772	1006.49	290.908	27.9811	77.09	77.189	154.279	60.046	1371.67	15.1224							0.0	0.0	0.0	0.0	0.0
2015/07/30 10:20:00		0.70187	77.098	27.3516	49.9094	1006.47	244.052	28.1929	89.791	75.098	164.889	60.074	1371.67	21.6336							0.0	0.0	0.0	0.0	0.0
2015/07/30 10:25:00		0.53181	101.727	27.3953	48.6552	1006.44	238.634	28.1347	108.946	76.912	185.858	60.165	1390.21	22.9158							0.0	0.0	0.0	0.0	0.0
2015/07/30 10:30:00		0.61651	64.533	27.3943	47.9375	1006.42	248.587	27.9438	97.574	68.186	165.76	60.217	1396.46	18.0119							0.0	0.0	0.0	0.0	0.0
2015/07/30 10:35:00		0.299212	76.38	27.4839	47.7026	1006.37	324.567	27.8345	101.152	65.416	166.569	59.65	1411.46	8.4399							0.0	0.0	0.0	0.0	0.0
2015/07/30 10:40:00		0.55358	7.6118	27.5266	47.363	1006.36	364.977	27.9599	103.799	65.146	168.945	59.498	1411.46	11.2329							0.0	0.0	0.0	0.0	0.0
2015/07/30 10:45:00		0.55667	101.688	27.6266	47.1563	1006.34	340.623	28.1747	75.384	64.52	139.903	58.883	1404.79	22.1158							0.0	0.0	0.0	0.0	0.0
2015/07/30 10:50:00		0.53438	17.1	27.7823	47.113	1006.33	255.318	28.1288	75.413	71.623	147.036	59.602	1411.46	24.5445							0.0	0.0	0.0	0.0	0.0
2015/07/30 10:55:00		1.35344	91.278	27.9599	46.9349	1006.29	257.199	27.958	80.148	81.674	161.822	59.221	1423.54	17.6798							0.0	0.0	0.0	0.0	0.0
2015/07/30 11:00:00		0.87124	70.546	28.0953	46.3635	1006.28	426.191	27.7714	65.879	83.642	149.521	59.421	1447.29	12.4758							0.0	0.0	0.0	0.0	0.0
2015/07/30 11:05:00		0.93757	129.552	28.1943	45.9984	1006.28	602.28	27.8259	71.272	76.618	147.89	58.759	1447.29	6.0218							0.0	0.0	0.0	0.0	0.0
2015/07/30 11:10:00		0.69168	115.405	28.3839	45.2859	1006.27	444.493	28.0233	75.65	77.347	152.997	58.644	1444.17	16.2761							0.0	0.0	0.0	0.0	0.0
2015/07/30 11:15:00		0.53125	101.762	28.4016	43.837	1006.29	442.232	28.1494	60.289	83.231	143.52	58.568	1447.08	28.0483							0.0	0.0	0.0	0.0	0.0
2015/07/30 11:20:00		1.10899	97.681	28.4333	43.7693	1006.3	575.65	28.063	45.8258	75.132	120.958	58.997	1456.46	21.1728							0.0	0.0	0.0	0.0	0.0
2015/07/30 11:25:00		0.72996	128.007	28.662	44.1625	1006.3	914.54	27.9194	42.2368	63.862	106.099	59.173	1456.25	17.1297							0.0	0.0	0.0	0.0	0.0
2015/07/30 11:30:00		0.80283	90.618	29.0443	44.0245	1006.27	997.85	27.9448	50.956	69.182	120.138	58.811	1466.25	6.6754							0.0	0.0	0.0	0.0	0.0
2015/07/30 11:35:00		1.03681	80.887	29.4995	42.2922	1006.22	662.23	28.1672	63.139	71.647	134.785	58.001	1461.88	8.8399							0.0	0.0	0.0	0.0	0.0
2015/07/30 11:40:00		0.77734	92.145	29.6766	40.6943	1006.21	397.585	28.3696	73.678	73.81	147.488	58.425	1470.0	28.6483							0.0	0.0	0.0	0.0	0.0
2015/07/30 11:45:00		0.51455	235.435	29.7781	40.3729	1006.22	386.225	28.3951	83.247	83.451	166.698	58.568	1470.83	22.8658							0.0	0.0	0.0	0.0	0.0
2015/07/30 11:50:00		0.43818	288.709	29.788	39.6365	1006.24	262.93	28.4023	60.838	83.837	144.676	58.787	1484.38	17.494							0.0	0.0	0.0	0.0	0.0
2015/07/30 11:55:00		0.455845	77.6	29.5812	39.3604	1006.2	219.107	28.4788	43.1123	79.534	122.647	58.783	1480.0	16.3047							0.0	0.0	0.0	0.0	0.0
2015/07/30 12:00:00		0.7787	285.827	29.351	40.4297	1006.17	203.97	28.4412	35.9812	73.68	109.662	58.959	1487.08	15.7796							0.0	0.0	0.0	0.0	0.0
2015/07/30 12:05:00		0.56529	325.525	29.2943	40.7292	1006.09	226.071	28.3425	35.7065	80.845	116.552	59.073	1488.96	13.8866							0.0	0.0	0.0	0.0	0.0
2015/07/30 12:10:00		0.85655	315.85	29.1771	40.9135	1006.06	261.333	28.1757	32.8322	63.732	96.564	58.902	1492.29	12.8794							0.0	0.0	0.0	0.0	0.0
2015/07/30 12:15:00		0.61635	329.98	29.1005	41.4875	1005.99	273.656	27.979	35.2777	56.8	92.078	57.987	1492.92	11.5936							0.0	0.0	0.0	0.0	0.0
2015/07/30 12:20:00		0.35543	56.658	29.1844	41.8266	1005.9	311.259	27.7964	42.1899	65.478	107.668	57.128	1500.63	11.4686							0.0	0.0	0.0	0.0	0.0
2015/07/30 12:25:00		0.89662	61.032	29.2807	41.4552	1005.84	327.017	27.6109	57.83	76.114	133.944	56.571	1503.54	10.8186							0.0	0.0	0.0	0.0	0.0
2015/07/30 12:30:00		0.55909	46.1487	29.3047	40.9802	1005.76	340.047	27.449	44.4902	69.069	113.559	55.842	1507.08	11.0686							0.0	0.0	0.0	0.0	0.0
2015/07/30 12:35:00		1.69561	83.38	29.3307	40.9203	1005.69	307.052	27.297	35.3269	60.634	95.961	54.936	1498.96	10.5793							0.0	0.0	0.0	0.0	0.0
2015/07/30 12:40:00		1.76774	78.136	29.4536	41.2318	1005.66	274.961	27.1719	35.0254	51.908	86.933	54.316	1501.67	10.2685							0.0	0.0	0.0	0.0	0.0
2015/07/30 12:45:00		1.55726	100.65	29.5031	40.6703	1005.59	247.37	27.0981	49.8212	57.036	106.857	53.458	1498.13	11.4079							0.0	0.0	0.0	0.0	0.0
2015/07/30 12:50:00		1.68744	99.367	29.5016	40.7906	1005.52	241.967	27.0463	53.674	54.462	108.136	53.11	1496.67	11.8722							0.0	0.0	0.0	0.0	0.0
2015/07/30 12:55:00		1.56397	70.961	29.6063	40.8182	1005.47	192.405	26.9985	68.338	55.612	123.95	52.228	1503.13	11.8937							0.0	0.0	0.0	0.0	0.0
2015/07/30 13:00:00		1.14119	79.948	29.6187	40.6406	1005.39	151.324	26.9478	69.944	53.421	123.365	52.195	1515.42	12.0579							0.0	0.0	0.0	0.0	0.0
2015/07/30 13:05:00		1.49531	64.297	29.5276	40.6625	1005.32	164.908	26.8906	72.456	53.897	126.353	51.27	1526.25	11.6579							0.0	0.0	0.0	0.0	0.0
2015/07/30 13:10:00		1.14776	93.921	29.5042	40.7859	1005.27	185.143	27.0203	80.139	53.253	133.392	51.809	1533.33	3.97884							0.0	0.0	0.0	0.0	0.0
2015/07/30 13:15:00		1.09949	87.011	29.5052	40.7703	1005.21	222.6	27.2954	100.844	57.776	158.62	51.532	1519.79	1.62154							0.0	0.0	0.0	0.0	0.0
2015/07/30 13:20:00		1.63523	82.864	29.4349	40.3937	1005.1	306.308	27.6184	73.687	63.048	136.734	51.709	1519.58	6.8897							0.0	0.0	0.0	0.0	0.0
2015/07/30 13:25:00		1.43826	78.457	29.4411	40.6896	1005.03	378.489	27.933	60.651	70.651	131.301	53.015	1517.71	38.224							0.0	0.0	0.0	0.0	0.0
2015/07/30 13:30:00		2.19534	87.209	29.5536	40.599	1005.01	463.356	28.0152	63.978	74.516	138.494	53.859	1519.58	34.488							0.0	0.0	0.0	0.0	0.0
2015/07/30 13:35:00		1.64015	88.853	29.712	39.9276	1004.95	632.88	27.9543	62.542	74.225	136.767	54.34	1527.08	22.4265							0.0	0.0	0.0	0.0	0.0
2015/07/30 13:40:00		0.82611	113.518	29.901	39.3266	1004.92	624.07	27.8318	66.855	73.177	140.032	55.336	1530.63	17.394							0.0	0.0	0.0	0.0	0.0
2015/07/30 13:45:00		1.52556	63.711	30.2062	38.5875	1004.91	590.63	27.6619	77.159	74.201	151.36	55.284	1549.79	14.3652							0.0	0.0	0.0	0.0	0.0
2015/07/30 13:50:00		1.24254	87.132	30.3536	37.4391	1004.84	795.21	27.4952	64.557	74.026	138.583	54.497	1546.46	12.2151							0.0	0.0	0.0	0.0	0.0
2015/07/30 13:55:00		1.94573	88.113	30.612	37.0365	1004.79	605.77	27.3432	50.25	66.307	116.557	54.13	1550.42	12.1329							0.0	0.0	0.0	0.0	0.0
2015/07/30 14:00:00		1.1886	82.767	30.7531	36.2359	1004.78	487.47	27.2176	43.8493	60.35	104.199	53.635	1555.63	11.6186							0.0	0.0	0.0	0.0	0.0
2015/07/30 14:05:00		1.01207	92.038	30.8219	35.4109	1004.77	327.199	27.097	68.26	64.146	132.406	53.039	1560.42	11.4186							0.0	0.0	0.0	0.0	0.0
2015/07/30 14:10:00		1.12751	116.805	30.8198	36.0078	1004.74	250.133	26.9977	60.077	67.292	127.369	52.734	1558.96	10.8436							0.0	0.0	0.0	0.0	0.0
2015/07/30 14:15:00		1.28419	80.737	30.7979	35.7979	1004.7	219.144	26.9886	49.0373	64.256	113.293	52.085	1562.71	8.0684							0.0	0.0	0.0	0.0	0.0
2015/07/30 14:20:00		1.35262	78.462	30.6417	36.2432	1004.65	174.854	27.2194	47.0943	66.002	113.096	51.475	1561.46	0.77505							0.0	0.0	0.0	0.0	0.0
2015/07/30 14:25:00		1.81173	72.125	30.4526	37.1667	1004.59	165.878	27.5486	39.9655	65.701	105.666	51.842	1550.63	0.0							0.0	0.0	0.0	0.0	0.0
2015/07/30 14:30:00		2.37469	81.843	30.3276	37.7839	1004.51	195.103	27.8885	48.4343	74.974	123.409	51.99	1553.54	27.8983							0.0	0.0	0.0	0.0	0.0
2015/07/30 14:35:00		2.03639	93.503	30.2714	38.2359	1004.45	168.496	28.0203	59.134	83.519	142.653	53.239	1560.0	44.3601							0.0	0.0	0.0	0.0	0.0
2015/07/30 14:40:00		2.06573	78.643	30.3016	38.4943	1004.38	186.331	28.0117	67.116	81.236	148.352	53.511	1572.29	26.1875							0.0	0.0	0.0	0.0	0.0
2015/07/30 14:45:00		1.565	86.57	30.3167	38.251	1004.3	204.189	27.9127	84.139	78.761	162.899	54.016	1584.58	19.1834							0.0	0.0	0.0	0.0	0.0
2015/07/30 14:50:00		1.12954	83.546	30.3146	38.0927	1004.17	203.613	27.762	73.941	76.193	150.134	54.726	1601.04	15.0046							0.0	0.0	0.0	0.0	0.0
2015/07/30 14:55:00		1.46908	81.729	30.3156	37.7026	1004.06	275.311	27.5878	65.678	74.036	139.714	54.545	1616.88	12.5437							0.0	0.0	0.0	0.0	0.0
2015/07/30 15:00:00		1.3272	102.357	30.3125	37.6927	1003.96	277.813	27.4385	58.891	72.184	131.075	54.726	1625.0	11.9937							0.0	0.0	0.0	0.0	0.0
2015/07/30 15:05:00		1.00905	87.965	30.362	37.8833	1003.93	253.364	27.2965	58.223	68.884	127.107	54.059	1646.67	11.9437							0.0	0.0	0.0	0.0	0.0
2015/07/30 15:10:00		1.94011	100.897	30.4089	37.2167	1003.87	220.5	27.1475	64.923	70.617	135.54	53.782	1657.92	10.9436							0.0	0.0	0.0	0.0	0.0
2015/07/30 15:15:00		1.90595	89.216	30.4125	36.8286	1003.84	203.824	27.0189	52.05	68.48	120.53	53.272	1670.63	11.4186							0.0	0.0	0.0	0.0	0.0
2015/07/30 15:20:00		1.49866	99.572	30.4089	36.6125	1003.78	170.034	27.0841	58.629	71.794	130.424	52.452	1675.42	4.73246							0.0	0.0	0.0	0.0	0.0
2015/07/30 15:25:00		1.29666	99.351	30.4115	37.0589	1003.7	180.644	27.3499	73.678	77.754	151.432	52.591	1667.71	0.142867							0.0	0.0	0.0	0.0	0.0
2015/07/30 15:30:00		1.79372	121.983	30.4109	37.1797	1003.56	232.13	27.6555	65.195	80.777	145.972	52.505	1670.42	0.66433							0.0	0.0	0.0	0.0	0.0
2015/07/30 15:35:00		2.25855	141.621	30.4125	37.2979	1003.46	240.866	27.9593	75.194	87.966	163.16	53.396	1663.33	38.9454							0.0	0.0	0.0	0.0	0.0
2015/07/30 15:40:00		1.815	103.02	30.4745	37.5516	1003.43	218.699	28.0571	62.348	84.447	146.795	54.354	1678.54	39.4276							0.0	0.0	0.0	0.0	0.0
2015/07/30 15:45:00		1.75877	99.015	30.4859	36.9323	1003.38	194.542	28.0157	59.538	76.566	136.105	54.941	1699.58	25.0981							0.0	0.0	0.0	0.0	0.0
2015/07/30 15:50:00		2.06363	139.623	30.4109	37.3823	1003.36	220.777	27.9164	76.684	72.934	149.618	55.565	1713.96	18.2084							0.0	0.0	0.0	0.0	0.0
2015/07/30 15:55:00		1.60765	113.097	30.4141	37.4708	1003.4	232.546	27.7771	65.761	66.437	132.197	55.946	1727.5	14.1152							0.0	0.0	0.0	0.0	0.0
2015/07/30 16:00:00		2.82316	101.656	30.412	37.0146	1003.43	268.822	27.6356	56.302	62.709	119.011	55.646	1740.83	12.6008							0.0	0.0	0.0	0.0	0.0
2015/07/30 16:05:00		2.44024	98.963	30.4292	36.8505	1003.43	280.109	27.5105	58.178	57.598	115.776	55.212	1748.33	12.6115							0.0	0.0	0.0	0.0	0.0
2015/07/30 16:10:00		2.80129	98.928	30.5552	36.7203	1003.4	254.319	27.398	79.274	59.032	138.306	54.845	1766.67	11.8686							0.0	0.0	0.0	0.0	0.0
2015/07/30 16:15:00		1.65075	119.536	30.6255	36.2005	1003.41	182.839	27.3241	106.521	61.031	167.552	54.969	1786.04	11.8186							0.0	0.0	0.0	0.0	0.0
2015/07/30 16:20:00		2.53668	130.44	30.6682	36.3089	1003.41	216.439	27.2632	97.32	63.075	160.395	54.064	1786.67	12.5223							0.0	0.0	0.0	0.0	0.0
2015/07/30 16:25:00		2.16988	102.998	30.6896	36.0016	1003.46	252.78	27.209	92.86	62.089	154.949	54.083	1791.67	11.9686							0.0	0.0	0.0	0.0	0.0
2015/07/30 16:30:00		1.51056	104.919	30.6333	35.8448	1003.47	222.95	27.1526	74.142	62.883	137.025	53.83	1800.83	12.3544							0.0	0.0	0.0	0.0	0.0
2015/07/30 16:35:00		2.33535	97.624	30.6755	35.4135	1003.56	129.019	27.0976	77.979	64.328	142.307	53.644	1812.92	12.8116							0.0	0.0	0.0	0.0	0.0
2015/07/30 16:40:00		1.6402	112.092	30.4656	34.9927	1003.56	114.209	27.0817	61.875	65.543	127.418	52.948	1811.04	13.3366							0.0	0.0	0.0	0.0	0.0
2015/07/30 16:45:00		1.64317	105.131	30.2563	35.6411	1003.61	131.775	27.0224	63.018	62.219	125.237	52.548	1814.79	13.308							0.0	0.0	0.0	0.0	0.0
2015/07/30 16:50:00		3.53387	139.558	30.1526	36.3297	1003.68	140.766	26.9757	69.979	64.492	134.471	52.729	1831.67	12.5973							0.0	0.0	0.0	0.0	0.0
2015/07/30 16:55:00		3.77877	143.025	30.2198	36.4094	1003.8	99.816	26.9214	57.307	63.588	120.896	52.4	1828.54	12.0508							0.0	0.0	0.0	0.0	0.0
2015/07/30 17:00:00		2.11996	144.014	30.2146	36.3552	1003.81	84.831	26.8624	41.2363	55.989	97.225	52.343	1821.25	11.9079							0.0	0.0	0.0	0.0	0.0
2015/07/30 17:05:00		2.90773	142.014	30.2156	36.8151	1003.8	82.126	27.0004	63.628	58.354	121.982	51.899	1823.13	2.03228							0.0	0.0	0.0	0.0	0.0
2015/07/30 17:10:00		2.8101	136.043	30.162	37.0365	1003.75	97.169	27.2774	66.975	59.094	126.069	51.704	1813.33	1.23937							0.0	0.0	0.0	0.0	0.0
2015/07/30 17:15:00		4.12989	132.076	30.1167	37.1802	1003.74	95.973	27.5964	70.808	57.967	128.775	52.481	1804.17	10.2257							0.0	0.0	0.0	0.0	0.0
2015/07/30 17:20:00		3.62843	137.918	30.012	37.3885	1003.73	76.234	27.9011	55.407	56.642	112.049	52.815	1805.63	37.9525							0.0	0.0	0.0	0.0	0.0
2015/07/30 17:25:00		2.27283	141.726	30.0083	38.0255	1003.88	65.158	27.9585	71.449	56.297	127.746	53.287	1809.17	33.2272							0.0	0.0	0.0	0.0	0.0
2015/07/30 17:30:00		3.51728	136.192	30.0083	38.3714	1003.97	56.219	27.8823	60.669	52.764	113.432	54.416	1810.63	23.0658							0.0	0.0	0.0	0.0	0.0
2015/07/30 17:35:00		3.92871	144.589	29.9406	38.7703	1004.01	47.5198	27.7448	47.3444	45.2838	92.628	54.74	1802.29	17.7262							0.0	0.0	0.0	0.0	0.0
2015/07/30 17:40:00		3.70471	142.336	29.8396	38.9297	1004.14	35.8896	27.5561	51.253	43.9145	95.167	54.879	1803.33	13.8866							0.0	0.0	0.0	0.0	0.0
2015/07/30 17:45:00		3.57442	144.723	29.7125	39.324	1004.16	33.7531	27.3854	45.8392	40.5254	86.365	55.007	1796.46	11.4186							0.0	0.0	0.0	0.0	0.0
2015/07/30 17:50:00		3.08118	154.263	29.6313	39.6286	1004.24	29.3125	27.3174	35.845	33.9047	69.75	54.283	1794.17	11.0329							0.0	0.0	0.0	0.0	0.0
2015/07/30 17:55:00		3.56936	155.066	29.537	39.9234	1004.29	23.3406	27.2159	35.0187	35.1371	70.156	53.968	1785.21	11.6186							0.0	0.0	0.0	0.0	0.0
2015/07/30 18:00:00		3.58304	155.577	29.4542	40.2146	1004.34	16.9458	27.0909	35.079	36.6194	71.698	53.472	1789.38	12.6937							0.0	0.0	0.0	0.0	0.0
2015/07/30 18:05:00		2.91255	154.81	29.3646	40.2755	1004.28	16.4135	26.8846	42.6634	38.5228	81.186	52.858	1777.08	12.6401							0.0	0.0	0.0	0.0	0.0
2015/07/30 18:10:00		3.71961	154.004	29.2901	40.2281	1004.23	16.7198	26.6924	40.2603	40.6726	80.933	52.943	1781.67	12.1401							0.0	0.0	0.0	0.0	0.0
2015/07/30 18:15:00		3.02615	157.478	29.2036	40.2438	1004.23	12.8406	26.5698	35.4921	38.6083	74.1	52.829	1776.46	9.172							0.0	0.0	0.0	0.0	0.0
2015/07/30 18:20:00		3.26385	155.694	29.2073	40.6391	1004.29	7.7292	26.704	40.4702	41.4086	81.879	51.904	1775.42	14.3295							0.0	0.0	0.0	0.0	0.0
2015/07/30 18:25:00		3.53461	165.093	29.1313	40.9	1004.36	3.66771	26.6441	49.0686	44.7122	93.781	51.48	1774.17	13.7438							0.0	0.0	0.0	0.0	0.0
2015/07/30 18:30:00		4.10942	170.599	29.101	41.2573	1004.46	1.19583	26.5531	48.5705	40.7137	89.284	51.718	1779.58	14.5545							0.0	0.0	0.0	0.0	0.0
2015/07/30 18:35:00		4.19649	187.341	28.9937	40.6833	1004.51	1.17396	26.4084	39.5523	39.5395	79.092	51.537	1774.17	12.7187							0.0	0.0	0.0	0.0	0.0
2015/07/30 18:40:00		3.39989	186.013	28.7516	39.3927	1004.53	1.19583	26.3496	43.3088	34.2025	77.511	50.832	1774.79	8.0077							0.0	0.0	0.0	0.0	0.0
2015/07/30 18:45:00		2.82873	192.689	28.5536	38.7542	1004.56	1.15208	26.5112	47.0586	38.2386	85.297	51.108	1769.17	16.1404							0.0	0.0	0.0	0.0	0.0
2015/07/30 18:50:00		2.63909	189.768	28.3875	38.4458	1004.68	1.15208	26.4755	35.9321	35.7499	71.682	50.608	1766.46	14.5045							0.0	0.0	0.0	0.0	0.0
2015/07/30 18:55:00		2.48726	185.663	28.25	38.7307	1004.79	1.20313	26.3765	38.7148	32.5148	71.23	50.989	1772.29	14.2224							0.0	0.0	0.0	0.0	0.0
2015/07/30 19:00:00		2.50201	193.603	28.0943	38.6797	1004.9	1.12292	26.3477	54.042	36.8796	90.922	50.608	1775.83	7.8362							0.0	0.0	0.0	0.0	0.0
2015/07/30 19:05:00		2.90219	204.45	27.9333	39.2516	1004.99	1.16667	26.5112	33.2007	33.4254	66.626	50.713	1779.79	16.2332							0.0	0.0	0.0	0.0	0.0
2015/07/30 19:10:00		1.89976	207.266	27.8156	39.8854	1005.02	1.16667	26.4457	33.3146	32.7476	66.062	51.246	1768.33	14.8546							0.0	0.0	0.0	0.0	0.0
2015/07/30 19:15:00		1.6052	192.221	27.7844	40.2677	1004.98	1.20313	26.3201	35.6797	33.446	69.126	51.442	1773.33	14.7331							0.0	0.0	0.0	0.0	0.0
2015/07/30 19:20:00		1.70304	189.198	27.6938	40.612	1004.83	1.14479	26.2954	39.4362	32.8845	72.321	51.113	1770.42	6.554							0.0	0.0	0.0	0.0	0.0
2015/07/30 19:25:00		2.19433	197.194	27.6901	40.5313	1004.71	1.20313	26.4819	50.56	37.1124	87.673	51.061	1763.13	16.9904							0.0	0.0	0.0	0.0	0.0
2015/07/30 19:30:00		2.01225	179.849	27.6156	40.2104	1004.73	1.18854	26.4476	42.6857	35.8286	78.514	51.566	1758.54	15.8118							0.0	0.0	0.0	0.0	0.0
2015/07/30 19:35:00		2.05722	183.354	27.5948	40.3979	1004.72	1.18854	26.3504	43.1659	32.5833	75.749	51.342	1747.08	13.0437							0.0	0.0	0.0	0.0	0.0
2015/07/30 19:40:00		1.86349	197.255	27.5302	40.7719	1004.76	1.1375	26.4787	39.4809	32.3984	71.879	51.561	1752.71	10.3364							0.0	0.0	0.0	0.0	0.0
2015/07/30 19:45:00		1.82607	192.466	27.4833	41.3656	1004.73	1.16667	26.5582	31.8339	30.1253	61.959	51.585	1738.54	18.4834							0.0	0.0	0.0	0.0	0.0
2015/07/30 19:50:00		1.62353	185.894	27.4833	41.7755	1004.75	1.21042	26.4521	49.6336	34.069	83.703	51.928	1741.67	15.3296							0.0	0.0	0.0	0.0	0.0
2015/07/30 19:55:00		1.88757	190.809	27.475	42.0427	1004.66	1.15937	26.2967	48.68	34.0177	82.698	51.88	1737.08	12.4544							0.0	0.0	0.0	0.0	0.0
2015/07/30 20:00:00		2.01042	187.717	27.3885	42.0859	1004.64	1.15937	26.3821	39.7556	31.9123	71.668	51.69	1737.71	7.8077							0.0	0.0	0.0	0.0	0.0
2015/07/30 20:05:00		2.488	188.927	27.388	42.1891	1004.75	1.18854	26.5112	35.4676	30.875	66.343	51.571	1733.75	19.7942							0.0	0.0	0.0	0.0	0.0
2015/07/30 20:10:00		2.95842	198.016	27.3906	41.9198	1004.93	1.15937	26.4264	38.1096	32.5935	70.703	52.228	1730.0	15.5796							0.0	0.0	0.0	0.0	0.0
2015/07/30 20:15:00		4.17833	199.394	27.351	41.6432	1005.1	1.19583	26.2997	30.2014	29.6837	59.885	51.704	1733.33	11.0007							0.0	0.0	0.0	0.0	0.0
2015/07/30 20:20:00		3.41986	192.626	27.2901	41.7036	1005.27	1.21042	26.4156	26.5767	25.6647	52.241	51.766	1713.33	9.0077							0.0	0.0	0.0	0.0	0.0
2015/07/30 20:25:00		2.94912	183.161	27.1891	42.3047	1005.38	1.23229	26.5346	26.0496	24.5658	50.615	51.895	1717.08	20.2942							0.0	0.0	0.0	0.0	0.0
2015/07/30 20:30:00		2.83211	174.394	27.1359	42.8693	1005.5	1.225	26.447	33.5424	24.4597	58.002	51.675	1699.38	15.9618							0.0	0.0	0.0	0.0	0.0
2015/07/30 20:35:00		2.25475	174.741	27.0938	43.3141	1005.62	1.15937	26.2954	34.0494	25.4182	59.468	51.628	1695.21	13.0116							0.0	0.0	0.0	0.0	0.0
2015/07/30 20:40:00		2.56117	165.025	27.0922	43.7948	1005.65	1.15208	26.3831	35.0276	23.9839	59.011	51.48	1702.29	6.4683							0.0	0.0	0.0	0.0	0.0
2015/07/30 20:45:00		2.46426	176.676	27.0943	44.0776	1005.78	1.10833	26.563	70.591	26.7294	97.321	51.976	1696.67	20.1763							0.0	0.0	0.0	0.0	0.0
2015/07/30 20:50:00		2.31145	170.796	27.0422	44.2583	1006.02	1.19583	26.4999	58.294	27.8796	86.174	52.247	1688.75	18.5191							0.0	0.0	0.0	0.0	0.0
2015/07/30 20:55:00		3.85565	167.165	26.9776	44.5234	1006.12	1.15937	26.3434	71.373	27.9139	99.287	52.1	1696.67	15.3725							0.0	0.0	0.0	0.0	0.0
2015/07/30 21:00:00		2.98566	166.362	26.8281	44.6927	1006.18	1.15937	26.3856	50.639	25.6955	76.334	52.019	1692.29	5.1539							0.0	0.0	0.0	0.0	0.0
2015/07/30 21:05:00		3.68151	193.606	26.6766	45.4021	1006.36	1.15208	26.5808	42.909	24.7507	67.66	51.914	1682.71	17.5047							0.0	0.0	0.0	0.0	0.0
2015/07/30 21:10:00		3.38243	182.841	26.5693	45.8026	1006.56	1.15937	26.5797	43.2172	23.4259	66.643	52.128	1670.0	21.1371							0.0	0.0	0.0	0.0	0.0
2015/07/30 21:15:00		2.75819	190.233	26.4849	46.2562	1006.66	1.14479	26.4444	48.7939	23.2444	72.038	52.619	1663.33	16.6904							0.0	0.0	0.0	0.0	0.0
2015/07/30 21:20:00		3.28539	203.727	26.4495	46.5458	1006.74	1.1375	26.4173	34.132	20.5879	54.72	52.743	1658.54	6.004							0.0	0.0	0.0	0.0	0.0
2015/07/30 21:25:00		2.59176	191.436	26.4057	46.6891	1006.81	1.15208	26.6071	28.8368	19.7321	48.5689	52.395	1649.17	15.5832							0.0	0.0	0.0	0.0	0.0
2015/07/30 21:30:00		1.99648	170.901	26.4063	47.4786	1006.76	1.1375	26.6796	31.7089	18.8249	50.534	52.481	1642.08	22.8337							0.0	0.0	0.0	0.0	0.0
2015/07/30 21:35:00		1.99611	184.077	26.4057	48.0	1006.81	1.07917	26.5297	47.4472	23.0219	70.469	53.144	1636.67	17.0404							0.0	0.0	0.0	0.0	0.0
2015/07/30 21:40:00		1.98734	164.36	26.4063	48.4505	1006.92	1.10833	26.5024	44.8654	20.985	65.85	52.982	1634.38	7.3112							0.0	0.0	0.0	0.0	0.0
2015/07/30 21:45:00		2.60672	165.604	26.4063	49.0781	1006.97	1.13021	26.6814	63.172	23.0972	86.269	53.482	1626.04	15.5689							0.0	0.0	0.0	0.0	0.0
2015/07/30 21:50:00		2.72618	172.394	26.4063	49.3755	1006.97	1.15208	26.7308	58.842	24.4221	83.264	53.096	1623.13	23.3123							0.0	0.0	0.0	0.0	0.0
2015/07/30 21:55:00		2.49772	168.372	26.3339	49.6276	1006.93	1.1375	26.5751	55.525	23.128	78.653	53.477	1622.5	16.4618							0.0	0.0	0.0	0.0	0.0
2015/07/30 22:00:00		2.13282	164.051	26.301	49.7161	1006.91	1.16667	26.5053	58.167	23.6039	81.771	53.315	1621.04	7.3183							0.0	0.0	0.0	0.0	0.0
2015/07/30 22:05:00		2.96835	157.99	26.2141	49.937	1006.95	1.21042	26.6643	64.338	23.128	87.466	53.43	1619.58	14.6653							0.0	0.0	0.0	0.0	0.0
2015/07/30 22:10:00		2.56894	165.264	26.1688	50.154	1007.08	1.18125	26.8151	58.156	22.9124	81.068	53.301	1608.54	23.673							0.0	0.0	0.0	0.0	0.0
2015/07/30 22:15:00		2.92855	157.608	26.1193	50.372	1007.15	1.18854	26.6879	52.579	24.09	76.669	54.049	1603.13	18.9263							0.0	0.0	0.0	0.0	0.0
2015/07/30 22:20:00		2.49626	157.887	26.0474	50.584	1007.2	1.15208	26.5558	52.327	22.7891	75.116	53.468	1599.58	10.14							0.0	0.0	0.0	0.0	0.0
2015/07/30 22:25:00		2.53258	152.259	26.0214	50.719	1007.25	1.21042	26.6653	52.637	21.7621	74.4	53.73	1596.04	10.4686							0.0	0.0	0.0	0.0	0.0
2015/07/30 22:30:00		1.82842	171.658	25.9896	50.801	1007.29	1.21042	26.8479	47.9407	23.2068	71.147	53.701	1590.0	22.2301							0.0	0.0	0.0	0.0	0.0
2015/07/30 22:35:00		1.56441	163.099	25.9161	51.049	1007.37	1.12292	26.7542	53.852	22.2619	76.114	53.921	1579.17	20.7407							0.0	0.0	0.0	0.0	0.0
2015/07/30 22:40:00		1.53964	154.744	25.9198	51.405	1007.48	1.15208	26.5848	60.003	22.5187	82.522	54.073	1583.96	12.9544							0.0	0.0	0.0	0.0	0.0
2015/07/30 22:45:00		1.61223	159.995	25.8589	51.713	1007.55	1.13021	26.635	61.35	21.6834	83.033	53.911	1579.58	7.1719							0.0	0.0	0.0	0.0	0.0
2015/07/30 22:50:00		2.34104	165.466	25.8172	52.022	1007.35	1.19583	26.8377	68.572	23.2615	91.834	53.477	1575.42	18.4012							0.0	0.0	0.0	0.0	0.0
2015/07/30 22:55:00		2.12378	165.882	25.8193	52.291	1007.22	1.19583	26.8562	52.512	24.1071	76.619	54.221	1561.25	24.7802							0.0	0.0	0.0	0.0	0.0
2015/07/30 23:00:00		1.54789	162.473	25.8005	52.615	1007.25	1.17396	26.6575	46.0804	20.8378	66.918	54.002	1564.38	17.1904							0.0	0.0	0.0	0.0	0.0
2015/07/30 23:05:00		1.72126	172.931	25.7516	52.883	1007.24	1.12292	26.5805	48.4053	20.4886	68.894	54.159	1560.21	7.0683							0.0	0.0	0.0	0.0	0.0
2015/07/30 23:10:00		1.6947	167.372	25.812	53.169	1007.09	1.16667	26.7126	54.498	21.834	76.332	53.935	1553.33	13.6616							0.0	0.0	0.0	0.0	0.0
2015/07/30 23:15:00		1.73606	168.332	25.8188	53.308	1006.98	1.14479	26.9008	53.042	23.0801	76.122	53.978	1548.33	21.7407							0.0	0.0	0.0	0.0	0.0
2015/07/30 23:20:00		1.67144	160.768	25.8198	53.454	1006.94	1.15937	26.7939	62.294	22.3441	84.638	53.811	1539.58	21.9657							0.0	0.0	0.0	0.0	0.0
2015/07/30 23:25:00		1.71799	166.545	25.8208	53.539	1006.88	1.18854	26.5918	53.622	22.3681	75.99	53.897	1536.88	16.5475							0.0	0.0	0.0	0.0	0.0
2015/07/30 23:30:00		2.16879	162.037	25.7734	53.589	1006.81	1.16667	26.5832	51.132	20.9884	72.121	54.178	1539.79	4.90033							0.0	0.0	0.0	0.0	0.0
2015/07/30 23:35:00		2.04401	162.517	25.7177	53.592	1006.77	1.15208	26.7507	51.65	21.9778	73.628	53.887	1528.33	16.8868							0.0	0.0	0.0	0.0	0.0
2015/07/30 23:40:00		1.63093	162.755	25.7161	53.686	1006.78	1.1375	26.9034	47.0809	23.532	70.613	53.859	1518.54	24.9124							0.0	0.0	0.0	0.0	0.0
2015/07/30 23:45:00		2.24399	159.066	25.7156	53.768	1006.75	1.09375	26.7735	42.0581	22.9569	65.015	54.288	1508.75	20.2228							0.0	0.0	0.0	0.0	0.0
2015/07/30 23:50:00		1.4858	162.086	25.7146	53.835	1006.78	1.13021	26.6463	39.1637	22.95	62.114	53.868	1497.92	16.1761							0.0	0.0	0.0	0.0	0.0
2015/07/30 23:55:00		1.34478	149.72	25.7167	53.959	1006.75	1.10833	26.5969	48.1931	21.1973	69.39	54.24	1492.71	15.3225							0.0	0.0	0.0	0.0	0.0
2015/07/31 00:00:00		1.99552	149.523	25.7062	54.092	1006.73	1.09375	26.4202	57.068	21.721	78.789	53.878	1481.67	11.7115							0.0	0.0	0.0	0.0	0.0
