-- 1st mean values --
Format: XTAB(V:1;HEAD:2;COL:TCFFFFFFFFFFFFFFFFFFFFFFFF)
StartTime: 2015/04/03 00:00:00
EndTime: 2015/04/04 00:00:00
Period: 24 h
Station: Gia Lam

Time	MeasPt	Wind Spd.	Wind Dir.	Temp	RH	Barometer	Radiation	InnerTemp	NO	NO2	NOx	SO2	CO	O3	PM-10	PM-2.5	PM-1	CH4	NMHC	THC	BENZEN	TOLUEN	ETHYL BENZEN	MP-XYLEN	O-XYLEN
		m/s	degree	°C	%	hPa	W/m²	°C	µg/m3	µg/m3	µg/m3	µg/m3	µg/m3	µg/m3	µg/m3	µg/m3	µg/m3	ppm	ppmC	ppmC	ug/m3	ug/m3	ug/m3	ug/m3	ug/m3
2015/04/03 00:05:00		2.58408	156.439	26.3172	77.159	1001.08	3.94479	26.6804	3.50857	25.8599	29.3684	7.7601	541.67	61.654	61.177	42.7275	30.525	0.003167	0.006833	0.008667					
2015/04/03 00:10:00		2.90811	153.722	26.3193	77.161	1001.0	3.98854	26.5319	7.4415	28.7149	36.1564	7.9603	523.33	49.7712	60.744	42.5483	30.4242	0.009833	-0.000667	0.000167					
2015/04/03 00:15:00		2.84625	156.68	26.3151	77.214	1000.95	3.97396	26.3464	7.504	22.3852	29.8892	8.0843	511.25	41.0777	59.323	42.005	30.5417	0.005667	0.004333	0.004333					
2015/04/03 00:20:00		3.32919	156.204	26.2458	77.259	1000.85	3.95208	26.1498	0.6432	0.16432	0.80752	7.9222	491.458	36.1774	57.635	42.4183	31.3067	0.009667	-0.002833	0.000333					
2015/04/03 00:25:00		3.23199	151.123	26.2151	77.179	1000.78	3.87188	26.0868	0.145167	1.11601	1.26117	7.8745	484.583	35.2952	59.762	43.015	32.11	0.004333	0.005667	0.006667					
2015/04/03 00:30:00		2.70129	146.606	26.2167	77.057	1000.68	4.00313	26.0682	39.3134	0.249903	39.5633	7.7792	470.625	38.2668	59.883	42.8267	32.1867	0.008833	-0.002667	0.001167					
2015/04/03 00:35:00		2.88623	148.567	26.2135	76.963	1000.66	3.96667	26.0559	208.598	0.65043	209.248	8.0271	469.792	39.7098	60.33	43.8467	32.575	0.004	0.006	0.006333					
2015/04/03 00:40:00		2.62129	142.267	26.2172	76.907	1000.67	3.92292	26.0701	212.792	0.36972	213.162	7.9651	467.292	39.3276	57.857	43.62	32.645	0.009667	-0.002167	0.000333					
2015/04/03 00:45:00		1.68782	136.878	26.2167	76.789	1000.73	3.92292	26.0908	215.954	0.147203	216.102	7.9174	460.0	42.2957	58.945	43.6317	32.895	0.009333	0.000667	0.001					
2015/04/03 00:50:00		1.43519	132.8	26.2161	76.756	1000.79	3.95208	26.0959	177.441	10.715	188.156	8.499	467.5	42.4028	67.137	46.4725	34.0625	0.008833	0.000667	0.001167					
2015/04/03 00:55:00		1.73531	133.48	26.2156	76.69	1000.79	3.9375	26.1031	10.5503	33.6514	44.2016	8.5705	487.708	42.6636	61.342	44.2108	33.4125	0.006167	0.003	0.005667					
2015/04/03 01:00:00		1.80142	140.0	26.2198	76.506	1000.73	3.93021	26.1053	7.14	30.6388	37.7788	9.1234	501.04	42.9136	66.958	45.465	33.3033	0.0085	0.001333	0.0015					
2015/04/03 01:05:00		1.97385	142.707	26.2177	76.295	1000.73	3.90833	26.09	7.7519	34.0382	41.7901	8.9995	523.33	43.5029	61.623	44.3442	33.3442	0.0035	0.005833	0.0065					
2015/04/03 01:10:00		1.63986	141.255	26.2146	76.147	1000.73	3.91563	26.0741	6.2176	30.3889	36.6065	8.9232	523.13	43.6279	60.184	44.1133	33.6758	0.009333	0.000667	0.000667					
2015/04/03 01:15:00		1.51265	135.64	26.2203	75.972	1000.71	3.94479	26.0698	6.7357	30.656	37.3917	8.8469	527.08	43.3672	64.043	45.1333	33.9167	0.003333	0.006333	0.0075					
2015/04/03 01:20:00		1.32552	139.349	26.2198	75.862	1000.66	3.90104	26.057	6.5995	33.0078	39.6073	8.928	567.71	42.6885	67.173	45.8867	34.0675	0.008667	-0.0035	0.001333					
2015/04/03 01:25:00		2.06848	142.389	26.2208	75.79	1000.63	3.95208	26.043	8.7435	35.9724	44.7159	9.3284	595.42	42.6743	61.997	44.4333	33.6308	0.0045	0.005167	0.006					
2015/04/03 01:30:00		2.38681	145.038	26.1563	75.677	1000.61	3.90833	26.0164	5.8424	29.3551	35.1975	9.2664	594.38	43.56	58.802	42.5525	32.8375	0.006667	0.003333	0.003333					
2015/04/03 01:35:00		2.82465	150.162	26.1219	75.595	1000.51	3.96667	26.0038	3.70733	27.2292	30.9365	8.8803	556.67	43.4886	58.003	42.3592	32.2933	0.0035	0.004167	0.0045					
2015/04/03 01:40:00		2.35843	149.288	26.1214	75.581	1000.48	3.90833	25.999	3.42817	21.0261	24.4543	8.9995	521.88	43.3922	58.612	42.1358	32.2192	0.008333	0.000167	0.001667					
2015/04/03 01:45:00		1.3146	154.201	26.0693	75.705	1000.5	3.90104	25.9909	2.49687	22.0531	24.55	9.2235	506.25	43.4922	60.165	43.7833	32.4958	0.004333	0.005667	0.004667					
2015/04/03 01:50:00		1.57815	140.662	26.0187	75.897	1000.46	3.91563	25.9869	3.886	26.6815	30.5675	9.0805	512.08	43.2672	60.416	42.4217	32.4042	0.008167	0.001	0.001833					
2015/04/03 01:55:00		1.48939	143.694	26.0125	75.993	1000.4	3.89375	25.9772	5.2684	29.0401	34.3086	8.9709	531.46	43.0814	63.081	43.6375	32.3167	0.004833	0.004667	0.005167					
2015/04/03 02:00:00		0.89951	120.239	26.012	76.121	1000.45	3.98125	25.9555	6.8094	32.104	38.9135	8.6849	547.71	42.4635	62.479	44.1008	32.4925	0.008167	0.001833	0.003667					
2015/04/03 02:05:00		1.76626	129.238	26.0156	76.232	1000.38	3.93021	25.9536	7.169	34.2368	41.4058	8.6706	608.54	42.2314	60.142	43.2425	32.13	0.003667	0.006333	0.006667					
2015/04/03 02:10:00		2.25535	135.833	26.0141	76.28	1000.31	3.93021	25.9235	6.0613	32.2341	38.2954	8.7611	637.92	42.7207	59.304	42.0933	31.52	0.009	0.001	0.001					
2015/04/03 02:15:00		1.8211	132.348	25.9458	76.262	1000.18	3.94479	25.9168	5.3488	28.9648	34.3137	9.2759	598.75	42.8171	59.632	43.0667	31.9342	0.007167	0.002167	0.003167					
2015/04/03 02:20:00		1.29504	130.56	25.9172	76.458	1000.14	3.90833	25.9112	4.25003	26.1406	30.3906	8.9947	581.25	42.7386	67.424	46.5275	33.6292	0.01	-0.001833	0.0					
2015/04/03 02:25:00		1.20949	126.137	25.8172	76.727	1000.13	3.93021	25.8862	3.80337	22.9843	26.7876	8.7993	566.04	42.2707	72.352	48.7533	34.6025	0.006333	0.003667	0.004167					
2015/04/03 02:30:00		1.74931	133.066	25.8224	76.95	1000.06	3.90104	25.8741	5.1836	29.6632	34.8467	8.6753	587.5	42.6421	65.869	45.8258	33.0425	0.007167	0.001833	0.002833					
2015/04/03 02:35:00		1.96566	142.98	25.8151	77.097	999.92	3.90833	25.8551	4.68777	28.2802	32.9679	8.3035	594.17	42.6207	61.945	43.94	32.3917	0.007167	0.002	0.002833					
2015/04/03 02:40:00		1.92342	134.7	25.749	77.295	999.79	3.98854	25.832	4.75923	26.4966	31.2558	8.4227	570.83	42.5171	60.849	44.1258	32.1125	0.007333	0.002667	0.002667					
2015/04/03 02:45:00		1.37852	133.414	25.7188	77.391	999.85	3.9375	25.8264	4.90663	27.6982	32.6048	8.3655	558.33	41.7885	61.162	43.7325	32.2175	0.005333	0.0035	0.004667					
2015/04/03 02:50:00		1.42846	124.793	25.7182	77.56	999.89	3.90104	25.8111	3.8525	25.5346	29.3871	8.1129	552.5	41.542	67.153	46.2433	32.69	0.006333	0.003667	0.003667					
2015/04/03 02:55:00		1.75912	132.85	25.7167	77.647	999.86	3.98125	25.796	4.2277	26.856	31.0837	7.8888	592.29	41.1135	70.891	47.4858	32.795	0.005333	0.004667	0.005167					
2015/04/03 03:00:00		1.61632	140.754	25.6354	77.688	999.76	3.96667	25.7944	4.9647	28.5403	33.505	8.0509	625.21	40.9956	72.331	48.28	33.2183	0.0065	0.0005	0.0035					
2015/04/03 03:05:00		1.81676	138.065	25.6203	77.662	999.71	3.94479	25.781	5.1724	29.0744	34.2468	8.2654	617.71	41.2027	77.121	51.562	34.1967	0.007	0.002667	0.003833					
2015/04/03 03:10:00		2.09541	134.569	25.6182	77.79	999.67	3.98854	25.763	4.7771	28.3589	33.136	8.0175	608.12	41.2777	74.063	49.6375	34.305	0.0085	-0.0005	0.0015					
2015/04/03 03:15:00		2.12905	134.646	25.5766	77.957	999.63	3.98125	25.7434	4.4086	26.6678	31.0764	8.1748	583.96	41.9706	78.623	52.516	35.7417	0.003667	0.006	0.006					
2015/04/03 03:20:00		2.04828	134.945	25.5182	78.048	999.65	3.95208	25.7321	5.3466	29.1154	34.462	8.3703	569.17	42.3992	81.228	54.38	36.475	0.006333	0.003667	0.004167					
2015/04/03 03:25:00		1.24479	131.323	25.5167	78.059	999.63	3.94479	25.701	5.9965	32.1759	38.1724	7.8745	570.63	42.5921	79.53	53.533	36.6083	0.0055	0.003	0.005333					
2015/04/03 03:30:00		1.18679	128.939	25.524	78.143	999.61	3.95208	25.6849	6.3427	31.6624	38.0051	7.9746	590.83	42.46	79.515	53.307	36.5433	0.0075	0.0025	0.0025					
2015/04/03 03:35:00		1.74417	119.938	25.5219	78.167	999.54	3.92292	25.6666	5.2416	32.9496	38.1912	8.3703	625.83	42.1135	78.1	52.337	36.6583	0.0045	0.0055	0.0055					
2015/04/03 03:40:00		1.76302	136.386	25.5234	78.148	999.47	3.91563	25.6403	7.7184	34.7297	42.4481	8.5466	655.63	42.6243	79.87	53.745	37.0467	0.0075	0.0025	0.0025					
2015/04/03 03:45:00		1.55424	133.132	25.4813	78.043	999.43	3.89375	25.6113	9.0986	36.3455	45.4441	8.9375	685.0	42.8957	81.072	54.723	37.1967	0.001833	0.008167	0.008167					
2015/04/03 03:50:00		1.34363	144.856	25.4234	78.189	999.41	3.90833	25.5896	9.1343	35.0584	44.1927	9.0138	698.96	42.4814	79.602	53.493	37.015	0.005667	0.0035	0.004333					
2015/04/03 03:55:00		1.81397	137.525	25.4229	78.447	999.41	3.97396	25.5512	6.805	34.1169	40.9219	8.7707	704.38	42.7921	77.95	53.175	37.2183	0.005167	0.002333	0.005833					
2015/04/03 04:00:00		1.28904	125.599	25.3865	78.642	999.46	3.99583	25.5227	8.6765	34.0553	42.7318	8.3798	700.0	42.6028	80.079	53.928	38.3008	0.005167	0.004833	0.004833					
2015/04/03 04:05:00		1.09556	100.069	25.3286	78.747	999.46	3.92292	25.4967	9.1946	37.2767	46.4713	9.2998	729.38	42.1742	80.143	53.981	38.4458	0.004	0.006	0.006667					
2015/04/03 04:10:00		0.99701	92.241	25.3312	78.782	999.55	3.95208	25.4642	7.6737	35.4281	43.1018	9.0757	773.96	42.6743	81.951	55.351	40.1142	0.006167	0.003833	0.003833					
2015/04/03 04:15:00		1.4387	108.59	25.3323	78.806	999.54	3.95937	25.4341	8.9624	36.0888	45.0512	8.4751	804.58	43.7529	77.84	54.458	39.4708	0.006833	0.003	0.003833					
2015/04/03 04:20:00		1.17185	116.708	25.3359	78.837	999.48	4.01771	25.4078	9.9473	36.2497	46.1969	8.6038	882.92	44.0601	79.282	54.637	39.8367	0.005167	0.004833	0.004833					
2015/04/03 04:25:00		0.94256	110.31	25.2901	78.876	999.41	3.91563	25.392	10.0701	34.7057	44.7758	9.0662	875.42	43.9708	82.295	57.659	40.9583	0.007	0.003	0.003					
2015/04/03 04:30:00		0.72114	101.191	25.2292	79.13	999.42	3.95937	25.3603	12.969	33.6034	46.5724	8.8612	883.54	43.46	79.18	56.952	41.7383	0.007167	-0.000167	0.002833					
2015/04/03 04:35:00		1.01698	109.164	25.1719	79.288	999.5	3.95937	25.338	11.3922	34.0348	45.427	9.1949	917.71	43.6386	79.535	57.077	41.6908	-0.0005	0.009667	0.009					
2015/04/03 04:40:00		1.96402	133.637	25.1266	79.542	999.46	3.95937	25.327	11.955	33.4597	45.4147	9.7764	964.58	43.46	85.681	58.921	42.4517	0.005	0.0045	0.005					
2015/04/03 04:45:00		1.76028	133.381	25.0792	79.722	999.45	3.94479	25.3007	18.186	36.1025	54.289	9.3951	1004.38	43.61	80.057	56.188	41.6175	0.0095	-0.004	0.0005					
2015/04/03 04:50:00		1.17683	141.345	25.0219	79.827	999.58	3.97396	25.2988	11.4883	31.9123	43.4006	8.9995	968.75	43.8315	82.428	57.263	41.6125	0.008	0.002	0.002					
2015/04/03 04:55:00		1.38472	141.005	24.9771	80.018	999.61	4.01771	25.2749	9.2996	29.4783	38.7779	9.7288	934.58	43.1672	84.867	59.042	42.5133	0.0095	0.0005	0.001					
2015/04/03 05:00:00		1.6183	126.42	24.924	80.218	999.65	3.97396	25.2693	10.3761	31.368	41.7441	9.3951	960.83	43.1957	85.256	58.853	42.8508	0.005167	0.003833	0.004					
2015/04/03 05:05:00		1.22422	127.979	24.9229	80.296	999.78	3.93021	25.2577	11.0997	33.8191	44.9188	10.8966	987.29	43.5422	95.176	64.253	45.9633	0.009167	0.000833	0.002					
2015/04/03 05:10:00		1.33418	130.699	24.9276	80.447	999.86	3.9375	25.247	15.1219	35.3357	50.458	14.9912	1086.46	44.8244	95.757	64.328	45.4792	0.005167	0.004833	0.004833					
2015/04/03 05:15:00		0.8646	129.899	24.924	80.506	999.92	3.93021	25.2422	19.7717	39.7004	59.472	15.4249	1318.33	44.6065	96.241	64.227	45.6242	0.007333	-0.000333	0.002667					
2015/04/03 05:20:00		1.29004	129.656	24.9234	80.521	999.97	3.325	25.2172	23.45	41.5627	65.013	13.2084	1435.21	44.5065	94.694	63.578	45.4033	0.006833	0.000667	0.003167					
2015/04/03 05:25:00		1.00142	123.361	24.926	80.492	1000.05	3.75521	25.1987	24.9151	41.3333	66.248	12.4172	1594.58	45.3566	96.722	64.935	45.6867	0.0055	0.003833	0.0045					
2015/04/03 05:30:00		1.16343	131.379	24.9245	80.385	1000.07	3.52187	25.1885	37.6093	43.2299	80.839	12.3457	1792.08	45.5066	95.449	64.214	45.5925	0.005833	0.002833	0.004167					
2015/04/03 05:35:00		1.54566	128.457	24.9255	80.43	1000.11	3.11354	25.1716	46.5248	45.4037	91.928	11.7594	1867.5	46.4674	97.719	65.512	47.4625	0.01	0.0	0.0					
2015/04/03 05:40:00		1.67042	133.064	24.9234	80.385	1000.08	3.70417	25.1751	55.963	46.215	102.178	12.3695	1936.25	48.0032	94.23	63.552	45.2325	0.004167	0.005833	0.005833					
2015/04/03 05:45:00		1.50771	135.685	24.9234	80.283	1000.09	3.36875	25.1581	51.565	47.1496	98.715	11.4781	1893.75	47.1817	93.71	63.237	45.8908	0.006833	0.003167	0.004833					
2015/04/03 05:50:00		1.81234	140.061	24.9245	80.324	1000.13	2.90208	25.1538	60.767	47.6528	108.42	11.3065	1800.42	47.2246	94.083	63.774	44.7592	0.0055	0.0045	0.005167					
2015/04/03 05:55:00		1.92998	128.068	24.9266	80.256	1000.14	3.55833	25.2301	60.356	49.6144	109.97	10.7298	1851.04	24.1909	91.53	62.243	44.6225	0.0085	0.001167	0.0015					
2015/04/03 06:00:00		1.60394	133.023	24.924	80.221	1000.17	3.88646	25.4065	54.58	49.4158	103.996	10.3151	1959.38	3.72168	102.955	69.695	50.626	0.0055	0.004333	0.0045					
2015/04/03 06:05:00		1.49366	125.92	24.9255	80.088	1000.23	4.52812	25.6188	70.323	50.498	120.821	11.1492	2185.83	34.9452	94.302	64.373	46.0	0.01	-0.0025	0.0					
2015/04/03 06:10:00		1.13283	131.042	24.9234	79.989	1000.26	5.5708	25.8427	76.449	52.339	128.789	11.2064	2305.0	64.879	81.881	59.183	46.2008	0.0065	0.0035	0.004167					
2015/04/03 06:15:00		0.89221	143.768	24.9182	79.806	1000.36	8.0427	26.0766	85.972	54.517	140.489	11.4781	2433.33	75.744	92.218	63.456	46.2217	0.009833	-0.002	0.000667					
2015/04/03 06:20:00		0.77282	119.69	24.9271	79.631	1000.42	11.3458	26.3184	81.217	55.335	136.552	11.788	2485.0	79.477	87.646	61.315	45.7258	0.005833	0.002833	0.004167					
2015/04/03 06:25:00		0.53672	60.944	24.9135	79.666	1000.51	15.2177	26.5362	84.413	53.572	137.985	11.1969	2597.29	79.977	101.04	68.671	48.9425	0.01	-0.002167	0.001					
2015/04/03 06:30:00		0.458311	339.495	24.9047	79.722	1000.62	20.0083	26.7442	121.406	56.574	177.98	12.5697	2977.08	83.384	103.178	69.007	49.3567	0.01	-0.000833	0.004833					
2015/04/03 06:35:00		0.57681	66.632	24.8234	79.69	1000.63	25.2875	26.9292	123.771	59.587	183.358	12.951	3155.42	85.42	99.987	67.625	49.9342	0.01	-0.000333	0.001					
2015/04/03 06:40:00		0.85417	83.651	24.8245	79.92	1000.65	31.1719	27.1126	132.381	56.899	189.28	13.728	3182.29	87.013	101.042	69.052	50.903	0.01	0.0	0.005833					
2015/04/03 06:45:00		1.34033	68.357	24.8276	80.071	1000.73	37.0563	27.2892	150.131	59.498	209.629	14.5955	3405.21	87.024	91.345	62.072	46.585	0.009667	-0.001167	0.001667					
2015/04/03 06:50:00		1.57005	80.025	24.8255	80.096	1000.88	43.5458	27.4367	122.862	57.464	180.326	14.4764	3233.75	85.259	84.877	59.27	45.8767	0.008333	0.001667	0.006333					
2015/04/03 06:55:00		1.40039	102.688	24.826	80.191	1000.92	50.808	27.5816	95.799	51.062	146.861	13.442	2972.29	84.213	88.275	60.595	46.5767	0.01	0.0	0.001					
2015/04/03 07:00:00		1.5676	101.083	24.8255	80.395	1000.98	60.346	27.736	89.992	51.374	141.366	12.9224	3075.83	85.134	95.217	64.452	48.5933	0.008167	0.0005	0.005333					
2015/04/03 07:05:00		1.61847	102.691	24.8781	80.607	1001.18	70.044	27.8767	110.056	52.374	162.43	12.9558	3278.54	85.609	83.77	57.762	43.965	0.0095	0.000333	0.000667					
2015/04/03 07:10:00		1.94987	110.355	24.926	80.63	1001.31	80.478	28.0227	125.598	55.15	180.748	13.7423	3414.58	84.134	81.743	56.239	43.0267	0.008	0.002	0.0035					
2015/04/03 07:15:00		1.16794	111.416	24.9271	80.482	1001.38	89.403	28.1497	116.147	56.369	172.515	13.5802	3436.25	82.502	83.023	55.727	42.085	0.01	0.0	0.000667					
2015/04/03 07:20:00		1.46913	113.797	24.9922	80.397	1001.49	98.561	28.2928	126.371	57.218	183.589	14.0855	3534.79	83.088	78.497	54.195	41.145	0.007167	0.002833	0.003333					
2015/04/03 07:25:00		2.33312	134.924	25.0271	80.549	1001.53	109.207	28.4284	115.713	55.845	171.558	14.9816	3663.75	82.663	81.678	55.515	42.385	0.008167	0.001833	0.001833					
2015/04/03 07:30:00		1.83616	133.366	25.124	80.621	1001.59	122.099	28.5795	117.761	58.108	175.869	15.015	3702.71	80.748	76.033	52.433	39.895	0.001167	0.008833	0.008833					
2015/04/03 07:35:00		1.96737	139.975	25.2484	80.514	1001.72	132.511	28.7065	105.641	57.608	163.249	13.8615	3697.29	78.723	76.673	53.472	40.2067	0.01	0.0	0.0					
2015/04/03 07:40:00		1.46792	131.428	25.349	80.23	1001.84	140.292	28.8437	101.655	55.092	156.746	13.9616	3886.88	78.752	84.106	56.791	40.805	0.003667	0.006333	0.006333					
2015/04/03 07:45:00		1.85835	126.062	25.4568	79.857	1001.97	156.873	28.9535	105.215	58.7	163.914	13.6565	4310.63	78.337	84.861	57.264	41.0233	0.009833	0.000167	0.000167					
2015/04/03 07:50:00		1.9395	134.598	25.5724	79.526	1001.97	159.097	29.0858	98.311	59.258	157.569	13.9663	4380.42	77.798	87.609	58.503	41.08	0.004667	0.005333	0.005333					
2015/04/03 07:55:00		2.09423	134.279	25.6849	79.06	1002.03	173.811	29.2198	98.595	61.213	159.808	14.3858	4561.25	77.973	85.967	57.668	41.8192	0.008667	0.001167	0.001333					
2015/04/03 08:00:00		1.68049	136.877	25.7906	78.572	1002.11	182.262	29.36	87.6	60.99	148.59	15.0674	4685.42	77.594	90.159	60.304	43.3242	0.002667	0.007333	0.0085					
2015/04/03 08:05:00		1.08167	97.548	25.9099	78.168	1002.21	194.017	29.422	81.023	59.679	140.702	14.7767	4700.83	92.456	91.786	61.194	43.4475	0.01	0.0	0.0					
2015/04/03 08:10:00		1.94102	109.182	26.0323	77.593	1002.26	212.516	29.2008	87.439	58.193	145.633	15.2152	4897.71	82.248	91.594	61.112	42.0758	0.005833	0.004167	0.004167					
2015/04/03 08:15:00		1.31321	121.589	26.1333	76.959	1002.37	220.996	28.9154	109.433	58.039	167.473	15.6537	5110.8	71.14	91.995	61.337	41.9858	0.007	0.003	0.003					
2015/04/03 08:20:00		1.53556	139.046	26.2422	76.408	1002.43	215.753	28.6244	113.791	60.268	174.058	15.4249	5110.8	64.386	90.367	60.302	41.9542	0.0035	0.0065	0.0075					
2015/04/03 08:25:00		1.64079	110.322	26.3448	75.888	1002.41	223.439	28.5159	97.568	60.665	158.233	17.2553	5048.8	28.8662	94.959	63.293	45.035	0.009667	0.000333	0.000333					
2015/04/03 08:30:00		1.74436	118.834	26.4385	75.541	1002.41	236.294	28.6147	105.514	60.915	166.429	20.8208	5152.9	17.2976	90.221	60.167	42.1833	0.005167	0.004833	0.005					
2015/04/03 08:35:00		2.50129	133.214	26.5417	75.231	1002.41	259.438	28.7511	119.624	63.308	182.932	19.3622	5146.5	35.2059	87.349	58.385	42.1892	0.01	-0.003167	0.0					
2015/04/03 08:40:00		3.20913	135.423	26.6578	74.589	1002.42	293.533	28.8853	110.07	64.02	174.09	17.8559	4872.29	86.659	88.236	58.829	41.8208	0.003333	0.006667	0.006667					
2015/04/03 08:45:00		3.35617	133.948	26.7667	73.997	1002.46	303.071	29.0416	93.114	66.159	159.274	17.5413	4628.33	133.237	84.76	56.528	39.6867	0.009	0.001	0.001					
2015/04/03 08:50:00		2.30458	131.379	26.8609	73.62	1002.47	324.435	29.0588	83.232	65.745	148.977	16.4831	4541.88	208.703	88.968	59.308	40.7917	0.003167	0.006833	0.007					
2015/04/03 08:55:00		2.50032	137.937	26.9708	73.038	1002.43	342.096	28.8764	87.998	63.517	151.514	15.9016	4502.5	115.336	88.354	58.943	41.8025	0.01	0.0	0.0					
2015/04/03 09:00:00		1.64242	127.146	27.1125	72.409	1002.47	353.865	28.6512	99.2	62.298	161.498	15.8921	4366.25	87.263	91.946	61.292	42.1517	0.001	0.009	0.009					
2015/04/03 09:05:00		2.51009	138.523	27.2156	71.738	1002.49	371.314	28.4262	104.312	63.13	167.442	16.731	4210.0	70.148	84.554	56.363	39.9792	0.0095	0.0005	0.0005					
2015/04/03 09:10:00		1.89379	133.038	27.3385	71.642	1002.49	390.986	28.2082	90.848	64.205	155.052	16.588	3988.75	66.754	91.836	61.215	43.295	0.001333	0.008667	0.008667					
2015/04/03 09:15:00		2.08376	127.816	27.5151	71.165	1002.48	400.932	27.9991	99.357	63.684	163.041	15.9779	3839.79	63.415	92.771	61.852	41.7242	0.008333	0.000667	0.001333					
2015/04/03 09:20:00		3.01031	140.831	27.6625	70.247	1002.49	414.473	27.8232	88.871	64.009	152.881	15.1199	3743.75	61.158	91.022	60.686	42.8958	0.001167	0.008667	0.008667					
2015/04/03 09:25:00		2.41471	147.516	27.7901	69.593	1002.59	432.031	27.7287	80.567	63.595	144.163	14.0903	3628.54	37.8954	89.681	59.784	41.0733	0.01	-0.002333	0.0					
2015/04/03 09:30:00		2.39161	156.073	27.8891	68.894	1002.65	445.528	27.9048	73.852	63.948	137.8	13.6231	3663.75	0.0	83.149	55.732	41.6042	0.007167	0.002833	0.002833					
2015/04/03 09:35:00		2.08288	143.049	28.0177	68.478	1002.68	457.895	28.1465	75.165	62.839	138.004	15.1818	3594.58	4.81461	83.766	55.859	41.3025	0.01	0.0	0.0					
2015/04/03 09:40:00		1.64189	144.548	28.1474	68.077	1002.68	469.744	28.3698	83.082	62.863	145.945	22.4033	3547.29	75.237	82.638	55.367	40.2683	0.003833	0.006167	0.006167					
2015/04/03 09:45:00		1.75521	142.353	28.2677	67.866	1002.67	492.589	28.5248	82.142	67.214	149.356	21.0401	3525.0	249.974	77.977	52.093	37.82	0.009667	0.000333	0.000333					
2015/04/03 09:50:00		2.11158	128.723	28.413	67.396	1002.71	512.66	28.4743	77.863	68.155	146.018	17.937	3555.63	211.446	72.788	49.0033	36.7267	0.0045	0.0055	0.0055					
2015/04/03 09:55:00		2.30169	147.582	28.5281	66.691	1002.68	526.79	28.3548	77.155	66.016	143.171	16.1256	3376.67	113.2	74.362	49.8767	37.7117	0.007167	0.002167	0.002833					
2015/04/03 10:00:00		2.10457	160.294	28.6531	66.146	1002.61	544.53	28.2093	61.754	63.167	124.921	15.0865	3339.58	80.734	76.973	51.323	37.8183	0.002	0.008	0.009167					
2015/04/03 10:05:00		2.31699	129.594	28.7833	65.64	1002.51	564.22	28.0772	65.711	65.276	130.988	14.3429	3274.58	70.194	76.777	51.474	38.3933	0.008	0.002	0.002					
2015/04/03 10:10:00		2.48061	150.352	28.9047	65.432	1002.46	586.91	27.9285	58.667	65.393	124.06	13.8043	3118.96	67.169	76.697	51.585	38.4883	0.0035	0.0065	0.0075					
2015/04/03 10:15:00		1.99068	132.459	29.0714	65.068	1002.49	599.27	27.7749	53.897	65.348	119.245	13.9282	3090.83	64.044	77.953	52.068	38.41	0.009333	0.000667	0.000667					
2015/04/03 10:20:00		1.68407	111.219	29.2729	64.166	1002.47	610.84	27.6557	55.552	66.454	122.006	13.2656	3126.46	63.694	77.269	51.77	38.5967	0.0045	0.0055	0.005667					
2015/04/03 10:25:00		2.1816	124.672	29.4604	63.681	1002.53	620.18	27.5497	52.932	67.895	120.827	12.584	3101.25	60.547	79.436	53.417	39.8658	0.008	0.002	0.002					
2015/04/03 10:30:00		1.7188	133.381	29.6417	63.423	1002.5	626.49	27.4834	57.549	68.771	126.32	12.8462	3088.33	63.44	79.124	52.835	38.6458	0.005833	0.004167	0.0045					
2015/04/03 10:35:00		2.3865	125.149	29.7781	63.341	1002.48	631.12	27.4514	55.204	68.573	123.776	12.2122	2950.63	65.101	79.83	53.314	39.1758	0.0085	0.001333	0.0015					
2015/04/03 10:40:00		1.49854	118.724	29.9781	62.54	1002.47	633.24	27.4267	51.773	67.652	119.425	15.1342	2873.13	66.862	86.288	57.583	42.8992	0.007333	0.002667	0.002667					
2015/04/03 10:45:00		1.61937	114.727	30.1167	61.504	1002.38	642.51	27.4103	48.9569	72.006	120.963	23.6474	2848.96	68.587	81.39	54.321	39.6667	0.009167	0.0005	0.000833					
2015/04/03 10:50:00		2.21058	136.613	30.1969	61.123	1002.32	656.1	27.3996	56.564	73.93	130.494	23.0182	2850.63	68.394	80.878	54.063	39.7633	0.005667	0.004333	0.004333					
2015/04/03 10:55:00		2.74357	129.818	30.3135	60.019	1002.28	664.28	27.4063	40.3295	72.688	113.017	21.7789	2768.13	68.515	79.404	53.154	39.7033	0.008	0.002	0.002					
2015/04/03 11:00:00		2.23336	141.983	30.4021	59.478	1002.22	668.14	27.4205	39.1861	73.242	112.428	20.7731	2710.83	68.822	79.902	53.539	40.1792	0.0045	0.0055	0.0055					
2015/04/03 11:05:00		2.16706	155.936	30.5505	59.567	1002.12	671.9	27.423	54.531	80.431	134.962	18.2659	2696.25	68.587	119.326	79.562	43.04	0.007167	0.002833	0.002833					
2015/04/03 11:10:00		2.93429	160.101	30.812	58.581	1002.05	678.09	27.4587	44.3674	78.593	122.96	16.4212	2735.63	70.323	83.286	55.576	41.2008	0.0085	0.0015	0.004333					
2015/04/03 11:15:00		2.50161	161.275	31.0411	57.592	1001.97	689.44	27.4901	43.2865	81.468	124.755	15.3344	2848.13	72.137	85.293	54.725	40.3608	0.007667	0.001667	0.002333					
2015/04/03 11:20:00		2.35652	167.362	31.3698	56.906	1001.8	687.92	27.5427	60.624	86.511	147.135	14.5574	2997.29	72.055	107.811	54.146	40.06	0.000667	0.009333	0.009833					
2015/04/03 11:25:00		2.85562	144.641	31.8271	55.836	1001.69	688.06	27.6009	76.46	90.9	167.36	13.6994	3133.54	72.737	104.444	52.402	39.3117	0.007167	0.002833	0.002833					
2015/04/03 11:30:00		2.16569	147.424	32.0818	53.818	1001.74	684.14	27.6949	54.915	86.651	141.567	13.2275	3067.08	72.687	95.368	52.316	40.3267	0.007833	0.002167	0.004167					
2015/04/03 11:35:00		0.86752	131.737	32.1786	50.157	1001.77	681.22	27.7924	43.7465	86.237	129.984	13.218	3005.83	72.53	101.622	54.133	40.7142	0.008667	0.001333	0.001333					
2015/04/03 11:40:00		1.7859	111.875	32.4651	49.0224	1001.71	686.23	27.8976	43.6371	89.39	133.027	13.5326	2986.67	74.398	90.492	50.981	39.2958	0.0085	0.0015	0.0015					
2015/04/03 11:45:00		1.89896	105.175	32.6406	47.6385	1001.58	694.85	28.0351	50.346	90.239	140.585	13.075	2962.5	74.901	95.331	53.732	40.8633	0.009333	0.000667	0.000667					
2015/04/03 11:50:00		2.02869	131.21	32.751	47.5724	1001.46	696.0	28.1741	46.3484	91.608	137.957	12.789	2968.96	75.473	109.132	52.645	39.4833	0.01	0.0	0.001333					
2015/04/03 11:55:00		2.8955	130.385	33.0635	46.5187	1001.34	697.52	28.4104	56.343	97.586	153.928	12.5935	3090.83	55.932	109.47	52.062	37.5358	0.009167	0.000833	0.000833					
2015/04/03 12:00:00		2.21404	131.061	33.2516	45.8901	1001.2	704.82	28.7535	46.6677	101.44	148.108	13.3276	3092.5	95.149	102.338	50.251	37.4233	0.008	0.002	0.002833					
2015/04/03 12:05:00		2.05998	132.703	33.3797	44.4323	1001.05	708.23	28.9326	32.5419	93.33	125.872	13.3038	3002.29	92.71	108.475	51.677	39.0867	0.006833	0.003167	0.003167					
2015/04/03 12:10:00		2.0923	123.107	33.3365	44.0823	1000.93	713.93	28.9873	38.6903	100.328	139.018	12.8128	2931.25	79.47	101.85	51.861	38.7408	0.005333	0.004667	0.004667					
2015/04/03 12:15:00		2.94152	148.318	33.3917	44.1802	1000.78	722.65	28.896	29.4108	99.26	128.67	12.6841	2849.58	66.69	97.971	50.179	37.0992	0.0055	0.0045	0.0045					
2015/04/03 12:20:00		2.34457	131.64	33.4823	44.1557	1000.7	714.15	28.7685	19.9191	92.32	112.24	12.2217	2728.96	57.843	99.007	50.208	37.8116	0.009667	0.000333	0.002333					
2015/04/03 12:25:00		2.12209	143.404	33.6453	43.1995	1000.6	701.78	28.6483	27.3941	103.203	130.597	12.7413	2701.67	55.597	94.6	48.5308	37.4225	0.005833	0.004167	0.004167					
2015/04/03 12:30:00		2.31523	138.829	33.8557	42.9578	1000.5	711.75	28.6467	19.7471	98.53	118.277	12.5697	2578.75	55.964	104.743	49.1425	37.7508	0.0075	0.0025	0.0025					
2015/04/03 12:35:00		2.88433	151.661	34.0979	41.087	1000.45	721.63	28.7492	19.4144	98.609	118.023	12.8795	2514.38	56.875	91.287	46.9017	36.6425	0.007667	0.002333	0.002333					
2015/04/03 12:40:00		1.66125	129.083	34.137	40.5365	1000.34	725.59	28.8907	11.3945	89.441	100.836	12.7365	2376.25	58.947	98.207	49.0442	37.7242	0.009333	0.000667	0.003					
2015/04/03 12:45:00		2.11861	139.75	34.3469	40.6849	1000.22	724.35	29.0708	14.8695	100.759	115.628	12.3504	2305.63	60.268	101.823	49.4241	36.5542	0.01	0.0	0.0					
2015/04/03 12:50:00		1.69789	161.343	34.5734	39.112	1000.05	721.44	29.2802	13.6278	102.317	115.944	12.6031	2297.71	61.972	93.962	48.6058	36.9133	0.008	0.002	0.003167					
2015/04/03 12:55:00		3.30034	147.721	34.8047	38.7724	999.91	732.27	29.4553	13.4603	106.452	119.912	12.7985	2238.96	63.722	90.627	45.1117	35.065	0.01	0.0	0.0					
2015/04/03 13:00:00		2.44168	161.371	34.9698	38.5995	999.74	729.42	29.5624	12.5781	98.243	110.821	12.5602	2127.29	63.744	95.962	46.8333	34.7133	0.007667	0.002333	0.004					
2015/04/03 13:05:00		3.31548	140.481	35.2062	38.4552	999.63	724.39	29.607	11.4615	101.622	113.083	13.0702	2097.08	62.133	94.21	44.3733	33.3917	0.006833	0.003167	0.005167					
2015/04/03 13:10:00		2.67973	139.547	35.2031	38.1599	999.57	718.84	29.6945	7.542	90.67	98.212	12.4934	1994.79	62.393	88.328	44.6133	33.7067	0.01	0.0	0.0025					
2015/04/03 13:15:00		2.87275	143.447	35.0625	38.0109	999.4	713.65	29.7973	4.96917	81.266	86.236	12.4124	1873.96	63.547	72.708	41.9467	32.735	0.0095	0.0005	0.0005					
2015/04/03 13:20:00		3.4676	141.928	35.0443	38.7776	999.29	714.34	29.8741	4.5292	72.236	76.765	11.9643	1759.17	62.744	83.118	43.3	33.8467	0.007667	0.002333	0.0035					
2015/04/03 13:25:00		2.855	140.862	35.1479	38.6359	999.23	708.35	29.9592	6.9792	88.141	95.12	12.7222	1705.42	61.379	80.865	42.635	32.3817	0.005167	0.004833	0.004833					
2015/04/03 13:30:00		3.38413	137.86	35.1802	38.8339	999.18	699.53	30.0706	5.2014	85.422	90.624	12.6174	1636.04	61.972	77.683	42.9883	32.8867	0.009667	-0.0025	0.000333					
2015/04/03 13:35:00		2.43489	128.998	35.0714	39.4016	999.11	698.81	30.1163	4.87537	80.722	85.598	13.523	1555.83	61.983	92.072	45.165	34.2917	0.006833	0.003167	0.003167					
2015/04/03 13:40:00		2.84639	130.382	34.9094	39.224	999.07	683.4	30.185	3.21153	73.04	76.252	13.9139	1594.38	62.872	86.621	46.5517	36.5242	0.008333	0.001667	0.002167					
2015/04/03 13:45:00		2.91518	146.527	34.8427	39.5281	999.0	663.74	30.2456	4.3684	79.028	83.396	13.4563	1586.04	63.311	91.248	45.8825	34.8275	0.006333	0.003667	0.003667					
2015/04/03 13:50:00		2.287	141.158	35.0974	39.4755	998.93	644.96	30.3039	4.6163	87.5	92.117	13.299	1584.38	63.14	101.668	47.7008	35.8483	0.0075	0.0025	0.0025					
2015/04/03 13:55:00		3.10069	134.573	35.4078	38.1521	998.77	647.38	30.3302	4.99373	92.902	97.896	12.9415	1768.96	63.108	109.196	51.125	39.7908	0.0045	0.0055	0.0055					
2015/04/03 14:00:00		2.71075	140.721	35.5917	36.5323	998.55	646.92	30.3761	5.2617	95.689	100.951	13.5373	1926.04	65.376	94.327	46.4533	36.225	0.009667	0.000333	0.000667					
2015/04/03 14:05:00		2.27109	142.815	35.6401	35.688	998.52	631.08	30.436	3.44603	82.112	85.558	13.4039	1961.88	67.794	79.392	43.3125	34.1017	0.004333	0.005667	0.005667					
2015/04/03 14:10:00		3.16253	143.563	35.6906	35.076	998.46	612.94	30.4859	5.0295	91.728	96.758	14.0235	1993.54	67.051	82.863	44.5117	34.7158	0.005833	0.004167	0.004167					
2015/04/03 14:15:00		1.82208	134.787	35.6344	35.2854	998.36	604.17	30.5211	3.94183	91.954	95.896	13.6279	1992.5	66.904	89.892	44.3917	34.7342	0.005667	0.004333	0.004333					
2015/04/03 14:20:00		2.289	137.313	35.6339	36.3557	998.28	593.93	30.563	3.14007	92.433	95.573	13.2752	2029.38	67.133	90.365	44.9783	34.8342	0.008833	0.001167	0.002					
2015/04/03 14:25:00		2.40403	133.69	35.6839	35.8432	998.2	579.8	30.578	4.37063	95.035	99.406	13.6899	2032.08	66.39	91.719	45.1125	34.795	0.006667	0.003333	0.003333					
2015/04/03 14:30:00		2.35948	146.164	35.6578	34.6427	998.09	565.51	30.589	5.1344	102.128	107.263	13.8996	2045.42	66.137	85.527	44.4217	34.8283	0.0095	0.0005	0.002167					
2015/04/03 14:35:00		3.23323	147.32	35.6188	34.5479	998.01	555.52	30.6237	2.77827	95.542	98.32	13.5564	2132.29	66.494	88.511	44.7417	35.2183	0.004667	0.005333	0.005333					
2015/04/03 14:40:00		3.44626	154.241	35.6786	34.6979	997.87	547.43	30.6521	3.00383	99.386	102.39	13.5898	2152.08	67.326	89.505	44.1267	34.5308	0.01	0.0	0.0025					
2015/04/03 14:45:00		2.93251	138.874	35.6896	34.524	997.8	531.77	30.6637	1.85143	90.691	92.542	13.5516	2155.21	68.847	100.233	45.1583	34.23	0.0045	0.0055	0.0055					
2015/04/03 14:50:00		2.23188	146.701	35.6896	35.2786	997.72	519.08	30.7087	2.48793	87.809	90.296	13.3371	2175.83	68.608	107.063	46.9525	36.225	0.01	0.0	0.0015					
2015/04/03 14:55:00		2.95309	134.159	35.6896	34.9109	997.63	508.51	30.7087	6.1551	110.762	116.917	13.5421	2265.63	67.162	98.174	44.2892	33.6075	0.009667	0.000333	0.001167					
2015/04/03 15:00:00		3.04219	137.125	35.6594	35.2651	997.54	497.525	30.7216	3.35893	100.085	103.444	13.3133	2251.46	67.004	88.363	42.8958	33.01	0.0095	0.0	0.002					
2015/04/03 15:05:00		2.87771	134.651	35.6172	35.9089	997.5	488.053	30.7117	3.24727	90.996	94.243	13.5373	2154.38	66.39	87.517	44.8125	34.33	0.004833	0.005167	0.005667					
2015/04/03 15:10:00		2.15031	124.898	35.6161	35.813	997.44	477.014	30.6894	3.78997	101.057	104.847	14.6813	2172.5	65.665	98.808	43.9992	33.0717	0.009833	0.000167	0.000167					
2015/04/03 15:15:00		2.95028	137.272	35.5776	36.0984	997.43	454.191	30.684	7.0261	109.728	116.754	15.1056	2256.46	64.861	126.237	47.3925	33.2317	0.0085	0.0015	0.0015					
2015/04/03 15:20:00		2.8977	140.05	35.512	36.1771	997.36	435.852	30.6736	4.41753	106.26	110.678	15.7348	2334.79	64.547	87.72	40.0883	31.3075	0.005167	0.004833	0.004833					
2015/04/03 15:25:00		1.90355	120.18	35.4958	36.3719	997.37	422.764	30.651	4.66767	95.936	100.603	15.4774	2244.17	62.854	119.619	45.0842	32.0183	0.006	0.004	0.005167					
2015/04/03 15:30:00		2.8317	135.549	35.3417	36.4224	997.33	405.016	30.6502	3.8592	92.899	96.758	14.8625	2197.29	63.14	94.635	43.245	32.7258	0.009333	0.000667	0.000667					
2015/04/03 15:35:00		1.68318	132.311	35.3073	36.2813	997.29	386.889	30.6213	3.70733	90.51	94.217	14.219	2122.5	63.633	89.111	42.3775	32.8042	0.006	0.004	0.004					
2015/04/03 15:40:00		2.69588	134.275	35.3115	36.9391	997.22	364.459	30.5783	2.65543	89.157	91.813	14.0378	2138.13	64.276	93.288	42.6983	33.1733	0.008333	0.001667	0.002333					
2015/04/03 15:45:00		3.2595	132.063	35.2568	36.5464	997.17	348.235	30.5488	2.1373	83.036	85.174	14.0188	2104.17	65.651	89.575	42.7125	33.3058	0.009667	0.000333	0.003					
2015/04/03 15:50:00		2.91143	125.919	35.1328	36.7609	997.01	336.649	30.469	2.1507	76.679	78.83	14.1904	2106.46	66.054	87.583	42.7075	33.7008	0.007333	0.002667	0.002667					
2015/04/03 15:55:00		3.10643	131.795	35.1156	36.8438	996.96	327.702	30.3882	3.0686	89.548	92.616	14.076	2179.79	65.544	94.24	43.965	34.3017	0.003833	0.006167	0.006167					
2015/04/03 16:00:00		3.15446	131.735	35.1161	37.0823	996.91	311.398	30.3157	5.9094	105.689	111.598	14.0617	2218.96	65.397	94.725	44.0767	34.235	0.009167	0.000833	0.000833					
2015/04/03 16:05:00		3.76821	132.831	35.1437	36.7125	996.89	292.811	30.2167	2.2579	93.149	95.407	13.9473	2243.13	65.508	93.005	43.9033	33.8133	0.004167	0.005833	0.006667					
2015/04/03 16:10:00		3.01711	133.553	35.1557	36.5526	996.85	275.013	30.1498	1.60577	90.017	91.622	13.933	2397.71	65.033	92.975	43.36	33.795	0.01	0.0	0.0					
2015/04/03 16:15:00		2.68546	131.872	35.113	36.3953	996.78	258.271	30.105	2.41647	89.661	92.077	13.7185	2428.33	64.815	94.963	44.8292	34.7558	0.005167	0.004833	0.004833					
2015/04/03 16:20:00		2.54275	131.451	35.0161	37.0375	996.76	241.624	30.0738	2.91227	98.311	101.224	13.5421	2443.96	64.965	101.103	45.8266	34.9158	0.009167	0.000833	0.000833					
2015/04/03 16:25:00		2.15743	130.481	34.9026	38.5932	996.77	223.993	30.0217	4.04233	103.268	107.311	14.2809	2566.25	63.468	95.048	44.2267	34.1017	0.0035	0.005833	0.0065					
2015/04/03 16:30:00		2.18886	133.488	34.8812	39.7703	996.81	198.691	29.9793	6.2891	103.823	110.112	14.3477	2842.08	62.536	107.725	47.615	35.6733	0.01	-0.0035	0.0					
2015/04/03 16:35:00		1.99952	122.617	34.763	39.9568	996.8	178.041	29.9705	11.0349	111.676	122.711	14.7338	2863.96	62.329	105.962	46.52	35.03	0.004833	0.005167	0.007333					
2015/04/03 16:40:00		1.75898	113.258	34.5755	39.8724	996.8	173.833	29.9358	5.7129	101.594	107.307	17.5175	2814.79	62.072	96.322	46.2083	34.9208	0.009167	0.000833	0.000833					
2015/04/03 16:45:00		2.81008	117.853	34.3854	39.6333	996.78	171.777	29.8706	7.9417	108.085	116.027	17.079	2864.79	61.822	113.654	46.0683	34.6633	0.002833	0.007167	0.007167					
2015/04/03 16:50:00		2.3178	136.458	34.2547	39.3448	996.77	160.176	29.8263	6.4901	100.424	106.914	16.2353	2965.83	61.254	101.075	45.6542	35.0867	0.01	0.0	0.0					
2015/04/03 16:55:00		1.95944	133.119	34.2089	39.7109	996.8	145.542	29.7933	12.7568	112.422	125.179	16.4498	3048.54	60.297	130.044	49.1892	35.8075	0.003167	0.006833	0.006833					
2015/04/03 17:00:00		2.31879	133.323	34.2062	39.1682	996.86	139.541	29.7952	19.2714	123.709	142.98	16.7977	3372.29	58.84	120.776	47.6708	35.2958	0.01	-0.003333	0.0					
2015/04/03 17:05:00		3.07347	136.939	34.1516	38.8974	996.91	131.024	30.1101	16.0197	123.904	139.924	16.3306	3694.79	62.301	105.178	44.8658	33.9992	0.01	0.0	0.000167					
2015/04/03 17:10:00		2.48356	126.565	34.0115	38.4365	996.97	117.607	30.2864	10.4989	112.292	122.791	15.8778	3524.17	69.233	95.276	43.5875	33.3308	0.0095	0.0005	0.0005					
2015/04/03 17:15:00		2.40813	136.316	33.8984	39.0885	996.97	88.834	30.2486	8.3638	101.529	109.893	15.4202	3294.17	64.172	110.47	44.7825	33.6508	0.004167	0.005833	0.006333					
2015/04/03 17:20:00		2.28574	97.489	33.8359	40.6672	997.05	69.716	30.0569	18.4563	115.839	134.295	14.4621	3320.42	59.311	119.24	49.2525	36.7783	0.01	-0.000333	0.0					
2015/04/03 17:25:00		3.05673	98.07	33.7526	44.1339	997.17	66.908	29.8051	22.2753	121.162	143.437	15.3391	3507.71	56.882	103.163	45.4633	34.4858	0.004	0.006	0.006167					
2015/04/03 17:30:00		2.71893	100.721	33.526	46.4677	997.24	68.899	29.6606	14.0767	109.731	123.808	15.7824	3471.04	55.854	99.984	46.29	34.9958	0.009667	-0.001	0.000333					
2015/04/03 17:35:00		1.96599	109.057	33.2974	48.3427	997.31	65.545	29.6263	10.9054	102.563	113.468	16.0637	3453.33	55.793	91.262	48.065	36.9833	0.0095	0.0005	0.0035					
2015/04/03 17:40:00		2.64066	102.38	33.0536	49.8688	997.36	60.966	29.6129	8.5492	95.278	103.827	17.2077	3330.83	56.157	89.402	46.405	35.1067	0.01	0.0	0.0					
2015/04/03 17:45:00		2.9298	102.733	32.8276	51.029	997.38	54.833	29.626	13.4223	91.269	104.692	17.1219	3296.88	55.854	91.081	48.3717	36.5967	0.007	0.003	0.006667					
2015/04/03 17:50:00		2.17392	96.469	32.6516	52.031	997.42	45.4344	29.6333	25.5516	97.671	123.223	18.0228	3397.92	56.85	94.456	48.1308	36.5392	0.01	-0.001167	0.0					
2015/04/03 17:55:00		1.72051	104.461	32.5005	53.0	997.47	36.0354	29.7267	16.3011	93.567	109.868	17.1981	3469.79	56.189	99.932	48.5125	36.9625	0.01	0.0	0.002					
2015/04/03 18:00:00		2.67494	94.769	32.2542	53.537	997.48	29.5458	29.6048	19.631	89.513	109.144	16.2925	3542.92	57.765	93.467	50.617	38.9942	0.01	-0.000167	0.0					
2015/04/03 18:05:00		3.09742	100.689	31.9714	52.586	997.54	23.9021	29.2775	27.5102	93.546	121.056	16.097	3647.92	54.8	90.782	48.4642	38.085	0.004333	0.005667	0.007333					
2015/04/03 18:10:00		1.74862	112.292	31.7422	53.078	997.56	17.2375	28.9172	23.1574	92.95	116.108	15.015	3577.5	53.954	90.678	50.972	39.3867	0.008333	0.001667	0.001667					
2015/04/03 18:15:00		3.16831	92.079	31.6302	53.392	997.65	15.6552	28.6238	24.5868	93.269	117.855	14.81	3630.63	52.807	89.84	51.269	39.6558	0.005167	0.004833	0.006333					
2015/04/03 18:20:00		2.2124	93.826	31.4859	53.611	997.74	13.5917	28.3841	28.3834	95.199	123.583	14.4764	3595.42	52.875	95.742	48.3033	38.0408	0.008333	0.000833	0.001667					
2015/04/03 18:25:00		2.67606	91.415	31.3469	53.912	997.83	10.2958	28.1497	24.8548	92.108	116.963	14.4144	3637.08	51.957	85.346	48.6767	38.4458	0.004167	0.005833	0.005833					
2015/04/03 18:30:00		2.03938	103.768	31.2266	54.22	997.88	7.9917	27.936	21.7035	87.706	109.409	13.3943	3473.96	52.329	100.204	52.573	40.9375	0.009667	0.000333	0.000333					
2015/04/03 18:35:00		2.29896	93.625	31.0823	54.647	997.96	6.8615	27.7956	29.8999	88.712	118.612	13.647	3416.46	53.957	93.31	53.857	43.3958	0.007667	0.002333	0.005167					
2015/04/03 18:40:00		2.59481	94.812	30.9333	55.136	998.03	6.074	27.6597	32.9618	88.01	120.972	13.3991	3330.83	55.664	104.933	55.464	43.78	0.008833	0.001167	0.001167					
2015/04/03 18:45:00		1.69842	96.638	30.8302	55.277	998.13	6.0667	27.5008	40.8834	88.161	129.045	13.2084	3415.42	55.647	88.032	56.101	44.3575	0.003333	0.006667	0.007					
2015/04/03 18:50:00		2.47554	128.822	30.7073	55.439	998.23	5.1479	27.366	47.1591	92.854	140.014	14.0331	3613.54	54.989	81.832	54.874	43.52	0.0095	0.0005	0.0005					
2015/04/03 18:55:00		2.46464	127.002	30.612	55.481	998.32	5.2792	27.2619	48.9167	90.509	139.426	14.1904	3653.54	55.736	84.117	56.163	44.6667	0.004167	0.005833	0.005833					
2015/04/03 19:00:00		2.18362	132.266	30.5021	55.294	998.38	5.0531	27.1993	58.464	90.965	149.429	13.4182	3655.83	58.293	82.416	53.733	42.6475	0.01	0.0	0.0					
2015/04/03 19:05:00		2.85658	133.974	30.4198	55.576	998.46	5.0969	27.1086	40.9727	88.774	129.747	13.3562	3600.42	58.39	80.971	54.532	43.4792	0.005667	0.004333	0.005167					
2015/04/03 19:10:00		3.19621	133.583	30.3276	55.756	998.49	5.1188	27.031	36.5664	86.446	123.012	13.1036	3511.88	57.768	83.21	56.002	44.0567	0.009833	-0.000667	0.000167					
2015/04/03 19:15:00		2.66116	134.818	30.2474	55.6	998.54	5.075	26.9639	29.1964	85.494	114.691	13.0702	3354.58	57.697	81.323	54.49	43.4133	0.006667	0.001	0.003333					
2015/04/03 19:20:00		3.39473	141.482	30.1568	55.807	998.66	5.5635	26.8675	21.976	78.528	100.504	12.5554	3132.08	57.19	82.85	55.315	43.8567	0.01	0.0	0.0					
2015/04/03 19:25:00		2.91076	138.915	30.0854	56.095	998.75	6.1031	26.7502	21.6298	74.156	95.786	11.9834	2973.75	55.618	81.777	54.733	43.8867	0.008333	0.001667	0.001667					
2015/04/03 19:30:00		3.30558	131.479	29.9807	56.237	998.83	6.0667	26.6218	17.353	71.017	88.37	11.7165	2773.75	55.654	82.47	55.015	42.79	0.008	-0.000333	0.002					
2015/04/03 19:35:00		3.41382	127.691	29.8885	56.667	998.86	6.0521	26.4615	22.6371	71.993	94.63	11.8928	2610.42	54.182	85.33	57.022	43.91	0.004333	0.005667	0.005667					
2015/04/03 19:40:00		3.4897	132.501	29.7901	57.394	998.85	6.0958	26.3402	17.592	68.176	85.768	11.8404	2491.67	53.175	87.76	58.923	46.19	0.0085	-0.000333	0.0015					
2015/04/03 19:45:00		3.46399	136.399	29.7016	57.871	998.91	6.074	26.2769	21.3261	73.102	94.428	18.2325	2430.63	54.518	93.498	63.512	50.812	0.004333	0.003333	0.005667					
2015/04/03 19:50:00		3.60258	137.274	29.5938	57.914	998.98	6.0813	26.2562	18.8002	72.445	91.245	17.7654	2332.92	54.982	83.203	55.764	43.3033	0.009667	-0.001667	0.000333					
2015/04/03 19:55:00		2.80762	144.344	29.4891	57.633	999.05	6.074	26.2653	18.4741	66.776	85.25	15.2152	2195.0	56.765	90.073	60.179	44.6142	0.004667	0.005333	0.005667					
2015/04/03 20:00:00		3.16319	140.79	29.3896	57.574	999.1	6.0813	26.2838	19.3429	68.371	87.714	14.2428	2109.58	56.986	81.882	54.596	39.5942	0.009333	-0.0015	0.000667					
2015/04/03 20:05:00		3.75914	139.768	29.3474	57.477	999.19	6.1104	26.3075	16.8706	64.639	81.51	13.0797	2007.92	56.007	83.36	55.563	39.0742	0.004667	0.005333	0.005333					
2015/04/03 20:10:00		3.16777	142.658	29.3026	57.777	999.28	6.0375	26.3042	15.9259	66.077	82.003	12.3361	1925.63	55.097	87.301	58.205	40.2092	0.009	0.001	0.001					
2015/04/03 20:15:00		3.42903	131.716	29.299	58.034	999.41	6.1177	26.3136	19.2111	71.9	91.111	12.3552	1983.75	54.171	81.393	54.265	37.4917	0.005167	0.004833	0.004833					
2015/04/03 20:20:00		4.1831	134.304	29.2089	58.233	999.53	6.0521	26.3332	10.8607	55.225	66.086	11.9405	1878.13	54.225	79.479	52.987	36.6592	0.009333	0.000333	0.000333					
2015/04/03 20:25:00		4.34999	138.231	29.1656	58.63	999.61	6.1031	26.351	10.0478	56.44	66.488	11.1683	1730.0	53.214	85.961	57.313	36.885	0.002333	0.007667	0.009167					
2015/04/03 20:30:00		4.37511	135.717	29.0766	58.76	999.75	6.1031	26.3622	8.4844	52.736	61.221	10.3389	1630.83	51.9	83.67	55.784	35.9475	0.008667	0.001167	0.001333					
2015/04/03 20:35:00		3.82287	138.23	28.9953	59.183	999.81	6.1031	26.3657	5.896	45.5988	51.495	9.8861	1501.04	51.389	85.182	56.791	36.3367	0.0025	0.0075	0.008667					
2015/04/03 20:40:00		3.69317	137.094	28.9734	59.61	999.9	6.001	26.3705	7.1913	53.407	60.599	9.4857	1440.63	50.832	84.6	56.397	36.6767	0.0085	0.000333	0.0015					
2015/04/03 20:45:00		3.54373	142.929	28.8969	59.758	999.99	5.1552	26.3896	9.1567	58.577	67.733	9.6859	1440.42	50.657	82.493	54.995	36.6008	0.003	0.007	0.008833					
2015/04/03 20:50:00		4.38727	143.786	28.8318	60.06	1000.04	5.0896	26.3786	9.6882	52.37	62.058	9.5953	1425.63	50.143	81.903	54.596	36.1158	0.007833	0.000667	0.002167					
2015/04/03 20:55:00		4.15027	145.662	28.7609	60.124	1000.16	5.8698	26.3815	5.3332	47.4748	52.808	9.438	1404.58	49.639	81.437	54.301	37.4833	0.006167	0.003667	0.003833					
2015/04/03 21:00:00		4.45352	144.846	28.6396	60.612	1000.26	5.4031	26.3692	3.93513	38.2797	42.2148	9.3856	1346.88	50.146	80.177	53.472	34.0492	0.008333	-0.000833	0.001667					
2015/04/03 21:05:00		4.07388	137.951	28.5755	61.143	1000.41	5.7094	26.3606	3.0418	34.3292	37.371	8.642	1286.67	49.2461	73.22	48.8667	33.5317	0.004667	0.005333	0.0055					
2015/04/03 21:10:00		3.88264	140.134	28.4891	61.451	1000.56	5.1042	26.3434	4.41977	39.8271	44.2468	8.2797	1246.67	49.5033	73.577	49.0583	33.3425	0.007667	0.002333	0.002333					
2015/04/03 21:15:00		4.29793	142.695	28.4188	61.888	1000.63	5.0823	26.3289	3.75647	40.4159	44.1723	8.4465	1187.5	48.0925	71.129	47.5692	32.965	0.007167	0.002333	0.002833					
2015/04/03 21:20:00		3.65121	138.095	28.3958	62.295	1000.68	5.1333	26.3214	3.7587	39.3478	43.1065	8.3989	1146.88	47.3639	73.633	49.1683	33.3733	0.008667	0.001333	0.001333					
2015/04/03 21:25:00		5.0635	140.365	28.3297	62.622	1000.71	5.1115	26.3056	4.61853	41.6072	46.2257	8.3369	1107.92	47.146	75.125	50.117	33.8567	0.005	0.005	0.005					
2015/04/03 21:30:00		3.94174	135.416	28.2703	63.043	1000.82	5.075	26.2771	5.1255	40.1146	45.2401	8.4227	1078.75	47.1567	73.317	49.2467	33.6933	0.008	0.000333	0.002					
2015/04/03 21:35:00		3.83165	142.977	28.1578	63.436	1000.83	5.0458	26.2476	4.49347	37.4478	41.9413	8.2225	1067.5	46.6888	67.851	45.7925	32.6583	0.005333	0.002833	0.004667					
2015/04/03 21:40:00		4.5485	141.291	28.0458	64.073	1000.9	5.5563	26.2189	5.4114	35.8902	41.3016	8.5752	1038.96	46.9995	70.38	47.4525	33.1192	0.01	0.0	0.0					
2015/04/03 21:45:00		4.57303	149.521	27.9443	64.823	1000.9	5.724	26.1853	4.47114	33.2098	37.6809	9.0567	1007.92	46.3066	67.688	46.42	32.3025	0.007833	0.002167	0.0045					
2015/04/03 21:50:00		4.80456	147.453	27.8432	65.55	1000.88	5.3083	26.1595	3.93737	31.2242	35.1616	8.4751	987.29	45.5173	68.364	46.355	32.5183	0.008167	-0.0015	0.001833					
2015/04/03 21:55:00		4.20316	136.394	27.7833	66.08	1000.91	5.0531	26.1179	4.5761	35.1987	39.7748	8.1224	968.96	45.5459	71.584	48.2225	33.3283	0.005667	0.002167	0.004333					
2015/04/03 22:00:00		4.39206	143.049	27.6938	66.659	1000.95	5.1406	26.08	3.819	30.3889	34.2079	7.9413	968.75	45.4602	67.881	47.2175	33.7067	0.008667	0.0	0.001333					
2015/04/03 22:05:00		4.43295	135.434	27.6458	67.04	1001.0	5.0531	26.0473	5.2684	34.6304	39.8989	8.1939	990.42	45.2601	65.85	45.1433	32.0892	0.006	0.002667	0.004					
2015/04/03 22:10:00		4.45658	142.199	27.5906	67.485	1000.98	5.0969	26.0094	4.04457	27.4859	31.5305	8.5466	998.54	45.3601	67.998	46.1983	32.6	0.007833	0.000833	0.002167					
2015/04/03 22:15:00		4.63036	143.485	27.5292	67.935	1000.97	5.1333	25.9654	6.0769	36.4345	42.5114	8.1748	973.13	44.828	67.216	46.21	32.4375	0.005	0.003167	0.005					
2015/04/03 22:20:00		4.69376	142.745	27.4844	68.389	1000.94	5.1479	25.9289	6.2198	34.6339	40.8537	10.0195	952.71	44.5565	67.963	46.1242	31.4325	0.0065	0.0035	0.0035					
2015/04/03 22:25:00		5.2023	145.793	27.426	68.852	1000.91	5.1042	25.8835	6.7692	35.1542	41.9234	9.7764	943.13	43.1457	69.325	46.585	32.3767	0.002167	0.007833	0.007833					
2015/04/03 22:30:00		4.39529	152.083	27.3833	69.386	1000.9	5.0385	25.8446	5.9027	32.3847	38.2874	9.0853	915.83	42.9314	68.537	46.4933	31.9958	-0.001333	0.011333	0.009					
2015/04/03 22:35:00		3.72038	148.331	27.3266	69.799	1000.91	5.075	25.8167	6.3025	33.8499	40.1524	8.2654	888.13	43.7458	66.104	45.1017	31.1733	0.0065	0.002333	0.0035					
2015/04/03 22:40:00		5.0113	145.693	27.2906	70.122	1000.87	5.0896	25.7955	5.1367	30.1253	35.262	8.5657	862.5	43.2564	67.077	45.575	31.38	0.007	0.003	0.003					
2015/04/03 22:45:00		3.90724	153.655	27.226	70.439	1000.88	5.126	25.7724	4.2344	25.8564	30.0908	9.009	826.46	42.9993	66.647	45.21	30.6833	0.005333	0.004667	0.004667					
2015/04/03 22:50:00		4.80618	152.964	27.188	70.776	1000.87	5.1042	25.7407	4.2143	28.4274	32.6417	8.2034	807.71	42.6243	63.727	44.515	30.3	0.006167	0.003833	0.004					
2015/04/03 22:55:00		5.6301	145.559	27.1339	71.103	1000.85	5.0969	25.7136	2.94577	22.9432	25.8889	8.1558	775.0	42.5492	64.307	44.51	30.0383	0.005167	0.004833	0.004833					
2015/04/03 23:00:00		4.76412	145.486	27.0896	71.403	1000.75	5.1771	25.6862	2.68893	20.516	23.205	8.07	747.29	41.8813	67.127	45.785	30.05	0.006167	0.003833	0.003833					
2015/04/03 23:05:00		5.1978	150.621	27.0187	71.734	1000.72	5.075	25.6588	3.42593	19.3144	22.7404	7.5552	718.96	42.0992	65.013	44.9042	30.1125	0.009667	-0.005333	0.000333					
2015/04/03 23:10:00		4.47132	151.158	26.988	72.192	1000.66	5.0385	25.6459	2.40083	20.0847	22.4855	7.3311	691.88	39.4991	61.35	43.1192	29.6817	0.006667	0.000167	0.0045					
2015/04/03 23:15:00		5.4774	151.243	26.937	72.661	1000.61	5.1115	25.9117	3.6247	20.3586	23.9833	7.3883	652.5	8.3006	63.936	44.065	29.7267	0.008667	-0.001667	0.001333					
2015/04/03 23:20:00		4.24664	152.552	26.8922	73.183	1000.6	5.075	26.2436	3.3969	18.9516	22.3485	7.3788	611.88	0.66433	62.776	43.7183	29.8683	0.007667	-0.0015	0.002333					
2015/04/03 23:25:00		4.12622	148.771	26.8417	73.671	1000.61	5.1115	26.5604	3.4371	17.9177	21.3548	7.2787	596.04	70.73	59.92	42.8358	29.11	0.01	-0.002333	0.0005					
2015/04/03 23:30:00		4.45913	142.69	26.7969	74.042	1000.62	5.1042	26.6216	4.37287	22.2688	26.6416	7.5361	582.5	267.664	59.321	42.3042	28.66	0.01	0.0	0.0					
2015/04/03 23:35:00		5.1302	145.269	26.7948	74.322	1000.61	5.0604	26.6044	3.97533	21.3753	25.3506	7.3931	567.92	136.848	60.283	41.965	28.2067	0.0055	0.0045	0.0045					
2015/04/03 23:40:00		4.22053	146.218	26.7057	74.536	1000.62	5.0823	26.5389	3.84133	19.2083	23.0497	7.498	554.79	87.892	58.794	40.9058	28.0708	0.006833	0.002833	0.004167					
2015/04/03 23:45:00		4.36949	146.859	26.6917	74.754	1000.58	5.1115	26.4551	4.0133	21.5773	25.5906	7.3597	533.54	62.779	57.511	40.5992	27.63	0.007833	0.002167	0.003667					
2015/04/03 23:50:00		3.48541	145.113	26.6901	74.968	1000.58	5.0896	26.3281	3.39913	20.2696	23.6687	7.3979	517.92	57.279	58.997	41.5058	27.8075	0.003333	0.006667	0.005833					
2015/04/03 23:55:00		3.52069	144.49	26.6896	75.229	1000.62	5.0021	26.3147	3.98427	21.4266	25.4109	7.069	508.75	48.4175	58.842	41.4617	27.6817	0.004333	0.005667	0.005667					
2015/04/04 00:00:00		3.63444	136.335	26.6896	75.357	1000.62	3.97396	26.5067	3.29193	20.2319	23.5238	7.1881	487.708	56.74	60.346	41.825	28.0742	0.009667	0.000333	0.0015					
