-- 1st mean values --
Format: XTAB(V:1;HEAD:2;COL:TCFFFFFFFFFFFFFFFFFFFFFFFF)
StartTime: 2015/04/06 00:00:00
EndTime: 2015/04/07 00:00:00
Period: 24 h
Station: Gia Lam

Time	MeasPt	Wind Spd.	Wind Dir.	Temp	RH	Barometer	Radiation	InnerTemp	NO	NO2	NOx	SO2	CO	O3	PM-10	PM-2.5	PM-1	CH4	NMHC	THC	BENZEN	TOLUEN	ETHYL BENZEN	MP-XYLEN	O-XYLEN
		m/s	degree	°C	%	hPa	W/m²	°C	µg/m3	µg/m3	µg/m3	µg/m3	µg/m3	µg/m3	µg/m3	µg/m3	µg/m3	ppm	ppmC	ppmC	ug/m3	ug/m3	ug/m3	ug/m3	ug/m3
2015/04/06 00:05:00		3.01836	141.518	26.4833	74.785	1007.92	5.0604	26.7437	6.7067	17.6781	24.3848	7.374	380.833	50.014	37.1517	26.5542	18.4233	0.009167	0.000833	0.001					
2015/04/06 00:10:00		3.1098	143.712	26.4818	74.853	1007.86	4.99479	26.545	5.4181	16.5792	21.9973	7.5599	355.417	36.3024	38.8175	27.5167	18.5125	0.008333	0.001667	0.002833					
2015/04/06 00:15:00		2.60586	144.627	26.4495	74.902	1007.85	5.0313	26.3389	7.8368	14.443	22.2798	7.0547	336.667	29.0805	36.0833	25.8725	18.4317	0.006833	0.003167	0.003167					
2015/04/06 00:20:00		2.13148	146.724	26.4089	75.067	1007.78	5.0531	26.1719	0.5025	0.332063	0.83456	6.7448	326.25	26.7196	37.6358	27.3117	19.0	0.0025	0.0075	0.007833					
2015/04/06 00:25:00		2.51327	144.348	26.4047	75.173	1007.76	5.5344	26.1386	0.477933	0.119817	0.59775	6.7115	307.708	25.9303	39.9142	28.3708	19.2608	0.006	0.004	0.004					
2015/04/06 00:30:00		2.66789	135.55	26.4052	75.282	1007.73	5.024	26.1351	46.8821	0.023963	46.9061	6.2586	295.625	28.2019	38.315	27.375	19.08	0.009	0.001	0.001833					
2015/04/06 00:35:00		3.02991	132.572	26.4057	75.337	1007.68	5.0896	26.1305	207.591	0.85241	208.443	6.2396	288.75	28.7769	41.0417	29.1875	19.47	0.009	-0.000667	0.001667					
2015/04/06 00:40:00		3.02295	139.562	26.4063	75.406	1007.57	5.0167	26.174	212.897	0.65728	213.554	6.0489	278.125	29.1627	40.8217	28.8608	19.4983	0.008	0.002	0.002333					
2015/04/06 00:45:00		3.17649	141.754	26.4063	75.461	1007.53	5.0823	26.2046	216.251	0.558	216.809	5.8773	274.167	30.3806	40.3942	28.5975	19.4375	0.007167	0.002833	0.0035					
2015/04/06 00:50:00		2.95471	142.281	26.4063	75.613	1007.5	5.0458	26.225	167.169	8.9349	176.104	6.0012	262.292	30.8306	39.6792	28.3367	19.2917	0.008	0.002	0.002					
2015/04/06 00:55:00		2.95127	133.977	26.4057	75.568	1007.43	5.024	26.2385	7.4705	17.7226	25.1931	5.8487	249.583	30.7842	37.655	27.7467	19.595	0.006833	0.002833	0.003167					
2015/04/06 01:00:00		2.5025	136.977	26.4063	75.535	1007.4	5.0969	26.2277	5.8714	14.8573	20.7287	5.9202	242.917	30.7806	42.7275	30.4383	20.6333	0.01	-0.000167	0.0015					
2015/04/06 01:05:00		3.11222	134.308	26.4057	75.64	1007.38	5.024	26.2433	6.537	16.9695	23.5064	5.9202	252.5	31.2057	37.0683	27.1683	19.1658	0.0075	0.0025	0.002667					
2015/04/06 01:10:00		2.70644	136.786	26.363	75.705	1007.27	5.0458	26.2454	8.4197	17.6952	26.1149	6.1919	237.083	31.5735	37.3475	27.1258	18.97	0.0085	0.0015	0.0035					
2015/04/06 01:15:00		2.44959	142.627	26.3182	75.974	1007.2	5.0896	26.2326	5.7508	16.1307	21.8816	5.9869	234.375	30.6663	38.21	27.5617	19.8267	0.006833	0.003167	0.003333					
2015/04/06 01:20:00		3.0559	142.006	26.3198	76.091	1007.2	5.0677	26.2385	4.3952	13.9535	18.3487	6.1728	231.25	30.7842	37.3883	27.1367	19.1417	0.008833	0.001167	0.001667					
2015/04/06 01:25:00		2.31037	142.798	26.3193	76.061	1007.25	5.0604	26.2371	3.23163	13.3339	16.5655	6.4112	217.917	30.9235	39.155	27.4083	18.7467	0.003833	0.006167	0.006167					
2015/04/06 01:30:00		2.34747	136.459	26.3188	76.114	1007.19	5.0458	26.2277	3.2964	12.4849	15.7813	6.3206	216.042	30.9592	37.8942	26.6833	18.6567	0.009833	0.000167	0.000167					
2015/04/06 01:35:00		2.55829	131.885	26.3203	76.167	1007.17	5.0458	26.2307	3.95523	13.3681	17.3233	6.3492	213.125	30.9128	38.5717	27.36	18.805	0.005	0.005	0.005					
2015/04/06 01:40:00		3.15448	147.89	26.2906	76.154	1007.1	5.0458	26.2347	4.5158	13.5187	18.0345	6.1919	212.708	30.3949	37.8133	27.2883	18.9283	0.01	0.0	0.0					
2015/04/06 01:45:00		2.79074	135.636	26.2141	76.187	1007.04	5.075	26.2436	4.0736	14.402	18.4756	6.1824	208.75	30.5913	38.6383	27.2683	19.01	0.007833	0.002167	0.002167					
2015/04/06 01:50:00		1.75034	138.327	26.2188	76.151	1007.06	5.0167	26.2328	3.83017	14.5526	18.3828	6.2872	211.25	30.7056	38.8233	27.3875	19.0708	0.01	-0.002667	0.001					
2015/04/06 01:55:00		2.86128	135.797	26.2161	76.147	1007.1	5.0969	26.221	4.01553	14.1897	18.2052	6.3444	214.375	30.9164	37.7558	27.2025	18.9825	0.006667	0.003333	0.0035					
2015/04/06 02:00:00		2.80578	136.624	26.2198	76.122	1007.0	5.0385	26.232	3.72297	12.6355	16.3585	6.0441	202.292	30.352	40.0767	28.7083	18.805	0.0045	0.0055	0.0055					
2015/04/06 02:05:00		2.25557	137.519	26.2182	76.156	1006.83	5.024	26.2258	3.26737	13.1901	16.4575	5.9345	206.25	30.6485	38.0433	26.8258	19.0683	0.004167	0.005833	0.005833					
2015/04/06 02:10:00		2.82329	137.177	26.2125	76.111	1006.76	5.0458	26.2385	4.03564	12.9813	17.0169	5.8582	203.542	30.5449	40.7358	28.6883	20.0908	0.007833	0.002167	0.002167					
2015/04/06 02:15:00		3.1072	145.007	26.2172	76.057	1006.73	5.1042	26.2275	4.32373	13.262	17.5857	5.8868	207.292	30.4806	39.6467	28.6725	20.2408	0.004333	0.005667	0.005667					
2015/04/06 02:20:00		3.04625	143.038	26.2146	76.107	1006.77	5.0823	26.2143	3.55547	13.9295	17.485	5.7915	198.125	30.9164	42.3683	29.7108	20.0608	0.009	0.001	0.001					
2015/04/06 02:25:00		2.61585	147.051	26.2167	76.063	1006.72	5.0458	26.2111	3.67384	13.7686	17.4425	6.0632	201.042	30.8271	42.0483	28.995	19.6367	0.002333	0.007333	0.007667					
2015/04/06 02:30:00		1.58758	148.199	26.2182	76.168	1006.71	5.0604	26.2165	4.3952	16.1376	20.5328	5.8535	208.75	30.8485	47.4567	31.9	20.5508	0.01	0.0	0.0					
2015/04/06 02:35:00		2.04867	141.404	26.2151	76.248	1006.66	4.9875	26.2213	5.7866	17.4624	23.249	6.1824	206.458	30.8913	51.205	34.2267	21.7283	0.0025	0.007167	0.0075					
2015/04/06 02:40:00		2.48638	132.593	26.3161	76.117	1006.7	5.0094	26.2073	4.20983	14.8744	19.0842	5.9393	209.792	31.2557	56.068	37.3758	22.9467	0.007	0.002667	0.003					
2015/04/06 02:45:00		2.12125	137.744	26.3219	76.098	1006.71	5.0385	26.2127	4.25227	14.9976	19.2499	6.3778	205.833	30.9914	58.435	38.9958	23.6283	0.007333	0.002667	0.002667					
2015/04/06 02:50:00		1.93054	143.011	26.313	76.02	1006.78	4.9875	26.2159	4.01107	15.405	19.4161	5.9679	205.625	31.1128	53.392	35.8075	22.3217	0.006333	0.003667	0.003667					
2015/04/06 02:55:00		1.83337	129.456	26.3036	76.002	1006.79	5.0823	26.2044	5.3533	15.559	20.9124	5.9059	214.583	31.2128	53.163	35.5125	22.6292	0.004	0.006	0.006					
2015/04/06 03:00:00		2.59108	143.159	26.2167	76.123	1006.78	4.95833	26.2038	3.8793	15.292	19.1713	5.9488	216.25	31.2949	57.136	38.09	23.505	0.01	0.0	0.0					
2015/04/06 03:05:00		2.59538	135.734	26.2172	76.164	1006.72	4.98021	26.2014	3.84357	12.8204	16.6639	5.8535	223.542	31.5842	60.278	40.2	24.4383	0.003333	0.006667	0.006667					
2015/04/06 03:10:00		2.71136	131.147	26.2141	76.309	1006.61	5.0969	26.2009	5.0183	17.1886	22.2069	6.0346	225.208	31.5878	61.65	41.0942	24.37	0.007833	0.002167	0.002167					
2015/04/06 03:15:00		1.97271	142.781	26.2161	76.521	1006.62	5.0604	26.2095	3.0351	16.0828	19.1179	5.8296	222.917	31.3735	62.124	41.4158	24.925	0.0035	0.0065	0.006833					
2015/04/06 03:20:00		2.9085	136.207	26.212	76.666	1006.64	4.95104	26.1893	5.6392	14.3643	20.0035	5.7057	243.75	31.6985	61.693	41.225	25.3225	0.009167	0.000833	0.000833					
2015/04/06 03:25:00		3.10105	137.173	26.2135	76.692	1006.64	5.075	26.1931	6.4074	18.8694	25.2768	5.9393	238.333	32.1057	61.511	41.0867	25.2175	0.004667	0.005333	0.0055					
2015/04/06 03:30:00		2.37381	137.274	26.1677	76.815	1006.65	5.0094	26.1697	4.9245	15.2749	20.1994	6.6352	227.292	31.2914	62.274	41.6525	25.6267	0.01	-0.000167	0.0					
2015/04/06 03:35:00		2.22821	138.453	26.1198	77.021	1006.63	4.97292	26.163	4.71903	16.6545	21.3735	5.9297	222.292	31.0556	62.529	41.7133	24.8758	0.005333	0.004667	0.005333					
2015/04/06 03:40:00		2.11721	137.357	26.1203	77.285	1006.74	4.99479	26.1383	4.65873	15.696	20.3547	6.1871	238.125	31.3771	62.163	41.4817	24.5892	0.0075	0.0025	0.0025					
2015/04/06 03:45:00		2.66607	134.274	26.1198	77.294	1006.78	5.024	26.116	4.88877	14.5184	19.4071	6.7258	250.833	31.5914	54.574	36.4642	22.6967	0.0055	0.0045	0.0065					
2015/04/06 03:50:00		2.56901	133.119	26.1193	77.275	1006.86	5.0604	26.1066	3.81677	15.6686	19.4854	6.2157	259.167	31.2628	59.451	39.6467	24.3825	0.009167	0.000833	0.000833					
2015/04/06 03:55:00		2.71503	132.759	26.113	77.354	1006.88	5.0021	26.0978	4.85527	14.9223	19.7776	5.9059	264.583	31.2057	62.403	41.6108	24.4533	0.0045	0.0055	0.0055					
2015/04/06 04:00:00		2.65456	144.858	26.1167	77.375	1006.87	5.0094	26.0782	3.7319	13.3613	17.0932	6.2157	270.208	31.345	59.107	39.5875	23.9692	0.01	-0.000333	0.0					
2015/04/06 04:05:00		2.42894	135.361	26.1141	77.383	1006.84	5.0385	26.0529	4.3349	13.1833	17.5182	6.1633	265.0	31.1735	64.804	43.5467	24.4192	0.0055	0.004167	0.005667					
2015/04/06 04:10:00		1.80709	124.093	26.1172	77.464	1006.95	5.0531	26.0422	4.86643	14.7717	19.6381	6.3063	270.833	31.1735	67.302	44.8567	25.6308	0.0085	0.0015	0.0015					
2015/04/06 04:15:00		2.06528	132.931	26.2026	77.317	1006.99	5.0313	26.0411	5.0183	16.8633	21.8816	6.3254	282.5	31.1878	66.33	44.2375	26.1742	0.002667	0.007333	0.007333					
2015/04/06 04:20:00		2.09772	136.129	26.1177	77.227	1007.03	5.0969	26.0288	4.86197	16.3533	21.2152	6.2491	292.083	31.7164	61.659	41.1592	26.0942	0.009167	0.000833	0.000833					
2015/04/06 04:25:00		2.24839	142.181	26.1187	77.264	1007.04	5.0677	26.0129	4.91557	15.0387	19.9543	6.7925	304.583	32.3736	69.879	46.5892	28.315	0.002333	0.007667	0.007667					
2015/04/06 04:30:00		2.06727	131.059	26.1167	77.264	1007.03	5.0896	26.0008	5.6392	17.192	22.8311	6.9021	322.5	32.6736	75.798	50.53	30.0667	0.01	0.0	0.0					
2015/04/06 04:35:00		2.05174	135.812	26.1161	77.252	1007.08	5.075	25.9974	7.8591	21.8169	29.676	7.4741	353.958	32.9736	77.2	51.497	30.8583	0.005833	0.004167	0.004333					
2015/04/06 04:40:00		1.749	134.75	26.1172	77.31	1007.16	5.0313	26.0092	9.2103	23.0493	32.2596	7.7458	370.833	32.8236	77.27	51.542	30.9983	0.01	-0.0015	0.0					
2015/04/06 04:45:00		2.47258	133.36	26.1214	77.362	1007.19	5.075	26.0092	7.6023	21.7211	29.3233	7.9317	404.792	33.8023	73.948	49.3766	29.865	0.004833	0.005167	0.005667					
2015/04/06 04:50:00		1.81374	122.063	26.1198	77.561	1007.29	5.0167	26.0065	8.0244	19.2973	27.3217	8.6515	412.917	34.0058	74.902	49.925	30.6783	0.01	0.0	0.0					
2015/04/06 04:55:00		2.44602	126.313	26.1208	77.614	1007.32	5.0313	25.9987	10.5815	22.8336	33.4152	8.9661	451.042	33.938	75.503	50.333	30.3	0.004833	0.005167	0.006167					
2015/04/06 05:00:00		2.85681	125.391	26.1198	77.494	1007.31	5.024	26.0059	9.0227	23.532	32.5547	9.0996	501.04	33.8558	72.512	48.48	29.4017	0.009667	0.000333	0.000333					
2015/04/06 05:05:00		2.4378	134.287	26.1193	77.45	1007.36	5.0458	26.0127	8.8194	20.7146	29.534	8.8326	509.38	33.513	73.73	49.195	30.0083	0.003833	0.006167	0.007					
2015/04/06 05:10:00		2.56202	134.776	26.1547	77.535	1007.43	5.0604	26.0051	9.7105	24.3433	34.0539	8.4179	537.08	34.3416	73.065	48.715	30.4342	0.0085	0.0015	0.0015					
2015/04/06 05:15:00		2.02522	140.752	26.2167	77.461	1007.43	5.0604	26.0027	8.1584	22.5221	30.6805	9.3903	608.75	34.838	70.553	47.16	30.185	0.006667	0.001	0.003833					
2015/04/06 05:20:00		2.3623	143.705	26.2208	77.612	1007.48	5.0677	25.9912	7.5308	22.7241	30.2549	8.7611	644.58	34.4451	71.212	47.5567	30.0767	0.01	0.0	0.0					
2015/04/06 05:25:00		1.97709	136.936	26.2141	77.521	1007.6	5.0167	26.0027	11.6535	23.4156	35.0691	8.6563	658.33	34.2987	69.307	46.2659	29.4142	0.003333	0.006667	0.006667					
2015/04/06 05:30:00		2.07974	139.803	26.1193	77.59	1007.66	5.0604	25.9979	12.8685	25.4696	38.3381	8.6134	680.21	34.213	66.855	44.6708	27.8117	0.0075	0.002167	0.0025					
2015/04/06 05:35:00		1.8702	146.911	26.1453	77.767	1007.73	5.024	26.0148	16.7701	25.6202	42.3903	8.5371	738.75	33.6415	69.37	46.3117	28.8883	0.006667	0.003333	0.004833					
2015/04/06 05:40:00		1.98312	146.949	26.1563	77.745	1007.78	5.0094	26.0105	22.0609	27.0169	49.0778	11.1635	798.13	33.6058	62.838	42.1333	25.9742	0.01	-0.000333	0.0					
2015/04/06 05:45:00		1.41047	139.212	26.1198	77.828	1007.83	4.96562	26.0025	28.475	31.0394	59.514	11.9786	930.63	33.8487	62.022	41.4533	25.5992	0.004167	0.005833	0.005833					
2015/04/06 05:50:00		1.47651	135.417	26.2016	77.953	1007.9	5.0313	25.9933	36.1845	31.9465	68.131	11.4924	1065.42	33.1094	61.483	41.435	25.725	0.01	0.0	0.0					
2015/04/06 05:55:00		1.52857	130.478	26.2167	77.877	1007.97	5.024	26.1144	37.5602	32.7134	70.274	10.1006	1146.04	14.926	63.679	42.5292	25.9467	0.005167	0.004833	0.004833					
2015/04/06 06:00:00		1.38629	137.52	26.2125	77.863	1008.03	5.024	26.326	40.0169	31.8747	71.892	9.4523	1237.92	1.50724	61.316	40.9942	24.9625	0.01	-0.000833	0.0					
2015/04/06 06:05:00		1.4055	136.721	26.2167	77.906	1008.1	5.024	26.5851	46.6722	33.713	80.385	9.1568	1353.13	25.3767	78.488	52.323	30.34	0.005833	0.004167	0.004167					
2015/04/06 06:10:00		1.05475	129.119	26.2135	77.997	1008.2	5.8625	26.8302	74.026	36.4996	110.526	10.1006	1610.0	50.211	71.573	47.7108	27.76	0.009333	-0.000333	0.000667					
2015/04/06 06:15:00		0.86199	129.415	26.2151	77.931	1008.31	6.9927	27.0839	86.477	38.6255	125.102	10.6535	1918.96	60.986	70.616	47.0759	28.1742	0.007167	0.002833	0.0045					
2015/04/06 06:20:00		0.9727	119.64	26.2156	77.958	1008.35	7.7219	27.3435	86.245	39.7209	125.966	11.9024	2200.21	62.743	72.531	48.345	28.64	0.01	0.0	0.0					
2015/04/06 06:25:00		1.30055	122.653	26.2333	78.028	1008.44	9.1	27.5642	81.809	40.6863	122.496	12.2837	2355.63	64.615	67.472	45.0917	28.23	0.008	0.002	0.003833					
2015/04/06 06:30:00		1.58415	93.435	26.3167	77.904	1008.47	14.4885	27.7975	86.488	41.9564	128.444	12.3933	2463.96	67.054	77.632	53.731	37.685	0.009667	-0.003667	0.000333					
2015/04/06 06:35:00		1.63227	94.968	26.324	77.772	1008.49	19.1625	28.0039	94.861	42.0556	136.916	12.7794	2589.17	70.208	64.02	43.9808	29.57	0.008167	0.001833	0.003667					
2015/04/06 06:40:00		1.63257	90.671	26.301	77.713	1008.6	21.525	28.1921	86.236	41.4429	127.679	12.5602	2518.33	70.558	68.887	47.0142	32.5958	0.01	0.0	0.0					
2015/04/06 06:45:00		1.38426	105.339	26.2198	77.801	1008.66	24.9302	28.3892	96.721	40.4878	137.209	12.5316	2591.04	70.437	68.339	46.2275	30.8467	0.007167	0.002833	0.006167					
2015/04/06 06:50:00		1.96281	128.438	26.2208	77.785	1008.62	31.6313	28.5718	99.948	40.9568	140.905	12.8509	2728.13	69.998	62.801	42.4308	29.0558	0.009333	0.000667	0.000667					
2015/04/06 06:55:00		2.32655	131.285	26.2635	77.746	1008.62	38.3104	28.7384	98.03	41.3333	139.363	12.2027	2806.04	69.658	63.154	42.3475	29.1517	0.009167	0.000833	0.003167					
2015/04/06 07:00:00		1.78264	134.493	26.3167	77.754	1008.67	40.0167	28.9103	95.031	40.3645	135.395	11.7594	2814.38	68.972	60.058	40.4358	27.1767	0.01	-0.001167	0.0					
2015/04/06 07:05:00		1.48567	135.707	26.3198	77.655	1008.81	35.1677	29.059	103.542	41.2717	144.814	12.2265	2811.88	67.58	62.455	41.8408	27.7558	0.004	0.006	0.007333					
2015/04/06 07:10:00		2.11744	130.713	26.3776	77.625	1008.85	36.2396	29.0061	145.352	44.8594	190.211	13.0321	2964.58	88.017	62.7	42.0575	28.345	0.008833	0.001167	0.001167					
2015/04/06 07:15:00		2.6	137.598	26.4057	77.416	1008.83	44.7635	28.7624	159.554	45.1161	204.67	13.3324	3125.83	62.229	60.221	40.3517	26.5633	0.005167	0.004833	0.005833					
2015/04/06 07:20:00		2.3068	137.606	26.4604	77.164	1008.88	50.094	28.4796	127.246	42.5349	169.781	12.4839	3124.38	55.322	67.986	45.3592	28.4208	0.008333	0.001667	0.001667					
2015/04/06 07:25:00		2.26104	132.497	26.4844	76.861	1008.97	48.8833	28.2141	111.229	40.1557	151.385	12.2551	3027.08	46.6888	71.629	47.7625	29.9633	0.004667	0.005333	0.008667					
2015/04/06 07:30:00		2.03581	126.56	26.5708	76.463	1009.08	46.6156	27.9621	102.803	39.9024	142.705	11.7689	2959.17	45.153	76.085	50.731	30.5817	0.007333	0.002667	0.002667					
2015/04/06 07:35:00		2.1472	124.133	26.588	75.971	1009.11	50.13	27.8128	104.969	40.7514	145.72	12.1073	3058.54	23.7945	67.843	45.2583	28.935	0.006167	0.003833	0.006167					
2015/04/06 07:40:00		2.42473	137.542	26.6365	75.5	1009.16	55.745	27.9537	100.27	39.5121	139.782	12.7127	3193.13	0.0	71.41	47.62	28.8833	0.01	-0.0015	0.0					
2015/04/06 07:45:00		2.62588	136.444	26.6964	75.241	1009.24	59.872	28.1363	103.01	40.5836	143.594	12.789	3623.33	1.14293	73.259	48.8367	29.7933	0.009167	0.000333	0.002167					
2015/04/06 07:50:00		2.05454	132.528	26.7802	74.994	1009.36	60.047	28.3132	129.158	43.2298	172.388	12.3647	3966.46	63.136	71.252	47.4933	30.1033	0.01	0.0	0.0					
2015/04/06 07:55:00		2.89195	135.095	26.8057	74.708	1009.38	73.106	28.4915	134.795	44.8457	179.641	12.3504	4122.29	144.213	74.275	49.515	31.4967	0.005167	0.004833	0.0055					
2015/04/06 08:00:00		2.95523	136.444	26.8948	74.441	1009.36	90.577	28.6584	127.244	45.8898	173.134	13.5612	4470.83	158.561	68.812	45.915	30.765	0.0085	0.0015	0.0015					
2015/04/06 08:05:00		2.54307	127.062	26.8937	74.256	1009.44	78.947	28.7817	108.513	45.8282	154.341	13.7232	4508.75	234.801	65.668	44.29	30.1783	0.005333	0.004667	0.005					
2015/04/06 08:10:00		2.59962	132.61	26.9052	73.896	1009.48	81.958	28.6566	87.777	44.6779	132.455	13.2084	4279.79	175.23	69.188	46.2242	30.5608	0.0075	0.0025	0.0025					
2015/04/06 08:15:00		2.50548	131.419	26.9911	73.627	1009.43	95.171	28.4756	90.747	42.9115	133.659	13.0511	4313.54	96.471	69.525	46.3833	30.6567	0.001833	0.008167	0.008167					
2015/04/06 08:20:00		2.47818	134.493	26.9917	72.988	1009.4	101.777	28.2579	86.932	45.6775	132.61	13.9902	4375.42	69.223	74.176	49.4492	31.0625	0.006833	0.003167	0.003167					
2015/04/06 08:25:00		3.64936	132.607	27.0583	72.73	1009.38	112.102	28.0469	80.608	46.8552	127.463	13.6231	4339.38	61.286	89.68	59.787	31.56	0.006833	0.003167	0.003167					
2015/04/06 08:30:00		3.67147	141.342	27.0948	72.018	1009.45	94.974	27.8632	70.174	45.0887	115.262	12.8843	4020.42	56.432	72.382	48.3058	29.7117	0.008833	0.001167	0.001167					
2015/04/06 08:35:00		3.05375	139.187	27.0245	71.549	1009.59	89.454	27.6632	54.107	43.6167	97.724	11.9548	3752.5	52.061	62.374	41.8883	28.5308	0.0065	0.0035	0.003833					
2015/04/06 08:40:00		3.07354	137.587	26.9875	71.508	1009.63	107.158	27.4869	47.742	40.9499	88.692	11.7022	3423.75	49.914	74.277	49.8258	34.1492	0.0065	0.001333	0.0035					
2015/04/06 08:45:00		2.68918	127.382	26.9901	71.541	1009.66	95.674	27.3298	63.619	43.627	107.246	11.9548	3161.25	47.2924	76.455	51.142	34.1842	0.004167	0.0055	0.0065					
2015/04/06 08:50:00		3.70176	131.528	26.9906	71.412	1009.67	101.748	27.2807	60.119	42.1549	102.274	13.6803	2951.88	24.6909	72.049	48.4492	33.5683	0.0065	0.002333	0.0035					
2015/04/06 08:55:00		3.60219	134.654	26.9865	71.531	1009.61	123.557	27.4815	45.1111	39.2348	84.346	13.8281	2720.21	0.0	71.533	48.6392	33.9125	0.008167	0.0	0.002333					
2015/04/06 09:00:00		3.64974	138.907	26.9901	71.92	1009.62	114.465	27.7304	44.191	38.8617	83.053	13.6803	2524.79	2.33587	73.637	49.3592	33.9233	0.0075	0.002333	0.0025					
2015/04/06 09:05:00		4.49603	133.229	27.0339	71.79	1009.69	111.074	27.9784	52.626	40.207	92.833	15.9826	2378.54	78.012	67.011	45.695	31.9575	0.005833	0.002833	0.004167					
2015/04/06 09:10:00		3.10728	141.349	26.9911	71.919	1009.75	127.699	28.216	39.5367	36.0203	75.557	15.5012	2164.38	166.9	71.566	48.7517	34.0683	0.005833	0.004167	0.004167					
2015/04/06 09:15:00		3.22552	141.544	26.987	72.345	1009.75	149.552	28.4359	36.2023	37.1124	73.315	14.9769	2061.04	200.556	76.793	51.874	36.0717	0.006167	0.003833	0.004333					
2015/04/06 09:20:00		2.72004	150.685	26.9865	72.547	1009.87	127.305	28.4576	39.9253	38.4166	78.342	14.6337	2007.29	314.692	78.431	52.9	38.2192	0.005833	0.004167	0.004167					
2015/04/06 09:25:00		3.21717	149.401	27.0672	72.485	1009.95	116.054	28.3626	61.211	40.7274	101.939	15.2724	2067.08	138.095	68.142	45.8375	30.7067	0.005167	0.004833	0.004833					
2015/04/06 09:30:00		3.6521	147.128	27.0948	72.494	1009.92	141.714	28.1862	54.411	38.403	92.814	14.1999	2083.54	87.927	61.442	41.0508	26.6817	0.0075	0.0025	0.0025					
2015/04/06 09:35:00		3.23084	136.932	27.0943	72.502	1009.96	150.194	28.0399	51.876	37.4923	89.368	12.9701	2110.63	63.219	58.491	39.0275	25.5633	0.006333	0.003667	0.003667					
2015/04/06 09:40:00		2.99684	137.45	27.0964	72.761	1010.0	150.318	27.8694	52.524	37.8449	90.369	12.3933	2135.0	57.961	59.308	39.6625	26.005	0.005	0.005	0.005					
2015/04/06 09:45:00		3.29389	133.065	27.0974	72.738	1009.99	159.184	27.6876	47.1926	35.7396	82.932	12.0072	2088.13	51.471	64.235	43.0275	27.5575	0.008333	0.001667	0.001667					
2015/04/06 09:50:00		2.57913	146.936	27.0969	72.948	1010.02	152.804	27.5285	40.0414	33.7233	73.765	10.8442	2017.92	49.2533	60.852	41.1767	28.8858	0.0015	0.0085	0.0085					
2015/04/06 09:55:00		3.58398	145.748	27.1969	73.149	1010.02	163.093	27.3717	49.1825	35.4554	84.638	10.2245	1998.96	47.7282	55.549	38.1067	27.815	0.004167	0.005833	0.0075					
2015/04/06 10:00:00		3.33904	142.742	27.3026	72.962	1009.91	194.002	27.2608	43.3624	33.6034	76.966	10.2865	1909.79	44.2386	50.451	35.0375	25.4483	0.006167	0.001667	0.003833					
2015/04/06 10:05:00		3.33944	134.17	27.3932	72.548	1009.92	200.849	27.1548	39.2888	32.8777	72.166	11.4162	1815.21	47.7246	49.0233	33.0708	23.1567	0.009167	0.000833	0.003833					
2015/04/06 10:10:00		2.92843	142.393	27.4286	72.267	1009.95	205.457	27.1255	41.5668	33.6993	75.266	11.6354	1834.79	31.5235	48.6175	32.5308	22.2983	0.005833	0.004167	0.004167					
2015/04/06 10:15:00		2.92955	141.391	27.4865	72.377	1009.91	219.042	27.3411	52.22	34.3155	86.535	11.8261	1977.92	0.0	48.1967	32.1192	21.6367	0.009333	0.000667	0.000667					
2015/04/06 10:20:00		4.57053	135.26	27.5911	72.004	1009.92	193.178	27.6224	55.916	34.3874	90.303	11.2922	1979.38	0.23573	48.2675	32.2167	20.92	0.005167	0.003833	0.004833					
2015/04/06 10:25:00		4.50651	149.232	27.4885	71.82	1009.85	217.583	27.9	55.48	36.147	91.627	10.2245	2073.54	81.591	45.8333	30.5592	21.1158	0.008833	0.001167	0.003167					
2015/04/06 10:30:00		3.63509	150.403	27.4094	72.044	1009.81	244.147	28.1835	45.8905	34.9694	80.86	9.6239	2095.83	177.876	49.3333	32.9292	23.7833	0.004667	0.005333	0.005333					
2015/04/06 10:35:00		3.35274	146.076	27.3609	72.875	1009.84	196.919	28.3395	43.4227	33.9355	77.358	9.3951	2075.0	319.986	46.5892	31.495	22.6417	0.01	0.0	0.000667					
2015/04/06 10:40:00		3.60149	140.342	27.3901	72.845	1009.87	126.022	28.2987	42.2904	35.7499	78.04	8.9947	2015.21	227.854	46.8967	31.5017	23.6433	0.006	0.004	0.004833					
2015/04/06 10:45:00		3.33179	143.913	27.3927	72.628	1009.81	130.922	28.1921	41.4551	33.5863	75.041	8.9995	1931.67	109.668	42.9458	28.9075	22.0058	0.008	0.002	0.002					
2015/04/06 10:50:00		3.02991	147.506	27.3901	72.729	1009.72	238.89	28.0584	54.167	35.7259	89.893	9.1139	1959.17	69.087	45.675	30.6767	22.365	0.005333	0.004	0.004667					
2015/04/06 10:55:00		3.87436	137.861	27.3927	72.455	1009.68	286.883	27.9406	55.159	38.0058	93.165	9.9909	2062.71	60.279	46.4483	31.4533	22.3967	0.007167	0.002833	0.004667					
2015/04/06 11:00:00		2.58872	137.905	27.4021	72.231	1009.67	237.132	27.8023	35.2018	36.4277	71.629	10.2007	2054.79	54.632	73.268	48.9	25.9067	0.006	0.003	0.004					
2015/04/06 11:05:00		3.4686	132.258	27.4865	72.069	1009.65	161.853	27.6597	44.0681	36.4482	80.516	10.1244	2033.96	51.05	65.98	43.9883	29.4817	0.009833	-0.000333	0.002167					
2015/04/06 11:10:00		3.30697	134.608	27.4865	71.894	1009.6	151.586	27.5261	61.414	40.2139	101.628	10.8203	2031.46	50.6	61.827	41.2967	29.0183	0.0035	0.0065	0.006667					
2015/04/06 11:15:00		3.14201	145.527	27.4297	72.171	1009.53	114.931	27.4391	43.5187	37.9887	81.507	9.7431	1970.42	47.0531	65.455	43.7317	30.8867	0.009833	-0.000833	0.000167					
2015/04/06 11:20:00		2.50098	151.478	27.3906	72.326	1009.47	71.108	27.3706	48.8452	37.7217	86.567	9.581	1926.67	51.839	69.157	46.15	32.4917	0.007	0.003	0.003					
2015/04/06 11:25:00		3.2562	144.112	27.3635	72.463	1009.42	47.5198	27.3126	47.9251	36.5407	84.466	9.8336	1924.38	54.196	51.03	34.275	24.57	0.005333	0.004667	0.004667					
2015/04/06 11:30:00		3.86141	133.187	27.0938	73.477	1009.38	83.949	27.2337	40.4055	36.1162	76.522	9.6382	1901.67	53.914	44.0267	29.4517	22.4517	0.008833	0.0	0.001833					
2015/04/06 11:35:00		3.08385	134.049	26.8484	74.735	1009.28	127.145	27.2028	38.9583	33.7712	72.729	9.9671	1923.33	31.9878	42.2808	29.0558	22.1833	0.01	0.0	0.0					
2015/04/06 11:40:00		3.56948	141.929	26.6661	75.734	1009.24	128.793	27.4042	41.8683	33.4939	75.362	10.5486	1932.5	0.0	41.1842	27.545	19.655	0.008167	0.000667	0.002					
2015/04/06 11:45:00		2.20198	145.59	26.5901	76.271	1009.21	116.696	27.6565	35.6619	32.015	67.677	10.1196	1864.58	2.17872	42.5542	28.4167	20.1575	0.01	-0.0025	0.000833					
2015/04/06 11:50:00		2.85434	141.884	26.5885	76.4	1009.16	97.081	27.9191	46.6007	36.1675	82.768	9.929	1877.5	104.614	43.9675	29.5167	21.6283	0.007333	-0.000667	0.0035					
2015/04/06 11:55:00		2.82232	151.79	26.6339	76.466	1009.11	110.731	28.1972	57.508	38.4646	95.973	10.4581	1988.13	201.628	39.8058	27.0542	20.245	0.008167	0.0005	0.002333					
2015/04/06 12:00:00		3.2386	146.12	26.7219	76.408	1009.04	111.956	28.535	52.309	38.1017	90.411	9.9099	2076.46	255.003	40.525	27.8225	20.8067	0.0065	0.0035	0.0035					
2015/04/06 12:05:00		3.36613	145.325	26.7896	76.24	1009.0	110.162	28.6445	46.8665	37.0987	83.965	9.9004	2121.67	306.756	33.9858	24.1583	19.2617	0.01	-0.002333	0.001333					
2015/04/06 12:10:00		3.25294	145.321	26.6969	76.353	1008.98	88.856	28.6477	44.5036	35.4075	79.911	10.501	2098.13	116.029	33.3758	24.6842	20.7825	0.0035	0.0065	0.0075					
2015/04/06 12:15:00		2.87712	136.445	26.5464	76.745	1008.91	84.066	28.532	41.2318	32.7887	74.02	9.948	2073.54	75.687	29.4742	22.5442	18.5833	0.006667	0.002833	0.004333					
2015/04/06 12:20:00		2.90242	138.922	26.4047	77.522	1008.86	86.355	28.3527	37.8059	30.81	68.616	9.5286	1929.38	52.718	29.3342	23.3192	19.8058	0.007833	0.002167	0.0045					
2015/04/06 12:25:00		3.1828	140.695	26.3203	78.261	1008.83	110.899	28.1365	47.7844	32.4258	80.21	10.4724	1797.5	43.0386	30.84	23.8175	19.9517	0.01	0.0	0.0015					
2015/04/06 12:30:00		3.11538	138.709	26.2224	78.84	1008.79	136.945	28.1956	41.9844	33.5692	75.554	10.1864	1806.25	6.5612	37.4892	26.9775	21.0842	0.006333	0.003667	0.005					
2015/04/06 12:35:00		2.63465	146.337	26.2141	78.891	1008.69	116.514	28.4751	44.4858	33.5042	77.99	10.7059	1891.46	0.0	36.3158	26.0525	19.855	0.01	-0.000833	0.0					
2015/04/06 12:40:00		2.15891	146.197	26.3188	78.703	1008.64	88.922	28.7269	56.191	36.0682	92.259	10.9204	1882.5	0.0	38.6042	26.9458	19.6875	0.003	0.0045	0.004833					
2015/04/06 12:45:00		2.45378	149.543	26.4057	78.276	1008.62	70.911	28.9487	63.534	37.2527	100.787	10.644	1932.29	14.8438	36.9217	25.8217	19.7608	0.01	-0.001667	0.0					
2015/04/06 12:50:00		3.03614	140.564	26.4063	77.895	1008.55	52.106	29.0115	59.632	37.4889	97.121	10.3913	1983.33	206.914	36.8608	26.76	21.2067	0.0065	0.002667	0.005333					
2015/04/06 12:55:00		3.0376	141.073	26.4063	77.86	1008.46	57.487	28.9122	60.735	37.7936	98.529	10.9061	1896.67	113.804	33.6275	24.9642	20.0558	0.01	0.0	0.002333					
2015/04/06 13:00:00		2.37554	136.813	26.3484	78.401	1008.33	70.153	28.7455	47.2819	34.2299	81.512	10.6011	1876.04	73.133	40.9375	31.4825	26.05	0.005667	0.004333	0.008333					
2015/04/06 13:05:00		2.16679	152.805	26.3214	79.051	1008.25	72.64	28.5221	54.817	35.1747	89.992	10.1387	1955.0	53.4	44.235	31.7167	25.1867	0.0095	0.0005	0.000667					
2015/04/06 13:10:00		1.84482	149.396	26.3224	79.548	1008.19	64.407	28.2853	72.264	35.7259	107.99	10.01	2080.0	44.5744	42.6275	30.9742	25.1825	0.0025	0.0075	0.008					
2015/04/06 13:15:00		2.09912	145.132	26.275	79.734	1008.14	73.383	28.2777	79.02	37.0199	116.04	10.439	2222.92	7.3612	37.4108	28.6275	23.3308	0.01	0.0	0.0					
2015/04/06 13:20:00		2.54525	139.229	26.2182	80.041	1008.04	94.865	28.521	73.506	35.5719	109.078	10.2054	2256.46	0.0	39.3733	28.76	22.9033	0.005667	0.003667	0.003667					
2015/04/06 13:25:00		3.95592	136.382	26.1672	80.235	1007.96	107.647	28.7449	61.758	34.0519	95.81	9.7145	2132.29	0.050003	30.665	23.9458	19.7942	0.01	-0.001833	0.0					
2015/04/06 13:30:00		3.07108	135.699	26.1203	80.073	1007.86	99.735	28.9449	41.0531	28.6191	69.672	9.2473	1886.04	12.5758	35.335	26.0475	20.3108	0.0065	0.0035	0.003667					
2015/04/06 13:35:00		2.72867	139.812	26.1229	80.011	1007.76	116.944	28.9981	45.225	32.1896	77.415	8.9089	1851.46	201.392	48.7525	33.5133	20.7883	0.01	0.0	0.0					
2015/04/06 13:40:00		2.48307	139.659	26.1172	79.722	1007.69	127.079	28.8971	34.7976	32.0082	66.806	9.4094	1727.29	115.797	38.5667	28.1708	22.38	0.000833	0.009167	0.009167					
2015/04/06 13:45:00		2.59144	140.729	26.176	79.725	1007.61	102.091	28.735	38.4647	34.1375	72.602	9.1282	1641.46	73.63	36.035	25.67	19.6875	0.0095	0.0005	0.0005					
2015/04/06 13:50:00		2.83108	138.627	26.2177	79.371	1007.53	72.414	28.5167	37.1872	33.4049	70.592	9.2187	1646.25	51.936	38.1908	27.3975	21.3533	0.004	0.006	0.009167					
2015/04/06 13:55:00		2.70796	133.877	26.2177	79.176	1007.41	85.072	28.292	44.4009	36.4448	80.846	9.3188	1616.88	42.1349	42.6325	29.2283	23.0075	0.009833	0.000167	0.000167					
2015/04/06 14:00:00		2.93517	146.039	26.3141	79.186	1007.31	69.103	28.2963	42.3552	36.0477	78.403	9.8622	1784.38	9.7006	42.4	29.0683	22.4	0.0055	0.0045	0.0045					
2015/04/06 14:05:00		2.52135	134.337	26.3193	79.027	1007.22	65.72	28.5522	58.08	37.1842	95.264	10.6773	2080.63	0.0	41.6683	28.835	22.1983	0.01	0.0	0.0					
2015/04/06 14:10:00		2.95064	138.263	26.3182	78.672	1007.13	65.268	28.8169	43.7175	34.7229	78.44	9.8813	2211.04	0.0	44.6767	30.19	22.145	0.007333	0.002667	0.003333					
2015/04/06 14:15:00		2.91247	135.454	26.3193	78.658	1007.18	38.1208	29.0491	34.5966	32.6004	67.197	9.8432	2058.13	17.8012	38.6717	26.51	19.9067	0.01	0.0	0.0					
2015/04/06 14:20:00		3.47172	133.351	26.2734	78.662	1007.21	36.4	29.0652	32.2985	32.2752	64.574	9.376	1897.92	197.235	33.5542	25.4775	21.2367	0.001	0.009	0.009					
2015/04/06 14:25:00		2.6936	145.858	26.1812	79.057	1007.1	39.3823	28.9685	37.9108	32.1485	70.059	9.9957	1754.79	101.282	31.305	24.5117	20.175	0.009833	0.000167	0.000167					
2015/04/06 14:30:00		2.43999	139.972	26.1198	79.622	1007.01	39.2073	28.8077	38.3553	31.1078	69.463	9.4666	1743.13	67.74	34.1558	26.295	21.4933	0.004667	0.005333	0.006833					
2015/04/06 14:35:00		3.2075	139.154	26.0521	79.936	1007.02	39.3969	28.5731	48.3762	34.4627	82.839	9.2378	1877.08	49.8497	30.1983	23.9167	19.8433	0.008667	0.001333	0.001333					
2015/04/06 14:40:00		2.42666	134.286	25.9312	80.306	1007.1	38.3323	28.3269	39.9633	32.0903	72.054	9.4523	1814.79	39.5633	36.4467	26.8967	21.7117	0.003333	0.006667	0.006667					
2015/04/06 14:45:00		3.23776	133.044	25.9224	80.853	1007.07	59.675	28.3964	61.196	33.0899	94.286	9.2902	1992.92	1.9037	37.2025	26.3792	21.305	0.009833	0.000167	0.000167					
2015/04/06 14:50:00		3.04522	136.976	25.9182	81.098	1006.89	87.412	28.6238	72.545	34.3668	106.912	9.948	2187.92	0.0	31.3642	25.4125	22.9925	0.0065	0.0035	0.0035					
2015/04/06 14:55:00		3.01236	142.677	25.9182	81.22	1006.8	78.794	28.8397	66.111	36.2463	102.357	10.3913	2370.0	0.114293	31.495	24.1658	20.3508	0.01	-0.000167	0.0					
2015/04/06 15:00:00		3.23616	144.551	25.9495	81.118	1006.85	76.767	29.0399	49.207	33.1139	82.321	10.1053	2393.33	15.026	38.1975	27.32	20.7892	0.008833	0.001167	0.001333					
2015/04/06 15:05:00		2.86289	140.259	26.0182	80.837	1006.88	56.233	29.0571	54.587	33.8465	88.434	10.1578	2434.17	200.863	37.6525	27.8925	21.5983	0.009333	0.000667	0.000667					
2015/04/06 15:10:00		3.63463	145.271	26.0203	80.146	1006.87	47.9573	28.9468	58.1	37.5266	95.627	10.091	2469.38	112.19	39.2508	27.88	21.0033	0.001	0.009	0.009					
2015/04/06 15:15:00		3.28268	144.949	26.0307	79.843	1006.78	35.3063	28.7734	51.034	35.6746	86.708	9.9814	2455.21	71.962	40.7367	28.6767	20.7333	0.0095	0.0005	0.0005					
2015/04/06 15:20:00		3.47829	141.766	26.1193	79.723	1006.72	30.676	28.528	51.163	33.0694	84.233	10.1387	2508.75	51.1	37.6192	26.5842	19.5467	0.0025	0.0075	0.0075					
2015/04/06 15:25:00		2.54823	152.017	26.1094	79.468	1006.7	49.2188	28.2955	44.0458	31.1284	75.174	10.1673	2408.75	40.3455	45.205	30.4625	21.2067	0.0075	0.0025	0.0025					
2015/04/06 15:30:00		3.4761	145.663	26.0193	79.373	1006.66	53.557	28.3712	55.981	32.8092	88.79	9.6477	2472.5	1.50724	46.575	31.2033	21.1975	0.007333	0.002667	0.002667					
2015/04/06 15:35:00		3.29567	150.841	26.0141	78.938	1006.69	54.111	28.6059	53.6	34.5859	88.186	9.2712	2450.83	0.0	41.9892	28.3542	19.7683	0.01	0.0	0.0					
2015/04/06 15:40:00		3.20296	134.948	26.0203	78.471	1006.76	43.0865	28.8203	52.673	34.4182	87.091	9.7383	2378.96	0.84291	42.7642	28.7142	19.2333	0.006	0.004	0.0065					
2015/04/06 15:45:00		2.94145	147.988	26.0203	77.93	1006.77	39.3312	29.0013	46.1273	33.9423	80.07	8.9899	2266.04	16.4618	39.7067	26.57	17.5833	0.009333	0.000667	0.000667					
2015/04/06 15:50:00		2.9373	148.545	26.0724	77.59	1006.77	50.181	29.0531	34.4961	31.2961	65.792	8.8755	2144.79	177.619	48.1308	32.3792	21.0258	0.007333	0.002667	0.002667					
2015/04/06 15:55:00		2.72322	147.49	26.1318	77.271	1006.73	60.725	28.9471	54.236	39.697	93.933	9.7717	2202.29	124.04	44.305	29.7783	19.7233	0.008667	0.000833	0.001333					
2015/04/06 16:00:00		2.84507	146.574	26.2365	77.021	1006.7	62.606	28.7591	49.2986	37.8929	87.191	9.9242	2335.83	75.037	50.079	33.5975	22.1858	0.001333	0.008667	0.008667					
2015/04/06 16:05:00		3.61591	142.462	26.3276	76.536	1006.62	61.6	28.546	58.183	39.4676	97.65	10.2912	2823.13	53.307	48.5158	32.9058	22.6533	0.008333	0.001333	0.001833					
2015/04/06 16:10:00		2.48556	143.454	26.413	75.995	1006.56	65.669	28.2941	56.412	40.0051	96.417	9.7907	3111.25	43.3529	47.0958	31.455	20.8967	0.004167	0.005833	0.0075					
2015/04/06 16:15:00		3.81536	134.113	26.488	75.324	1006.56	56.904	28.2944	48.4365	36.6913	85.128	9.3474	3097.08	6.1576	40.4692	27.2242	18.3875	0.008167	0.001833	0.001833					
2015/04/06 16:20:00		3.475	133.547	26.4885	74.803	1006.59	39.7687	28.5296	47.9876	35.2535	83.241	9.0805	2826.25	0.0	43.8308	29.7033	19.4783	0.01	0.0	0.002					
2015/04/06 16:25:00		3.46036	142.304	26.4901	74.61	1006.61	34.2562	28.7691	52.075	36.0135	88.088	9.2902	2577.29	0.79648	41.3725	27.9158	18.6783	0.01	0.0	0.0					
2015/04/06 16:30:00		4.27881	146.118	26.5839	74.372	1006.61	31.0917	28.9648	42.9247	33.9903	76.915	9.7717	2412.92	15.6189	45.9725	30.9642	20.6792	0.009	0.001	0.004667					
2015/04/06 16:35:00		3.48947	156.977	26.5542	73.939	1006.59	31.1063	29.0343	40.5283	34.1957	74.724	9.4332	2224.38	181.841	41.6583	27.9475	18.8083	0.01	0.0	0.0					
2015/04/06 16:40:00		3.69721	160.81	26.488	74.006	1006.55	48.9125	28.9328	45.7007	36.9515	82.652	9.8813	2118.75	110.54	39.9858	27.2333	19.6475	0.006667	0.003333	0.005					
2015/04/06 16:45:00		3.89464	144.085	26.4885	73.66	1006.52	48.526	28.7621	48.4097	35.3185	83.728	9.4761	2114.38	71.408	37.8925	25.495	17.4217	0.008833	0.001167	0.001167					
2015/04/06 16:50:00		3.01591	153.451	26.4844	73.694	1006.54	45.2375	28.5672	36.8522	33.6206	70.473	9.3188	2103.54	50.593	39.2333	26.575	17.7925	0.005833	0.004167	0.005					
2015/04/06 16:55:00		3.3962	151.782	26.488	73.769	1006.51	74.798	28.3427	35.213	33.9629	69.176	9.071	2031.04	39.8312	43.34	29.1817	19.7325	0.007667	0.002333	0.002333					
2015/04/06 17:00:00		3.51543	148.891	26.5297	73.721	1006.52	93.37	28.3336	46.3484	36.8008	83.149	9.1186	2130.21	7.9791	43.2958	29.0275	20.5108	0.0095	0.0005	0.0005					
2015/04/06 17:05:00		2.59973	150.359	26.5917	73.647	1006.52	80.894	28.5916	55.13	36.9241	92.054	8.9327	2246.04	0.0	42.5058	28.4183	20.0875	0.009167	-0.001667	0.000833					
2015/04/06 17:10:00		4.20417	143.29	26.5896	73.45	1006.53	55.11	28.8413	60.816	37.8997	98.716	9.8861	2390.83	0.267875	38.735	26.2283	18.3083	0.006167	0.001333	0.002833					
2015/04/06 17:15:00		3.23956	145.368	26.5536	73.133	1006.57	35.7875	29.0593	56.796	36.3044	93.1	9.7383	2282.92	16.1296	37.2883	25.1767	18.0383	0.0075	0.0025	0.0025					
2015/04/06 17:20:00		2.69737	145.971	26.4875	73.426	1006.64	31.026	29.1159	50.476	36.6707	87.146	9.4714	2283.54	175.415	42.7917	28.6567	20.06	0.01	-0.000333	0.001167					
2015/04/06 17:25:00		2.75419	148.947	26.5875	73.474	1006.67	34.9708	29.0212	57.658	37.3486	95.007	8.9947	2458.54	99.139	46.9575	31.6183	22.1592	0.007667	0.002167	0.002333					
2015/04/06 17:30:00		2.75406	152.438	26.5953	73.151	1006.75	25.6302	28.8662	70.962	40.1625	111.124	9.9433	2665.63	67.076	43.8408	29.545	21.0908	0.009	0.001	0.0025					
2015/04/06 17:35:00		2.5673	144.347	26.5943	72.999	1006.88	20.5115	28.641	77.653	39.6867	117.34	11.3256	2837.29	49.3283	42.4617	28.5967	19.87	0.008667	0.001333	0.001333					
2015/04/06 17:40:00		2.45872	147.574	26.5969	72.853	1006.93	16.3844	28.4104	81.03	40.4878	121.518	11.9071	3131.25	41.4635	43.8717	29.3917	20.0183	0.01	0.0	0.0					
2015/04/06 17:45:00		2.75883	141.36	26.5891	72.856	1006.98	14.5833	28.3953	83.317	40.6247	123.941	10.2007	3132.71	11.3829	37.7983	25.3933	17.94	0.007	0.002333	0.003					
2015/04/06 17:50:00		1.88419	139.785	26.5922	72.965	1007.06	10.2667	28.6316	59.351	37.0028	96.354	10.3103	3003.33	0.053575	44.2925	29.7133	19.7742	0.01	-0.002167	0.0025					
2015/04/06 17:55:00		1.96794	134.361	26.6698	73.076	1007.14	7.5104	28.7629	84.791	38.8309	123.622	10.6535	3283.13	57.372	53.45	35.6325	22.6492	0.007167	0.002833	0.002833					
2015/04/06 18:00:00		2.70293	138.802	26.6953	72.798	1007.16	7.6708	28.5406	101.181	44.2945	145.476	10.6297	3525.0	82.663	49.535	33.1183	21.245	0.006833	0.003167	0.004					
2015/04/06 18:05:00		1.99935	150.285	26.6953	72.494	1007.16	7.2042	28.2716	93.603	42.7369	136.34	11.0301	3578.54	62.579	48.7008	32.5183	22.3817	0.0065	0.0035	0.0035					
2015/04/06 18:10:00		1.85799	143.801	26.6917	72.572	1007.2	6.1906	28.0079	116.529	46.0233	162.552	10.9967	3644.38	51.096	59.657	39.8217	26.8075	0.009333	0.000667	0.001167					
2015/04/06 18:15:00		2.33333	140.672	26.6948	72.787	1007.21	6.074	27.7652	132.298	46.0027	178.301	11.7832	3957.08	46.6174	60.705	40.4758	26.3775	0.006167	0.003833	0.003833					
2015/04/06 18:20:00		2.73743	150.771	26.6901	73.158	1007.25	6.0521	27.5593	148.066	46.5231	194.589	12.9415	4165.21	46.4031	58.21	38.92	25.5867	0.007	0.003	0.0055					
2015/04/06 18:25:00		2.91321	136.966	26.5969	73.522	1007.35	6.0594	27.3502	118.492	45.1503	163.642	12.4029	4048.33	44.6994	59.832	39.9733	25.975	0.008333	0.0005	0.001667					
2015/04/06 18:30:00		2.41713	143.552	26.5682	73.821	1007.44	5.6729	27.1529	85.22	39.2382	124.458	11.44	3696.67	43.9994	59.141	39.5417	26.8908	0.0095	0.0005	0.0005					
2015/04/06 18:35:00		2.21499	138.038	26.4849	74.199	1007.52	5.0021	26.9585	88.867	36.7187	125.585	11.8642	3483.96	41.1027	62.76	42.1492	29.245	0.0055	0.0045	0.0045					
2015/04/06 18:40:00		2.16703	134.036	26.4833	74.375	1007.57	5.0021	26.8205	97.076	39.0636	136.14	12.379	3425.63	42.7028	62.613	42.2133	30.25	0.009167	0.000833	0.000833					
2015/04/06 18:45:00		3.09904	134.403	26.4875	74.564	1007.61	5.0458	26.6959	101.882	39.8921	141.775	12.2646	3337.5	45.5387	62.62	42.0558	29.0008	0.006833	0.003167	0.003167					
2015/04/06 18:50:00		2.45281	138.66	26.4078	74.82	1007.66	5.0677	26.5558	93.436	39.7654	133.201	11.8356	3107.92	46.4173	56.448	38.0425	26.5108	0.008833	-0.001667	0.001167					
2015/04/06 18:55:00		1.85768	136.401	26.4052	75.129	1007.79	5.0167	26.4406	77.948	37.4033	115.351	10.4914	2915.21	45.4673	61.668	41.1275	27.9508	0.006167	0.002833	0.005667					
2015/04/06 19:00:00		1.94737	138.294	26.4063	75.334	1007.84	5.0604	26.3314	89.72	38.1017	127.821	10.8632	3018.54	45.7852	62.201	41.4858	27.8167	0.007833	-0.000833	0.002833					
2015/04/06 19:05:00		3.58443	139.526	26.3479	75.426	1007.84	5.0531	26.2167	92.339	38.9473	131.287	10.7441	3038.13	45.9638	57.983	39.105	27.15	0.0065	0.0035	0.003					
2015/04/06 19:10:00		2.91489	137.826	26.2427	75.405	1007.92	4.92188	26.0851	78.265	39.0876	117.353	10.3341	2840.42	45.1744	52.177	35.255	25.2275	0.007333	0.002	0.005					
2015/04/06 19:15:00		2.73118	142.09	26.1573	75.81	1007.99	3.87917	25.9821	59.572	34.6578	94.23	9.662	2617.92	44.9708	58.364	39.8908	28.8675	0.006	0.004	0.004167					
2015/04/06 19:20:00		2.01229	144.915	26.1135	76.112	1007.97	5.0458	25.8908	64.309	34.1717	98.481	10.8871	2500.63	46.0709	57.564	38.6717	27.5525	0.008333	0.001667	0.001667					
2015/04/06 19:25:00		3.10465	131.125	26.1141	76.205	1008.02	5.0458	25.7971	65.039	34.4901	99.529	10.9967	2474.17	45.8137	56.516	38.0858	26.4375	0.008	0.002	0.002					
2015/04/06 19:30:00		2.73582	143.997	26.0109	75.904	1008.11	5.024	25.7377	65.651	37.0987	102.75	11.3828	2356.67	44.8958	53.222	35.8792	24.8583	0.008667	-0.001167	0.001333					
2015/04/06 19:35:00		3.07246	136.169	26.0104	75.642	1008.19	5.1042	25.8178	55.402	34.5825	89.985	9.7764	2234.58	10.5543	53.645	36.6392	25.47	0.0065	-0.001333	0.0035					
2015/04/06 19:40:00		2.78408	145.33	26.0099	75.465	1008.23	5.1042	26.1115	70.913	35.4726	106.385	9.295	2101.88	0.0	59.542	40.1017	28.2775	0.007	0.0015	0.003					
2015/04/06 19:45:00		2.92307	130.801	26.0104	75.392	1008.37	5.0896	26.4054	56.633	33.5281	90.161	9.8622	2030.0	21.705	62.137	41.7425	28.375	0.004167	0.005667	0.005833					
2015/04/06 19:50:00		2.47355	133.255	26.0635	75.109	1008.47	4.57917	26.6793	45.1468	31.659	76.806	9.357	2083.54	140.742	63.093	42.1383	27.5567	0.009667	-0.000167	0.001667					
2015/04/06 19:55:00		2.98966	129.05	26.113	75.079	1008.59	4.25833	26.8167	64.635	33.6582	98.293	9.3093	2172.5	290.83	54.124	36.1583	24.8008	0.006333	0.003667	0.003667					
2015/04/06 20:00:00		2.63598	131.698	26.1187	75.08	1008.52	4.73229	26.7765	75.275	37.8107	113.085	8.8755	2103.54	232.373	49.2967	33.5575	24.4683	0.005667	0.004333	0.004333					
2015/04/06 20:05:00		2.81767	130.622	26.1182	75.311	1008.62	5.1406	26.6541	55.375	36.0888	91.464	9.4523	1983.54	114.072	49.8042	33.9517	24.8542	0.003833	0.006167	0.0065					
2015/04/06 20:10:00		1.94545	133.265	26.1135	75.68	1008.7	5.075	26.5085	55.941	35.7122	91.653	9.5429	1977.5	69.908	52.037	35.4442	25.6067	0.008667	-0.002	0.001667					
2015/04/06 20:15:00		2.19243	135.04	26.1104	75.808	1008.63	5.1479	26.3695	56.555	34.3429	90.898	9.7764	1977.71	57.665	51.877	35.6242	25.815	0.002667	0.007333	0.007333					
2015/04/06 20:20:00		2.25946	132.367	26.0141	75.914	1008.75	5.1333	26.2779	56.334	35.6061	91.94	9.3236	1931.46	39.1097	74.042	49.4367	26.7767	0.009667	0.000167	0.000333					
2015/04/06 20:25:00		2.32214	136.717	26.0089	76.166	1008.99	5.1698	26.4688	69.169	35.969	105.138	10.3484	1931.46	0.0	63.6	42.43	25.2567	0.004833	0.004833	0.005167					
2015/04/06 20:30:00		2.21421	143.112	26.0063	76.431	1009.11	4.56458	26.7346	59.824	36.6434	96.468	10.5629	1911.67	0.032145	55.462	36.9767	24.8183	0.0085	0.0015	0.0015					
2015/04/06 20:35:00		1.73617	138.439	26.0104	76.559	1009.15	3.87917	26.9862	54.708	34.449	89.157	9.6716	1876.04	73.783	55.47	37.0767	24.2033	0.0045	0.0055	0.0055					
2015/04/06 20:40:00		2.69456	134.587	26.0094	76.415	1009.02	4.08333	26.9964	56.832	35.1576	91.989	9.5762	1795.21	296.359	45.5917	30.5267	20.3817	0.008833	0.001167	0.001167					
2015/04/06 20:45:00		1.82325	139.582	25.925	76.299	1008.98	5.0167	26.9061	49.6671	33.7335	83.401	9.0519	1654.17	143.477	40.2533	27.3583	19.0517	0.0035	0.0065	0.0065					
2015/04/06 20:50:00		2.43837	141.917	25.9141	76.479	1009.05	5.1333	26.7606	40.9727	30.5601	71.533	8.3941	1545.83	89.595	40.8017	28.3483	19.59	0.0065	0.0035	0.0035					
2015/04/06 20:55:00		2.50105	149.629	25.9161	76.643	1009.21	5.1115	26.5896	51.025	32.2067	83.232	7.9794	1500.83	58.143	43.1033	29.8383	21.0583	0.003333	0.006667	0.006667					
2015/04/06 21:00:00		2.2156	150.875	25.9161	76.841	1009.34	5.1333	26.446	46.4913	33.1618	79.653	7.3073	1440.42	52.25	42.3783	29.0817	20.4383	0.008167	0.001833	0.001833					
2015/04/06 21:05:00		2.13205	147.092	25.9161	76.963	1009.48	5.1333	26.2905	42.1117	31.9294	74.041	6.8306	1390.0	47.7889	54.028	36.2108	21.39	0.002333	0.007667	0.007667					
2015/04/06 21:10:00		2.6343	141.242	25.9141	77.011	1009.69	5.1333	26.3934	38.7238	31.4947	70.218	7.2787	1397.29	0.310735	46.215	30.9967	20.2233	0.01	-0.004333	0.0					
2015/04/06 21:15:00		1.77806	142.216	25.912	77.13	1009.83	4.48438	26.6471	43.5366	32.1451	75.682	7.803	1386.88	0.0	50.928	34.3517	23.76	0.006167	0.003833	0.003833					
2015/04/06 21:20:00		1.90388	137.749	25.9182	77.241	1009.92	3.94479	26.904	66.707	33.6788	100.386	7.4694	1640.42	34.388	49.1925	33.5858	23.0442	0.007833	0.002167	0.002167					
2015/04/06 21:25:00		1.97052	153.321	25.913	77.189	1009.98	3.86458	27.0809	59.923	33.4391	93.362	8.089	1691.67	199.081	51.289	34.5367	23.6475	0.004167	0.005833	0.005833					
2015/04/06 21:30:00		1.80934	146.061	25.913	77.346	1010.01	3.98854	27.049	74.147	38.2592	112.406	8.2463	1673.13	264.06	49.5683	33.9292	23.27	0.008833	0.001167	0.001167					
2015/04/06 21:35:00		2.3208	135.513	25.9146	77.497	1010.0	4.69583	26.9196	65.584	35.007	100.591	8.2511	1660.42	119.604	45.7025	30.9917	21.8017	0.004667	0.005333	0.007					
2015/04/06 21:40:00		2.31089	136.04	25.9156	77.573	1010.06	5.1333	26.7429	54.583	33.018	87.601	7.9985	1525.0	75.837	44.6992	30.4792	21.7008	0.006667	0.001	0.002					
2015/04/06 21:45:00		1.70995	142.011	25.9161	77.658	1010.26	5.1188	26.5456	55.661	31.4365	87.098	7.9413	1525.83	57.39	47.4875	32.115	22.08	0.004833	0.005167	0.006667					
2015/04/06 21:50:00		1.11155	140.323	25.9161	77.791	1010.35	5.0896	26.3867	54.701	30.7929	85.494	7.7411	1754.79	53.714	53.156	35.7292	24.475	0.009667	0.000333	0.000333					
2015/04/06 21:55:00		2.33553	133.346	25.9125	77.852	1010.33	5.126	26.188	64.135	32.3984	96.533	9.2807	1847.29	48.9533	56.755	38.1783	25.845	0.002333	0.007667	0.007667					
2015/04/06 22:00:00		2.10702	133.143	25.913	77.851	1010.24	4.84896	26.2881	62.038	32.1006	94.138	10.725	1834.79	2.10371	56.858	38.2575	25.7617	0.009333	0.000667	0.000667					
2015/04/06 22:05:00		1.22076	143.024	25.9146	77.851	1010.5	3.94479	26.5424	53.223	30.6286	83.851	10.6916	1856.46	0.0	72.76	48.5083	30.6167	0.004333	0.005667	0.005667					
2015/04/06 22:10:00		1.4644	141.356	25.9104	77.879	1010.65	3.93021	26.792	86.2	33.511	119.711	10.4438	1935.63	37.7954	71.823	48.02	30.6392	0.008833	0.001167	0.001167					
2015/04/06 22:15:00		1.76301	158.893	25.913	77.911	1010.67	3.95937	27.0184	86.633	34.7879	121.421	10.0624	2008.96	165.065	79.588	53.09	34.355	0.001833	0.008167	0.008833					
2015/04/06 22:20:00		1.81166	153.028	25.9094	77.837	1010.69	3.92292	27.02	93.012	39.7278	132.739	10.4295	1930.21	338.305	69.517	46.5192	31.4542	0.007167	0.0015	0.002833					
2015/04/06 22:25:00		2.01555	161.532	25.9141	77.801	1010.83	4.00313	26.923	68.617	37.1671	105.784	9.9051	1846.46	161.282	66.456	44.6392	29.9933	0.0055	0.0045	0.004667					
2015/04/06 22:30:00		1.37041	142.088	25.912	77.953	1010.7	4.92917	26.7429	57.117	33.1002	90.218	10.0243	1821.46	97.61	62.56	42.2492	29.265	0.0065	0.0035	0.003833					
2015/04/06 22:35:00		1.55356	143.357	25.9151	78.051	1010.62	5.0531	26.5799	71.82	32.6072	104.427	8.5562	1762.5	64.622	65.672	44.8725	32.3433	0.001833	0.008167	0.008167					
2015/04/06 22:40:00		1.76345	146.618	25.8526	78.056	1010.59	5.1333	26.3928	74.153	35.654	109.807	8.7182	1647.29	59.165	63.082	45.5817	34.8767	0.01	0.0	0.0					
2015/04/06 22:45:00		2.28567	137.092	25.8068	78.147	1010.42	5.075	26.2315	53.629	32.5799	86.209	11.0396	1557.29	54.164	52.962	38.7225	28.5908	0.002833	0.007167	0.007333					
2015/04/06 22:50:00		2.62926	133.424	25.812	78.301	1010.2	5.126	26.1977	36.8411	26.9827	63.824	9.9337	1418.13	17.9262	56.451	39.7467	28.7942	0.01	-0.001	0.0					
2015/04/06 22:55:00		2.63902	131.267	25.7641	78.546	1010.13	4.30208	26.4342	37.3257	27.3114	64.637	8.6563	1309.58	0.0	56.139	38.6617	28.9808	0.005833	0.004167	0.004333					
2015/04/06 23:00:00		1.43958	129.205	25.8083	78.645	1009.88	3.91563	26.6946	35.2197	28.7868	64.006	8.7373	1271.67	13.9759	64.006	43.9058	29.4558	0.01	-0.002667	0.0					
2015/04/06 23:05:00		1.75267	112.418	25.7161	78.554	1009.61	3.94479	26.9368	36.0281	28.3212	64.349	9.0757	1222.5	143.788	64.493	43.0908	26.9425	0.003667	0.006333	0.006333					
2015/04/06 23:10:00		1.45765	113.022	25.7094	78.592	1009.66	3.53646	27.0836	37.3726	30.05	67.423	9.152	1160.83	284.247	59.274	39.5733	24.2342	0.009667	0.000333	0.000333					
2015/04/06 23:15:00		1.62204	104.507	25.6615	78.709	1009.61	3.75521	27.0248	42.4445	31.5186	73.963	8.785	1145.21	252.574	53.211	36.0175	24.0475	0.004167	0.005833	0.007167					
2015/04/06 23:20:00		2.1383	94.353	25.6177	78.833	1009.49	3.93021	26.8806	40.267	31.1044	71.371	9.8956	1138.33	116.315	42.7567	29.8167	21.3217	0.008333	0.001667	0.001667					
2015/04/06 23:25:00		1.69159	104.246	25.6135	78.958	1009.44	3.95937	26.6887	41.4373	29.848	71.285	14.5431	1080.0	72.669	40.5117	28.0983	19.9958	0.005167	0.004833	0.006667					
2015/04/06 23:30:00		1.78556	100.038	25.6161	79.057	1009.35	4.01771	26.5362	47.3735	30.4916	77.865	17.0742	1005.63	58.311	42.1917	28.8725	19.9967	0.009333	0.000667	0.000667					
2015/04/06 23:35:00		1.937	101.647	25.6115	79.162	1009.39	3.92292	26.3614	37.9153	27.7975	65.713	13.7375	930.21	50.932	45.3867	30.67	20.87	0.003833	0.006167	0.0065					
2015/04/06 23:40:00		1.93341	98.956	25.5151	79.145	1009.43	3.9375	26.4597	47.7241	28.4924	76.217	11.6259	902.5	0.04286	43.5267	29.8383	20.1967	0.009167	0.000833	0.000833					
2015/04/06 23:45:00		1.56833	99.993	25.5146	79.284	1009.45	3.85729	26.6965	38.5898	28.4547	67.045	10.3866	907.08	0.0	43.9717	29.98	20.5333	0.006	0.004	0.0045					
2015/04/06 23:50:00		1.66659	97.817	25.4813	79.411	1009.47	2.94583	26.9255	52.66	28.7937	81.453	9.6144	908.96	36.8417	43.6825	29.8933	21.21	0.007333	0.001	0.002667					
2015/04/06 23:55:00		1.21392	133.861	25.4203	79.546	1009.51	2.8	27.0039	53.417	30.8956	84.312	9.0185	921.88	306.374	44.0517	30.5342	21.7467	0.0045	0.0045	0.0055					
2015/04/07 00:00:00		1.70481	134.671	25.4182	79.615	1009.6	3.19375	26.8189	44.3317	29.7762	74.108	8.723	906.88	200.674	42.3067	29.6517	22.1433	0.006667	0.003333	0.003333					
