-- 1st mean values --
Format: XTAB(V:1;HEAD:2;COL:TCFFFFFFFFFFFFFFFFFFFFFFFF)
StartTime: 2015/04/10 00:00:00
EndTime: 2015/04/11 00:00:00
Period: 24 h
Station: Gia Lam

Time	MeasPt	Wind Spd.	Wind Dir.	Temp	RH	Barometer	Radiation	InnerTemp	NO	NO2	NOx	SO2	CO	O3	PM-10	PM-2.5	PM-1	CH4	NMHC	THC	BENZEN	TOLUEN	ETHYL BENZEN	MP-XYLEN	O-XYLEN
		m/s	degree	°C	%	hPa	W/m²	°C	µg/m3	µg/m3	µg/m3	µg/m3	µg/m3	µg/m3	µg/m3	µg/m3	µg/m3	ppm	ppmC	ppmC	ug/m3	ug/m3	ug/m3	ug/m3	ug/m3
2015/04/10 00:05:00		1.19874	39.0665	16.3995	88.071	1015.76	1.06458	25.7702	9.1567	20.9166	30.0732	8.2845	703.75	36.2453	21.8075	20.9783	20.2517	0.006	0.004	0.004167					
2015/04/10 00:10:00		0.75034	40.7457	16.337	88.139	1015.73	1.1375	25.8188	10.0813	21.4506	31.5319	7.6839	687.29	36.0881	21.805	20.5383	19.7283	0.0085	0.0005	0.005833					
2015/04/10 00:15:00		0.91617	29.2758	16.3964	88.173	1015.84	1.09375	25.8631	10.4096	18.2053	28.6149	7.1262	680.83	35.1452	22.7958	20.6167	19.6583	0.009333	0.0005	0.002					
2015/04/10 00:20:00		1.05163	20.4845	16.3943	88.236	1015.85	1.13021	25.875	0.393067	0.126663	0.51973	6.2825	685.63	35.1559	24.4408	21.4217	20.3008	0.006667	0.003	0.003333					
2015/04/10 00:25:00		0.9632	358.6	16.3214	88.291	1016.03	1.09375	25.8999	0.471234	0.39026	0.86149	6.3111	677.5	38.8919	25.3075	24.0125	23.1058	0.008833	0.001167	0.001167					
2015/04/10 00:30:00		1.01115	11.2221	16.2995	88.343	1016.16	1.14479	25.8811	61.703	0.366297	62.069	6.3254	649.38	42.16	22.185	20.5342	19.7975	0.006167	0.003833	0.004167					
2015/04/10 00:35:00		0.68157	20.3004	16.2979	88.344	1016.37	1.13021	25.8873	207.296	1.77671	209.072	6.087	644.79	41.342	22.8875	20.6292	19.7725	0.0055	0.0045	0.0045					
2015/04/10 00:40:00		1.28989	19.4927	16.2974	88.342	1016.47	1.1375	25.8809	213.504	0.7771	214.282	6.0251	638.75	39.3848	19.655	18.0242	17.2317	0.008167	-0.0015	0.001833					
2015/04/10 00:45:00		0.96963	9.52	16.3005	88.347	1016.43	1.10833	25.8376	216.423	0.42107	216.844	6.087	623.13	37.6275	17.5925	15.3383	14.2392	0.008667	0.001333	0.001333					
2015/04/10 00:50:00		0.75151	46.0544	16.3005	88.346	1016.29	1.16667	25.8272	155.661	9.7394	165.4	6.0918	610.83	36.6989	15.1433	13.9242	13.2167	0.004167	0.005833	0.005833					
2015/04/10 00:55:00		0.78569	22.9599	16.2052	88.348	1016.25	1.16667	25.8186	10.1416	17.9759	28.1175	6.2539	608.33	35.5095	16.8183	13.9625	12.7458	0.01	-0.002833	0.000333					
2015/04/10 01:00:00		1.10701	17.4194	16.2599	88.321	1016.26	1.1375	25.8089	12.4263	24.7165	37.1427	6.1728	597.5	33.9808	13.8633	12.3108	11.6017	0.007833	-0.0015	0.002167					
2015/04/10 01:05:00		0.59878	22.4153	16.2969	88.238	1016.38	1.16667	25.777	9.3197	22.125	31.4447	5.8916	588.13	32.7379	14.0167	12.6242	11.8767	0.008333	0.001667	0.001833					
2015/04/10 01:10:00		0.92771	41.9822	16.3	88.174	1016.48	1.10833	25.7386	8.9847	20.6906	29.6753	5.782	575.83	32.1629	15.4658	13.4508	12.7342	0.004333	0.005667	0.005667					
2015/04/10 01:15:00		0.79807	6.6004	16.2979	88.121	1016.53	1.10104	25.7098	8.9892	22.2174	31.2066	5.7677	564.79	32.4022	15.3783	13.3908	12.5908	0.01	-0.000167	0.0					
2015/04/10 01:20:00		0.42509	19.803	16.3927	88.019	1016.59	1.08646	25.6977	8.4353	20.1703	28.6056	5.863	563.75	32.2522	15.6067	13.8358	12.8558	0.006333	0.0025	0.003667					
2015/04/10 01:25:00		0.90999	7.929	16.3958	87.906	1016.69	1.07917	25.6816	8.6743	23.1178	31.792	5.5722	561.25	31.3735	15.8175	14.4642	13.3917	0.0085	-0.001833	0.0015					
2015/04/10 01:30:00		0.99009	18.9066	16.399	87.773	1016.77	1.11563	25.6666	8.6408	22.5392	31.18	5.3053	568.96	31.5307	15.4892	13.8042	12.7767	0.003833	0.006167	0.006167					
2015/04/10 01:35:00		1.56525	29.826	16.3984	87.602	1016.77	1.15208	25.6569	8.4844	19.6089	28.0933	5.6294	563.54	31.5092	15.225	13.61	12.3417	0.0065	0.0035	0.003667					
2015/04/10 01:40:00		0.76754	8.0662	16.3979	87.422	1016.75	1.13021	25.6349	7.0037	19.4308	26.4346	5.8773	555.42	31.2699	15.6567	13.56	11.88	0.002667	0.007333	0.0075					
2015/04/10 01:45:00		1.12916	36.3008	16.3974	87.254	1016.84	1.10104	25.6341	6.4655	18.3422	24.8077	5.5865	552.92	31.1092	14.47	12.87	11.2333	0.009167	0.0005	0.000833					
2015/04/10 01:50:00		0.57601	59.004	16.375	87.071	1016.89	1.13021	25.6384	5.3779	17.0893	22.4671	5.434	549.79	30.802	13.705	11.9867	10.4267	0.0055	0.003333	0.0045					
2015/04/10 01:55:00		0.94826	34.6888	16.2974	86.925	1016.99	1.13021	25.622	5.6302	17.1543	22.7846	5.3196	552.08	30.8306	13.5917	11.7117	9.8633	0.0075	0.002167	0.0025					
2015/04/10 02:00:00		0.418627	10.4014	16.3	86.838	1017.01	1.08646	25.5968	4.68107	16.8051	21.4862	5.1385	544.38	30.302	14.9017	12.7817	10.7483	0.006833	0.003167	0.003167					
2015/04/10 02:05:00		0.52117	3.57459	16.3484	86.882	1017.02	1.14479	25.5944	4.70787	16.1034	20.8112	5.3244	533.33	30.2627	14.2717	13.2042	11.9867	0.009167	0.000167	0.000833					
2015/04/10 02:10:00		0.51413	336.983	16.4005	86.987	1017.05	1.08646	25.5933	6.3829	19.602	25.9849	5.3577	558.13	29.7698	16.3992	15.3167	14.4625	0.005333	0.0045	0.004667					
2015/04/10 02:15:00		1.02166	307.918	16.399	87.095	1017.14	1.11563	25.5807	4.81283	17.0208	21.8336	5.1575	565.83	30.6485	21.9967	20.3142	19.4258	0.008667	0.000833	0.001333					
2015/04/10 02:20:00		1.35503	311.882	16.4	87.207	1017.23	1.16667	25.5498	5.6034	16.545	22.1484	5.1242	575.0	31.0306	19.34	17.5292	16.61	0.005833	0.004167	0.004167					
2015/04/10 02:25:00		1.66164	320.59	16.3823	87.319	1017.12	1.18125	25.5337	4.8106	16.9318	21.7424	5.3387	590.21	31.6271	12.0475	11.0317	10.3408	0.009667	0.000333	0.000333					
2015/04/10 02:30:00		0.315135	321.381	16.3005	87.385	1016.82	1.23229	25.4999	4.39073	15.5419	19.9327	5.5627	583.96	31.0521	10.5433	9.5875	8.7692	0.001667	0.008333	0.008333					
2015/04/10 02:35:00		0.129795	312.618	16.301	87.471	1016.71	1.17396	25.4918	5.4315	17.4761	22.9076	5.3005	579.38	30.9913	13.9842	12.765	12.045	0.008333	0.000167	0.001667					
2015/04/10 02:40:00		0.85616	337.041	16.2281	87.569	1016.76	1.10833	25.4473	4.3416	17.3905	21.7321	5.3911	576.67	31.2485	23.8783	21.7767	20.8417	0.0045	0.0055	0.0055					
2015/04/10 02:45:00		0.813	309.613	16.2026	87.672	1016.67	1.09375	25.4382	4.26567	16.3498	20.6155	5.4054	580.0	32.2664	23.0767	22.0642	21.0175	0.009667	0.000167	0.000333					
2015/04/10 02:50:00		1.06836	311.094	16.2026	87.767	1016.79	1.13021	25.4073	3.6917	17.0003	20.692	5.5722	572.5	33.1415	21.3525	20.1475	19.21	0.006	0.004	0.004167					
2015/04/10 02:55:00		0.463441	344.052	16.2047	87.859	1016.82	1.10104	25.3509	3.60907	18.2498	21.8589	5.2195	578.13	33.563	22.0567	20.205	19.155	0.009	0.001	0.001					
2015/04/10 03:00:00		0.59833	5.6676	16.1865	87.945	1016.68	1.07917	25.3404	4.74583	18.106	22.8518	5.4483	578.13	33.5487	22.7117	21.8708	20.9008	0.0045	0.0055	0.006833					
2015/04/10 03:05:00		0.94192	43.9857	16.1573	88.041	1016.66	1.11563	25.3342	5.2885	19.4137	24.7023	5.6914	578.33	33.6844	19.8683	18.9808	17.7708	0.0095	0.0005	0.0005					
2015/04/10 03:10:00		0.92528	0.57098	16.1047	88.109	1016.86	1.09375	25.3009	5.599	20.0539	25.6529	5.6151	582.08	33.7701	12.8833	11.1425	9.165	0.003833	0.006167	0.006333					
2015/04/10 03:15:00		0.70584	5.0708	16.1938	88.147	1017.08	1.08646	25.2875	3.9597	17.5822	21.5419	5.3625	573.54	32.9915	9.255	8.0583	6.7933	0.0105	-0.005	0.0					
2015/04/10 03:20:00		0.96311	349.528	16.2005	88.239	1017.06	1.10104	25.262	3.2629	17.1098	20.3727	5.6723	561.25	32.5022	8.9142	7.6783	6.8033	0.005667	0.004333	0.004333					
2015/04/10 03:25:00		1.06385	28.9241	16.2031	88.263	1016.66	1.15937	25.2588	4.67883	19.3316	24.0104	5.6199	565.21	32.0271	10.115	9.0142	8.1625	0.009833	-0.000333	0.000167					
2015/04/10 03:30:00		1.04053	22.0872	16.1979	88.345	1016.19	1.16667	25.2596	4.4086	19.691	24.0996	5.1814	565.42	31.8164	9.7408	9.0808	7.9417	0.004167	0.0045	0.006167					
2015/04/10 03:35:00		0.67172	44.7701	16.2396	88.345	1016.0	1.09375	25.2456	4.15177	19.1912	23.343	5.3625	565.0	31.8128	6.8117	6.355	5.67	0.008	0.000833	0.002					
2015/04/10 03:40:00		1.05437	53.176	16.2021	88.347	1015.83	1.09375	25.2322	2.92343	15.6001	18.5236	5.1528	566.04	31.8021	7.175	6.7925	6.3792	0.001167	0.008833	0.008833					
2015/04/10 03:45:00		1.29334	51.51	16.2359	88.346	1015.63	1.07917	25.2067	4.13613	19.2597	23.3958	4.98593	567.08	31.5378	7.8658	7.3608	6.7767	0.009833	-0.001	0.000167					
2015/04/10 03:50:00		0.93953	61.87	16.301	88.336	1015.61	1.09375	25.1799	5.0764	19.0748	24.1512	4.97163	583.96	31.5235	12.4533	10.7892	9.7992	0.002	0.008	0.008					
2015/04/10 03:55:00		1.16505	53.937	16.3047	88.233	1015.44	1.10104	25.1788	8.6341	24.2646	32.8987	5.2147	592.92	32.0736	28.0475	25.6192	23.805	0.01	-0.003	0.0					
2015/04/10 04:00:00		1.74721	58.667	16.3026	88.213	1015.31	1.11563	25.1565	6.3717	21.6834	28.0551	5.2529	603.96	34.0058	36.9842	34.7325	33.2267	0.005333	0.004667	0.005					
2015/04/10 04:05:00		2.15707	56.887	16.3057	88.143	1015.1	1.14479	25.1509	4.087	18.7359	22.8229	5.4054	594.79	36.5024	22.45	18.5458	16.61	0.009333	-0.001667	0.000667					
2015/04/10 04:10:00		1.70346	51.861	16.301	88.044	1014.92	1.15937	25.1517	4.6699	20.831	25.5009	5.5246	598.54	36.0845	22.5725	17.7058	14.9825	0.006167	0.003833	0.004167					
2015/04/10 04:15:00		1.82162	56.65	16.3021	87.954	1014.52	1.16667	25.1606	4.64087	19.9478	24.5886	5.6914	615.83	36.1595	15.655	12.8767	11.1892	0.01	0.0	0.0					
2015/04/10 04:20:00		2.96721	60.858	16.3078	87.849	1014.14	1.14479	25.1571	4.13613	18.8352	22.9713	5.6247	613.75	34.8952	9.4908	8.1958	7.1833	0.004667	0.005333	0.008					
2015/04/10 04:25:00		3.28037	64.46	16.3047	87.725	1013.95	1.14479	25.1506	4.09147	18.7154	22.8068	5.4197	588.54	34.1559	8.9208	7.7592	6.7525	0.01	-0.000667	0.0					
2015/04/10 04:30:00		2.74838	77.915	16.3073	87.627	1013.68	1.13021	25.1495	6.0255	19.4274	25.4529	5.2672	587.29	33.3594	11.9908	9.975	8.8725	0.005333	0.002	0.004667					
2015/04/10 04:35:00		2.44986	66.765	16.3083	87.515	1013.94	1.15208	25.1431	4.9982	19.2802	24.2784	5.0717	586.67	33.5665	15.0267	12.9858	11.4342	0.009833	-0.000333	0.000167					
2015/04/10 04:40:00		1.36407	73.114	16.3036	87.379	1014.38	1.18854	25.1552	5.3421	19.4925	24.8346	5.2195	608.13	33.5594	11.6883	10.4883	9.58	0.005333	0.004667	0.004667					
2015/04/10 04:45:00		1.0626	69.669	16.301	87.233	1014.79	1.07917	25.1546	6.6553	20.9816	27.6369	5.0908	625.0	33.4272	13.7233	10.8683	9.525	0.009667	-0.001833	0.000333					
2015/04/10 04:50:00		1.4764	66.684	16.301	87.098	1014.94	1.14479	25.1635	13.1834	27.0478	40.2311	5.3005	693.54	32.9308	10.0317	8.3583	7.295	0.003833	0.006167	0.006167					
2015/04/10 04:55:00		0.94931	58.623	16.3307	86.972	1015.18	1.11563	25.1842	9.8981	26.8903	36.7884	5.4149	719.79	32.9844	9.1492	7.2292	6.4642	0.009	0.001	0.001					
2015/04/10 05:00:00		0.72238	52.417	16.4036	86.837	1015.11	1.12292	25.2191	10.3247	27.4996	37.8243	5.1528	740.83	32.6986	11.0933	9.1233	8.13	0.0075	0.0025	0.0025					
2015/04/10 05:05:00		0.448037	33.3635	16.3964	86.691	1015.33	1.1375	25.2247	15.7584	30.6936	46.452	5.4721	758.33	32.8986	10.6833	8.2283	6.8367	0.009833	-0.000167	0.000167					
2015/04/10 05:10:00		0.77687	16.8065	16.3974	86.525	1015.65	1.1375	25.2387	15.7294	31.7548	47.4842	5.7486	784.38	32.7165	12.8783	9.2242	7.1783	0.0035	0.0065	0.0065					
2015/04/10 05:15:00		0.83644	13.8808	16.399	86.311	1015.69	1.08646	25.2771	12.4151	31.5015	43.9166	5.9011	773.96	32.7379	16.1683	12.9517	11.37	0.008667	0.001333	0.001333					
2015/04/10 05:20:00		0.7426	28.3568	16.3964	86.093	1015.94	1.15208	25.2991	11.0773	29.047	40.1243	5.4054	761.04	33.1736	24.1267	20.3008	18.73	0.003833	0.006167	0.006333					
2015/04/10 05:25:00		0.8122	19.294	16.3958	85.874	1016.15	1.15208	25.305	7.9015	24.4049	32.3065	5.4435	773.13	34.3344	30.8675	27.8625	26.1833	0.007833	0.002167	0.002167					
2015/04/10 05:30:00		0.248358	63.177	16.4427	85.673	1016.11	1.10833	25.3318	7.7854	25.8872	33.6726	6.2205	802.29	36.1738	32.6733	28.985	27.39	0.005167	0.004833	0.006667					
2015/04/10 05:35:00		0.436596	31.2001	16.499	85.551	1016.1	1.12292	25.3638	20.33	33.5418	53.872	6.4445	856.88	37.6811	29.78	25.4558	23.3608	0.009167	0.000833	0.000833					
2015/04/10 05:40:00		0.81722	22.5159	16.5026	85.35	1016.21	1.1375	25.3734	18.722	33.8431	52.565	6.149	874.79	38.549	22.53	18.4958	16.5983	0.002667	0.007333	0.01					
2015/04/10 05:45:00		0.404767	87.959	16.4969	85.117	1016.26	1.1375	25.3879	12.2744	28.9374	41.2118	5.9965	868.54	37.8561	18.4733	15.5167	13.4775	0.0085	0.001	0.0015					
2015/04/10 05:50:00		0.80135	65.458	16.5172	84.835	1016.29	1.15937	25.3904	10.8361	27.0478	37.8839	6.5971	863.54	36.5203	16.6908	14.5642	13.1933	0.0055	0.0045	0.005167					
2015/04/10 05:55:00		0.72931	79.754	16.599	84.523	1016.31	1.1375	25.2663	21.3618	33.7541	55.116	6.3826	906.88	35.0988	16.7983	13.6558	12.1975	0.01	-0.000167	0.0					
2015/04/10 06:00:00		0.93979	58.002	16.6151	84.227	1016.24	1.11563	25.0341	31.4855	37.9545	69.44	6.6447	998.96	33.7487	19.8575	15.5367	13.8033	0.007333	0.002667	0.005					
2015/04/10 06:05:00		0.9161	79.503	16.712	83.949	1016.13	1.13021	24.9009	42.6701	41.0834	83.753	6.578	1151.88	33.588	14.0	11.0667	9.5825	0.01	0.0	0.0					
2015/04/10 06:10:00		0.79299	60.473	16.7099	83.696	1016.16	1.13021	24.822	46.2211	40.0804	86.301	6.4302	1266.67	33.9201	13.8767	11.0367	9.8683	0.001833	0.008167	0.008167					
2015/04/10 06:15:00		0.52747	45.3742	16.762	83.452	1016.3	1.18854	24.774	46.5985	40.5391	87.138	6.8163	1353.96	34.0166	18.015	14.6708	12.7858	0.007	0.003	0.003					
2015/04/10 06:20:00		0.374115	21.0056	16.8031	83.206	1016.43	1.74271	24.7326	45.6761	39.2828	84.959	7.2263	1394.79	33.8666	18.37	15.7875	14.2783	0.003	0.007	0.007					
2015/04/10 06:25:00		0.7365	55.735	16.8052	83.016	1016.58	2.80729	24.7023	40.2759	39.8134	80.089	6.4445	1413.54	34.5416	18.8525	15.7242	13.5708	0.0075	0.0025	0.0025					
2015/04/10 06:30:00		0.70768	55.186	16.8052	82.744	1016.69	5.374	24.6811	28.0283	36.1504	64.179	6.4159	1364.38	33.9666	18.6158	15.6917	13.9008	0.0065	0.001833	0.004667					
2015/04/10 06:35:00		0.56905	22.5279	16.8068	82.618	1016.76	7.4812	24.6569	28.0931	34.5312	62.624	6.4827	1329.38	34.5201	22.0858	19.1192	17.2833	0.008	0.000667	0.002					
2015/04/10 06:40:00		0.58849	66.367	16.8047	82.539	1016.78	7.6635	24.6416	35.3447	37.3212	72.666	5.9345	1386.67	34.8416	23.13	19.98	18.5458	0.008833	0.000833	0.001167					
2015/04/10 06:45:00		0.85897	48.345	16.8062	82.36	1016.77	8.4438	24.6284	39.6707	38.9267	78.597	6.0251	1440.21	36.1203	18.585	16.5583	15.2133	0.009833	-0.004667	0.000167					
2015/04/10 06:50:00		0.87795	36.8971	16.8771	81.989	1016.81	11.4187	24.6078	42.0671	40.0325	82.1	6.6447	1456.88	36.3917	10.2808	8.6542	7.895	0.0085	0.0015	0.002333					
2015/04/10 06:55:00		0.89801	3.9313	16.8979	81.657	1017.05	11.7177	24.5782	30.054	36.0682	66.122	6.1109	1429.17	36.9203	18.8575	15.0508	13.1308	0.008167	0.001167	0.001833					
2015/04/10 07:00:00		0.9664	11.0814	16.9797	81.57	1017.24	13.2125	24.5618	31.1617	37.1569	68.319	6.1776	1427.29	35.9667	15.7158	12.2242	10.5342	0.0085	0.0015	0.004333					
2015/04/10 07:05:00		0.67591	2.53207	17.0042	81.312	1017.28	16.5083	24.5508	27.8407	36.9001	64.741	6.1728	1407.5	35.7345	14.0225	10.715	9.3133	0.008167	0.0015	0.001833					
2015/04/10 07:10:00		0.83871	1.44289	17.0026	81.229	1017.39	21.0365	24.5503	47.742	40.1009	87.843	6.7925	1512.29	35.5702	17.8158	13.9925	12.3458	0.007167	0.002833	0.0045					
2015/04/10 07:15:00		1.42768	2.98535	17.0953	81.098	1017.52	25.6667	24.5511	45.991	42.867	88.858	6.9641	1636.04	35.6667	20.5175	16.0458	13.7175	0.006833	0.001833	0.003167					
2015/04/10 07:20:00		0.5862	3.04393	17.1063	80.792	1017.51	30.1802	24.5457	28.8926	35.7019	64.595	6.8735	1618.96	35.5417	21.633	15.6683	13.0455	0.002833	0.007167	0.007167					
2015/04/10 07:25:00		0.83205	9.8292	17.1437	80.843	1017.69	34.6573	24.5345	41.4663	38.3413	79.808	6.8163	1685.0	35.1702	38.3325	26.8017	21.2975	0.007667	-0.0005	0.002333					
2015/04/10 07:30:00		0.99045	16.8802	17.2068	80.65	1017.8	39.8417	24.5422	46.1206	40.2413	86.362	7.1452	1722.29	36.1989	17.8733	13.185	10.885	0.001167	0.008833	0.008833					
2015/04/10 07:35:00		0.79951	10.241	17.1885	80.368	1017.78	49.6125	24.5554	30.1612	36.7324	66.894	7.5456	1733.96	35.9453	20.755	15.9608	13.9875	0.006333	0.001167	0.003667					
2015/04/10 07:40:00		0.74262	35.0898	17.2078	80.385	1017.71	64.444	24.5667	40.7829	40.4569	81.24	7.007	1846.25	35.3309	16.0483	12.6	11.0142	0.004333	0.003833	0.005667					
2015/04/10 07:45:00		1.07819	7.3112	17.2021	80.243	1017.77	73.449	24.5849	38.9985	38.9678	77.966	7.3073	1942.08	35.2416	20.0567	15.84	13.9933	0.006	0.001333	0.004167					
2015/04/10 07:50:00		0.82392	30.084	17.2958	80.122	1017.82	91.598	24.5898	31.0858	36.5783	67.664	7.1738	1914.79	34.9738	13.4567	10.715	9.5167	0.002833	0.007167	0.007167					
2015/04/10 07:55:00		0.76389	357.389	17.3453	80.17	1018.01	80.464	24.6088	29.3036	34.3292	63.633	7.3597	1850.63	34.7202	17.9525	14.63	13.2983	0.005	0.005	0.005					
2015/04/10 08:00:00		0.9722	340.243	17.4297	80.161	1018.18	67.776	24.6284	27.1484	33.9047	61.053	7.0261	1853.13	34.263	20.0717	16.35	14.87	0.007	0.000833	0.005					
2015/04/10 08:05:00		1.05406	47.8838	17.5365	80.178	1018.19	76.876	24.6548	29.1986	33.3296	62.528	7.0451	1891.25	33.7451	14.95	12.1817	11.0733	0.004667	0.0025	0.005333					
2015/04/10 08:10:00		0.80099	352.262	17.6078	79.827	1018.29	57.283	24.6668	31.2108	33.8533	65.064	7.4026	1902.71	34.9452	31.0017	22.8933	15.895	0.007667	0.001833	0.004333					
2015/04/10 08:15:00		0.71563	8.8222	17.6318	79.474	1018.3	44.5229	24.6872	30.1634	31.6556	61.819	6.8974	1888.75	34.3273	62.241	41.4917	18.2808	0.006833	0.003	0.003167					
2015/04/10 08:20:00		0.87633	25.4031	17.7089	79.252	1018.2	72.61	24.7039	33.0734	32.0013	65.075	7.2835	1962.71	34.9988	57.468	38.3142	19.6142	0.004	0.005833	0.005833					
2015/04/10 08:25:00		0.66161	18.0439	17.7807	79.046	1018.2	92.808	24.7391	41.1313	32.9119	74.043	7.2358	2053.13	35.3167	54.615	36.4117	18.8883	0.006667	0.003333	0.003333					
2015/04/10 08:30:00		0.94896	34.563	17.8089	78.417	1018.26	74.236	24.7611	32.3141	34.6784	66.992	6.9736	2030.21	35.7845	40.8675	27.2483	13.3942	0.004667	0.004	0.005333					
2015/04/10 08:35:00		0.70304	39.5001	17.8656	77.746	1018.38	64.145	24.7855	26.2908	30.0397	56.331	6.9546	1935.83	37.4346	40.2275	26.8675	15.3825	0.006833	0.003167	0.003167					
2015/04/10 08:40:00		0.69644	35.095	17.9057	77.173	1018.45	81.003	24.8131	27.5214	32.3608	59.882	7.355	1850.42	37.2346	45.2008	30.1975	16.5075	0.005667	0.0015	0.005167					
2015/04/10 08:45:00		0.95916	32.2941	17.976	76.245	1018.54	70.102	24.8719	25.8084	33.511	59.319	8.0461	1750.21	37.1775	45.0592	30.0408	16.0317	0.008833	0.001167	0.001333					
2015/04/10 08:50:00		0.487269	67.993	18.0042	75.611	1018.64	77.853	24.9186	24.9776	33.2406	58.218	7.8888	1693.54	37.0239	51.76	34.5092	17.0992	0.006	0.004	0.0045	0.0	0.0	0.0	0.0	0.0
2015/04/10 08:55:00		0.53359	64.07	18.0885	74.964	1018.54	114.545	24.9844	44.6131	39.43	84.043	8.3464	1912.29	35.2738	58.885	39.2625	19.0783	0.007167	0.002	0.002833	0.0	0.0	0.0	0.0	0.0
2015/04/10 09:00:00		0.61939	10.6399	18.2255	74.484	1018.56	123.368	25.0467	61.767	43.6338	105.401	8.4418	2019.58	34.7666	64.982	43.355	20.155	0.008667	0.000667	0.001333	0.0	0.0	0.0	0.0	0.0
2015/04/10 09:05:00		0.50675	54.358	18.3078	73.967	1018.54	98.977	25.098	56.142	41.8776	98.019	8.6944	2061.25	34.6345	43.4858	28.995	16.4517	0.0075	0.001833	0.0025	0.0	0.0	0.0	0.0	0.0
2015/04/10 09:10:00		0.454696	26.723	18.3078	73.194	1018.54	83.103	25.1495	34.6993	34.5585	69.258	7.9699	1939.79	34.088	40.135	26.75	15.22	0.007	0.001667	0.003333	0.0	0.0	0.0	0.0	0.0
2015/04/10 09:15:00		0.75227	21.5052	18.3146	73.16	1018.6	67.411	25.208	36.5976	35.1919	71.79	7.8221	1818.33	33.3772	30.7867	20.5883	12.3875	0.008167	0.0015	0.001833	0.0	0.0	0.0	0.0	0.0
2015/04/10 09:20:00		0.70778	43.5167	18.312	73.05	1018.62	82.126	25.2805	36.5999	37.2151	73.815	8.1653	1728.54	34.088	31.6442	21.1292	14.2717	0.0095	-0.000333	0.001667	0.0	0.0	0.0	0.0	0.0
2015/04/10 09:25:00		0.54563	57.892	18.3089	72.66	1018.64	78.954	25.3203	29.6989	32.6791	62.378	7.4503	1672.92	34.463	40.0775	26.8067	16.98	0.006333	0.003667	0.003667	0.0	0.0	0.0	0.0	0.0
2015/04/10 09:30:00		0.62598	66.023	18.3104	72.496	1018.61	84.809	25.3831	35.8495	35.6643	71.514	7.4598	1647.5	33.913	46.3492	30.9233	17.76	0.008833	-0.000167	0.002667	0.0	0.0	0.0	0.0	0.0
2015/04/10 09:35:00		0.61784	43.2668	18.3865	72.492	1018.64	90.169	25.4247	42.0202	39.5772	81.597	7.3931	1669.58	33.8594	48.1933	32.1392	18.2125	0.006333	0.003667	0.003667	0.0	0.0	0.0	0.0	0.0
2015/04/10 09:40:00		0.54235	48.1715	18.4115	72.478	1018.65	111.912	25.4615	36.9371	37.5711	74.508	7.8221	1652.71	34.1451	55.602	37.0592	21.295	0.007833	0.002167	0.003333	0.0	0.0	0.0	0.0	0.0
2015/04/10 09:45:00		0.64194	37.0041	18.5031	72.385	1018.63	112.671	25.509	51.154	42.9286	94.083	7.1405	1733.96	34.8166	43.9675	29.31	19.1333	0.0055	0.004167	0.0045	0.0	0.0	0.0	0.0	0.0
2015/04/10 09:50:00		0.76689	25.6746	18.5078	72.136	1018.68	103.855	25.5412	34.1209	38.8206	72.941	7.5456	1682.71	34.1916	47.205	31.7075	21.3208	0.008667	0.000667	0.001333	0.0	0.0	0.0	0.0	0.0
2015/04/10 09:55:00		0.61039	6.3885	18.5089	71.968	1018.68	110.41	25.6097	31.1684	37.7765	68.945	8.008	1616.04	34.9809	50.322	33.7317	21.9325	0.0055	0.0045	0.0045	0.0	0.0	0.0	0.0	0.0
2015/04/10 10:00:00		0.93102	5.6006	18.6135	71.845	1018.63	119.664	25.6462	33.1717	39.495	72.667	8.1748	1569.17	35.1952	45.9875	30.9133	22.4583	0.009667	0.000333	0.000333	0.0	0.0	0.0	0.0	0.0
2015/04/10 10:05:00		0.87057	26.8203	18.6125	71.375	1018.63	137.864	25.694	26.8692	40.546	67.415	8.2559	1508.96	36.006	39.8083	26.6792	20.2017	0.0055	0.0045	0.0045	0.0	0.0	0.0	0.0	0.0
2015/04/10 10:10:00		1.09062	10.2911	18.6125	71.133	1018.56	184.793	25.73	21.2412	35.7636	57.005	7.927	1418.96	35.3345	38.2958	25.9092	19.5233	0.002667	0.007333	0.007333	0.0	0.0	0.0	0.0	0.0
2015/04/10 10:15:00		0.77463	27.2263	18.7016	71.101	1018.55	170.027	25.7893	21.2926	34.0416	55.334	8.1605	1402.71	35.0059	46.6892	31.1192	19.8458	0.004667	0.005	0.0055	0.0	0.0	0.0	0.0	0.0
2015/04/10 10:20:00		0.65545	31.1863	18.7896	70.707	1018.53	140.613	25.8403	24.0977	40.4159	64.514	8.58	1459.79	34.2559	44.4117	29.62	18.3767	0.008333	0.0005	0.002	0.0	0.0	0.0	0.0	0.0
2015/04/10 10:25:00		0.52663	42.8731	18.8755	70.456	1018.52	126.853	25.8978	30.3309	44.5649	74.896	8.1939	1517.5	33.9451	48.5642	32.3758	20.27	0.007667	0.002333	0.003	0.0	0.0	0.0	0.0	0.0
2015/04/10 10:30:00		0.70597	10.6377	18.9172	70.06	1018.53	120.327	25.9461	34.6479	45.0511	79.699	8.0414	1573.96	34.2558	47.9633	31.9792	20.2	0.007333	0.002667	0.0045	0.0	0.0	0.0	0.0	0.0
2015/04/10 10:35:00		0.85628	39.9813	18.9615	69.661	1018.56	132.176	26.0027	30.0272	43.0929	73.12	8.3321	1608.96	34.2987	32.9683	22.2758	15.93	0.008167	0.001833	0.003	0.0	0.0	0.0	0.0	0.0
2015/04/10 10:40:00		0.76318	16.7344	18.9177	69.332	1018.67	103.184	26.0647	27.0166	37.1945	64.211	7.9603	1530.42	34.0701	34.5325	23.055	15.2875	0.009333	0.000667	0.003	0.0	0.0	0.0	0.0	0.0
2015/04/10 10:45:00		1.22104	17.221	18.9182	69.211	1018.63	108.952	26.1139	31.8317	38.6563	70.488	8.2654	1505.0	33.3487	31.3067	21.06	14.4308	0.004333	0.004333	0.005667	0.0	0.0	0.0	0.0	0.0
2015/04/10 10:50:00		0.7826	43.666	18.9151	69.151	1018.62	107.122	26.1711	29.1763	36.3113	65.488	8.1558	1446.04	32.9058	36.7817	24.5667	15.29	0.0095	-0.0005	0.002833	0.0	0.0	0.0	0.0	0.0
2015/04/10 10:55:00		1.06213	22.0899	18.9172	69.071	1018.71	97.942	26.213	27.3271	37.0542	64.381	8.2892	1363.13	31.8486	25.975	17.7717	12.3833	0.0085	0.0015	0.004	0.0	0.0	0.0	0.0	0.0
2015/04/10 11:00:00		0.77336	348.419	18.9094	69.424	1018.81	79.246	26.2688	18.396	31.3201	49.716	7.436	1259.38	31.2199	33.745	22.5017	14.77	0.008833	0.001167	0.001333	0.0	0.0	0.0	0.0	0.0
2015/04/10 11:05:00		0.99621	343.581	18.9172	70.148	1018.83	80.996	26.3144	22.2864	35.2809	57.567	7.8984	1312.71	31.0914	38.0117	25.3483	16.2867	0.007	0.003	0.0035	0.0	0.0	0.0	0.0	0.0
2015/04/10 11:10:00		0.86924	336.394	18.9302	70.588	1018.86	75.644	26.3456	38.3821	40.142	78.524	7.9508	1423.13	31.7414	51.647	34.4233	20.5817	0.01	0.0	0.000167	0.0	0.0	0.0	0.0	0.0
2015/04/10 11:15:00		1.2576	7.9396	18.9599	69.923	1018.81	71.604	26.3858	42.076	40.8198	82.896	8.0271	1558.54	32.3772	26.91	18.3817	13.8833	0.005667	0.004333	0.004667	0.0	0.0	0.0	0.0	0.0
2015/04/10 11:20:00		0.91216	4.3023	18.9146	69.635	1018.69	79.917	26.4347	25.1384	36.0477	61.186	8.0604	1520.42	31.4057	30.4258	20.4867	14.6617	0.01	0.0	0.001167	0.0	0.0	0.0	0.0	0.0
2015/04/10 11:25:00		0.73876	347.334	18.913	69.636	1018.68	65.997	26.4597	22.8537	36.0135	58.867	7.8602	1479.38	30.7699	34.075	22.7633	16.1567	0.008167	0.001833	0.005	0.0	0.0	0.0	0.0	0.0
2015/04/10 11:30:00		0.87224	327.571	18.9172	69.752	1018.55	66.383	26.4854	24.7297	38.9712	63.701	7.6648	1497.08	31.5092	40.8475	27.2433	17.675	0.01	-0.000333	0.000167	0.0	0.0	0.0	0.0	0.0
2015/04/10 11:35:00		0.7233	24.4233	18.9188	69.419	1018.37	78.385	26.5166	37.7389	41.3299	79.069	7.7935	1558.33	32.0129	33.4	22.2817	15.8442	0.009833	0.000167	0.003333	0.0	0.0	0.0	0.0	0.0
2015/04/10 11:40:00		0.87084	334.069	18.9188	69.047	1018.5	52.143	26.552	29.3505	40.1044	69.455	7.6553	1521.25	31.2521	32.4983	21.685	16.2433	0.01	0.0	0.0	0.0	0.0	0.0	0.0	0.0
2015/04/10 11:45:00		1.03938	317.645	18.9135	69.051	1018.49	68.228	26.5757	29.2209	40.5357	69.757	8.1844	1471.46	31.1342	28.78	20.0633	16.7242	0.006833	0.003167	0.0035	0.0	0.0	0.0	0.0	0.0
2015/04/10 11:50:00		1.00836	319.819	18.9161	69.328	1018.41	82.447	26.5998	22.273	37.441	59.714	7.6696	1411.25	30.4627	28.9725	21.1858	19.0958	0.01	0.0	0.000667	0.0	0.0	0.0	0.0	0.0
2015/04/10 11:55:00		0.9093	320.499	18.8703	70.059	1018.37	80.245	26.7034	28.6068	42.5555	71.162	7.7554	1386.67	30.9521	29.7242	22.3225	20.4475	0.006167	0.003833	0.004333	0.0	0.0	0.0	0.0	0.0
2015/04/10 12:00:00		1.01228	321.609	18.8177	70.351	1018.32	73.522	26.8855	21.7638	39.8339	61.598	7.641	1323.96	31.9879	28.7592	22.3133	20.5283	0.01	-0.000833	0.0	0.0	0.0	0.0	0.0	0.0
2015/04/10 12:05:00		1.16007	314.506	18.7786	70.95	1018.25	60.426	27.0098	18.5679	41.0115	59.579	7.7887	1287.08	32.5736	36.5258	26.1992	23.6383	0.007833	0.002167	0.004	0.0	0.0	0.0	0.0	0.0
2015/04/10 12:10:00		1.13485	311.885	18.8188	71.762	1018.12	49.051	27.0935	26.6236	43.6851	70.309	7.8602	1345.63	33.8165	47.4892	31.7642	25.8492	0.01	0.0	0.0	0.0	0.0	0.0	0.0	0.0
2015/04/10 12:15:00		1.17871	321.4	18.8161	71.708	1017.96	53.061	27.1558	24.723	43.9351	68.658	8.6181	1320.83	34.2487	54.888	36.6025	27.0367	0.005833	0.004167	0.005	0.0	0.0	0.0	0.0	0.0
2015/04/10 12:20:00		0.62451	317.754	18.8161	71.965	1017.79	67.149	27.2264	21.9045	42.4425	64.347	8.1987	1324.38	35.0059	53.217	35.475	22.6192	0.01	-0.002333	0.0	0.0	0.0	0.0	0.0	0.0
2015/04/10 12:25:00		0.86043	321.3	18.8792	72.152	1017.65	83.169	27.2543	30.3041	46.0849	76.389	8.3798	1381.04	36.4346	69.674	46.4558	29.0283	0.008833	0.001167	0.0025	0.0	0.0	0.0	0.0	0.0
2015/04/10 12:30:00		1.03522	312.325	18.9151	72.111	1017.62	83.635	27.2726	32.1488	47.5467	79.696	9.4475	1482.5	37.4275	50.931	34.5675	28.3683	0.01	-0.002	0.0	0.0	0.0	0.0	0.0	0.0
2015/04/10 12:35:00		1.22342	313.892	18.9151	72.176	1017.67	52.996	27.2968	27.8474	46.369	74.216	8.7611	1494.17	37.4561	41.4158	30.2192	27.5167	0.009	0.001	0.003333	0.0	0.0	0.0	0.0	0.0
2015/04/10 12:40:00		1.23915	309.739	18.9151	72.489	1017.52	55.57	27.2997	27.0077	45.6604	72.668	8.9899	1425.42	38.1918	35.6383	26.9117	24.5275	0.009167	0.000833	0.000833	0.0	0.0	0.0	0.0	0.0
2015/04/10 12:45:00		0.69333	326.404	18.8792	72.362	1017.33	68.564	27.3148	23.5684	44.1062	67.675	9.2473	1361.25	37.4989	34.74	27.1633	24.6492	0.007	0.003	0.004	0.0	0.0	0.0	0.0	0.0
2015/04/10 12:50:00		1.13527	312.143	18.9177	72.666	1017.32	70.022	27.3327	29.1718	47.5878	76.76	8.8374	1433.75	36.5667	39.6375	30.6017	27.8808	0.01	0.0	0.000833	0.0	0.0	0.0	0.0	0.0
2015/04/10 12:55:00		0.96382	306.874	18.9146	72.578	1017.29	55.628	27.3341	40.7449	49.7718	90.517	8.9327	1472.5	36.8846	31.2308	23.0325	21.2142	0.008667	0.001333	0.0035	0.0	0.0	0.0	0.0	0.0
2015/04/10 13:00:00		0.416918	323.061	18.9177	71.863	1017.12	56.073	27.3427	31.3984	47.7487	79.147	9.3379	1412.71	37.1775	28.248	23.2727	21.1585	0.01	0.0	0.0	0.0	0.0	0.0	0.0	0.0
2015/04/10 13:05:00		0.93362	324.564	18.9177	71.608	1017.02	50.349	27.3301	31.1528	48.115	79.268	9.7526	1344.58	36.731	36.51	27.4717	25.2475	0.008333	0.001667	0.003833	0.0	0.0	0.0	0.0	0.0
2015/04/10 13:10:00		0.97408	323.882	18.9177	71.265	1016.94	51.661	27.3266	29.0244	47.7555	76.78	9.8289	1327.92	37.0025	25.4783	18.4375	16.7608	0.01	-0.000333	0.0	0.0	0.0	0.0	0.0	0.0
2015/04/10 13:15:00		1.87174	318.937	18.9141	71.177	1016.89	56.08	27.3268	25.3282	46.2218	71.55	9.6859	1288.75	37.3596	43.115	29.2342	24.7275	0.0055	0.0045	0.005667	0.0	0.0	0.0	0.0	0.0
2015/04/10 13:20:00		1.58462	307.722	19.0021	72.683	1016.96	49.4448	27.3384	20.4015	41.2922	61.694	8.6896	1218.33	37.1668	29.2808	20.0917	16.7267	0.009833	0.000167	0.000167	0.0	0.0	0.0	0.0	0.0
2015/04/10 13:25:00		1.60056	311.135	19.0135	74.768	1016.97	62.81	27.3505	22.0095	39.4608	61.47	8.6944	1238.13	35.7166	34.6975	28.6775	26.255	0.009167	0.000833	0.003167	0.0	0.0	0.0	0.0	0.0
2015/04/10 13:30:00		1.98201	318.769	18.8911	76.252	1016.88	66.588	27.3513	18.5657	35.1884	53.754	8.4084	1493.13	35.4881	23.8583	19.2692	17.5075	0.01	0.0	0.0	0.0	0.0	0.0	0.0	0.0
2015/04/10 13:35:00		2.16412	319.083	18.7505	77.729	1016.79	82.06	27.3502	18.0632	33.0523	51.115	7.9127	1412.5	35.3166	33.7017	28.0717	25.8067	0.0045	0.0055	0.005833	0.0	0.0	0.0	0.0	0.0
2015/04/10 13:40:00		1.58074	315.102	18.6677	78.999	1016.74	93.341	27.3472	21.5137	33.5179	55.032	7.9603	1330.21	35.6309	26.5967	20.905	18.915	0.01	-0.001333	0.0	0.0	0.0	0.0	0.0	0.0
2015/04/10 13:45:00		0.99397	323.927	18.7073	80.205	1016.69	111.307	27.3365	35.8562	35.7122	71.568	8.2273	1344.58	36.4131	37.66	29.3158	26.45	0.006167	0.003833	0.006833	0.0	0.0	0.0	0.0	0.0
2015/04/10 13:50:00		1.98659	320.738	18.7203	81.129	1016.63	94.099	27.34	39.4831	35.6027	75.086	8.1605	1435.83	36.431	36.4042	29.9117	27.615	0.006333	0.003667	0.003667	0.0	0.0	0.0	0.0	0.0
2015/04/10 13:55:00		1.32699	316.582	18.7177	81.484	1016.48	79.494	27.3518	35.8673	33.5726	69.44	8.1319	1502.29	37.2989	38.2917	30.0533	27.8667	0.003667	0.006333	0.006667	0.0	0.0	0.0	0.0	0.0
2015/04/10 14:00:00		1.80634	313.957	18.6073	81.389	1016.38	67.776	27.3529	21.909	30.3718	52.281	8.0271	1420.21	38.1204	35.9783	30.03	27.2967	0.009333	0.000667	0.000667	0.0	0.0	0.0	0.0	0.0
2015/04/10 14:05:00		1.97176	312.932	18.4625	80.849	1016.34	70.314	27.3625	16.176	26.9314	43.1074	7.7268	1315.63	38.1311	33.4042	28.5275	26.1217	0.004333	0.005667	0.006667	0.0	0.0	0.0	0.0	0.0
2015/04/10 14:10:00		1.17196	314.346	18.3932	80.192	1016.33	56.088	27.377	17.927	31.0462	48.9732	7.6648	1206.25	37.7311	36.4583	29.04	26.3117	0.01	0.0	0.0	0.0	0.0	0.0	0.0	0.0
2015/04/10 14:15:00		0.91481	309.735	18.3422	79.717	1016.32	49.4958	27.3859	22.7755	32.8948	55.67	7.6982	1183.96	36.8132	39.2617	30.2667	27.0633	0.007333	0.002667	0.0055	0.0	0.0	0.0	0.0	0.0
2015/04/10 14:20:00		1.37486	322.458	18.3859	79.384	1016.2	48.4458	27.383	36.3899	38.7316	75.122	7.6839	1315.42	37.7704	36.3367	29.285	26.2383	0.0085	0.001333	0.0015	0.0	0.0	0.0	0.0	0.0
2015/04/10 14:25:00		0.91342	327.487	18.3062	78.566	1016.08	64.582	27.3926	28.2494	37.3657	65.615	7.8507	1294.79	37.674	32.9017	27.055	24.9233	0.003667	0.006333	0.007833	0.0	0.0	0.0	0.0	0.0
2015/04/10 14:30:00		0.65529	325.238	18.2151	77.234	1016.02	67.105	27.3972	26.8759	44.2671	71.143	7.9127	1404.79	36.8239	33.9483	25.1833	22.6067	0.007	0.003	0.003	0.0	0.0	0.0	0.0	0.0
2015/04/10 14:35:00		0.9149	321.152	18.0859	75.526	1016.02	76.832	27.4055	23.316	49.765	73.081	7.7268	1432.08	36.3917	37.6017	25.6483	21.025	0.005	0.005	0.005	0.0	0.0	0.0	0.0	0.0
2015/04/10 14:40:00		0.90633	3.2131	17.9396	74.494	1015.99	107.231	27.4085	15.7405	42.6992	58.44	7.9365	1349.79	35.8988	42.385	28.5575	20.9058	0.01	0.0	0.0	0.0	0.0	0.0	0.0	0.0
2015/04/10 14:45:00		1.18953	34.3969	17.8458	74.214	1016.0	125.497	27.4023	12.8841	36.4345	49.3186	7.8555	1216.67	35.038	30.7358	20.6983	14.0325	0.005	0.005	0.005	0.0	0.0	0.0	0.0	0.0
2015/04/10 14:50:00		0.72515	1.66916	17.8073	74.928	1015.96	139.672	27.391	14.8271	36.6913	51.518	7.3264	1168.33	33.9666	61.007	40.6667	24.5642	0.008833	0.001167	0.001167	0.0	0.0	0.0	0.0	0.0
2015/04/10 14:55:00		0.58154	3.73334	17.8365	75.434	1016.05	114.895	27.3851	21.7326	47.9575	69.69	7.6791	1221.46	33.4665	63.663	42.435	24.3908	0.000167	0.009833	0.009833	0.0	0.0	0.0	0.0	0.0
2015/04/10 15:00:00		0.773	30.8552	17.9057	75.521	1016.07	102.251	27.3789	24.2004	45.8384	70.039	7.7458	1357.92	33.9987	60.182	40.785	24.5675	0.009167	0.000833	0.000833	0.0	0.0	0.0	0.0	0.0
2015/04/10 15:05:00		0.62514	3.05228	17.8234	75.123	1016.08	88.397	27.3655	12.0466	33.3364	45.383	8.1319	1268.75	33.7951	47.3792	31.73	22.1067	0.005	0.005	0.006167	0.0	0.0	0.0	0.0	0.0
2015/04/10 15:10:00		0.091267	83.373	17.8359	75.736	1016.09	87.376	27.3607	10.7111	34.5791	45.2902	7.9079	1216.46	33.8237	72.598	48.3908	25.8225	0.0085	0.0015	0.0015	0.0	0.0	0.0	0.0	0.0
2015/04/10 15:15:00		0.485271	340.842	17.9365	76.183	1016.14	75.214	27.3561	25.6967	46.0301	71.727	8.1653	1308.96	33.5272	80.031	53.367	26.9008	0.005	0.005	0.005	0.0	0.0	0.0	0.0	0.0
2015/04/10 15:20:00		0.70909	304.891	18.0089	75.951	1016.27	73.733	27.3553	31.9434	52.065	84.009	8.7516	1397.92	33.9308	63.895	42.6083	24.605	0.009667	0.000333	0.000333	0.0	0.0	0.0	0.0	0.0
2015/04/10 15:25:00		0.27174	328.483	18.0854	75.59	1016.38	63.787	27.3655	48.5839	55.331	103.915	9.1282	1418.33	34.2451	52.833	35.2617	22.6558	0.006833	0.003167	0.0045	0.0	0.0	0.0	0.0	0.0
2015/04/10 15:30:00		0.65146	339.244	18.026	74.573	1016.35	57.072	27.3687	30.1076	48.9057	79.013	8.9518	1398.54	34.3666	30.8997	20.7655	14.7872	0.008167	0.001833	0.001833	0.0	0.0	0.0	0.0	0.0
2015/04/10 15:35:00		0.393549	331.976	18.0068	74.298	1016.36	46.9146	27.3604	19.5439	43.6886	63.232	8.5371	1346.04	34.1987	70.938	47.3475	27.9108	0.007833	0.002167	0.003167	0.0	0.0	0.0	0.0	0.0
2015/04/10 15:40:00		0.57818	27.7072	18.0078	74.061	1016.26	43.174	27.347	29.8619	51.189	81.051	8.3941	1437.5	34.9095	46.4492	31.0708	19.8	0.008	0.002	0.002	0.0	0.0	0.0	0.0	0.0
2015/04/10 15:45:00		0.50191	34.5913	18.0083	73.93	1016.19	39.251	27.336	34.9271	53.805	88.732	8.8422	1433.54	34.9559	46.4117	31.0908	19.5875	0.005833	0.004167	0.005667	0.0	0.0	0.0	0.0	0.0
2015/04/10 15:50:00		0.490807	4.06005	18.0063	73.922	1016.15	39.776	27.3231	37.2096	55.023	92.233	8.7611	1472.5	35.3166	23.8625	15.9808	12.6208	0.0095	-0.000167	0.0005	0.0	0.0	0.0	0.0	0.0
2015/04/10 15:55:00		0.79909	20.9305	18.0	73.745	1016.15	46.0323	27.3196	23.0324	49.2344	72.267	8.2511	1440.63	35.6238	36.0142	24.4167	18.5008	0.007833	0.002167	0.002167	0.0	0.0	0.0	0.0	0.0
2015/04/10 16:00:00		0.495258	26.8685	18.0057	73.998	1016.02	46.725	27.2968	22.6951	50.395	73.09	8.5133	1440.42	36.2274	34.2467	25.0167	21.4425	0.007667	0.000167	0.002333	0.0	0.0	0.0	0.0	0.0
2015/04/10 16:05:00		0.398566	39.6675	17.9719	74.154	1015.97	44.3479	27.2675	28.0819	55.591	83.673	9.0471	1452.29	35.9845	17.55	13.4458	12.0167	0.006	0.004	0.004667	0.0	0.0	0.0	0.0	0.0
2015/04/10 16:10:00		0.402781	34.6968	17.9021	74.947	1015.92	52.303	27.2374	27.4968	53.64	81.137	9.2521	1603.96	36.7096	22.0483	17.6783	16.2317	0.0095	0.0005	0.0005	0.0	0.0	0.0	0.0	0.0
2015/04/10 16:15:00		0.59542	331.316	17.9016	75.512	1016.04	47.4177	27.221	29.5336	53.784	83.318	9.5047	1726.46	37.4061	23.1792	17.08	15.3633	0.008667	0.001333	0.001333	0.0	0.0	0.0	0.0	0.0
2015/04/10 16:20:00		0.98723	320.321	17.9073	76.15	1016.09	36.1448	27.1961	25.8955	52.843	78.738	9.1472	1683.13	37.5061	31.2683	23.3133	21.005	0.009	-0.001	0.001	0.0	0.0	0.0	0.0	0.0
2015/04/10 16:25:00		0.5806	339.265	17.8948	77.019	1016.1	37.0052	27.1652	29.3371	53.229	82.566	9.4952	1707.92	37.3275	32.8258	25.2075	22.8383	0.0045	0.0055	0.005667	0.0	0.0	0.0	0.0	0.0
2015/04/10 16:30:00		0.86406	331.59	17.824	77.835	1016.15	30.1656	27.1518	35.4921	55.434	90.926	9.7764	1782.08	38.0633	35.5917	26.7967	23.58	0.01	0.0	0.0	0.0	0.0	0.0	0.0	0.0
2015/04/10 16:35:00		0.8767	322.764	17.8635	78.685	1016.16	25.1271	27.1311	62.209	59.569	121.779	10.6201	2025.0	39.0812	38.1417	27.5342	25.0858	0.01	0.0	0.000167	0.0	0.0	0.0	0.0	0.0
2015/04/10 16:40:00		0.6246	336.332	17.8068	79.119	1016.07	31.7406	27.1242	62.598	60.542	123.14	10.3151	2117.92	40.2813	21.3558	15.3433	13.8017	0.009833	-0.000167	0.000167	0.0	0.0	0.0	0.0	0.0
2015/04/10 16:45:00		0.492794	329.745	17.7797	79.741	1016.07	30.1948	27.1263	98.425	63.585	162.01	10.5343	2552.08	41.8385	33.8833	26.6608	24.1708	0.008333	0.001667	0.003667	0.0	0.0	0.0	0.0	0.0
2015/04/10 16:50:00		0.8968	346.758	17.7109	80.124	1016.14	27.6063	27.1156	84.277	64.663	148.94	10.663	2719.38	42.6707	17.3808	14.4317	13.3125	0.009833	-0.001833	0.000167	0.0	0.0	0.0	0.0	0.0
2015/04/10 16:55:00		0.83968	313.551	17.6234	80.392	1016.28	23.3333	27.1274	63.867	59.61	123.477	10.1006	2630.83	42.9136	53.547	39.97	36.1375	0.005833	0.004167	0.005167	0.0	0.0	0.0	0.0	0.0
2015/04/10 17:00:00		1.5837	316.379	17.6078	80.797	1016.25	26.4979	27.1362	56.273	56.916	113.19	10.644	2626.46	43.0457	34.2083	27.4483	25.105	0.0075	0.0025	0.0025	0.0	0.0	0.0	0.0	0.0
2015/04/10 17:05:00		0.92824	319.281	17.6099	80.942	1016.3	23.8729	27.122	52.747	59.741	112.487	10.0338	2644.17	42.7243	34.5875	27.4108	25.1575	0.0085	0.0015	0.004	0.0	0.0	0.0	0.0	0.0
2015/04/10 17:10:00		1.00549	323.17	17.6068	81.113	1016.18	26.0896	27.1255	48.2735	57.95	106.224	9.7621	2548.13	42.81	46.2317	35.4933	32.7292	0.0075	0.0025	0.0025	0.0	0.0	0.0	0.0	0.0
2015/04/10 17:15:00		0.84673	318.382	17.5844	81.21	1016.09	24.4708	27.1169	48.5571	58.067	106.624	9.5238	2351.46	43.0279	46.1133	35.2833	32.24	0.007333	0.002667	0.005167	0.0	0.0	0.0	0.0	0.0
2015/04/10 17:20:00		0.96245	316.724	17.6094	81.448	1016.09	20.5698	27.1075	39.693	56.909	96.603	10.3532	2213.54	42.1635	30.82	24.0942	22.0975	0.007833	0.002167	0.002167	0.0	0.0	0.0	0.0	0.0
2015/04/10 17:25:00		0.97715	321.108	17.6135	81.428	1016.0	13.701	27.1252	33.873	55.92	89.793	10.1339	2105.63	42.61	37.1033	30.7017	28.4808	0.007333	0.002667	0.004833	0.0	0.0	0.0	0.0	0.0
2015/04/10 17:30:00		0.73123	335.179	17.5177	81.27	1015.9	7.5833	27.1172	36.9393	55.461	92.401	10.2102	2013.54	41.8278	25.3983	22.565	21.325	0.008333	0.001667	0.001667	0.0	0.0	0.0	0.0	0.0
2015/04/10 17:35:00		1.16434	324.507	17.5089	81.236	1015.91	4.44792	27.0995	28.6336	52.945	81.579	9.6763	1912.08	40.2741	31.5267	28.465	26.8883	0.007167	0.002833	0.004667	0.0	0.0	0.0	0.0	0.0
2015/04/10 17:40:00		0.69742	330.055	17.5094	81.377	1015.99	3.51458	27.1013	30.7798	52.165	82.945	9.2235	1888.54	39.4169	36.9667	32.37	30.615	0.008833	0.001167	0.001167	0.0	0.0	0.0	0.0	0.0
2015/04/10 17:45:00		0.7126	329.153	17.5036	81.609	1016.08	1.28333	27.1	34.9338	50.758	85.692	8.9995	2022.71	39.6955	41.6417	36.12	33.815	0.009333	0.000667	0.001667	0.0	0.0	0.0	0.0	0.0
2015/04/10 17:50:00		0.67739	329.972	17.5495	81.83	1016.1	1.15937	27.0863	42.1832	55.177	97.36	9.0948	2140.0	39.5634	46.8233	37.2817	34.2933	0.008333	0.001667	0.001667	0.0	0.0	0.0	0.0	0.0
2015/04/10 17:55:00		1.04679	320.889	17.6094	82.039	1016.14	1.14479	26.9577	50.623	57.064	107.687	9.6811	2374.38	39.4634	44.4317	35.68	33.0458	0.009667	0.000333	0.002667	0.0	0.0	0.0	0.0	0.0
2015/04/10 18:00:00		0.97583	323.992	17.6094	82.116	1016.27	1.07917	26.7362	44.7515	54.938	99.689	9.3284	2414.38	39.0276	44.0867	35.8467	33.3017	0.006833	0.003167	0.003333	0.0	0.0	0.0	0.0	0.0
2015/04/10 18:05:00		0.92223	333.144	17.612	82.366	1016.25	1.11563	26.5947	46.7437	54.061	100.805	10.0195	2490.21	39.1955	44.8783	36.0508	33.4858	0.008	0.002	0.002667	0.0	0.0	0.0	0.0	0.0
2015/04/10 18:10:00		1.15654	319.344	17.5427	82.443	1016.2	1.08646	26.5295	44.1977	52.018	96.215	9.7192	2476.67	39.4598	41.4442	36.4983	34.3108	0.008167	0.001833	0.001833	0.0	0.0	0.0	0.0	0.0
2015/04/10 18:15:00		1.43447	319.622	17.5078	82.452	1016.29	1.15937	26.4728	43.722	53.996	97.718	9.2902	2400.42	40.0384	42.7	36.1958	34.1108	0.01	0.0	0.0005	0.0	0.0	0.0	0.0	0.0
2015/04/10 18:20:00		1.74276	311.674	17.4604	82.542	1016.41	1.13021	26.4253	39.9409	52.206	92.147	9.7574	2338.33	39.9062	37.8408	32.7892	30.9775	0.006833	0.002167	0.003167	0.0	0.0	0.0	0.0	0.0
2015/04/10 18:25:00		1.88236	323.128	17.3687	82.402	1016.21	1.15208	26.3783	33.2275	47.6836	80.911	9.2044	2182.92	39.867	35.0308	30.7317	28.4142	0.008167	0.001333	0.002667	0.0	0.0	0.0	0.0	0.0
2015/04/10 18:30:00		1.86076	319.298	17.2906	82.236	1016.24	1.18125	26.3308	30.1746	47.776	77.951	8.7945	1986.46	38.9455	30.5108	25.5275	23.78	0.0075	0.0025	0.0025	0.0	0.0	0.0	0.0	0.0
2015/04/10 18:35:00		1.03896	315.015	17.2104	82.308	1016.15	1.12292	26.2879	28.6112	47.2317	75.843	8.4608	1823.54	37.7489	25.1175	21.3117	19.7933	0.009833	0.000167	0.002333	0.0	0.0	0.0	0.0	0.0
2015/04/10 18:40:00		1.37523	318.944	17.2089	82.484	1016.17	1.20313	26.2382	25.9536	45.7323	71.686	8.294	1735.21	36.7203	27.5558	23.1575	21.8225	0.006167	0.003833	0.003833	0.0	0.0	0.0	0.0	0.0
2015/04/10 18:45:00		0.92372	312.988	17.213	82.636	1016.23	1.08646	26.1872	32.0372	48.5189	80.556	8.5705	1760.0	36.4703	21.2825	18.5708	17.5475	0.009833	-0.001833	0.0005	0.0	0.0	0.0	0.0	0.0
2015/04/10 18:50:00		0.86525	322.555	17.2104	82.722	1016.2	1.13021	26.1442	28.9373	46.7217	75.659	8.07	1715.21	35.8417	27.4933	24.1658	22.8883	0.009	0.001	0.001	0.0	0.0	0.0	0.0	0.0
2015/04/10 18:55:00		0.94969	321.891	17.2094	82.702	1016.13	1.07917	26.1004	49.1222	51.145	100.267	7.9222	1726.46	36.5989	20.8433	18.285	17.14	0.009333	0.000667	0.000667	0.0	0.0	0.0	0.0	0.0
2015/04/10 19:00:00		1.11974	323.427	17.2099	82.573	1016.12	1.16667	26.0666	41.0554	51.521	92.577	7.7983	1778.33	36.2595	17.6342	16.3892	15.4567	0.006333	0.003667	0.003667	0.0	0.0	0.0	0.0	0.0
2015/04/10 19:05:00		1.0089	317.328	17.2083	82.556	1016.16	1.14479	26.0366	29.6363	48.8065	78.443	8.0128	1726.04	35.8452	22.2025	20.2425	19.2175	0.01	0.0	0.000333	0.0	0.0	0.0	0.0	0.0
2015/04/10 19:10:00		0.98822	317.066	17.2073	82.717	1016.1	1.15208	26.0062	29.5783	47.9883	77.567	7.7315	1730.42	37.3239	17.3575	15.725	14.965	0.005333	0.004667	0.004833	0.0	0.0	0.0	0.0	0.0
2015/04/10 19:15:00		0.424835	15.8406	17.2141	82.74	1016.06	1.15208	25.9845	36.7584	48.8509	85.609	7.6743	1762.5	37.8847	15.9205	13.9372	13.0608	0.01	0.0	0.000333	0.0	0.0	0.0	0.0	0.0
2015/04/10 19:20:00		0.83026	321.546	17.2099	82.707	1016.09	1.12292	25.9499	39.0275	49.8129	88.84	7.9842	1756.46	38.6561	25.0567	22.6675	21.5992	0.007167	0.002667	0.002833	0.0	0.0	0.0	0.0	0.0
2015/04/10 19:25:00		0.467724	334.582	17.2151	82.761	1016.12	1.11563	25.9346	38.9493	50.107	89.057	8.0414	1754.38	38.899	14.0242	12.8917	12.2208	0.009667	-0.003333	0.000333	0.0	0.0	0.0	0.0	0.0
2015/04/10 19:30:00		0.63913	332.365	17.2083	82.841	1016.11	1.17396	25.9139	42.3239	50.148	92.472	8.8374	1820.42	40.0241	20.0717	16.6292	15.7892	0.007667	0.001667	0.002333	0.0	0.0	0.0	0.0	0.0
2015/04/10 19:35:00		0.62677	330.629	17.2104	83.05	1016.31	1.11563	25.883	58.985	52.504	111.488	8.4942	2004.17	39.7884	23.0017	19.3058	18.2758	0.0075	0.0025	0.0025	0.0	0.0	0.0	0.0	0.0
2015/04/10 19:40:00		0.54374	332.535	17.2073	83.146	1016.09	1.13021	25.8712	55.058	53.719	108.777	8.6944	2034.17	39.5026	22.4425	16.5492	15.1483	0.006667	0.003333	0.003333	0.0	0.0	0.0	0.0	0.0
2015/04/10 19:45:00		0.84791	324.836	17.2062	83.143	1016.19	1.18854	25.8693	54.58	51.939	106.519	8.7802	2060.0	39.9812	17.1675	14.4143	13.4877	0.01	-0.000167	0.001833	0.0	0.0	0.0	0.0	0.0
2015/04/10 19:50:00		0.83486	319.235	17.1182	83.177	1016.13	1.15937	25.8758	47.2841	51.449	98.733	9.3856	1982.29	39.9955	21.1658	17.0408	15.7508	0.005667	0.004333	0.005333	0.0	0.0	0.0	0.0	0.0
2015/04/10 19:55:00		0.57743	336.51	17.101	83.437	1016.2	1.05	25.8742	51.632	48.5566	100.189	8.6038	2075.0	39.9884	25.4592	20.1325	18.5367	0.005833	0.004167	0.004167	0.0	0.0	0.0	0.0	0.0
2015/04/10 20:00:00		0.74317	317.081	17.1349	83.751	1016.2	1.18125	25.8717	76.183	51.764	127.948	9.5	2245.42	40.4527	25.3858	17.9225	16.1033	0.004167	0.005833	0.005833	0.0	0.0	0.0	0.0	0.0
2015/04/10 20:05:00		0.91013	322.526	17.1734	84.012	1016.21	1.15937	25.8685	83.02	54.845	137.865	8.7707	2413.96	40.4706	18.5592	15.9592	14.99	0.009	0.001	0.001167	0.0	0.0	0.0	0.0	0.0
2015/04/10 20:10:00		0.69555	321.073	17.1078	84.088	1016.33	1.13021	25.8615	66.162	52.644	118.807	8.437	2308.75	40.5063	20.168	16.9955	15.8727	0.0095	-0.003	0.0005	0.0	0.0	0.0	0.0	0.0
2015/04/10 20:15:00		0.77438	314.985	17.1057	84.207	1016.51	1.11563	25.875	58.169	50.569	108.739	8.6038	2196.25	40.8027	27.0983	23.2383	21.7775	0.007667	0.001833	0.003167	0.0	0.0	0.0	0.0	0.0
2015/04/10 20:20:00		1.15593	319.973	17.1151	84.345	1016.65	1.12292	25.8658	52.488	49.7171	102.205	8.0986	2101.88	41.3063	29.2877	25.2807	23.7956	0.006833	0.003167	0.003833	0.0	0.0	0.0	0.0	0.0
2015/04/10 20:25:00		1.08412	322.592	17.125	84.441	1016.83	1.10104	25.8621	39.3245	48.3409	87.665	7.9794	1985.0	40.4099	20.7175	18.2267	17.0342	0.01	0.0	0.0	0.0	0.0	0.0	0.0	0.0
2015/04/10 20:30:00		1.07893	308.114	17.1078	84.457	1016.88	1.02813	25.876	45.2406	48.2519	93.493	7.7029	1862.08	39.5741	22.2142	18.98	18.1142	0.0065	0.0035	0.0035	0.0	0.0	0.0	0.0	0.0
2015/04/10 20:35:00		0.96048	313.413	17.1047	84.452	1017.01	1.08646	25.8731	36.419	48.8475	85.266	7.3359	1738.33	38.3311	25.0883	22.8033	21.84	0.005	0.004333	0.005	0.0	0.0	0.0	0.0	0.0
2015/04/10 20:40:00		1.00658	319.964	17.1036	84.428	1016.95	1.05729	25.8742	24.6046	44.9312	69.536	7.3836	1595.0	38.8276	20.9217	18.5267	17.6	0.003667	0.006333	0.006167	0.0	0.0	0.0	0.0	0.0
2015/04/10 20:45:00		0.99931	314.668	17.1646	84.35	1016.82	1.07917	25.8798	32.4548	45.4961	77.951	7.2835	1512.71	38.149	21.76	17.9667	17.0567	0.01	-0.003667	0.0	0.0	0.0	0.0	0.0	0.0
2015/04/10 20:50:00		0.61515	326.993	17.2109	84.352	1016.66	1.16667	25.8876	43.387	47.2831	90.67	7.4646	1458.33	37.8561	32.5917	29.0367	27.76	0.006333	0.003667	0.004	0.0	0.0	0.0	0.0	0.0
2015/04/10 20:55:00		0.81585	310.739	17.2339	84.357	1016.78	1.15208	25.8962	44.8967	46.2424	91.139	7.4312	1435.63	38.2383	33.4167	26.65	25.33	0.01	0.0	0.0	0.0	0.0	0.0	0.0	0.0
2015/04/10 21:00:00		0.8424	313.769	17.3057	84.418	1016.81	1.14479	25.9045	92.88	53.517	146.397	7.3407	1602.5	39.2526	36.9817	31.04	29.305	0.006167	0.003833	0.004167	0.0	0.0	0.0	0.0	0.0
2015/04/10 21:05:00		0.91023	325.838	17.3052	84.35	1016.98	1.15208	25.9198	68.657	52.332	120.99	7.5552	1582.29	39.6134	26.3583	24.8833	23.9167	0.01	0.0	0.000833	0.0	0.0	0.0	0.0	0.0
2015/04/10 21:10:00		0.79236	317.505	17.3083	84.354	1017.01	1.16667	25.9201	36.1599	47.4953	83.655	7.3216	1492.92	39.4669	27.8917	25.1825	24.05	0.008	0.002	0.003	0.0	0.0	0.0	0.0	0.0
2015/04/10 21:15:00		0.56723	322.149	17.3448	84.354	1017.06	1.10833	25.9281	37.5222	48.269	85.791	7.4646	1447.08	39.4634	16.9133	15.1	14.2508	0.0095	0.000333	0.0005	0.0	0.0	0.0	0.0	0.0
2015/04/10 21:20:00		0.94079	319.543	17.4052	84.41	1017.19	1.12292	25.9332	71.904	53.308	125.213	7.7458	1558.96	40.8241	40.3067	36.2308	34.4533	0.005167	0.004833	0.004833	0.0	0.0	0.0	0.0	0.0
2015/04/10 21:25:00		0.99486	319.618	17.4073	84.395	1017.41	1.1375	25.9305	89.025	56.601	145.627	8.9137	1736.67	41.6992	35.0683	30.3158	28.6725	0.008333	-0.001	0.003	0.0	0.0	0.0	0.0	0.0
2015/04/10 21:30:00		0.68191	325.017	17.4073	84.352	1017.41	1.08646	25.9257	87.238	56.023	143.261	9.9528	1815.0	42.2528	32.6275	28.4325	26.9175	0.0045	0.0055	0.006667	0.0	0.0	0.0	0.0	0.0
2015/04/10 21:35:00		0.90794	322.064	17.4057	84.345	1017.2	1.10104	25.9311	93.409	54.855	148.265	9.8765	1853.75	43.0921	28.1633	24.2767	22.9983	0.0095	0.000167	0.0005	0.0	0.0	0.0	0.0	0.0
2015/04/10 21:40:00		0.89595	306.846	17.4802	84.349	1017.1	1.19583	25.9311	93.306	54.667	147.974	9.6287	1853.96	43.8208	27.8517	25.7817	24.665	0.008167	0.001833	0.001833	0.0	0.0	0.0	0.0	0.0
2015/04/10 21:45:00		0.75575	318.383	17.4599	84.325	1017.24	1.10104	25.9278	102.387	55.821	158.208	8.9804	1855.0	43.8386	28.215	23.6592	22.2908	0.007833	0.001667	0.003167	0.0	0.0	0.0	0.0	0.0
2015/04/10 21:50:00		0.71414	331.431	17.4089	84.271	1017.17	1.16667	25.9364	68.776	50.717	119.492	8.375	1762.08	42.86	23.1933	19.8918	18.9672	0.004	0.006	0.006	0.0	0.0	0.0	0.0	0.0
2015/04/10 21:55:00		0.65608	343.349	17.4766	84.324	1017.18	1.15208	25.9372	68.637	49.1077	117.745	8.6801	1739.38	42.5207	26.575	23.2383	21.6675	0.009667	0.000167	0.000333	0.0	0.0	0.0	0.0	0.0
2015/04/10 22:00:00		0.435193	309.723	17.4156	84.184	1017.17	1.07187	25.9324	67.239	50.32	117.559	8.3893	1683.75	42.0064	30.6992	26.76	24.8292	0.006333	0.003	0.004333	0.0	0.0	0.0	0.0	0.0
2015/04/10 22:05:00		0.52701	296.943	17.4583	84.136	1017.26	1.10104	25.9238	65.082	48.9708	114.052	8.4847	1668.96	42.31	18.0718	15.1062	14.1363	0.01	0.0	0.0	0.0	0.0	0.0	0.0	0.0
2015/04/10 22:10:00		0.68325	314.027	17.5073	84.09	1017.27	1.10833	25.9163	92.138	52.384	144.522	8.9184	1864.58	42.0064	23.2477	19.0893	17.941	0.0035	0.0065	0.007	0.0	0.0	0.0	0.0	0.0
2015/04/10 22:15:00		0.55528	309.005	17.5792	83.914	1017.26	1.02813	25.912	80.465	51.076	131.541	10.5915	1985.42	41.8063	26.8125	22.8917	21.6642	0.007667	0.002333	0.004167	0.0	0.0	0.0	0.0	0.0
2015/04/10 22:20:00		0.74366	317.833	17.6078	83.691	1017.27	1.12292	25.9155	88.578	53.195	141.774	13.6184	2042.5	42.4921	20.385	16.0325	14.7808	0.002667	0.007333	0.008667	0.0	0.0	0.0	0.0	0.0
2015/04/10 22:25:00		0.74042	320.698	17.6365	83.646	1017.27	1.07917	25.9219	88.755	51.607	140.362	14.6003	2055.42	42.3957	19.5583	15.69	14.5033	0.009667	0.0	0.000333	0.0	0.0	0.0	0.0	0.0
2015/04/10 22:30:00		0.71962	317.921	17.7073	83.559	1017.21	1.18125	25.9308	81.61	51.843	133.453	13.2799	2024.38	42.5564	30.6233	24.298	22.4172	0.003167	0.006833	0.006833	0.0	0.0	0.0	0.0	0.0
2015/04/10 22:35:00		0.94745	320.014	17.7099	83.484	1017.24	1.09375	25.9372	65.787	48.1937	113.981	12.584	1962.08	42.0314	22.75	16.7	15.3008	0.01	-0.002	0.0015	0.0	0.0	0.0	0.0	0.0
2015/04/10 22:40:00		0.90222	321.722	17.7125	83.555	1017.33	1.13021	25.9448	70.332	47.4953	117.827	11.521	1945.42	41.9385	20.393	14.6727	13.2193	0.0095	0.0005	0.0005	0.0	0.0	0.0	0.0	0.0
2015/04/10 22:45:00		0.77633	328.182	17.7719	83.553	1017.38	1.11563	25.9676	84.349	50.224	134.572	10.5725	1920.0	42.0814	18.8158	13.9658	12.6817	0.01	0.0	0.0	0.0	0.0	0.0	0.0	0.0
2015/04/10 22:50:00		0.70212	319.727	17.7115	83.409	1017.46	1.15208	25.9821	72.825	49.5356	122.36	9.7288	1746.67	41.6599	18.54	13.9192	12.4508	0.009333	0.000667	0.003667	0.0	0.0	0.0	0.0	0.0
2015/04/10 22:55:00		0.73491	337.239	17.7099	83.357	1017.42	1.14479	25.9855	51.349	45.1503	96.499	8.9852	1583.13	41.0634	20.7642	14.8708	13.5008	0.007667	0.000833	0.002333	0.0	0.0	0.0	0.0	0.0
2015/04/10 23:00:00		0.81553	326.132	17.712	83.241	1017.51	1.16667	26.0089	41.8504	43.2538	85.104	8.6372	1458.96	41.1956	39.9118	27.887	24.7298	0.003	0.007	0.007667	0.0	0.0	0.0	0.0	0.0
2015/04/10 23:05:00		1.03935	319.602	17.712	83.139	1017.6	1.03542	26.0323	33.2275	43.7091	76.937	8.0414	1364.17	41.6813	25.6592	17.4833	14.9158	0.009167	0.000833	0.000833	0.0	0.0	0.0	0.0	0.0
2015/04/10 23:10:00		1.08985	317.705	17.712	83.016	1017.66	1.15208	26.0529	31.3091	43.9419	75.251	8.2034	1291.25	42.0492	32.0475	21.5833	18.3483	0.007667	0.002333	0.002333	0.0	0.0	0.0	0.0	0.0
2015/04/10 23:15:00		1.1161	321.379	17.7349	82.946	1017.75	1.07187	26.0648	34.6792	45.0031	79.682	8.089	1247.08	42.5564	38.4092	27.0367	22.9925	0.01	0.0	0.0	0.0	0.0	0.0	0.0	0.0
2015/04/10 23:20:00		0.99758	319.649	17.7255	82.87	1017.65	1.12292	26.0843	31.9568	44.339	76.296	7.7363	1185.63	43.2279	31.5975	21.22	17.5258	0.006333	0.0035	0.004	0.0	0.0	0.0	0.0	0.0
2015/04/10 23:25:00		0.90682	315.92	17.7672	82.847	1017.54	1.06458	26.0951	27.8631	44.7567	72.62	7.5981	1152.5	43.5993	33.3325	23.275	19.7958	0.01	-0.000333	0.0	0.0	0.0	0.0	0.0	0.0
2015/04/10 23:30:00		0.98493	329.449	17.7328	82.846	1017.47	1.06458	26.1141	32.1712	44.3458	76.517	7.7554	1121.46	44.1422	33.4167	23.38	19.12	0.0055	0.0045	0.004667	0.0	0.0	0.0	0.0	0.0
2015/04/10 23:35:00		1.08448	324.965	17.7068	82.845	1017.58	1.1375	26.1335	30.1165	43.2709	73.387	8.2797	1101.46	45.2066	58.207	42.4167	37.53	0.01	0.0	0.0	0.0	0.0	0.0	0.0	0.0
2015/04/10 23:40:00		1.12044	333.043	17.7083	82.747	1017.58	1.10833	26.1335	25.8486	42.9149	68.764	7.865	1060.21	45.8209	33.1883	23.785	21.075	0.004833	0.005167	0.006667	0.0	0.0	0.0	0.0	0.0
2015/04/10 23:45:00		0.7231	342.275	17.7089	82.688	1017.57	1.14479	26.1423	21.4489	42.2131	63.662	7.9603	1026.46	46.6817	63.619	47.9292	42.435	0.01	0.0	0.0	0.0	0.0	0.0	0.0	0.0
2015/04/10 23:50:00		1.02097	332.007	17.7073	82.57	1017.59	1.12292	26.1713	18.3625	40.8335	59.196	7.9985	993.75	48.2139	65.917	48.98	44.245	0.007333	0.002667	0.008	0.0	0.0	0.0	0.0	0.0
2015/04/10 23:55:00		0.78335	355.526	17.712	82.544	1017.48	1.10104	26.141	18.4071	39.5703	57.977	8.3035	984.58	54.939	51.76	37.4717	31.68	0.007	0.003	0.003167	0.0	0.0	0.0	0.0	0.0
2015/04/11 00:00:00		0.71171	8.4508	17.7094	82.395	1017.51	1.10833	25.9429	18.6037	38.3379	56.942	7.8936	988.33	49.9212	35.6367	26.39	23.27	0.005333	0.004667	0.005	0.0	0.0	0.0	0.0	0.0
