-- 1st mean values --
Format: XTAB(V:1;HEAD:2;COL:TCFFFFFFFFFFFFFFFFFFFFFFFF)
StartTime: 2015/04/15 00:00:00
EndTime: 2015/04/16 00:00:00
Period: 24 h
Station: Gia Lam

Time	MeasPt	Wind Spd.	Wind Dir.	Temp	RH	Barometer	Radiation	InnerTemp	NO	NO2	NOx	SO2	CO	O3	PM-10	PM-2.5	PM-1	CH4	NMHC	THC	BENZEN	TOLUEN	ETHYL BENZEN	MP-XYLEN	O-XYLEN
		m/s	degree	°C	%	hPa	W/m²	°C	µg/m3	µg/m3	µg/m3	µg/m3	µg/m3	µg/m3	µg/m3	µg/m3	µg/m3	ppm	ppmC	ppmC	ug/m3	ug/m3	ug/m3	ug/m3	ug/m3
2015/04/15 00:05:00		2.38242	156.4	21.7615	67.631	1014.35	1.11563	27.1999	2.73137	44.7943	47.5257	9.009	649.17	34.9666				0.005667	-0.005333	0.000167	0.0	0.0	0.0	0.0	0.0
2015/04/15 00:10:00		2.65838	154.882	21.6906	68.137	1014.27	1.02813	26.8186	2.96587	41.9324	44.8983	9.0996	639.38	34.3701				0.003	0.000667	0.003667	0.0	0.0	0.0	0.0	0.0
2015/04/15 00:15:00		2.51642	153.009	21.6068	68.614	1014.2	1.07917	26.4774	3.41477	43.0108	46.4255	8.6992	627.29	34.3844				0.006333	-0.006333	-0.002333	0.0	0.0	0.0	0.0	0.0
2015/04/15 00:20:00		2.39251	154.853	21.5104	69.059	1014.08	1.10104	26.242	0.393067	3.16658	3.55965	8.58	603.75	33.9308				-0.009833	0.009833	0.0	0.0	0.0	0.0	0.0	0.0
2015/04/15 00:25:00		2.37137	159.75	21.5	69.409	1014.0	1.05729	26.1152	0.1943	1.59185	1.78615	8.6658	603.54	35.2059				-0.000167	-0.003667	-0.004667	0.0	0.0	0.0	0.0	0.0
2015/04/15 00:30:00		1.77667	158.327	21.4792	69.658	1013.94	1.09375	25.9842	13.8869	0.0	13.8869	8.294	605.0	36.3417				-0.0005	0.002167	0.001667	0.0	0.0	0.0	0.0	0.0
2015/04/15 00:35:00		2.01751	166.596	21.3995	69.86	1013.83	1.15937	25.8323	223.289	0.85241	224.141	8.2082	604.79	37.5739				0.0	-0.002833	-0.002833	0.0	0.0	0.0	0.0	0.0
2015/04/15 00:40:00		2.35457	158.833	21.4021	70.077	1013.72	1.12292	25.7627	214.751	0.0	214.751	8.3083	608.96	35.7059				-0.002333	0.002333	0.0	0.0	0.0	0.0	0.0	0.0
2015/04/15 00:45:00		1.95393	156.839	21.3979	70.278	1013.69	1.09375	25.9383	216.062	0.229363	216.291	7.7554	593.96	34.1451				0.001333	-0.0025	-0.001167	0.0	0.0	0.0	0.0	0.0
2015/04/15 00:50:00		2.65797	151.248	21.3036	70.615	1013.64	1.20313	26.1429	199.705	6.5283	206.233	7.9937	592.29	35.0738				-0.003333	0.005333	0.002333	0.0	0.0	0.0	0.0	0.0
2015/04/15 00:55:00		2.68423	148.926	21.2943	70.882	1013.56	1.1375	26.2393	6.633	40.5254	47.1584	7.8936	574.38	52.907				0.0	-0.000333	-0.001667	0.0	0.0	0.0	0.0	0.0
2015/04/15 01:00:00		2.53096	147.504	21.2943	71.06	1013.48	1.11563	26.1093	4.7905	41.6448	46.4353	8.2463	579.17	48.4247				-0.001667	0.004167	0.003	0.0	0.0	0.0	0.0	0.0
2015/04/15 01:05:00		1.87694	157.907	21.2432	71.287	1013.48	1.1375	25.9528	3.57557	38.266	41.8416	8.0652	580.21	40.2991				0.0	0.0	0.0	0.0	0.0	0.0	0.0	0.0
2015/04/15 01:10:00		2.59104	147.219	21.1958	71.563	1013.39	1.08646	25.6948	2.93683	34.3771	37.3139	7.7697	573.96	37.031				-0.005167	0.005167	0.000167	0.0	0.0	0.0	0.0	0.0
2015/04/15 01:15:00		2.27308	156.824	21.1995	71.82	1013.25	1.15208	25.4376	2.15293	31.4604	33.6134	7.865	557.29	34.263				-0.000167	0.000167	0.0	0.0	0.0	0.0	0.0	0.0
2015/04/15 01:20:00		2.77247	158.978	21.1651	72.148	1013.1	1.15208	25.5289	2.71573	30.9914	33.7072	7.641	545.63	32.5057				-0.0005	0.0005	0.0	0.0	0.0	0.0	0.0	0.0
2015/04/15 01:25:00		2.91273	150.628	21.1016	72.514	1012.97	1.1375	25.7214	2.22663	30.4163	32.6429	7.6171	540.0	33.8522				0.0	0.0	0.0	0.0	0.0	0.0	0.0	0.0
2015/04/15 01:30:00		2.46034	148.87	21.1021	72.915	1012.87	1.15937	25.8983	2.3986	31.6727	34.0713	7.7649	515.0	37.2775				-0.006333	0.006333	0.000333	0.0	0.0	0.0	0.0	0.0
2015/04/15 01:35:00		2.20788	149.712	21.0703	73.23	1012.88	1.12292	26.0272	3.11773	31.7617	34.8794	7.5266	505.0	60.6				-0.000167	-0.000167	-0.000333	0.0	0.0	0.0	0.0	0.0
2015/04/15 01:40:00		2.79259	143.105	20.9958	73.548	1012.77	1.15208	25.919	2.5058	31.4502	33.956	7.8936	499.375	59.558				-0.004333	0.0055	0.001167	0.0	0.0	0.0	0.0	0.0
2015/04/15 01:45:00		2.91894	147.809	21.001	73.811	1012.67	1.12292	25.7402	3.44603	28.3828	31.8289	7.927	505.83	42.4207				-0.003	0.002667	0.0	0.0	0.0	0.0	0.0	0.0
2015/04/15 01:50:00		2.2596	157.569	20.9948	74.026	1012.61	1.16667	25.5082	3.77657	37.1089	40.8855	7.9222	504.17	36.7167				-0.007833	0.0095	0.0035	0.0	0.0	0.0	0.0	0.0
2015/04/15 01:55:00		2.33751	152.049	20.9953	74.051	1012.52	1.14479	25.3364	2.83633	34.1614	36.9978	7.6171	501.25	32.4522				-0.000333	-0.001333	-0.001667	0.0	0.0	0.0	0.0	0.0
2015/04/15 02:00:00		2.56089	150.982	20.9891	74.066	1012.42	1.16667	25.4927	2.7068	31.2208	33.9276	7.2978	500.63	30.2556				-0.003167	0.003833	0.000667	0.0	0.0	0.0	0.0	0.0
2015/04/15 02:05:00		2.30055	152.784	20.9016	74.127	1012.33	1.17396	25.6867	2.95917	29.6598	32.6189	7.3407	483.542	32.0057				-0.001167	-0.000667	-0.001833	0.0	0.0	0.0	0.0	0.0
2015/04/15 02:10:00		2.32709	151.496	20.8984	74.19	1012.24	1.16667	25.8744	2.0301	31.522	33.5521	8.0843	477.5	36.781				-0.006667	0.006833	0.000333	0.0	0.0	0.0	0.0	0.0
2015/04/15 02:15:00		2.54587	151.999	20.8979	74.235	1012.18	1.16667	25.973	3.31427	32.2615	35.5758	8.375	469.375	68.051				-0.0005	-0.001167	-0.001667	0.0	0.0	0.0	0.0	0.0
2015/04/15 02:20:00		1.49838	161.071	20.8073	74.236	1012.23	1.12292	25.8505	3.66937	35.5273	39.1967	7.7697	474.375	58.857				-0.009667	0.009667	0.003	0.0	0.0	0.0	0.0	0.0
2015/04/15 02:25:00		1.9758	139.505	20.8073	74.155	1012.28	1.14479	25.6733	2.99713	34.0142	37.0114	8.2177	480.417	43.2957				-0.001667	0.001667	0.0	0.0	0.0	0.0	0.0	0.0
2015/04/15 02:30:00		1.67361	159.085	20.8948	73.948	1012.26	1.16667	25.4051	2.948	35.1542	38.1022	8.9613	477.292	37.8775				-0.008833	0.008833	0.0	0.0	0.0	0.0	0.0	0.0
2015/04/15 02:35:00		1.65347	151.675	20.8984	73.552	1012.18	1.14479	25.3219	2.89217	38.7042	41.5964	8.7993	480.0	30.7199				-0.001833	0.001167	-0.000667	0.0	0.0	0.0	0.0	0.0
2015/04/15 02:40:00		1.82656	145.932	20.8984	73.305	1012.11	1.12292	25.5074	3.37457	35.8628	39.2374	8.5991	476.875	29.377				-0.001333	0.001	-0.000333	0.0	0.0	0.0	0.0	0.0
2015/04/15 02:45:00		2.23547	134.56	20.9	73.236	1012.09	1.18854	25.6894	3.56887	37.0781	40.647	8.4608	480.833	31.1842				0.000667	-0.003833	-0.003833	0.0	0.0	0.0	0.0	0.0
2015/04/15 02:50:00		2.04611	131.154	20.8984	73.325	1011.99	1.16667	25.8505	4.2411	34.2813	38.5224	8.008	476.458	38.0418				-0.004167	0.0045	0.0005	0.0	0.0	0.0	0.0	0.0
2015/04/15 02:55:00		1.67991	136.405	20.8995	73.48	1011.93	1.10104	25.9499	5.2528	41.8948	47.1475	7.9174	480.0	71.255				-0.0035	0.003333	-0.000167	0.0	0.0	0.0	0.0	0.0
2015/04/15 03:00:00		1.85121	133.249	20.9	73.576	1011.93	1.18125	25.8234	6.7826	46.7901	53.573	7.865	486.25	62.972				-0.009	0.009	0.003	0.0	0.0	0.0	0.0	0.0
2015/04/15 03:05:00		1.71969	134.037	20.8214	73.878	1011.91	1.23229	25.6315	4.97587	40.6007	45.5766	8.2511	497.917	43.4243				-0.000833	0.000833	0.0	0.0	0.0	0.0	0.0	0.0
2015/04/15 03:10:00		2.16768	132.213	20.7974	74.134	1011.92	1.12292	25.375	6.4923	43.2401	49.7324	7.9842	487.083	37.5382				-0.009	0.009167	0.005833	0.0	0.0	0.0	0.0	0.0
2015/04/15 03:15:00		1.8207	129.448	20.7964	74.29	1011.99	1.16667	25.305	5.7709	45.4858	51.257	8.356	505.0	29.8198				-0.000833	0.000667	-0.000167	0.0	0.0	0.0	0.0	0.0
2015/04/15 03:20:00		2.01793	133.866	20.7974	74.443	1011.96	1.08646	25.4956	4.8977	34.5414	39.4391	7.8602	517.08	28.9305				-0.003667	0.003667	0.0	0.0	0.0	0.0	0.0	0.0
2015/04/15 03:25:00		1.79429	132.589	20.7948	74.588	1011.94	1.1375	25.6631	5.992	42.4151	48.4071	7.6839	508.96	30.3163				-0.001	0.000833	-0.000167	0.0	0.0	0.0	0.0	0.0
2015/04/15 03:30:00		1.38378	131.929	20.7984	74.643	1011.96	1.15937	25.8248	5.0585	43.2778	48.3363	7.6743	511.25	39.4312				-0.005167	0.0055	0.001167	0.0	0.0	0.0	0.0	0.0
2015/04/15 03:35:00		1.4641	138.284	20.799	74.604	1011.98	1.18854	25.927	4.98927	42.8396	47.8289	7.8459	516.67	64.415				-0.0005	0.000333	-0.000167	0.0	0.0	0.0	0.0	0.0
2015/04/15 03:40:00		1.3593	154.541	20.7927	74.558	1011.95	1.16667	25.8068	4.355	37.8039	42.1589	7.7363	520.42	77.712				-0.005667	0.005667	0.0	0.0	0.0	0.0	0.0	0.0
2015/04/15 03:45:00		1.97045	146.191	20.7979	74.559	1011.9	1.16667	25.6264	6.4186	43.8461	50.265	7.8412	528.33	46.1245				-0.000333	0.000333	0.0	0.0	0.0	0.0	0.0	0.0
2015/04/15 03:50:00		2.16707	141.602	20.7927	74.253	1011.89	1.15937	25.3729	4.7436	39.9743	44.7179	7.9508	532.92	38.8062				-0.01	0.009	0.0015	0.0	0.0	0.0	0.0	0.0
2015/04/15 03:55:00		1.65717	146.324	20.7953	73.998	1011.91	1.16667	25.2427	4.40637	37.2151	41.6214	8.1081	536.04	29.9127				-0.001667	-0.000167	-0.000833	0.0	0.0	0.0	0.0	0.0
2015/04/15 04:00:00		2.1068	151.287	20.7964	73.679	1011.9	1.1375	25.3772	3.49517	35.7841	39.2793	7.6171	532.5	27.809				-0.003	0.003	0.0	0.0	0.0	0.0	0.0	0.0
2015/04/15 04:05:00		1.53576	153.193	20.7948	73.563	1012.07	1.17396	25.5144	3.06637	31.7651	34.8315	7.6457	528.75	30.2306				-0.000333	0.000333	0.0	0.0	0.0	0.0	0.0	0.0
2015/04/15 04:10:00		1.44512	148.528	20.7911	73.556	1012.15	1.07187	25.6462	2.51697	29.9473	32.4643	7.4074	532.08	38.8919				-0.000333	0.0025	0.002167	0.0	0.0	0.0	0.0	0.0
2015/04/15 04:15:00		1.87378	145.296	20.7943	73.646	1012.08	1.03542	25.7788	3.35893	31.1866	34.5455	7.7458	562.71	49.0425				0.000667	-0.000667	0.0	0.0	0.0	0.0	0.0	0.0
2015/04/15 04:20:00		1.80189	151.075	20.7651	73.779	1012.02	1.12292	25.8481	5.4694	39.8065	45.276	7.7649	585.42	84.159				-0.004167	0.005167	0.002333	0.0	0.0	0.0	0.0	0.0
2015/04/15 04:25:00		1.74474	145.387	20.6969	73.806	1012.02	1.19583	25.6977	3.52197	38.9438	42.4658	7.8459	601.04	66.837				-0.0025	0.0025	0.001833	0.0	0.0	0.0	0.0	0.0
2015/04/15 04:30:00		1.80336	137.596	20.7026	74.014	1012.0	1.14479	25.4945	5.7084	37.2561	42.9645	7.9937	604.58	44.3351				-0.004	0.004	0.0	0.0	0.0	0.0	0.0	0.0
2015/04/15 04:35:00		2.09852	137.439	20.701	74.142	1011.95	1.18125	25.2317	6.9836	48.3922	55.376	7.9889	606.25	37.0739				0.0005	-0.002667	-0.003	0.0	0.0	0.0	0.0	0.0
2015/04/15 04:40:00		2.20521	145.55	20.7	74.119	1011.93	1.10104	25.2475	7.0841	46.0849	53.169	7.5742	617.5	25.1553				-0.0065	0.006667	0.000833	0.0	0.0	0.0	0.0	0.0
2015/04/15 04:45:00		2.67835	146.766	20.701	74.099	1011.92	1.18854	25.4172	4.98703	37.554	42.541	7.7649	616.25	26.7232				-0.0005	-0.0005	-0.001167	0.0	0.0	0.0	0.0	0.0
2015/04/15 04:50:00		2.70042	141.505	20.687	74.073	1011.88	1.15208	25.5842	4.7302	35.8936	40.6238	7.5123	613.54	32.6415				-0.0045	0.0045	0.0	0.0	0.0	0.0	0.0	0.0
2015/04/15 04:55:00		2.89553	145.668	20.599	73.968	1011.82	1.19583	25.7439	4.7704	36.9446	41.715	7.6648	596.67	42.0028				-0.002	0.002	0.0	0.0	0.0	0.0	0.0	0.0
2015/04/15 05:00:00		2.71479	144.337	20.5995	73.903	1011.83	1.17396	25.8699	3.94853	36.6091	40.5577	7.641	573.13	53.454				-0.007	0.007	0.0	0.0	0.0	0.0	0.0	0.0
2015/04/15 05:05:00		2.45793	145.469	20.6005	73.703	1011.89	1.16667	25.8333	6.1819	38.3311	44.5129	7.4217	560.42	95.256				-0.003	0.003	0.0	0.0	0.0	0.0	0.0	0.0
2015/04/15 05:10:00		2.63251	145.667	20.5969	73.576	1011.94	1.18125	25.643	4.087	35.7191	39.806	7.7697	578.54	52.529				-0.006	0.006	0.0	0.0	0.0	0.0	0.0	0.0
2015/04/15 05:15:00		2.4143	142.712	20.663	73.436	1011.95	1.19583	25.4164	2.99713	34.9214	37.9186	7.8412	614.17	40.6241				-0.003333	0.003333	0.0	0.0	0.0	0.0	0.0	0.0
2015/04/15 05:20:00		2.16524	140.565	20.7021	73.174	1011.97	1.19583	25.2634	3.7051	36.6023	40.3074	7.6982	628.96	30.4342				-0.004	0.004333	0.002833	0.0	0.0	0.0	0.0	0.0
2015/04/15 05:25:00		2.06294	147.653	20.7021	73.018	1012.04	1.18854	25.381	3.7051	35.2637	38.9689	7.6791	643.33	25.5517				-0.003833	0.003333	-0.0005	0.0	0.0	0.0	0.0	0.0
2015/04/15 05:30:00		1.96431	156.626	20.6125	72.836	1012.12	1.18125	25.5214	8.3929	45.164	53.557	7.9365	670.0	28.3483				-0.007	0.007	0.0	0.0	0.0	0.0	0.0	0.0
2015/04/15 05:35:00		2.41965	156.1	20.6	72.926	1012.11	1.13021	25.69	9.4336	47.7966	57.23	7.927	692.71	35.7774				-0.004667	0.003333	0.0	0.0	0.0	0.0	0.0	0.0
2015/04/15 05:40:00		2.67542	165.734	20.5151	73.042	1012.14	1.20313	25.8309	9.2884	47.3618	56.65	7.6839	714.79	47.6067				-0.003667	0.003667	0.0	0.0	0.0	0.0	0.0	0.0
2015/04/15 05:45:00		2.29955	167.231	20.4937	73.301	1012.21	1.18125	25.9316	19.0615	53.26	72.322	7.66	743.75	69.998				-0.001333	0.002833	0.0015	0.0	0.0	0.0	0.0	0.0
2015/04/15 05:50:00		1.5951	161.218	20.3932	73.628	1012.26	1.18854	25.7866	34.811	61.849	96.66	7.9937	820.21	79.327				-0.005167	0.006167	0.002167	0.0	0.0	0.0	0.0	0.0
2015/04/15 05:55:00		1.19228	166.446	20.3943	73.737	1012.3	1.45833	25.6553	37.5714	64.92	102.491	7.9317	979.17	41.835				-0.004667	0.004667	0.0	0.0	0.0	0.0	0.0	0.0
2015/04/15 06:00:00		1.53498	160.258	20.4557	73.754	1012.33	2.43542	25.6301	29.1986	62.479	91.678	8.3512	1143.75	36.6989				-0.002167	0.003333	0.001167	0.0	0.0	0.0	0.0	0.0
2015/04/15 06:05:00		1.95902	167.678	20.4964	73.556	1012.37	5.3375	25.654	39.5858	63.808	103.393	8.3178	1281.46	37.9168				-0.003667	0.003667	0.0	0.0	0.0	0.0	0.0	0.0
2015/04/15 06:10:00		1.2468	165.053	20.4984	73.191	1012.44	9.3698	25.7101	51.51	65.218	116.728	8.5419	1383.96	39.3455				-0.001167	0.001667	0.0005	0.0	0.0	0.0	0.0	0.0
2015/04/15 06:15:00		1.42187	158.039	20.4948	72.764	1012.52	14.6052	25.7753	60.072	69.85	129.922	8.3417	1548.13	40.3313				-0.003	0.003167	0.000167	0.0	0.0	0.0	0.0	0.0
2015/04/15 06:20:00		1.62364	166.677	20.5625	72.499	1012.55	21.2917	25.8433	57.946	71.236	129.182	8.6896	1667.08	40.3063				-0.000833	0.000833	0.0	0.0	0.0	0.0	0.0	0.0
2015/04/15 06:25:00		1.34939	168.462	20.6	72.177	1012.64	29.0135	25.9316	74.506	74.454	148.96	8.8279	1772.92	40.2705				-0.001167	0.001167	0.0	0.0	0.0	0.0	0.0	0.0
2015/04/15 06:30:00		1.61916	163.65	20.6172	71.969	1012.69	37.4281	26.0092	89.983	84.18	174.163	9.5381	1844.38	41.142				-0.001	0.002833	0.002667	0.0	0.0	0.0	0.0	0.0
2015/04/15 06:35:00		1.67467	157.199	20.7026	71.667	1012.67	47.2354	26.0876	68.528	76.388	144.916	10.6344	1841.46	41.2528				-0.0025	0.0025	0.0	0.0	0.0	0.0	0.0	0.0
2015/04/15 06:40:00		2.07109	161.485	20.725	71.411	1012.7	57.852	26.1754	53.995	73.821	127.816	10.3389	1792.08	40.3813				0.0	0.0	0.0	0.0	0.0	0.0	0.0	0.0
2015/04/15 06:45:00		2.47386	156.16	20.801	70.925	1012.66	69.307	26.2495	65.709	75.413	141.122	10.4199	1821.46	40.9599				-0.002167	0.002167	0.0	0.0	0.0	0.0	0.0	0.0
2015/04/15 06:50:00		2.56587	150.516	20.8729	70.44	1012.66	80.595	26.3169	75.391	81.592	156.982	9.6811	1803.33	40.6527				0.0	0.000167	0.000167	0.0	0.0	0.0	0.0	0.0
2015/04/15 06:55:00		2.48417	159.447	20.9599	69.829	1012.63	91.715	26.3912	66.026	79.75	145.776	9.7049	1767.71	39.4312				-0.001	0.004167	0.004	0.0	0.0	0.0	0.0	0.0
2015/04/15 07:00:00		2.37713	168.129	21.0703	69.235	1012.56	103.928	26.4707	41.6606	74.663	116.323	9.4761	1844.17	38.949				-0.004	0.004	0.001667	0.0	0.0	0.0	0.0	0.0
2015/04/15 07:05:00		2.44756	158.803	21.1677	68.635	1012.53	116.528	26.545	56.849	78.778	135.627	9.4761	1933.33	39.4312				-0.000667	0.000667	0.000333	0.0	0.0	0.0	0.0	0.0
2015/04/15 07:10:00		3.04967	166.153	21.2781	67.989	1012.58	127.874	26.6087	67.476	85.077	152.552	9.2807	1981.67	40.1098				0.0	0.002833	0.002833	0.0	0.0	0.0	0.0	0.0
2015/04/15 07:15:00		2.80508	162.976	21.3953	67.306	1012.64	141.159	26.6857	49.5554	82.215	131.77	9.3236	1965.0	39.2883				-0.0015	0.0035	0.002	0.0	0.0	0.0	0.0	0.0
2015/04/15 07:20:00		3.39994	166.582	21.5359	66.611	1012.73	157.58	26.7679	72.936	88.473	161.409	9.2378	2032.5	38.8883				-0.001333	0.0025	0.001167	0.0	0.0	0.0	0.0	0.0
2015/04/15 07:25:00		3.2234	165.19	21.6703	65.886	1012.85	174.154	26.8371	66.227	88.962	155.189	9.2044	2097.92	38.599				-0.004	0.004	0.000333	0.0	0.0	0.0	0.0	0.0
2015/04/15 07:30:00		3.53199	167.937	21.837	65.319	1012.95	189.54	26.947	58.533	87.928	146.462	9.6191	2110.0	38.1204				-0.003833	0.003833	0.000667	0.0	0.0	0.0	0.0	0.0
2015/04/15 07:35:00		2.9706	163.372	21.9786	64.522	1013.09	202.891	27.0114	48.1417	86.422	134.564	9.3331	2113.75	37.9132				-0.0045	0.0045	0.0	0.0	0.0	0.0	0.0	0.0
2015/04/15 07:40:00		2.94532	161.458	22.138	63.755	1013.22	218.203	27.0995	44.5595	86.528	131.088	9.0805	2191.88	37.6454				-0.003167	0.003167	0.000333	0.0	0.0	0.0	0.0	0.0
2015/04/15 07:45:00		2.88123	169.529	22.2859	63.271	1013.4	234.114	27.198	46.9759	87.672	134.647	9.1186	2238.54	37.6454				-0.0055	0.0055	0.001833	0.0	0.0	0.0	0.0	0.0
2015/04/15 07:50:00		2.96316	152.866	22.4573	62.543	1013.5	250.629	27.2914	58.116	90.438	148.553	9.0948	2432.08	37.5739				-0.001667	0.001667	0.000167	0.0	0.0	0.0	0.0	0.0
2015/04/15 07:55:00		2.952	165.145	22.649	61.78	1013.53	267.983	27.384	59.945	93.409	153.354	9.1901	2669.17	37.8418				-0.005	0.005	0.0	0.0	0.0	0.0	0.0	0.0
2015/04/15 08:00:00		2.34471	165.452	22.8401	61.13	1013.62	285.133	27.4697	67.217	96.072	163.289	9.2569	2883.33	37.7704				-0.001833	0.001833	0.001167	0.0	0.0	0.0	0.0	0.0
2015/04/15 08:05:00		3.42083	146.226	23.0005	60.28	1013.7	301.204	27.5701	66.663	96.285	162.947	9.438	3133.13	37.3096				-0.005333	0.005333	0.0015	0.0	0.0	0.0	0.0	0.0
2015/04/15 08:10:00		3.20586	152.001	23.1531	61.249	1013.73	318.66	27.6815	63.882	98.582	162.464	9.8765	3180.83	37.2346				0.0	0.000167	0.000167	0.0	0.0	0.0	0.0	0.0
2015/04/15 08:15:00		3.0784	151.249	23.3349	55.298	1013.74	338.093	27.7894	58.277	98.719	156.995	11.4495	3095.21	37.7525				-0.004167	0.002333	-0.001833	0.0	0.0	0.0	0.0	0.0
2015/04/15 08:20:00		3.12129	150.579	23.5469	53.964	1013.83	352.013	27.8839	55.996	101.156	157.152	11.5878	3137.29	37.0667				0.0	0.0	0.0	0.0	0.0	0.0	0.0	0.0
2015/04/15 08:25:00		3.27722	159.067	23.7734	52.215	1013.87	369.235	27.9991	56.025	101.474	157.5	11.3065	3116.04	36.6453				-0.005333	0.005333	0.0	0.0	0.0	0.0	0.0	0.0
2015/04/15 08:30:00		3.37297	146.186	23.9589	50.519	1013.92	388.383	28.1269	52.87	100.499	153.368	11.5353	2928.75	36.4524				-0.001167	0.001167	0.0	0.0	0.0	0.0	0.0	0.0
2015/04/15 08:35:00		4.55736	154.902	24.1531	48.9807	1013.93	407.495	28.227	42.5495	101.194	143.743	11.9882	2743.33	35.4309				-0.003833	0.003833	0.0	0.0	0.0	0.0	0.0	0.0
2015/04/15 08:40:00		4.02875	166.758	24.3245	46.7328	1013.96	418.44	28.3508	33.1583	96.572	129.731	11.0253	2522.92	34.6166				-0.001333	0.001333	0.0	0.0	0.0	0.0	0.0	0.0
2015/04/15 08:45:00		2.85006	164.532	24.4906	45.8078	1014.12	433.205	28.4794	29.0467	95.894	124.941	10.6773	2383.54	33.6772				-0.006	0.006	0.000667	0.0	0.0	0.0	0.0	0.0
2015/04/15 08:50:00		3.77897	170.859	24.7281	45.3745	1014.21	447.132	28.5932	32.9283	99.927	132.855	10.6916	2476.25	33.2808				-0.002	0.002	0.000167	0.0	0.0	0.0	0.0	0.0
2015/04/15 08:55:00		5.1407	181.869	24.9552	42.9781	1014.21	462.751	28.7089	33.2387	102.618	135.857	11.0682	2401.67	33.1165				-0.0065	0.007	0.001	0.0	0.0	0.0	0.0	0.0
2015/04/15 09:00:00		5.2088	168.416	25.0443	42.0953	1014.18	478.406	28.8383	21.3529	87.843	109.196	11.7212	2131.88	32.27				-0.002333	0.002333	0.001333	0.0	0.0	0.0	0.0	0.0
2015/04/15 09:05:00		6.081	176.939	25.1281	41.0927	1014.12	497.664	28.9455	17.2838	80.075	97.359	11.216	1907.92	32.02				-0.003333	0.0045	0.001333	0.0	0.0	0.0	0.0	0.0
2015/04/15 09:10:00		5.1532	171.65	25.1479	41.2193	1014.12	509.08	29.0601	12.098	73.704	85.802	10.377	1662.92	31.8593				-0.001667	0.001667	0.0	0.0	0.0	0.0	0.0	0.0
2015/04/15 09:15:00		3.87427	167.004	25.3208	41.6432	1014.1	528.58	29.1712	18.4116	95.487	113.899	9.9719	1583.75	30.9092				-0.006833	0.006833	0.0	0.0	0.0	0.0	0.0	0.0
2015/04/15 09:20:00		4.18462	172.701	25.5557	41.0995	1014.09	544.91	29.3039	14.8874	93.905	108.793	10.1768	1631.67	31.4021				-0.001	0.001	0.0	0.0	0.0	0.0	0.0	0.0
2015/04/15 09:25:00		4.77479	177.662	25.6208	40.2401	1014.0	561.87	29.4198	13.8891	90.04	103.93	10.1053	1540.21	31.9414				-0.0045	0.0045	0.0	0.0	0.0	0.0	0.0	0.0
2015/04/15 09:30:00		3.83454	172.635	25.6943	40.7161	1013.93	578.48	29.5312	11.3386	86.374	97.713	10.0672	1404.17	31.795				-0.000167	0.000167	0.0	0.0	0.0	0.0	0.0	0.0
2015/04/15 09:35:00		4.68206	164.847	25.8542	40.6573	1014.08	590.77	29.3275	10.2309	85.895	96.126	9.6287	1318.33	31.7164				-0.006333	0.006333	0.0	0.0	0.0	0.0	0.0	0.0
2015/04/15 09:40:00		3.89351	172.257	25.9562	40.063	1014.14	602.31	28.9661	9.753	82.934	92.687	9.6001	1277.5	32.5843				-0.000667	0.000667	0.0	0.0	0.0	0.0	0.0	0.0
2015/04/15 09:45:00		3.59537	154.359	26.0667	40.1906	1014.18	620.03	28.5897	13.5496	96.161	109.711	9.7526	1316.88	32.4772				-0.006	0.006	0.0	0.0	0.0	0.0	0.0	0.0
2015/04/15 09:50:00		4.78471	159.298	26.201	40.1573	1014.21	632.79	28.5814	12.2588	80.9	93.159	9.6334	1456.88	30.9235				0.0	-0.0005	-0.0005	0.0	0.0	0.0	0.0	0.0
2015/04/15 09:55:00		4.44208	162.14	26.3646	39.4135	1014.18	647.72	28.7956	20.5936	101.55	122.143	9.8146	1534.17	32.9058				-0.001333	0.0025	0.001333	0.0	0.0	0.0	0.0	0.0
2015/04/15 10:00:00		5.6446	170.95	26.4063	38.0146	1014.18	665.31	28.9667	8.413	78.648	87.061	9.5476	1457.29	33.1736				0.000167	-0.000833	-0.000667	0.0	0.0	0.0	0.0	0.0
2015/04/15 10:05:00		4.64369	168.449	26.4047	37.913	1014.19	682.98	29.1508	5.8759	62.062	67.938	9.5905	1376.46	33.3272				-0.0065	0.0075	0.003167	0.0	0.0	0.0	0.0	0.0
2015/04/15 10:10:00		5.4338	188.365	26.4906	37.4823	1014.16	688.86	29.0848	6.4566	73.944	80.401	9.7478	1329.38	33.3272				0.0	0.0	0.0	0.0	0.0	0.0	0.0	0.0
2015/04/15 10:15:00		5.9835	160.143	26.5552	37.4604	1014.12	701.71	28.76	5.2416	61.695	66.937	9.519	1231.88	33.6594				-0.0025	0.005	0.0025	0.0	0.0	0.0	0.0	0.0
2015/04/15 10:20:00		4.4384	152.793	26.6068	37.6474	1014.07	709.8	28.4643	6.6375	70.51	77.148	9.2473	1154.79	33.6273				0.0	0.0	0.0	0.0	0.0	0.0	0.0	0.0
2015/04/15 10:25:00		5.1119	168.746	26.8375	38.088	1014.04	716.68	28.2007	4.9312	77.326	82.257	8.8565	1155.21	32.8236				-0.003667	0.0045	0.0015	0.0	0.0	0.0	0.0	0.0
2015/04/15 10:30:00		4.3743	171.31	27.0542	36.8141	1014.04	719.59	28.1298	3.39467	63.708	67.103	8.8136	1126.67	29.9627				-0.000167	0.000167	0.0	0.0	0.0	0.0	0.0	0.0
2015/04/15 10:35:00		3.87892	151.772	27.2406	37.2656	1014.03	729.66	28.3467	6.8184	88.675	95.493	8.8279	1154.17	35.2416				-0.001167	0.001167	0.0	0.0	0.0	0.0	0.0	0.0
2015/04/15 10:40:00		4.69725	152.793	27.5375	36.2568	1013.99	753.59	28.6335	5.0607	83.238	88.299	9.0138	1223.13	36.0917				0.0	0.0	0.0	0.0	0.0	0.0	0.0	0.0
2015/04/15 10:45:00		4.12892	156.315	27.6589	35.1385	1013.96	765.34	28.6125	6.4275	80.756	87.184	8.8469	1249.58	36.3738				-0.006167	0.006167	0.002333	0.0	0.0	0.0	0.0	0.0
2015/04/15 10:50:00		4.32406	164.843	27.8052	34.4469	1013.96	779.58	28.4745	3.9731	70.476	74.449	8.7039	1220.21	36.4524				-0.000667	0.000667	0.0	0.0	0.0	0.0	0.0	0.0
2015/04/15 10:55:00		4.00409	180.347	28.0073	34.7927	1013.89	788.88	28.3258	3.93513	73.749	77.684	8.8183	1192.5	35.756				-0.002833	0.004667	0.003833	0.0	0.0	0.0	0.0	0.0
2015/04/15 11:00:00		4.64868	175.087	28.2766	33.8146	1013.8	795.68	28.1975	2.68893	60.302	62.991	8.7373	1156.67	35.7524				0.0	0.0	0.0	0.0	0.0	0.0	0.0	0.0
2015/04/15 11:05:00		4.80167	153.509	28.299	33.7177	1013.79	801.19	28.1027	4.54037	70.25	74.791	8.8994	1150.42	34.1737				-0.004167	0.006667	0.004667	0.0	0.0	0.0	0.0	0.0
2015/04/15 11:10:00		4.99815	171.691	28.299	34.2474	1013.7	799.01	28.0095	2.546	57.166	59.712	8.9661	1128.13	34.2523				0.0	0.0	0.0	0.0	0.0	0.0	0.0	0.0
2015/04/15 11:15:00		3.80971	159.206	28.3755	35.3302	1013.73	793.15	28.2337	3.4103	62.695	66.105	8.518	1126.46	30.0306				-0.003	0.003	0.001833	0.0	0.0	0.0	0.0	0.0
2015/04/15 11:20:00		4.87979	151.435	28.6313	34.6396	1013.63	807.24	28.656	7.6358	81.287	88.923	9.1568	1153.54	40.417				0.0	0.0	0.0	0.0	0.0	0.0	0.0	0.0
2015/04/15 11:25:00		4.52261	148.719	28.6172	34.9339	1013.51	818.63	28.8236	4.08923	69.843	73.932	8.661	1123.96	44.1387				-0.003333	0.004833	0.0015	0.0	0.0	0.0	0.0	0.0
2015/04/15 11:30:00		4.66659	154.757	28.7646	34.9625	1013.44	792.86	28.8977	4.16293	71.555	75.717	8.785	1180.63	41.5028				0.0005	-0.0005	0.0	0.0	0.0	0.0	0.0	0.0
2015/04/15 11:35:00		4.13683	160.24	28.8995	34.2198	1013.36	833.59	28.9315	7.006	79.88	86.886	9.0567	1250.21	37.8918				-0.002833	0.0035	0.001667	0.0	0.0	0.0	0.0	0.0
2015/04/15 11:40:00		4.47772	160.248	28.8057	34.1948	1013.27	831.46	28.9978	5.0138	70.534	75.548	8.6134	1338.75	35.931				-0.000667	0.000667	0.0	0.0	0.0	0.0	0.0	0.0
2015/04/15 11:45:00		3.50472	157.104	28.801	34.4708	1013.21	835.36	29.0571	3.58003	63.643	67.223	8.8374	1706.04	35.5238				-0.003333	0.005667	0.003167	0.0	0.0	0.0	0.0	0.0
2015/04/15 11:50:00		3.36431	141.45	28.8875	34.3563	1013.17	857.24	29.0797	3.96417	72.835	76.799	9.0233	1746.67	35.3524				-0.0015	0.0015	0.0	0.0	0.0	0.0	0.0	0.0
2015/04/15 11:55:00		4.12932	144.199	28.9516	34.1104	1013.1	845.98	29.1718	3.752	73.793	77.545	8.866	1572.5	34.1594				-0.000333	0.0005	0.000167	0.0	0.0	0.0	0.0	0.0
2015/04/15 12:00:00		4.1913	146.757	28.9016	34.5354	1012.98	847.01	29.3935	12.692	80.623	93.315	8.8898	1553.33	34.7666				0.0	0.0	0.0	0.0	0.0	0.0	0.0	0.0
2015/04/15 12:05:00		4.62786	146.296	28.8438	34.4859	1012.98	852.39	29.4829	10.2599	67.943	78.203	8.7897	1421.88	32.8236				-0.005833	0.007167	0.004	0.0	0.0	0.0	0.0	0.0
2015/04/15 12:10:00		4.81513	155.968	28.8927	34.5344	1012.93	847.42	29.4727	6.1975	62.78	68.978	8.723	1306.25	32.5986				0.000167	-0.000167	0.0	0.0	0.0	0.0	0.0	0.0
2015/04/15 12:15:00		4.87489	144.928	29.0005	33.862	1012.87	827.19	29.3766	4.355	63.629	67.984	8.6277	1206.04	32.3593				-0.003	0.006667	0.004	0.0	0.0	0.0	0.0	0.0
2015/04/15 12:20:00		5.3554	154.998	28.9995	34.1839	1012.82	851.36	29.2673	5.3399	71.657	76.997	8.9232	1103.96	32.3057				0.0	0.0	0.0	0.0	0.0	0.0	0.0	0.0
2015/04/15 12:25:00		5.1621	170.998	29.0646	34.1583	1012.7	857.59	29.273	3.50857	69.723	73.232	8.7325	1055.21	32.5379				0.0	0.001833	0.001833	0.0	0.0	0.0	0.0	0.0
2015/04/15 12:30:00		4.49815	147.113	29.2099	33.2052	1012.57	857.38	29.3401	2.62193	61.374	63.995	8.5466	1005.63	33.8916				0.0	0.0	0.0	0.0	0.0	0.0	0.0	0.0
2015/04/15 12:35:00		4.79444	149.715	29.3312	33.0615	1012.5	855.01	29.4301	2.64873	62.089	64.738	8.6896	943.54	35.8417				-0.003833	0.007	0.003333	0.0	0.0	0.0	0.0	0.0
2015/04/15 12:40:00		4.32961	154.951	29.4911	33.0047	1012.36	859.48	29.5366	2.97927	69.305	72.285	8.7802	889.79	35.3595				0.000833	-0.001333	-0.001333	0.0	0.0	0.0	0.0	0.0
2015/04/15 12:45:00		4.87509	164.45	29.563	33.0104	1012.26	854.0	29.6376	2.96363	67.505	70.468	8.5752	855.83	35.4631				-0.000833	0.0015	0.000833	0.0	0.0	0.0	0.0	0.0
2015/04/15 12:50:00		4.84757	159.381	29.7484	32.6292	1012.19	846.34	29.7286	3.9731	73.749	77.722	7.9508	905.42	34.738				-0.000833	0.000833	0.0	0.0	0.0	0.0	0.0	0.0
2015/04/15 12:55:00		4.83502	158.659	29.7573	32.3234	1012.11	828.83	29.8328	8.7859	80.708	89.494	8.5419	948.54	32.7165				-0.004167	0.005333	0.002	0.0	0.0	0.0	0.0	0.0
2015/04/15 13:00:00		4.66254	168.049	29.8193	32.7677	1012.03	842.88	29.8929	5.2885	70.651	75.939	8.9375	976.87	31.7485				0.0	0.0	0.0	0.0	0.0	0.0	0.0	0.0
2015/04/15 13:05:00		4.48486	162.15	29.8766	32.0417	1011.88	858.17	29.9052	3.63363	66.402	70.036	8.9566	944.79	33.0022				-0.001833	0.0045	0.004167	0.0	0.0	0.0	0.0	0.0
2015/04/15 13:10:00		4.55068	170.115	29.8667	32.8068	1011.78	889.42	29.9321	3.89493	70.415	74.309	9.1043	915.83	33.1987				0.000333	-0.000333	0.0	0.0	0.0	0.0	0.0	0.0
2015/04/15 13:15:00		4.28368	158.857	30.0234	32.8151	1011.66	870.06	30.0658	5.5364	75.296	80.833	9.5572	896.25	33.0736				-0.002667	0.0035	0.001167	0.0	0.0	0.0	0.0	0.0
2015/04/15 13:20:00		4.2954	139.836	30.2766	32.9437	1011.53	842.3	30.1745	5.628	88.12	93.748	8.785	910.63	33.2701				0.0	0.0	0.0	0.0	0.0	0.0	0.0	0.0
2015/04/15 13:25:00		3.82421	146.69	30.1833	32.9641	1011.39	770.94	30.2811	2.86313	65.885	68.749	8.9899	929.17	34.7702				-0.003	0.003	0.0	0.0	0.0	0.0	0.0	0.0
2015/04/15 13:30:00		4.98213	159.02	30.1188	32.8979	1011.36	859.32	30.36	2.30033	53.685	55.985	9.2235	878.13	36.756				-0.000333	0.000333	0.0	0.0	0.0	0.0	0.0	0.0
2015/04/15 13:35:00		4.68171	165.658	30.0255	32.6635	1011.28	842.44	30.3528	2.8274	57.919	60.747	8.8898	888.33	37.6489				-0.0085	0.0085	0.0025	0.0	0.0	0.0	0.0	0.0
2015/04/15 13:40:00		3.92717	150.977	30.0318	33.3484	1011.22	791.82	30.3087	2.86537	61.055	63.921	9.357	889.17	36.8953				-0.001333	0.0015	0.000833	0.0	0.0	0.0	0.0	0.0
2015/04/15 13:45:00		4.98379	166.71	30.138	32.674	1011.15	809.8	30.2757	3.55323	67.47	71.024	9.5238	899.79	36.1881				-0.004333	0.004667	0.000333	0.0	0.0	0.0	0.0	0.0
2015/04/15 13:50:00		3.29399	166.944	30.1276	33.7687	1011.08	834.45	30.2676	2.4187	59.46	61.879	9.1568	945.83	36.4417				0.0	0.0	0.0	0.0	0.0	0.0	0.0	0.0
2015/04/15 13:55:00		3.53402	155.286	30.3823	33.2682	1011.09	756.3	30.3729	3.53313	70.955	74.489	9.3522	990.63	36.4596				-0.004667	0.004667	0.0	0.0	0.0	0.0	0.0	0.0
2015/04/15 14:00:00		4.11191	143.212	30.3474	32.3521	1010.96	554.27	30.4559	1.98543	51.271	53.257	9.1758	977.29	37.6597				-0.000667	0.000667	0.0	0.0	0.0	0.0	0.0	0.0
2015/04/15 14:05:00		3.02601	148.025	30.1938	32.8781	1010.91	791.46	30.5012	2.44773	60.857	63.304	9.5524	998.33	38.2668				-0.0005	0.002667	0.002167	0.0	0.0	0.0	0.0	0.0
2015/04/15 14:10:00		4.09047	156.849	30.1339	32.6828	1010.92	669.05	30.4666	2.6264	59.439	62.066	9.724	1020.83	37.3096				0.0	0.0	0.0	0.0	0.0	0.0	0.0	0.0
2015/04/15 14:15:00		4.03058	154.249	30.0568	33.3167	1010.79	741.88	30.3831	5.3332	80.137	85.47	9.5762	1016.04	36.1095				-0.007167	0.007167	0.0	0.0	0.0	0.0	0.0	0.0
2015/04/15 14:20:00		3.23879	154.889	30.0766	34.0172	1010.77	741.39	30.3216	3.17803	63.006	66.184	9.5858	1008.96	35.163				-0.000333	0.000333	0.0	0.0	0.0	0.0	0.0	0.0
2015/04/15 14:25:00		5.1598	141.569	30.1828	33.2115	1010.79	459.783	30.2827	5.9675	71.784	77.751	9.6287	1027.92	34.3237				-0.000167	0.000167	0.0	0.0	0.0	0.0	0.0	0.0
2015/04/15 14:30:00		4.66861	146.005	29.7781	33.988	1010.77	433.978	30.3538	5.6593	61.976	67.635	9.8003	985.63	35.163				0.0	0.0	0.0	0.0	0.0	0.0	0.0	0.0
2015/04/15 14:35:00		3.6684	140.538	29.462	35.9453	1010.7	593.08	30.3855	3.55993	59.015	62.575	9.5476	961.25	35.9845				-0.004	0.004	0.0	0.0	0.0	0.0	0.0	0.0
2015/04/15 14:40:00		4.72365	141.504	29.5089	36.6505	1010.64	604.29	30.4078	4.0066	71.308	75.315	9.3903	1015.21	35.8238				-0.0015	0.0015	0.0	0.0	0.0	0.0	0.0	0.0
2015/04/15 14:45:00		5.0712	140.168	29.5922	35.9422	1010.6	500.33	30.4247	3.90163	60.802	64.703	10.072	1024.58	35.8595				-0.005167	0.005167	0.001	0.0	0.0	0.0	0.0	0.0
2015/04/15 14:50:00		4.5112	147.143	29.4042	36.4995	1010.48	591.04	30.3968	3.68277	62.082	65.765	9.6668	971.88	36.4917				-0.002	0.002	0.0	0.0	0.0	0.0	0.0	0.0
2015/04/15 14:55:00		4.29143	151.062	29.3068	37.0563	1010.4	620.22	30.3216	3.5644	58.429	61.994	9.5238	952.5	35.5381				-0.004333	0.0045	0.002333	0.0	0.0	0.0	0.0	0.0
2015/04/15 15:00:00		4.39013	148.047	29.3656	37.2089	1010.36	393.655	30.2484	3.60013	60.295	63.895	9.6191	945.63	35.1809				-0.0025	0.001833	-0.000667	0.0	0.0	0.0	0.0	0.0
2015/04/15 15:05:00		5.7476	139.162	29.2391	37.7344	1010.42	339.777	30.181	3.8726	58.734	62.607	9.2378	971.04	33.5665				-0.002167	0.004833	0.002667	0.0	0.0	0.0	0.0	0.0
2015/04/15 15:10:00		4.66322	144.087	29.0193	38.2385	1010.42	595.05	30.1544	3.1758	54.681	57.857	9.1711	978.54	34.4309				-0.001667	0.001667	0.0	0.0	0.0	0.0	0.0	0.0
2015/04/15 15:15:00		5.0783	138.007	28.999	38.174	1010.34	360.901	30.1206	3.1557	54.147	57.303	9.2807	965.63	35.3774				-0.001667	0.001667	0.0	0.0	0.0	0.0	0.0	0.0
2015/04/15 15:20:00		4.60109	146.141	28.8693	38.3245	1010.29	255.792	30.0722	4.3014	59.638	63.939	9.1711	949.79	35.2166				-0.001333	0.001333	0.0	0.0	0.0	0.0	0.0	0.0
2015/04/15 15:25:00		4.66336	153.972	28.7708	38.8594	1010.28	549.74	30.0438	6.5347	69.593	76.128	9.2092	955.63	33.4272				-0.002833	0.003333	0.002333	0.0	0.0	0.0	0.0	0.0
2015/04/15 15:30:00		3.82541	165.423	28.8151	38.338	1010.26	512.31	29.9898	3.4036	57.656	61.059	9.2283	995.42	34.5201				-0.002833	0.002667	-0.000167	0.0	0.0	0.0	0.0	0.0
2015/04/15 15:35:00		4.59369	145.53	28.9708	38.5042	1010.22	450.18	29.9253	4.1674	69.586	73.753	9.4475	1017.29	34.5559				-0.003333	0.0035	0.000833	0.0	0.0	0.0	0.0	0.0
2015/04/15 15:40:00		4.64127	136.338	29.1042	38.6823	1010.18	492.45	29.8795	4.3014	65.714	70.016	9.0233	1108.96	34.1987				-0.001833	0.001833	0.0	0.0	0.0	0.0	0.0	0.0
2015/04/15 15:45:00		4.10597	160.561	29.1063	38.3094	1010.19	445.703	29.8191	4.4354	66.539	70.975	9.1854	1168.75	34.2416				-0.003	0.004	0.001	0.0	0.0	0.0	0.0	0.0
2015/04/15 15:50:00		3.36086	150.018	29.1245	38.4531	1010.11	450.406	29.7651	2.99267	62.103	65.095	9.4094	1214.58	34.7523				-0.002	0.002	0.0	0.0	0.0	0.0	0.0	0.0
2015/04/15 15:55:00		4.47428	158.008	29.1042	37.3771	1010.07	424.499	29.7076	4.34607	65.557	69.903	9.5524	1242.5	34.6273				-0.002167	0.002167	0.0	0.0	0.0	0.0	0.0	0.0
2015/04/15 16:00:00		4.29484	156.294	29.0297	37.2318	1010.05	413.678	29.6617	4.3081	67.412	71.72	9.5858	1183.13	34.7344				-0.002667	0.002667	0.0	0.0	0.0	0.0	0.0	0.0
2015/04/15 16:05:00		4.99143	146.545	28.9974	37.1703	1010.05	400.969	29.612	4.88654	76.44	81.326	9.3617	1186.46	33.5308				-0.000667	0.001667	0.001167	0.0	0.0	0.0	0.0	0.0
2015/04/15 16:10:00		5.077	143.634	28.9651	37.3635	1010.06	372.429	29.5449	2.56833	59.658	62.227	9.6144	1147.92	33.5558				-0.001333	0.001333	0.0	0.0	0.0	0.0	0.0	0.0
2015/04/15 16:15:00		4.07677	147.937	28.7682	37.6776	1010.13	363.475	29.4744	2.6063	51.216	53.823	9.5381	1109.17	35.1309				-0.003333	0.006	0.004333	0.0	0.0	0.0	0.0	0.0
2015/04/15 16:20:00		5.5657	152.12	28.6339	37.8177	1010.13	349.329	29.4121	2.58843	46.9578	49.5463	9.5858	1077.92	36.3381				-0.003	0.003	0.0	0.0	0.0	0.0	0.0	0.0
2015/04/15 16:25:00		4.09295	149.965	28.6063	38.2615	1010.11	320.228	29.3554	6.1975	68.58	74.777	9.5572	1107.92	34.7523				-0.000833	0.003667	0.002833	0.0	0.0	0.0	0.0	0.0
2015/04/15 16:30:00		5.4145	138.21	28.4635	37.8964	1010.1	306.855	29.2926	4.36617	53.75	58.116	9.9528	1105.21	33.838				-0.0035	0.0035	0.001	0.0	0.0	0.0	0.0	0.0
2015/04/15 16:35:00		4.12329	141.159	28.3984	39.4708	1010.13	298.295	29.2332	5.255	60.994	66.249	10.3484	1065.83	34.263				0.0	0.001333	0.001333	0.0	0.0	0.0	0.0	0.0
2015/04/15 16:40:00		4.24845	143.544	28.4547	39.8375	1010.15	280.175	29.1618	5.6704	77.046	82.716	10.2436	1118.33	32.8843				0.000167	-0.000167	0.0	0.0	0.0	0.0	0.0	0.0
2015/04/15 16:45:00		4.3589	146.022	28.4135	39.4917	1010.1	263.783	29.0931	4.26343	60.86	65.123	9.9766	1189.79	32.2307				-0.002333	0.003667	0.003667	0.0	0.0	0.0	0.0	0.0
2015/04/15 16:50:00		3.06637	144.231	28.2979	39.3203	1010.1	245.941	29.0526	5.8848	66.526	72.41	9.7431	1187.5	32.4879				-0.001	0.001	0.001167	0.0	0.0	0.0	0.0	0.0
2015/04/15 16:55:00		5.4061	145.32	28.1984	39.3031	1010.1	229.505	28.9806	6.0657	67.642	73.707	9.6525	1288.13	32.245				-0.001167	0.003667	0.0035	0.0	0.0	0.0	0.0	0.0
2015/04/15 17:00:00		4.72752	142.657	28.0964	40.7755	1010.1	222.024	28.9116	6.5012	69.364	75.865	9.6763	1348.33	32.3164				0.0	0.0	0.0	0.0	0.0	0.0	0.0	0.0
2015/04/15 17:05:00		4.82389	137.797	28.0688	41.7802	1010.13	196.416	28.8684	4.74807	63.657	68.405	9.4237	1342.71	32.1307				0.0	0.001667	0.001667	0.0	0.0	0.0	0.0	0.0
2015/04/15 17:10:00		4.24998	137.262	27.9458	42.2635	1010.2	176.145	28.8195	6.0166	66.683	72.7	9.581	1344.17	31.7128				-0.001333	0.002167	0.001333	0.0	0.0	0.0	0.0	0.0
2015/04/15 17:15:00		4.19874	148.934	27.8948	41.7745	1010.23	160.198	28.7554	7.0417	67.796	74.837	9.9099	1425.83	31.6092				0.0	0.001	0.001	0.0	0.0	0.0	0.0	0.0
2015/04/15 17:20:00		4.1382	143.559	27.7979	41.8385	1010.26	145.935	28.6963	4.9714	64.393	69.364	9.8861	1564.58	31.895				-0.000833	0.0025	0.001667	0.0	0.0	0.0	0.0	0.0
2015/04/15 17:25:00		4.92443	145.843	27.7687	41.0484	1010.32	132.22	28.6335	6.4543	69.795	76.249	9.5524	1620.0	31.3592				-0.000167	0.004667	0.0045	0.0	0.0	0.0	0.0	0.0
2015/04/15 17:30:00		4.19297	149.264	27.6286	40.9021	1010.36	114.654	28.5744	6.8965	66.909	73.806	9.2998	1606.25	31.4414				-0.002167	0.002167	0.0	0.0	0.0	0.0	0.0	0.0
2015/04/15 17:35:00		4.3166	148.082	27.512	41.9891	1010.4	104.213	28.5221	3.98427	59.587	63.571	9.5238	1556.67	32.7701				-0.001333	0.003	0.003	0.0	0.0	0.0	0.0	0.0
2015/04/15 17:40:00		3.97566	147.759	27.388	43.1427	1010.49	93.836	28.4488	5.2841	64.496	69.78	8.9661	1601.04	33.8201				-0.002	0.002	0.001167	0.0	0.0	0.0	0.0	0.0
2015/04/15 17:45:00		4.14963	148.899	27.362	43.324	1010.59	81.849	28.3873	8.3839	77.532	85.916	9.1329	1746.25	33.663				0.0	0.001333	0.001333	0.0	0.0	0.0	0.0	0.0
2015/04/15 17:50:00		4.03552	144.692	27.2776	43.9208	1010.7	70.102	28.3036	8.2611	78.247	86.508	9.0042	1826.88	33.0915				-0.000167	0.001667	0.001667	0.0	0.0	0.0	0.0	0.0
2015/04/15 17:55:00		4.56676	149.429	27.1755	44.7323	1010.81	60.083	28.3	6.2712	70.195	76.467	8.8326	1862.08	32.645				0.0	0.003667	0.003667	0.0	0.0	0.0	0.0	0.0
2015/04/15 18:00:00		3.80358	152.856	27.0516	44.5396	1010.89	49.1167	28.1639	7.3521	72.807	80.16	9.1568	1874.17	32.8951				-0.001667	0.001667	0.0	0.0	0.0	0.0	0.0	0.0
2015/04/15 18:05:00		4.02764	137.79	26.913	44.4953	1010.95	40.1552	27.9781	8.6341	75.437	84.071	9.1806	1851.88	35.0916				-0.001	0.000833	-0.000167	0.0	0.0	0.0	0.0	0.0
2015/04/15 18:10:00		4.6339	144.665	26.7458	44.3594	1010.96	32.4333	27.7524	5.4248	60.768	66.192	8.7516	1754.58	35.3095				-0.003167	0.003167	0.000333	0.0	0.0	0.0	0.0	0.0
2015/04/15 18:15:00		4.00588	142.252	26.6339	45.1354	1010.97	25.1927	27.544	7.0864	71.178	78.264	8.4608	1728.54	35.4238				-0.000167	0.002333	0.002333	0.0	0.0	0.0	0.0	0.0
2015/04/15 18:20:00		2.57439	149.445	26.588	46.0792	1011.08	18.7396	27.3521	7.2025	72.523	79.726	8.4275	1804.79	35.1809				-0.004333	0.004333	0.0	0.0	0.0	0.0	0.0	0.0
2015/04/15 18:25:00		3.67594	143.264	26.4932	46.7932	1011.16	13.6646	27.147	11.8344	86.121	97.955	8.9232	1885.63	34.0916				-0.002833	0.002833	0.000333	0.0	0.0	0.0	0.0	0.0
2015/04/15 18:30:00		3.31814	138.744	26.4141	47.8281	1011.23	9.2677	26.9357	8.3973	76.289	84.686	8.7278	1837.5	34.413				-0.005333	0.005333	0.0	0.0	0.0	0.0	0.0	0.0
2015/04/15 18:35:00		4.33929	139.727	26.3589	49.1031	1011.31	6.8323	26.7483	18.4831	86.651	105.134	8.58	1899.58	33.3058				-0.0025	0.003167	0.001167	0.0	0.0	0.0	0.0	0.0
2015/04/15 18:40:00		4.42549	136.092	26.2104	50.056	1011.4	5.0021	26.5791	10.5324	72.992	83.525	8.3083	1937.08	32.7343				-0.000333	0.000333	0.0	0.0	0.0	0.0	0.0	0.0
2015/04/15 18:45:00		3.87555	138.196	26.0474	50.978	1011.44	3.77708	26.4213	8.71	70.706	79.416	8.3464	1867.29	32.8307				-0.001	0.001	0.0	0.0	0.0	0.0	0.0	0.0
2015/04/15 18:50:00		3.62941	134.893	25.9339	51.763	1011.51	2.82188	26.294	7.5598	65.393	72.952	8.3417	1822.29	32.6986				-0.005167	0.005167	0.0	0.0	0.0	0.0	0.0	0.0
2015/04/15 18:55:00		3.37323	139.351	25.8422	52.291	1011.56	2.81458	26.1695	12.9913	77.179	90.17	8.3131	1848.96	32.5379				0.0	0.0015	0.0015	0.0	0.0	0.0	0.0	0.0
2015/04/15 19:00:00		3.8832	137.778	25.762	52.876	1011.64	2.90208	26.0237	11.4704	77.117	88.588	8.8326	1894.17	32.7522				-0.004833	0.0015	-0.000667	0.0	0.0	0.0	0.0	0.0
2015/04/15 19:05:00		3.075	136.677	25.6708	53.224	1011.7	2.70521	25.948	12.2052	73.612	85.817	8.7993	1836.04	29.4127				0.0	-0.002333	-0.002333	0.0	0.0	0.0	0.0	0.0
2015/04/15 19:10:00		3.18638	142.256	25.5938	53.675	1011.76	1.80833	26.1053	13.9315	76.118	90.049	9.0233	1810.42	12.4473				0.001	-0.001	0.0	0.0	0.0	0.0	0.0	0.0
2015/04/15 19:15:00		3.23909	144.964	25.4948	53.878	1011.82	1.77188	26.3292	10.758	68.645	79.403	8.9327	1778.75	8.5291				-0.0005	0.000667	0.000167	0.0	0.0	0.0	0.0	0.0
2015/04/15 19:20:00		4.09599	142.784	25.4188	54.063	1011.89	1.82292	26.5445	10.6642	66.666	77.33	9.6096	1768.96	34.9773				0.000333	0.0	0.000333	0.0	0.0	0.0	0.0	0.0
2015/04/15 19:25:00		4.22543	147.316	25.3286	54.306	1011.97	1.80104	26.7547	11.5106	62.411	73.921	9.5238	1682.08	63.926				0.0	0.000167	0.000167	0.0	0.0	0.0	0.0	0.0
2015/04/15 19:30:00		3.08065	142.537	25.3146	54.524	1012.04	1.80104	26.8941	19.3362	80.828	100.165	9.1139	1601.25	94.249				-0.005167	0.005167	0.0	0.0	0.0	0.0	0.0	0.0
2015/04/15 19:35:00		3.47686	149.896	25.2286	54.801	1012.13	1.82292	26.8127	8.4509	67.07	75.521	8.6992	1476.67	66.265				-0.002833	0.002833	0.000833	0.0	0.0	0.0	0.0	0.0
2015/04/15 19:40:00		3.51326	142.759	25.2104	55.084	1012.17	1.77188	26.617	10.1371	67.549	77.686	8.3178	1399.58	46.9353				-0.0075	0.0075	0.003	0.0	0.0	0.0	0.0	0.0
2015/04/15 19:45:00		3.65211	143.374	25.0979	55.597	1012.28	1.84479	26.3802	5.8223	54.181	60.003	8.2177	1333.13	39.8383				0.0	0.0	0.0	0.0	0.0	0.0	0.0	0.0
2015/04/15 19:50:00		3.63427	147.522	25.0083	56.195	1012.36	1.77188	26.2272	6.4521	57.344	63.796	7.8936	1292.29	31.0235				-0.0045	0.0045	0.0	0.0	0.0	0.0	0.0	0.0
2015/04/15 19:55:00		3.46248	143.478	24.9229	56.683	1012.41	1.75	26.3934	7.4392	60.87	68.31	7.7887	1239.58	8.9506				0.0	0.0	0.0	0.0	0.0	0.0	0.0	0.0
2015/04/15 20:00:00		3.15368	148.288	24.8677	57.069	1012.47	1.80104	26.6006	10.0679	62.051	72.119	7.7458	1208.75	21.7229				-0.002667	0.002667	0.0	0.0	0.0	0.0	0.0	0.0
2015/04/15 20:05:00		3.72172	146.814	24.8234	57.566	1012.58	1.74271	26.824	6.9993	50.987	57.986	7.8745	1233.33	43.4208				0.0	0.0	0.0	0.0	0.0	0.0	0.0	0.0
2015/04/15 20:10:00		2.86754	146.011	24.7359	57.999	1012.71	1.49479	27.0267	11.352	67.491	78.843	7.7935	1241.25	54.211				-0.0045	0.006	0.0015	0.0	0.0	0.0	0.0	0.0
2015/04/15 20:15:00		2.50513	143.777	24.7208	58.239	1012.82	1.07917	27.2275	16.1961	73.42	89.616	7.803	1234.58	58.7				-0.001167	0.002	0.001667	0.0	0.0	0.0	0.0	0.0
2015/04/15 20:20:00		2.72935	138.36	24.6542	58.519	1012.91	1.26875	27.2176	16.185	71.976	88.161	7.8888	1184.38	68.326				-0.002333	0.003833	0.0015	0.0	0.0	0.0	0.0	0.0
2015/04/15 20:25:00		2.89951	141.49	24.6229	58.923	1013.03	1.77188	26.9955	12.2297	67.546	79.776	7.9794	1148.96	48.6104				-0.0005	-0.0005	-0.001	0.0	0.0	0.0	0.0	0.0
2015/04/15 20:30:00		2.70282	144.952	24.5354	59.381	1013.07	1.83021	26.7939	8.0579	57.539	65.597	7.7363	1126.46	42.5386				-0.005	0.005167	0.001	0.0	0.0	0.0	0.0	0.0
2015/04/15 20:35:00		2.74197	148.01	24.5141	59.964	1013.1	1.80104	26.7751	6.604	55.239	61.843	7.1738	1147.71	10.49				0.001	0.000667	0.000667	0.0	0.0	0.0	0.0	0.0
2015/04/15 20:40:00		2.58529	140.685	24.4427	60.179	1013.16	1.67708	26.9171	9.9138	61.959	71.873	7.517	1146.88	17.019				-0.0025	0.0025	0.0	0.0	0.0	0.0	0.0	0.0
2015/04/15 20:45:00		2.61717	138.481	24.4161	60.491	1013.21	1.09375	27.1064	8.547	64.482	73.029	7.6743	1154.38	56.472				-0.002333	0.002333	0.0	0.0	0.0	0.0	0.0	0.0
2015/04/15 20:50:00		1.9925	141.075	24.3839	60.947	1013.3	1.07187	27.314	10.1483	66.368	76.516	7.8888	1222.29	54.936				-0.0035	0.004667	0.001167	0.0	0.0	0.0	0.0	0.0
2015/04/15 20:55:00		2.26395	138.541	24.3167	61.041	1013.38	1.1375	27.4589	18.8538	78.771	97.625	8.0557	1274.79	55.457				-0.0005	0.0005	0.0	0.0	0.0	0.0	0.0	0.0
2015/04/15 21:00:00		2.41513	143.814	24.312	61.105	1013.47	1.10104	27.2906	15.6177	74.663	90.281	7.8555	1255.21	51.432				-0.008	0.008	0.002833	0.0	0.0	0.0	0.0	0.0
2015/04/15 21:05:00		2.6722	143.632	24.3172	61.388	1013.52	1.73542	27.0621	12.8171	69.829	82.646	7.946	1231.88	42.0457				0.0	0.0	0.0	0.0	0.0	0.0	0.0	0.0
2015/04/15 21:10:00		2.06997	135.982	24.2667	60.918	1013.6	1.79375	26.8946	12.4374	69.066	81.503	7.6934	1225.83	20.5442				-0.002667	0.005167	0.0025	0.0	0.0	0.0	0.0	0.0
2015/04/15 21:15:00		2.04056	145.366	24.2104	61.577	1013.67	1.31979	26.9982	15.7294	71.531	87.26	7.7029	1239.38	12.9509				-0.000333	-0.002167	-0.0025	0.0	0.0	0.0	0.0	0.0
2015/04/15 21:20:00		2.39709	135.995	24.2172	61.846	1013.72	1.15937	27.1614	21.6298	77.717	99.346	7.6982	1358.33	49.4569				-0.005833	0.005833	0.003	0.0	0.0	0.0	0.0	0.0
2015/04/15 21:25:00		1.93273	146.096	24.2115	62.147	1013.72	1.15208	27.3481	14.7445	72.212	86.956	8.0414	1433.96	53.596				0.0	0.0	0.0	0.0	0.0	0.0	0.0	0.0
2015/04/15 21:30:00		2.29132	145.223	24.212	62.356	1013.79	1.12292	27.5282	18.1637	78.477	96.64	8.0271	1470.0	48.096				-0.0055	0.0055	0.0	0.0	0.0	0.0	0.0	0.0
2015/04/15 21:35:00		2.32328	140.237	24.1422	62.698	1013.84	1.12292	27.5384	19.6891	77.36	97.05	8.3893	1463.96	54.236				-0.000333	0.000333	0.000333	0.0	0.0	0.0	0.0	0.0
2015/04/15 21:40:00		2.54422	143.944	24.1193	63.095	1013.87	1.06458	27.3276	17.7505	76.464	94.214	8.6658	1457.5	45.3602				-0.000333	0.003333	0.003167	0.0	0.0	0.0	0.0	0.0
2015/04/15 21:45:00		1.84473	153.787	24.1208	63.428	1013.91	1.35625	27.0428	11.4012	67.354	78.755	8.8612	1450.63	41.1884				0.0	-0.000333	-0.000333	0.0	0.0	0.0	0.0	0.0
2015/04/15 21:50:00		1.55459	146.931	24.1	63.912	1013.98	1.25417	26.9553	12.098	67.032	79.13	9.4618	1472.5	11.5043				-0.003667	0.0055	0.002667	0.0	0.0	0.0	0.0	0.0
2015/04/15 21:55:00		2.24171	142.177	24.1109	64.088	1013.95	1.08646	27.0686	23.1485	76.779	99.927	9.8241	1537.08	23.6801				0.0	0.0	0.0	0.0	0.0	0.0	0.0	0.0
2015/04/15 22:00:00		2.55681	146.131	24.013	64.191	1013.99	1.1375	27.2297	22.3758	76.375	98.75	9.9623	1531.25	57.15				0.0	0.0	0.0	0.0	0.0	0.0	0.0	0.0
2015/04/15 22:05:00		1.90313	143.701	24.0135	64.615	1014.06	1.09375	27.3768	14.7288	69.09	83.819	10.0481	1498.13	53.843				0.0	-0.0015	-0.0015	0.0	0.0	0.0	0.0	0.0
2015/04/15 22:10:00		1.94351	138.139	24.0151	65.128	1014.06	1.05729	27.4987	23.354	78.737	102.091	11.9071	1532.92	49.7819				0.0	0.001333	0.001333	0.0	0.0	0.0	0.0	0.0
2015/04/15 22:15:00		1.32853	143.272	23.9771	65.611	1014.1	1.10104	27.6039	19.5238	75.057	94.58	12.0644	1568.96	51.289				0.0	0.0	0.0	0.0	0.0	0.0	0.0	0.0
2015/04/15 22:20:00		2.20191	146.591	23.9214	65.893	1014.13	1.07187	27.4425	20.4953	74.653	95.148	12.1026	1593.13	53.714				-0.000833	0.003167	0.002333	0.0	0.0	0.0	0.0	0.0
2015/04/15 22:25:00		1.55009	140.75	23.9151	66.045	1014.19	1.13021	27.1851	45.5243	76.351	121.875	12.4553	1692.92	46.3423				-0.000167	0.000167	0.0	0.0	0.0	0.0	0.0	0.0
2015/04/15 22:30:00		2.07974	139.061	23.9177	66.227	1014.2	1.225	26.9929	43.3021	76.043	119.345	12.8271	1713.33	28.1161				-0.007167	0.008	0.003333	0.0	0.0	0.0	0.0	0.0
2015/04/15 22:35:00		1.6591	141.933	23.8536	66.372	1014.22	1.11563	27.0611	23.2244	68.895	92.119	12.3314	1648.13	16.8833				0.0	0.0	0.0	0.0	0.0	0.0	0.0	0.0
2015/04/15 22:40:00		1.20787	141.234	23.8188	66.639	1014.2	1.07917	27.2004	18.0677	68.367	86.435	11.378	1643.13	54.136				-0.006333	0.007167	0.003167	0.0	0.0	0.0	0.0	0.0
2015/04/15 22:45:00		1.75471	146.531	23.8167	66.716	1014.19	1.1375	27.3773	17.3396	69.952	87.292	10.8537	1691.88	58.75				0.0	0.0	0.0	0.0	0.0	0.0	0.0	0.0
2015/04/15 22:50:00		1.24296	139.516	23.8161	66.81	1014.26	1.02813	27.5174	21.6857	70.959	92.645	10.4676	1753.33	54.95				-0.0055	0.006167	0.001	0.0	0.0	0.0	0.0	0.0
2015/04/15 22:55:00		1.39366	133.092	23.8203	67.103	1014.28	1.10833	27.6654	22.9676	73.454	96.422	10.4533	1732.5	51.903				-0.000167	0.000167	0.0	0.0	0.0	0.0	0.0	0.0
2015/04/15 23:00:00		1.41994	145.841	23.8156	67.399	1014.25	1.18854	27.7798	24.8257	72.849	97.674	10.8108	1691.67	53.886				-0.002167	0.002167	0.000833	0.0	0.0	0.0	0.0	0.0
2015/04/15 23:05:00		1.25329	144.246	23.8203	67.626	1014.25	1.05729	27.6007	26.6973	74.358	101.055	10.1482	1618.75	55.561				0.0	0.0	0.0	0.0	0.0	0.0	0.0	0.0
2015/04/15 23:10:00		1.59074	138.798	23.8214	67.732	1014.23	1.10833	27.3612	22.3333	69.696	92.029	10.0624	1574.58	47.8317				-0.0065	0.007833	0.001833	0.0	0.0	0.0	0.0	0.0
2015/04/15 23:15:00		1.34051	141.668	23.7604	67.8	1014.2	1.02813	27.2006	17.7036	66.851	84.554	9.7907	1513.75	23.7695				0.0	0.0005	0.0005	0.0	0.0	0.0	0.0	0.0
2015/04/15 23:20:00		1.27368	158.668	23.7151	67.988	1014.16	1.08646	27.2772	12.4151	58.957	71.372	9.3856	1463.75	26.5875				0.0	0.000167	0.000167	0.0	0.0	0.0	0.0	0.0
2015/04/15 23:25:00		1.30277	159.025	23.6906	68.189	1014.13	1.12292	27.4356	12.2119	62.181	74.393	9.519	1454.79	61.172				0.0015	-0.0015	0.0	0.0	0.0	0.0	0.0	0.0
2015/04/15 23:30:00		0.79294	156.913	23.6135	68.424	1014.07	1.12292	27.5843	24.2361	68.754	92.99	9.357	1487.5	59.415				-0.001167	0.001167	0.0	0.0	0.0	0.0	0.0	0.0
2015/04/15 23:35:00		0.85368	157.807	23.6161	68.624	1014.08	1.13021	27.7312	41.5623	78.607	120.169	10.3675	1513.13	57.468				0.003167	-0.003167	-0.002	0.0	0.0	0.0	0.0	0.0
2015/04/15 23:40:00		0.87762	165.193	23.5552	68.808	1014.04	1.08646	27.8579	37.2475	78.1	115.347	10.2912	1538.54	56.107				-0.006833	0.007167	0.003167	0.0	0.0	0.0	0.0	0.0
2015/04/15 23:45:00		0.94213	159.646	23.5109	69.001	1014.02	1.06458	27.9513	31.1349	72.975	104.11	10.7727	1541.25	59.84				0.0	0.0	0.0	0.0	0.0	0.0	0.0	0.0
2015/04/15 23:50:00		0.79347	146.407	23.4745	69.226	1014.03	1.05729	27.7252	31.5659	71.479	103.045	10.3389	1495.63	57.568				-0.004667	0.006667	0.002	0.0	0.0	0.0	0.0	0.0
2015/04/15 23:55:00		0.91044	141.674	23.4104	69.506	1014.0	1.04271	27.5097	49.207	72.208	121.415	10.4676	1412.29	48.8461				-0.000667	0.000667	0.0	0.0	0.0	0.0	0.0	0.0
2015/04/16 00:00:00		0.83086	156.676	23.4109	69.738	1013.9	1.10833	27.3574	50.413	74.766	125.179	11.1492	1367.92	48.8747				-0.003333	0.005667	0.004	0.0	0.0	0.0	0.0	0.0
