-- 1st mean values --
Format: XTAB(V:1;HEAD:2;COL:TCFFFFFFFFFFFFFFFFFFFFFFFF)
StartTime: 2016/05/03 00:00:00
EndTime: 2016/05/04 00:00:00
Period: 24 h
Station: Gia Lam

Time	MeasPt	Wind Spd.	Wind Dir.	Temp	RH	Barometer	Radiation	InnerTemp	NO	NO2	NOx	SO2	CO	O3	PM-10	PM-2.5	PM-1	CH4	NMHC	THC	BENZEN	TOLUEN	ETHYL BENZEN	MP-XYLEN	O-XYLEN
		m/s	degree	°C	%	hPa	W/m²	°C	µg/m3	µg/m3	µg/m3	µg/m3	µg/m3	µg/m3	µg/m3	µg/m3	µg/m3	ppm	ppmC	ppmC	ug/m3	ug/m3	ug/m3	ug/m3	ug/m3
2016/05/03 00:05:00		2.09135	131.105	27.2578	0.355729	1006.96	1.10104	28.0984	10.691	10.1023	20.7932		1146.88	331.611	35.285	26.5417	22.4367								
2016/05/03 00:10:00		2.35892	135.155	27.1948	0.361458	1006.94	1.10833	28.0802	9.6815	11.0574	20.7389		1088.75	336.026	32.925	26.2983	22.3633								
2016/05/03 00:15:00		1.79668	143.569	27.2005	0.357812	1006.97	1.03542	28.0549	10.5168	11.2354	21.7521		1063.54	336.137	30.3633	24.9317	21.765								
2016/05/03 00:20:00		1.66331	135.013	27.1948	0.355729	1006.9	1.02083	28.0297	9.275	9.7702	19.0452		995.63	345.966	30.9508	25.2175	21.6417								
2016/05/03 00:25:00		1.96076	132.361	27.199	0.361458	1006.9	1.03542	28.0004	10.1259	9.9482	20.0741		1026.88	340.148	35.5725	27.5917	22.9025								
2016/05/03 00:30:00		1.62917	127.333	27.1943	0.358333	1006.89	1.06458	27.9746	11.5754	10.1468	21.7221		1044.17	340.551	37.2558	27.5525	22.2525								
2016/05/03 00:35:00		1.72715	126.661	27.287	0.360417	1006.78	1.03542	27.9462	12.3503	11.0539	23.4043		1052.71	342.766	33.8917	26.7117	22.1858								
2016/05/03 00:40:00		2.05692	119.972	27.2979	0.357812	1006.71	0.99167	27.9175	11.9081	10.1331	22.0412		972.5	352.591	32.915	25.9025	22.0483								
2016/05/03 00:45:00		1.93186	121.769	27.2995	0.358854	1006.58	1.04271	27.8909	12.0109	10.1296	22.1405		914.38	352.813	34.4317	27.5442	22.9325								
2016/05/03 00:50:00		1.76966	127.616	27.301	0.35625	1006.52	1.01354	27.8659	11.3163	9.5511	20.8674		884.58	357.267	30.6658	25.4717	22.7417								
2016/05/03 00:55:00		1.64955	115.098	27.3005	0.358333	1006.47	1.01354	27.8453	10.2086	9.9482	20.1568		846.67	362.446	34.9292	27.7883	23.3733								
2016/05/03 01:00:00		2.03297	122.313	27.2984	0.363542	1006.43	1.06458	27.8375	9.4336	9.243	18.6766		819.79	363.524	34.5392	27.65	23.4175								
2016/05/03 01:05:00		2.14889	123.696	27.3005	0.359375	1006.33	1.06458	27.8246	10.4341	9.5956	20.0297		856.46	364.046	34.31	28.265	24.2792								
2016/05/03 01:10:00		2.29921	129.968	27.2979	0.358854	1006.25	1.06458	27.8093	10.2108	9.1266	19.3374		808.33	365.357	33.8533	27.6067	23.6775								
2016/05/03 01:15:00		2.07266	139.248	27.2953	0.360938	1006.18	1.03542	27.7851	9.7775	8.5412	18.3188		769.79	370.525	35.7433	27.7542	23.4992								
2016/05/03 01:20:00		2.52328	131.179	27.3031	0.357292	1006.07	1.07187	27.7693	10.0143	9.5853	19.5996		717.92	369.896	34.5142	27.1417	23.3075								
2016/05/03 01:25:00		1.98727	135.943	27.2984	0.358333	1005.98	1.02083	27.7658	9.2549	7.2849	16.5398		733.13	381.658	29.7442	25.4983	22.6958								
2016/05/03 01:30:00		1.55339	131.738	27.2339	0.358854	1005.99	1.04271	27.7618	9.2706	6.3126	15.5832		760.83	377.682	38.4308	28.7358	23.3942								
2016/05/03 01:35:00		1.35557	121.532	27.1984	0.359375	1005.96	1.04271	27.7489	11.2806	8.2673	19.5479		764.38	376.85	37.3267	28.6842	24.0183								
2016/05/03 01:40:00		1.43811	110.909	27.1938	0.359896	1005.89	1.09375	27.7354	11.1711	8.0209	19.192		769.58	384.176	35.8758	28.955	25.1425								
2016/05/03 01:45:00		1.90468	94.194	27.1964	0.357812	1005.88	0.98438	27.7269	10.4475	7.254	17.7016		766.25	391.812	34.215	29.1017	26.1092								
2016/05/03 01:50:00		1.85449	93.575	27.1031	0.353646	1005.88	1.03542	27.7209	9.2527	6.5728	15.8255		713.75	391.74	39.195	32.0842	28.0808								
2016/05/03 01:55:00		1.54972	88.974	27.0948	0.355729	1005.83	1.02083	27.6987	10.2019	7.3431	17.5449		734.79	391.615	34.5483	29.6875	26.505								
2016/05/03 02:00:00		1.09977	106.339	27.0948	0.354167	1005.81	1.05	27.6562	10.3001	6.8638	17.1639		672.71	391.773	30.8583	27.3717	24.6858								
2016/05/03 02:05:00		1.58373	86.857	27.0703	0.357812	1005.79	1.07187	27.642	10.117	6.1928	16.3098		676.46	397.073	29.905	25.1675	22.3283								
2016/05/03 02:10:00		1.65873	86.071	26.9891	0.355208	1005.8	1.06458	27.6248	9.7932	7.2232	17.0164		683.75	389.947	31.6958	24.9908	21.6475								
2016/05/03 02:15:00		1.84268	103.353	26.9927	0.355208	1005.72	1.04271	27.6101	10.079	5.8539	15.9329		656.25	390.922	28.4267	24.3317	21.2967								
2016/05/03 02:20:00		2.2765	101.706	26.9229	0.359896	1005.65	1.02083	27.6031	9.1924	6.0559	15.2483		734.38	391.658	29.6008	24.3975	21.4083								
2016/05/03 02:25:00		2.15503	96.71	26.899	0.354688	1005.54	1.04271	27.5886	8.7658	5.7307	14.4965		723.13	392.373	36.3533	28.315	22.8								
2016/05/03 02:30:00		2.29175	105.709	26.8031	0.3625	1005.45	1.08646	27.5666	8.7078	4.67285	13.3806		691.88	396.444	39.0758	29.3208	23.2925								
2016/05/03 02:35:00		1.97651	101.93	26.7427	0.358333	1005.42	1.00625	27.5357	7.5062	6.0833	13.5895		668.54	397.723	32.7942	26.2317	22.4567								
2016/05/03 02:40:00		1.816	94.789	26.6953	0.359375	1005.28	1.05729	27.514	8.1584	5.1898	13.3481		655.21	397.248	29.9367	25.2908	21.9767								
2016/05/03 02:45:00		2.24352	88.591	26.6953	0.359375	1005.26	1.02083	27.4987	7.4772	5.6759	13.1531		626.04	395.337	28.085	24.5158	22.0083								
2016/05/03 02:50:00		2.12273	87.054	26.6958	0.358333	1005.31	1.03542	27.4818	6.9278	5.1213	12.0491		629.17	394.515	28.0683	24.6533	21.9608								
2016/05/03 02:55:00		1.66421	71.181	26.6984	0.363542	1005.44	1.09375	27.4619	7.8189	4.99464	12.8135		615.63	394.176	29.3983	24.97	22.0183								
2016/05/03 03:00:00		1.63548	85.73	26.6885	0.359375	1005.39	1.08646	27.4501	6.4677	6.2476	12.7153		635.0	396.955	29.8675	24.5492	21.7975								
2016/05/03 03:05:00		1.41651	95.807	26.6896	0.358854	1005.3	1.03542	27.4348	6.9055	5.7546	12.6601		721.25	394.562	31.415	25.5783	22.365								
2016/05/03 03:10:00		2.06087	91.089	26.6964	0.358333	1005.27	1.07187	27.4205	9.8155	5.5698	15.3853		680.63	391.69	32.2733	26.5617	23.0767								
2016/05/03 03:15:00		1.47601	93.282	26.6068	0.358854	1005.34	1.07187	27.4136	9.5028	5.0357	14.5386		738.54	396.012	36.1367	28.09	23.4217								
2016/05/03 03:20:00		1.41054	102.268	26.5922	0.360417	1005.34	1.10104	27.3972	9.849	4.8269	14.6759		753.96	398.673	40.295	29.1967	22.905								
2016/05/03 03:25:00		1.51133	102.987	26.5953	0.3625	1005.35	1.05	27.3687	10.1148	6.5078	16.6225		855.83	395.966	45.1558	31.7183	23.63								
2016/05/03 03:30:00		1.65976	89.662	26.5922	0.359375	1005.37	1.06458	27.3365	10.3247	6.4735	16.7982		864.79	394.887	39.7217	29.5308	23.3583								
2016/05/03 03:35:00		1.49859	85.806	26.5203	0.358333	1005.41	0.99167	27.3024	10.28	5.2274	15.5075		880.21	399.92	37.5675	28.4933	22.8717								
2016/05/03 03:40:00		1.50003	93.457	26.488	0.357292	1005.4	1.02813	27.2866	9.3621	5.5424	14.9045		898.33	398.759	36.7125	27.9308	23.0842								
2016/05/03 03:45:00		1.71386	105.048	26.4854	0.358333	1005.33	1.05	27.246	9.016	5.022	14.038		930.0	401.359	34.5692	27.1642	23.1117								
2016/05/03 03:50:00		1.70404	87.808	26.4927	0.357292	1005.32	1.03542	27.235	7.8814	5.2617	13.1431		863.96	399.83	32.3125	26.1667	22.1775								
2016/05/03 03:55:00		1.85668	95.296	26.4661	0.360938	1005.39	0.97708	27.2138	9.1008	5.604	14.7048		984.17	396.83	32.4667	25.9933	22.1092								
2016/05/03 04:00:00		1.29723	91.847	26.4234	0.361979	1005.53	1.10833	27.1856	12.8082	6.3948	19.2029		1026.88	394.162	32.4767	25.5883	22.1842								
2016/05/03 04:05:00		0.92441	86.799	26.4057	0.361458	1005.65	1.04271	27.1486	13.6546	6.6002	20.2548		1081.46	394.28	36.99	26.8633	22.33								
2016/05/03 04:10:00		1.41451	102.423	26.4063	0.357292	1005.68	1.04271	27.1354	13.0717	6.2236	19.2953		1162.71	391.876	38.5358	27.5542	22.105								
2016/05/03 04:15:00		1.18925	96.386	26.4063	0.359896	1005.73	1.02813	27.1142	13.8802	6.5762	20.4564		1191.46	395.248	34.2725	25.9117	21.3542								
2016/05/03 04:20:00		0.90303	84.113	26.4063	0.358854	1005.76	1.05729	27.0997	12.3191	7.165	19.4841		1083.96	391.458	35.4558	26.6683	20.9742								
2016/05/03 04:25:00		0.99925	76.879	26.4063	0.357812	1005.86	1.09375	27.0922	11.83	5.3301	17.1601		1024.58	394.401	41.315	28.2717	21.5708								
2016/05/03 04:30:00		1.00046	68.316	26.4063	0.360938	1005.96	0.95521	27.0799	11.0148	5.9463	16.9611		1144.58	394.001	36.55	26.9175	22.07								
2016/05/03 04:35:00		0.57726	44.3504	26.4052	0.358854	1006.07	1.07187	27.0637	10.1103	6.3161	16.4263		1161.88	394.119	33.5058	26.81	23.1442								
2016/05/03 04:40:00		0.55414	21.8595	26.4057	0.359375	1006.09	1.02813	27.046	10.4877	5.5869	16.0746		1282.71	394.13	32.2408	26.745	23.3992								
2016/05/03 04:45:00		0.50395	79.016	26.4057	0.355729	1006.07	1.07917	27.0409	10.3202	6.5762	16.8965		1223.54	389.34	31.5875	26.4433	23.2475								
2016/05/03 04:50:00		0.8475	83.802	26.4063	0.360417	1006.1	0.99167	27.0313	12.0868	6.7645	18.8513		1342.92	392.615	30.7483	26.6892	23.7492								
2016/05/03 04:55:00		0.80722	61.469	26.4063	0.3625	1006.09	1.03542	27.0119	12.0712	6.8569	18.9281		1354.17	390.751	35.4733	28.4325	24.455								
2016/05/03 05:00:00		0.82151	59.944	26.4057	0.361979	1006.2	1.04271	26.9974	14.6261	7.6238	22.2499		1816.46	391.437	42.0867	30.8317	25.45								
2016/05/03 05:05:00		0.82988	67.487	26.4063	0.356771	1006.33	1.00625	26.9832	16.0956	7.8463	23.9419		2018.54	391.087	40.0958	30.7017	26.6192								
2016/05/03 05:10:00		0.71011	67.953	26.4057	0.358333	1006.38	1.02083	26.9754	17.1788	7.9798	25.1586		1910.21	394.166	42.0492	31.5683	26.7475								
2016/05/03 05:15:00		1.01425	69.245	26.4068	0.355208	1006.35	1.00625	26.9684	18.4652	7.8805	26.3457		1879.17	394.491	41.7742	31.7833	27.2908								
2016/05/03 05:20:00		0.87958	67.576	26.4057	0.358333	1006.33	1.02083	26.9561	25.6632	8.5446	34.2079		2367.71	391.619	49.28	35.0592	28.6467								
2016/05/03 05:25:00		0.73113	60.343	26.4063	0.355729	1006.39	0.94063	26.9593	31.2242	8.5686	39.7928		3129.79	391.215	52.35	36.1175	28.28								
2016/05/03 05:30:00		0.65369	51.722	26.4057	0.35625	1006.49	0.96979	27.0925	43.3423	9.5922	52.934		3135.63	384.176	45.32	34.0683	28.3008								
2016/05/03 05:35:00		0.68751	350.207	26.4052	0.35625	1006.5	1.02083	27.3577	44.9436	8.3632	53.307		2921.88	364.788	47.305	34.685	28.3042								
2016/05/03 05:40:00		1.06879	2.81101	26.3411	0.359896	1006.57	0.96979	27.5198	46.5427	8.8596	55.402		2918.13	341.769	40.1125	31.465	26.8283								
2016/05/03 05:45:00		0.74561	18.6784	26.3073	0.363021	1006.55	0.97708	27.7317	46.4801	9.1951	55.675		2780.83	325.5	38.9	31.2175	26.97								
2016/05/03 05:50:00		0.64383	333.276	26.3135	0.358333	1006.63	1.07187	27.9371	46.0915	10.1639	56.255		2863.33	312.439	46.065	34.0067	28.315								
2016/05/03 05:55:00		0.481089	8.2792	26.3161	0.361979	1006.8	1.02083	28.1419	46.3372	10.8965	57.234		3054.58	297.913	47.9158	36.1467	29.8983								
2016/05/03 06:00:00		0.57225	321.133	26.3208	0.360417	1006.88	3.85729	28.3559	47.5052	10.2015	57.707		2780.0	286.048	44.5433	36.1417	31.3767								
2016/05/03 06:05:00		0.70067	350.674	26.3396	0.357292	1006.95	7.8458	28.5401	46.0759	10.9478	57.024		2785.42	277.665	50.717	38.6183	32.7183								
2016/05/03 06:10:00		0.50448	358.282	26.4036	0.361458	1007.02	9.0198	28.6982	47.8224	10.6089	58.431		2875.0	272.7	48.2733	38.0217	33.55								
2016/05/03 06:15:00		0.47012	15.2807	26.4063	0.360938	1007.18	12.0823	28.627	47.3891	10.0235	57.413		2867.92	277.754	54.342	43.195	37.8783								
2016/05/03 06:20:00		0.92037	350.393	26.4063	0.358333	1007.3	9.2167	28.5245	48.2512	10.0269	58.278		2769.58	293.048	46.9283	40.13	36.54								
2016/05/03 06:25:00		0.69727	351.166	26.4042	0.357292	1007.39	9.851	28.5554	45.3635	7.9764	53.34		2750.21	319.096	47.8517	39.6983	35.34								
2016/05/03 06:30:00		0.79537	334.243	26.4057	0.361979	1007.48	14.649	28.6391	43.8515	8.1133	51.965		2712.71	319.811	40.9608	35.6658	32.62								
2016/05/03 06:35:00		1.07146	316.897	26.4057	0.361979	1007.54	11.4917	28.7666	41.3859	8.2263	49.6122		2464.38	304.202	44.075	36.0833	32.055								
2016/05/03 06:40:00		0.63386	332.239	26.3979	0.3625	1007.64	11.6448	28.8891	43.6371	8.8493	52.486		2721.25	277.729	40.185	34.8217	31.725								
2016/05/03 06:45:00		0.70544	327.815	26.3208	0.361458	1007.72	11.2	28.9943	40.4211	10.3522	50.773		2355.0	266.386	40.2683	34.67	31.3083								
2016/05/03 06:50:00		0.55504	337.383	26.3906	0.360938	1007.81	7.649	28.9336	39.2218	9.736	48.9578		2455.0	211.957	47.4092	35.8458	31.045								
2016/05/03 06:55:00		0.51872	3.04141	26.4057	0.357812	1007.85	9.2458	28.8037	37.4999	8.4248	45.9247		2541.04	179.598	40.6075	34.395	31.4158								
2016/05/03 07:00:00		0.414128	358.606	26.4047	0.360417	1007.98	13.8396	28.7468	37.7612	7.1787	44.9399		2555.42	175.258	41.2033	33.9642	31.1392								
2016/05/03 07:05:00		0.52888	8.8362	26.4052	0.355729	1008.09	13.825	28.8327	37.7433	7.0966	44.8399		2548.96	185.366	42.28	35.3142	31.8317								
2016/05/03 07:10:00		0.54052	49.1172	26.4042	0.357812	1008.19	16.8656	28.9336	38.1476	7.4697	45.6173		2585.63	172.111	40.6717	34.4225	31.4325								
2016/05/03 07:15:00		0.78082	51.075	26.4063	0.357812	1008.28	21.2625	29.0628	36.9081	6.5591	43.4672		2615.42	159.196	39.6908	34.3283	31.2767								
2016/05/03 07:20:00		0.329092	353.857	26.4047	0.3625	1008.39	27.001	29.1562	33.806	8.1749	41.9809		2524.79	152.192	41.1933	34.4967	31.225								
2016/05/03 07:25:00		0.79094	19.6243	26.4052	0.358333	1008.51	28.8604	29.1242	32.3141	9.1643	41.4784		2540.0	146.992	41.8242	35.5958	32.3775								
2016/05/03 07:30:00		0.51952	44.8476	26.4365	0.358333	1008.57	33.5927	29.0566	34.333	8.5275	42.8606		2762.71	142.642	51.272	38.9425	34.3933								
2016/05/03 07:35:00		1.16896	52.114	26.4927	0.357292	1008.59	41.0667	29.1446	38.2637	9.8558	48.1195		3089.79	154.853	46.8542	39.2117	35.7633								
2016/05/03 07:40:00		0.54381	57.199	26.5391	0.359896	1008.64	58.115	29.2829	36.6557	10.6945	47.3502		3091.25	146.585	48.0642	39.0658	35.7783								
2016/05/03 07:45:00		0.441298	29.0233	26.5911	0.361458	1008.69	60.638	29.4043	34.8847	11.8653	46.7499		3025.21	143.62	48.4625	39.7358	35.89								
2016/05/03 07:50:00		0.53913	46.5295	26.7161	0.358333	1008.76	53.645	29.4502	35.5725	12.3137	47.8863		3983.96	134.995	61.165	45.2592	38.3025								
2016/05/03 07:55:00		0.75634	58.615	26.7964	0.357292	1008.83	51.8	29.3793	40.3876	13.5016	53.889		4482.5	137.306	42.1583	35.9667	32.6758								
2016/05/03 08:00:00		0.50101	57.369	26.8745	0.359375	1008.87	49.7729	29.3691	40.3541	11.831	52.185		4228.13	134.827	56.445	42.555	36.4142								
2016/05/03 08:05:00		0.67103	57.546	26.9505	0.356771	1008.92	51.246	29.462	42.0872	12.3445	54.432		4032.29	142.217	43.86	35.0983	31.2233								
2016/05/03 08:10:00		0.326594	16.6559	26.9964	0.359375	1008.96	65.764	29.5876	40.6668	12.6321	53.299		4075.0	132.402	47.8617	37.0792	32.3475								
2016/05/03 08:15:00		0.8322	53.509	27.0932	0.357812	1009.0	82.461	29.6212	41.8549	13.1661	55.021		4134.79	132.398	43.9925	35.6375	31.875								
2016/05/03 08:20:00		0.54581	65.069	27.1531	0.361979	1009.05	84.999	29.5691	41.5132	14.1555	55.669		3852.5	130.441	50.738	39.1558	33.4								
2016/05/03 08:25:00		0.94573	37.6703	27.2563	0.357292	1009.13	79.72	29.4547	50.549	15.0079	65.557		4600.42	132.537	53.174	39.605	33.5067								
2016/05/03 08:30:00		0.75604	60.581	27.3193	0.354688	1009.19	81.776	29.3874	49.5867	13.7036	63.29		3928.96	140.584	56.845	41.1175	33.4933								
2016/05/03 08:35:00		1.2438	73.365	27.4016	0.356771	1009.26	75.848	29.5039	50.19	14.7066	64.896		4454.58	146.774	64.927	44.8075	34.6233								
2016/05/03 08:40:00		1.15219	81.727	27.5203	0.35625	1009.27	84.868	29.6274	56.941	15.0558	71.997		5077.7	142.909	61.838	42.4167	32.6108								
2016/05/03 08:45:00		0.79976	78.623	27.6552	0.357812	1009.24	94.077	29.6722	55.719	14.2445	69.964		5220.0	134.795	66.147	44.9733	33.1417								
2016/05/03 08:50:00		1.38587	84.698	27.7833	0.357812	1009.2	129.033	29.6418	63.179	13.8371	77.016		4973.33	136.263	59.669	42.4008	33.8142								
2016/05/03 08:55:00		1.45113	100.089	27.8849	0.359375	1009.15	188.73	29.684	62.783	14.1144	76.898		5175.6	136.209	54.258	40.5425	34.6158								
2016/05/03 09:00:00		2.29325	103.481	28.037	0.358333	1009.15	246.961	29.8132	68.534	13.4297	81.964		5527.9	138.338	57.51	41.9083	34.41								
2016/05/03 09:05:00		2.53901	102.469	28.1896	0.358854	1009.07	481.316	29.8113	74.348	13.0771	87.425		5563.1	134.52	49.805	36.8542	31.0792								
2016/05/03 09:10:00		2.78331	99.277	28.4	0.363542	1009.05	570.35	29.7635	70.743	12.0399	82.783		4987.08	135.791	49.24	36.47	31.6983								
2016/05/03 09:15:00		2.45112	94.282	28.7536	0.360417	1009.09	611.86	29.6827	70.062	14.0117	84.074		5215.4	142.592	52.14	37.5133	31.545								
2016/05/03 09:20:00		2.93559	96.205	29.1161	0.3625	1009.15	613.92	29.6727	69.37	12.971	82.341		4626.46	151.674	48.525	35.8533	30.5967								
2016/05/03 09:25:00		1.91457	105.863	29.3802	0.361458	1009.22	584.2	29.8303	67.817	13.5975	81.415		4629.38	155.375	47.5	35.0017	29.3517								
2016/05/03 09:30:00		1.9298	106.454	29.6052	0.361458	1009.18	615.91	29.9068	63.818	13.1661	76.984		4580.0	149.281	43.57	32.1283	27.845								
2016/05/03 09:35:00		2.11689	114.351	29.849	0.365104	1009.17	630.31	29.9369	64.106	13.7173	77.823		4409.38	150.492	43.3592	31.2275	26.1442								
2016/05/03 09:40:00		2.0646	107.267	30.0604	0.365625	1009.15	567.02	29.891	67.094	13.8782	80.972		4762.29	152.35	41.325	29.6	24.8583								
2016/05/03 09:45:00		1.98829	118.871	30.2766	0.361979	1009.09	591.14	29.833	63.813	13.8748	77.688		4995.0	153.985	44.7508	31.7967	25.9517								
2016/05/03 09:50:00		2.47034	83.247	30.4172	0.364062	1009.14	533.8	29.8972	63.038	14.4259	77.464		4491.25	166.965	41.8008	30.3108	25.6192								
2016/05/03 09:55:00		2.11227	89.681	30.4161	0.360938	1009.17	465.763	30.1246	57.564	14.5389	72.103		4485.21	163.014	38.2025	28.8283	24.5033								
2016/05/03 10:00:00		1.42799	94.958	30.4427	0.363542	1009.17	446.046	30.2733	56.539	15.8877	72.427		4602.08	147.992	40.8958	29.9342	24.7725								
2016/05/03 10:05:00		1.59402	133.329	30.5953	0.361458	1009.2	398.803	30.3514	52.702	16.8907	69.593		4685.42	147.535	43.0125	31.5558	26.3817								
2016/05/03 10:10:00		1.81701	122.669	30.7203	0.360938	1009.23	365.342	30.3404	49.2539	17.2365	66.49		4388.96	151.399	41.1883	29.8958	24.8258								
2016/05/03 10:15:00		2.10892	84.11	30.7734	0.355729	1009.23	301.139	30.3039	46.0335	18.3011	64.335		4492.5	150.914	40.4742	29.7158	24.98								
2016/05/03 10:20:00		1.30701	114.67	30.7177	0.359375	1009.22	231.868	30.2403	47.4025	18.7154	66.118		4510.42	153.035	38.9558	29.04	24.9025								
2016/05/03 10:25:00		1.98766	102.069	30.6594	0.361979	1009.19	227.485	30.1866	43.8962	18.4894	62.386		4567.08	161.511	39.29	28.7175	23.7175								
2016/05/03 10:30:00		1.33735	105.152	30.5719	0.358333	1009.22	241.464	30.1321	44.2178	19.448	63.666		4614.58	160.296	39.1233	28.9617	24.7167								
2016/05/03 10:35:00		1.05382	121.443	30.4901	0.359375	1009.26	211.028	30.1364	41.8102	19.9717	61.782		4521.25	164.472	38.1117	27.6275	23.1275								
2016/05/03 10:40:00		1.64452	132.59	30.4135	0.3625	1009.26	236.294	30.1071	42.9336	20.5195	63.453		4551.04	166.968	39.8758	27.7625	22.6742								
2016/05/03 10:45:00		1.16599	116.429	30.4172	0.358333	1009.23	275.399	30.066	42.0336	19.78	61.814		4377.5	169.104	35.1308	25.3992	20.66								
2016/05/03 10:50:00		1.45518	135.678	30.4547	0.354167	1009.08	395.434	30.072	41.8772	19.9067	61.784		4292.29	168.24	34.1917	25.79	21.3908								
2016/05/03 10:55:00		1.87814	85.752	30.5927	0.358333	1009.05	347.769	30.062	41.0889	21.1151	62.204		4350.63	175.901	37.3817	26.965	22.925								
2016/05/03 11:00:00		2.20678	90.719	30.6271	0.357812	1009.04	312.718	30.0532	39.4049	20.6222	60.027		4264.58	174.494	43.0158	31.635	27.22								
2016/05/03 11:05:00		1.64194	117.58	30.6219	0.361458	1009.04	264.855	30.0601	41.205	21.8819	63.087		4509.58	173.587	39.335	28.8658	24.185								
2016/05/03 11:10:00		1.8677	133.839	30.6875	0.359375	1009.03	303.202	30.0658	40.9214	22.8713	63.793		4388.54	172.219	39.6083	28.5625	23.3142								
2016/05/03 11:15:00		1.61019	126.671	30.7896	0.3625	1008.94	369.658	30.0636	39.6394	21.7998	61.439		4280.42	180.337	38.395	28.5025	23.3283								
2016/05/03 11:20:00		2.16608	131.277	30.8958	0.360938	1008.91	314.883	30.1077	42.3596	22.4571	64.817		4439.79	176.226	39.1542	28.56	23.8275								
2016/05/03 11:25:00		1.46909	142.33	30.9057	0.359375	1008.87	378.926	30.0725	39.7377	22.4639	62.202		4128.96	186.159	39.4917	28.21	23.235								
2016/05/03 11:30:00		1.31804	143.747	30.9286	0.358854	1008.82	418.469	30.1004	35.4229	20.9987	56.422		4179.17	175.33	40.4892	28.3467	22.4942								
2016/05/03 11:35:00		2.00287	94.833	31.125	0.361458	1008.74	501.26	30.2548	36.6289	23.8298	60.459		4246.67	174.997	33.7458	24.1492	19.765								
2016/05/03 11:40:00		1.9338	122.058	31.2969	0.359375	1008.65	505.44	30.3844	33.299	22.6864	55.985		4150.0	172.565	34.4042	24.24	19.6567								
2016/05/03 11:45:00		2.41815	145.296	31.5443	0.357812	1008.63	355.403	30.461	30.0249	22.481	52.506		3714.58	176.419	31.9225	22.3958	18.3408								
2016/05/03 11:50:00		1.61887	136.551	31.6974	0.358854	1008.57	341.141	30.4902	30.5207	23.2479	53.769		3900.21	181.241	31.5108	22.4467	18.4267								
2016/05/03 11:55:00		1.70652	138.108	31.6755	0.359896	1008.53	481.126	30.5015	28.8971	22.9329	51.83		3568.33	185.78	34.4008	24.35	20.5008								
2016/05/03 12:00:00		1.99838	126.419	31.7073	0.357812	1008.47	702.81	30.5088	31.6932	24.2714	55.965		3749.17	183.473	35.7417	25.1925	21.2817								
2016/05/03 12:05:00		1.74558	119.81	31.9167	0.357292	1008.37	382.878	30.5482	32.763	24.9835	57.746		3389.17	187.305	39.6917	24.2358	20.1875								
2016/05/03 12:10:00		2.13772	127.812	31.987	0.353125	1008.3	279.315	30.5968	29.8597	24.7336	54.593		3354.38	182.987	35.5108	24.1208	20.0692								
2016/05/03 12:15:00		1.38274	131.309	32.0417	0.35625	1008.25	261.982	30.6333	28.3142	24.8294	53.144		3579.17	192.738	40.1125	25.8575	20.8692								
2016/05/03 12:20:00		1.59285	125.827	31.9891	0.35625	1008.16	292.41	30.6996	28.0015	26.1577	54.159		3457.08	188.348	34.6567	24.6683	20.765								
2016/05/03 12:25:00		1.28099	127.467	31.9922	0.352604	1008.07	265.322	30.8038	24.5756	25.0485	49.6241		3195.42	204.064	34.605	25.33	21.1767								
2016/05/03 12:30:00		1.88996	135.191	31.9917	0.356771	1007.98	290.763	30.8881	24.2339	25.9044	50.138		3143.75	202.281	32.21	24.2867	20.59								
2016/05/03 12:35:00		2.25964	137.192	31.9937	0.357292	1007.91	313.855	30.9587	21.1943	24.446	45.6403		2845.0	203.228	33.54	24.8817	21.3067								
2016/05/03 12:40:00		1.75435	139.5	31.9698	0.358854	1007.85	353.383	31.024	21.2636	25.5586	46.8222		2953.33	200.41	36.0067	26.19	22.2417								
2016/05/03 12:45:00		1.5613	129.686	31.9974	0.35625	1007.75	357.664	31.0795	23.5505	26.6438	50.194		3064.58	177.501	36.215	26.0717	21.1167								
2016/05/03 12:50:00		1.79833	123.431	32.1255	0.359375	1007.66	543.51	31.1278	22.3378	27.1333	49.4711		2788.13	187.07	31.13	23.6217	20.2033								
2016/05/03 12:55:00		2.01879	128.922	32.3167	0.364062	1007.57	323.509	31.1711	20.9196	26.1714	47.091		2810.0	196.838	29.6992	21.8725	19.01								
2016/05/03 13:00:00		1.65316	102.726	32.3922	0.356771	1007.5	247.829	31.2296	17.8622	26.1098	43.972		2665.21	198.26	29.4033	21.6675	18.68								
2016/05/03 13:05:00		2.08016	120.656	32.2594	0.358333	1007.37	270.462	31.3126	19.0213	25.0006	44.0219		2760.83	182.898	29.3767	22.0183	19.4333								
2016/05/03 13:10:00		0.98789	95.174	32.1547	0.354167	1007.22	302.808	31.3593	18.3424	26.7123	45.0546		2818.54	182.105	29.3733	22.2383	19.0542								
2016/05/03 13:15:00		1.74273	94.284	32.0323	0.359896	1007.13	284.973	31.4076	16.8706	24.4084	41.279		2618.54	196.274	29.8333	21.8208	18.8								
2016/05/03 13:20:00		2.32556	91.466	31.9979	0.356771	1007.07	354.448	31.4505	19.2134	26.0344	45.2478		2684.79	163.632	27.6458	21.3075	18.1417								
2016/05/03 13:25:00		2.23036	97.581	32.1375	0.359896	1006.9	694.2	31.4927	17.9158	25.1615	43.0773		2701.88	186.452	26.1825	19.5883	17.07								
2016/05/03 13:30:00		2.41138	133.717	32.4417	0.357292	1006.73	772.93	31.544	17.2614	23.9668	41.2282		2467.29	176.158	26.8867	19.4258	16.9633								
2016/05/03 13:35:00		2.84609	135.455	32.8589	0.354688	1006.65	550.63	31.614	15.5016	22.8234	38.3249		2528.54	187.016	30.0333	19.13	16.195								
2016/05/03 13:40:00		2.75915	88.359	33.1276	0.35625	1006.64	631.92	31.7225	14.3268	23.6655	37.9923		2452.08	180.316	25.6208	18.6908	16.1733								
2016/05/03 13:45:00		2.42432	104.51	33.1318	0.357812	1006.61	331.02	31.8197	15.5753	22.7207	38.2959		2418.75	176.837	24.9075	18.9633	16.09								
2016/05/03 13:50:00		2.18721	125.947	33.0182	0.354167	1006.54	334.68	31.8455	15.2425	22.683	37.9255		2293.75	173.069	25.3842	18.3092	15.4542								
2016/05/03 13:55:00		2.06723	104.032	33.1073	0.355729	1006.37	425.148	31.864	16.5423	23.0493	39.5916		2458.54	183.112	30.5825	19.5833	16.2642								
2016/05/03 14:00:00		2.40842	100.088	33.0182	0.352604	1006.29	270.317	31.8919	17.2659	23.5628	40.8287		2490.0	174.983	28.7817	18.2583	15.7942								
2016/05/03 14:05:00		2.11502	105.297	32.7391	0.358333	1006.17	324.034	31.98	18.0833	22.4708	40.5541		2377.29	179.908	24.8258	18.4525	15.7433								
2016/05/03 14:10:00		2.55591	105.974	32.5438	0.353125	1006.1	381.179	32.0592	16.2028	22.7035	38.9064		2455.42	170.886	30.2992	20.6267	16.9333								
2016/05/03 14:15:00		2.78754	123.017	32.4974	0.35625	1006.13	405.227	32.0981	19.5528	23.2376	42.7904		2516.46	164.715	30.0183	18.5133	15.1008								
2016/05/03 14:20:00		2.24411	136.782	32.5307	0.354688	1006.13	337.313	32.0796	20.0732	23.0459	43.1191		2411.88	168.829	25.5608	17.3825	14.5792								
2016/05/03 14:25:00		2.24382	107.751	32.6057	0.358333	1006.08	322.452	32.0632	22.3601	23.0972	45.4574		2655.0	169.011	31.5525	17.4242	14.9008								
2016/05/03 14:30:00		2.26951	94.582	32.5	0.355729	1005.92	419.555	32.0471	24.7744	22.9877	47.762		2599.79	157.593	28.5108	17.555	14.4492								
2016/05/03 14:35:00		2.18961	119.311	32.5938	0.35625	1005.77	617.28	32.0194	24.0977	21.7553	45.8529		2518.75	168.318	22.9908	17.025	14.4242								
2016/05/03 14:40:00		2.26986	123.545	32.812	0.358333	1005.6	510.71	32.0106	23.6488	20.92	44.5688		2471.88	170.454	26.4342	16.8083	14.0458								
2016/05/03 14:45:00		2.06192	110.273	32.9682	0.354688	1005.43	576.57	32.0165	22.2194	21.7176	43.9371		2421.67	179.587	34.5692	20.1467	14.3883								
2016/05/03 14:50:00		2.76095	103.271	33.0083	0.358333	1005.32	532.77	32.0476	23.0971	21.6423	44.7394		2472.5	170.379	24.4292	16.2692	13.6558								
2016/05/03 14:55:00		2.00877	118.033	33.0057	0.352083	1005.13	378.146	32.0694	20.5087	20.5331	41.0419		2377.5	181.058	24.1142	15.9367	13.5792								
2016/05/03 15:00:00		2.11804	110.938	32.937	0.356771	1005.03	543.54	32.0978	20.9018	19.5849	40.4867		2364.38	178.926	26.8758	16.8325	13.815								
2016/05/03 15:05:00		2.38307	109.43	33.0078	0.354688	1004.87	471.815	32.1295	22.3646	21.1151	43.4797		2423.13	167.975	31.1633	16.515	13.3633								
2016/05/03 15:10:00		3.13887	87.65	33.0651	0.35625	1004.77	444.063	32.1722	21.5383	20.7077	42.246		2389.38	164.443	26.3033	17.8692	14.415								
2016/05/03 15:15:00		1.70607	97.358	33.1089	0.353646	1004.74	327.702	32.1988	22.1413	20.8994	43.0407		2496.67	163.84	27.5092	18.395	15.365								
2016/05/03 15:20:00		3.1249	98.782	33.0333	0.35625	1004.66	248.398	32.2136	24.2741	22.1764	46.4505		2564.38	167.261	27.7175	16.6642	13.9875								
2016/05/03 15:25:00		3.0963	89.994	32.8161	0.35625	1004.6	193.791	32.2165	23.3115	20.7146	44.0261		2565.83	169.422	23.5975	17.5192	14.9925								
2016/05/03 15:30:00		2.9488	88.712	32.5536	0.354167	1004.55	198.53	32.1883	22.3691	21.0466	43.4157		2427.29	166.365	24.8242	17.5825	15.2433								
2016/05/03 15:35:00		2.51316	100.367	32.3359	0.352083	1004.41	213.07	32.1427	22.4338	20.9063	43.3401		2396.46	159.825	26.06	18.0433	15.3333								
2016/05/03 15:40:00		2.5701	99.439	32.2562	0.359896	1004.49	223.001	32.1099	23.144	20.7659	43.91		2547.5	160.982	26.9817	17.6033	14.985								
2016/05/03 15:45:00		1.8574	103.84	32.1969	0.354167	1004.63	199.077	32.1129	27.2511	22.8131	50.064		2839.38	156.264	25.295	17.8217	15.1717								
2016/05/03 15:50:00		3.20359	127.503	32.1776	0.357292	1004.75	182.802	32.1204	30.5721	23.3026	53.875		2844.38	152.203	26.2067	17.7183	14.84								
2016/05/03 15:55:00		2.44114	117.87	32.0578	0.354167	1004.93	154.328	32.1123	29.1941	21.0706	50.265		2711.46	167.736	26.7217	17.245	13.6467								
2016/05/03 16:00:00		2.4555	106.797	31.8911	0.358333	1005.01	166.833	32.1035	33.9065	21.7519	55.658		3180.83	153.842	28.12	17.8033	14.4433								
2016/05/03 16:05:00		2.61386	136.805	31.7922	0.359375	1004.97	180.833	32.0981	32.8121	21.9675	54.78		3152.5	150.921	29.2767	17.4183	14.5267								
2016/05/03 16:10:00		2.36083	134.061	31.7995	0.357812	1004.83	248.762	32.0788	34.5095	20.7625	55.272		3173.13	153.989	24.025	17.8667	14.6583								
2016/05/03 16:15:00		2.8631	141.744	31.7953	0.355729	1004.83	207.63	32.0487	31.5257	20.0299	51.556		3214.17	162.829	24.7142	17.8825	13.855								
2016/05/03 16:20:00		3.53277	130.677	31.751	0.357812	1004.9	158.506	32.021	30.4738	19.157	49.6308		2940.42	165.05	24.9208	17.2433	14.0592								
2016/05/03 16:25:00		3.66026	133.266	31.5974	0.360938	1004.94	182.365	31.9985	28.7743	18.1026	46.8768		2730.42	161.075	26.0833	18.1417	14.5917								
2016/05/03 16:30:00		3.6335	133.396	31.4391	0.35625	1005.27	125.701	31.9612	27.805	19.4	47.205		2797.71	161.832	26.5083	18.2467	14.7733								
2016/05/03 16:35:00		3.38649	141.696	31.2708	0.352083	1005.52	117.345	31.9247	27.8028	19.0132	46.816		3017.71	158.386	29.8975	20.7033	15.7225								
2016/05/03 16:40:00		4.0805	140.213	31.1547	0.357292	1005.64	130.462	31.8884	26.3779	18.6332	45.0111		2765.42	164.275	27.6433	19.3933	15.6292								
2016/05/03 16:45:00		3.72025	133.51	31.0422	0.357292	1005.74	105.481	31.8508	26.4337	17.5514	43.9852		2904.58	165.665	31.805	22.1092	16.1058								
2016/05/03 16:50:00		3.46872	138.319	30.9943	0.350521	1005.63	83.307	31.8004	30.791	19.4445	50.235		2908.96	163.697	28.2783	19.535	15.3575								
2016/05/03 16:55:00		3.70375	139.271	30.9026	0.358333	1005.5	102.535	31.7491	29.7234	16.2916	46.0151		2647.08	173.019	23.71	17.8633	15.1792								
2016/05/03 17:00:00		2.68487	128.135	30.8276	0.357812	1005.42	138.031	31.697	29.3304	16.9934	46.3238		2798.13	167.111	26.0067	18.6008	15.3867								
2016/05/03 17:05:00		2.94317	141.035	30.837	0.358333	1005.42	156.239	31.6414	27.365	16.7333	44.0983		2942.71	166.725	28.015	19.26	15.0017								
2016/05/03 17:10:00		4.1442	144.949	30.8672	0.356771	1005.44	131.286	31.5853	26.4449	16.788	43.2329		2811.67	179.994	25.3125	17.6733	13.8133								
2016/05/03 17:15:00		4.11848	145.279	30.787	0.350521	1005.47	63.343	31.5512	23.8341	15.6412	39.4753		2633.13	179.616	25.8575	18.1692	13.7608								
2016/05/03 17:20:00		4.49654	140.701	30.5865	0.355729	1005.51	47.425	31.5002	23.9302	15.1619	39.0921		2563.13	173.219	28.4775	19.6042	14.3042								
2016/05/03 17:25:00		3.87617	143.739	30.3891	0.354167	1005.61	30.8656	31.4412	23.2535	15.4529	38.7064		2601.04	174.483	25.8075	17.9967	14.7683								
2016/05/03 17:30:00		3.36033	140.743	30.2734	0.35625	1005.89	13.7156	31.4331	22.3981	15.2989	37.697		2647.92	171.497	25.2308	17.8542	14.4892								
2016/05/03 17:35:00		3.89883	148.566	30.1745	0.357812	1006.04	4.16354	31.3005	21.7147	15.2441	36.9588		2755.0	170.911	26.2925	18.3625	14.9825								
2016/05/03 17:40:00		4.55292	146.458	30.0682	0.361458	1006.08	1.01354	30.9794	21.5383	14.3643	35.9026		2769.79	169.183	25.8408	18.0467	14.6692								
2016/05/03 17:45:00		3.01395	140.048	29.9406	0.359375	1006.14	1.02813	30.6505	22.3713	14.3712	36.7425		2806.46	170.811	25.0075	18.1308	14.9167								
2016/05/03 17:50:00		3.92123	159.675	29.8365	0.361458	1006.27	1.03542	30.2857	24.0351	14.7922	38.8274		3065.63	191.709	26.0492	18.8675	15.6433								
2016/05/03 17:55:00		3.492	142.591	29.75	0.357812	1006.37	1.06458	30.0325	24.6649	13.6249	38.2898		2902.08	209.853	27.5433	19.345	15.7075								
2016/05/03 18:00:00		3.52682	160.259	29.6792	0.356771	1006.51	1.01354	29.9331	27.7358	15.0421	42.7779		3298.33	216.104	29.2233	20.6675	16.9217								
2016/05/03 18:05:00		3.73673	157.539	29.6214	0.358333	1006.38	1.01354	29.916	27.508	15.2373	42.7452		3050.42	219.697	27.1908	20.3933	17.0125								
2016/05/03 18:10:00		2.86236	154.839	29.6036	0.360417	1006.43	1.01354	29.8507	29.7904	15.2167	45.0072		3363.96	215.429	30.1275	21.9808	17.7608								
2016/05/03 18:15:00		2.45053	153.847	29.5042	0.352604	1006.38	1.04271	29.7903	33.203	14.5834	47.7864		3196.46	209.239	29.9358	22.8367	19.2308								
2016/05/03 18:20:00		2.74036	141.419	29.5042	0.353125	1006.24	1.05	29.7213	32.7206	15.5659	48.2865		3539.38	209.217	30.5225	23.0233	18.8233								
2016/05/03 18:25:00		3.25198	140.913	29.4979	0.353125	1006.09	1.05729	29.6854	33.701	15.1277	48.8287		3386.46	205.524	30.9742	24.25	21.0267								
2016/05/03 18:30:00		3.34427	136.169	29.4151	0.353125	1006.08	1.00625	29.6209	34.3531	15.0729	49.4261		3257.08	208.153	31.73	24.1333	20.3483								
2016/05/03 18:35:00		4.22905	133.755	29.3318	0.352083	1006.14	0.99896	29.535	34.5787	13.7447	48.3234		3233.96	215.018	33.7042	24.7692	20.0108								
2016/05/03 18:40:00		4.04939	134.953	29.2552	0.357292	1006.21	1.01354	29.4727	31.1751	14.354	45.5291		2942.29	226.201	30.0833	22.1133	18.8017								
2016/05/03 18:45:00		3.71095	134.901	29.1521	0.351563	1006.2	1.06458	29.4011	28.58	12.1905	40.7705		2868.96	218.34	31.2717	23.1983	19.8183								
2016/05/03 18:50:00		3.89282	132.82	29.0568	0.35625	1006.25	1.01354	29.3471	28.5509	12.6903	41.2412		2636.88	224.461	30.8533	23.6217	20.18								
2016/05/03 18:55:00		1.94322	120.117	28.9792	0.354167	1006.42	1.05729	29.2899	33.136	13.0395	46.1754		3059.58	219.161	35.1683	25.2983	20.67								
2016/05/03 19:00:00		3.00995	137.968	28.9036	0.358333	1006.47	1.07187	29.234	32.0729	12.9881	45.061		3054.17	221.708	37.0517	26.1133	20.9233								
2016/05/03 19:05:00		2.46147	136.451	28.9016	0.35625	1006.55	1.02083	29.1624	33.1025	13.8029	46.9054		3355.83	220.658	37.74	27.5033	22.4767								
2016/05/03 19:10:00		2.13525	139.557	28.8141	0.354688	1007.01	1.02813	29.1288	34.677	12.7245	47.4015		3131.67	223.808	36.3817	27.5317	23.1408								
2016/05/03 19:15:00		3.28278	140.165	28.8062	0.355729	1007.02	1.03542	29.0515	35.8182	13.731	49.5492		3231.46	220.397	35.4517	27.235	23.0333								
2016/05/03 19:20:00		2.53384	131.457	28.8078	0.357812	1007.07	1.04271	29.0335	34.7797	13.1148	47.8945		2843.13	229.526	34.9167	26.2583	21.6017								
2016/05/03 19:25:00		3.74176	149.332	28.7276	0.359375	1007.34	1.07187	29.1981	31.758	12.5739	44.3319		2635.0	233.305	32.2508	25.435	22.2183								
2016/05/03 19:30:00		4.62934	140.617	28.7047	0.354688	1007.29	1.00625	29.2614	28.5264	12.1494	40.6758		2456.25	219.779	32.7583	25.2333	22.5817								
2016/05/03 19:35:00		4.27849	139.803	28.6161	0.363021	1007.28	1.07917	29.2636	26.1903	11.3449	37.5352		2281.25	214.854	29.5083	22.74	19.8825								
2016/05/03 19:40:00		3.7549	139.312	28.5094	0.359896	1007.24	1.02813	29.2056	24.2183	10.9855	35.2037		2203.13	205.985	31.4475	23.0592	19.6908								
2016/05/03 19:45:00		4.72833	132.242	28.4776	0.35625	1007.34	1.06458	29.1041	23.9123	9.9448	33.8571		2027.92	205.989	28.7567	21.605	18.9708								
2016/05/03 19:50:00		3.87504	137.863	28.4005	0.354167	1007.56	1.06458	29.0531	22.6862	9.1985	31.8847		1975.83	215.314	26.7475	21.0442	18.7017								
2016/05/03 19:55:00		4.20874	137.275	28.4	0.358854	1007.61	1.06458	29.2284	22.1993	9.332	31.5313		1908.54	231.39	25.6017	20.6817	17.8967								
2016/05/03 20:00:00		4.68541	137.344	28.3099	0.355208	1007.7	1.06458	29.274	21.0983	9.3697	30.468		1700.83	206.607	25.5	20.1525	17.6217								
2016/05/03 20:05:00		4.63292	141.456	28.3026	0.359896	1007.87	1.09375	29.2569	20.138	9.1848	29.3228		1699.58	197.57	27.0642	20.6467	18.0058								
2016/05/03 20:10:00		2.89265	139.841	28.2547	0.357292	1008.01	1.03542	29.1884	20.0509	8.9794	29.0303		1730.83	191.656	24.1075	19.9667	17.9692								
2016/05/03 20:15:00		4.4577	137.448	28.2016	0.355729	1008.09	1.05	29.0824	18.8828	8.281	27.1639		1712.29	196.377	24.5333	19.8367	18.0117								
2016/05/03 20:20:00		4.04332	134.384	28.1979	0.360938	1008.09	0.99896	28.9785	17.9962	9.1437	27.1399		1638.54	208.842	26.3217	20.7833	17.7633								
2016/05/03 20:25:00		3.71192	141.836	28.1865	0.358333	1008.02	1.05	29.0585	18.0096	8.7911	26.8007		1678.13	214.107	29.5317	21.6842	17.6108								
2016/05/03 20:30:00		4.16274	137.356	28.1042	0.358854	1008.07	1.06458	29.0886	18.4116	8.1989	26.6105		1662.92	210.753	25.2792	19.9442	17.375								
2016/05/03 20:35:00		4.09903	137.165	28.1016	0.363021	1008.15	1.02083	29.0722	20.1893	9.6675	29.8568		1493.96	200.199	24.6233	19.7983	16.9992								
2016/05/03 20:40:00		3.57471	142.22	28.1005	0.358854	1008.25	1.06458	29.0131	19.0369	9.8455	28.8824		1573.96	194.952	28.3575	21.5242	17.5875								
2016/05/03 20:45:00		2.71977	145.498	28.1036	0.360938	1008.42	1.12292	28.9175	22.7822	9.2909	32.0732		1685.63	186.334	30.7183	22.6058	18.7825								
2016/05/03 20:50:00		3.51838	146.58	28.0995	0.357812	1008.43	1.12292	29.0048	23.22	10.1433	33.3633		1629.38	208.771	29.2442	22.1175	18.19								
2016/05/03 20:55:00		3.35992	146.427	28.1021	0.359375	1008.47	1.13021	29.0316	20.9219	9.2464	30.1683		1462.5	205.703	28.9333	22.0283	18.2742								
2016/05/03 21:00:00		3.74519	140.428	28.1021	0.358854	1008.44	1.13021	29.0271	20.2921	10.6431	30.9352		1505.21	195.317	29.5458	21.505	17.9558								
2016/05/03 21:05:00		3.50526	134.78	28.1057	0.357292	1008.37	1.07917	28.931	19.9995	9.8044	29.8039		1471.67	192.627	26.8983	21.0675	17.7883								
2016/05/03 21:10:00		4.88306	140.356	28.0995	0.358333	1008.23	1.07917	28.877	19.0749	10.294	29.3689		1396.25	197.867	24.7292	20.2767	17.7367								
2016/05/03 21:15:00		3.81846	139.855	28.0792	0.359375	1008.24	1.04271	28.9857	18.9565	8.3666	27.3232		1417.08	214.654	26.3683	20.1683	17.3558								
2016/05/03 21:20:00		3.70289	142.483	27.9969	0.357812	1008.34	1.03542	28.9908	18.5702	9.7257	28.2959		1434.38	205.071	24.4817	19.835	17.2067								
2016/05/03 21:25:00		3.45853	145.296	27.9974	0.361979	1008.58	1.09375	28.9449	17.3977	9.4518	26.8495		1405.63	199.628	29.2817	21.6442	17.9558								
2016/05/03 21:30:00		3.37337	138.999	27.9943	0.360938	1008.74	1.1375	29.0096	17.2302	10.3693	27.5994		1517.29	192.734	31.8517	22.8958	18.5683								
2016/05/03 21:35:00		2.63703	147.356	28.0005	0.355729	1008.78	1.08646	29.0746	18.8761	9.5134	28.3896		1609.38	196.227	33.5275	23.8008	18.8533								
2016/05/03 21:40:00		3.12057	140.436	27.9937	0.360417	1008.79	1.10833	29.0271	17.2815	10.1365	27.418		1595.0	189.548	34.2508	24.1217	18.6925								
2016/05/03 21:45:00		2.83777	137.746	27.9979	0.358333	1008.88	1.09375	28.9863	17.7349	9.2088	26.9437		1641.67	189.03	33.5358	24.0692	18.7542								
2016/05/03 21:50:00		2.63926	140.069	27.999	0.355208	1008.99	1.09375	29.0644	23.6711	9.5614	33.2325		1862.5	198.249	36.3892	24.97	18.7758								
2016/05/03 21:55:00		2.6259	136.742	28.0203	0.35625	1009.03	1.07917	29.055	24.0374	10.0098	34.0472		1858.33	189.798	35.89	24.8875	18.5375								
2016/05/03 22:00:00		1.86378	134.524	28.0974	0.357292	1009.02	1.03542	29.0171	24.8592	9.9242	34.7835		1896.88	188.809	36.5267	25.1267	18.9383								
2016/05/03 22:05:00		2.0505	139.071	28.099	0.358854	1009.1	1.07187	29.0563	26.7375	10.6774	37.4148		1849.38	187.466	33.9167	23.895	18.4075								
2016/05/03 22:10:00		2.70516	153.181	28.101	0.363021	1009.17	1.11563	29.1809	23.9525	10.1673	34.1198		1774.38	198.738	33.8433	23.6183	18.18								
2016/05/03 22:15:00		2.3595	141.913	28.101	0.357292	1009.17	1.05729	29.1658	22.5276	9.7599	32.2876		1777.08	189.281	34.0233	24.1367	18.4517								
2016/05/03 22:20:00		2.52823	137.711	28.0094	0.357812	1009.17	1.08646	29.0996	19.8543	8.9486	28.8029		1699.58	187.477	31.965	23.4617	18.95								
2016/05/03 22:25:00		2.87581	147.519	27.9974	0.359896	1009.16	1.15937	29.015	18.923	8.9691	27.8922		1689.38	188.105	29.2383	22.645	18.6433								
2016/05/03 22:30:00		3.01666	135.519	27.9979	0.357812	1009.05	1.12292	29.1202	17.5361	8.4967	26.0328		1494.58	210.757	25.575	21.0733	18.5								
2016/05/03 22:35:00		2.33793	152.791	27.9651	0.354167	1009.0	1.09375	29.1401	16.8237	8.3255	25.1492		1487.5	198.424	25.1958	20.8533	18.4358								
2016/05/03 22:40:00		3.0132	148.038	27.9021	0.359896	1009.05	1.07187	29.1044	15.4725	8.798	24.2705		1464.58	201.517	25.3267	20.3017	17.5542								
2016/05/03 22:45:00		3.73234	136.596	27.8984	0.363542	1009.04	1.17396	29.0163	14.9321	8.8356	23.7677		1348.33	202.485	23.3392	19.5242	17.3142								
2016/05/03 22:50:00		2.75972	141.588	27.901	0.363021	1009.1	1.10104	29.0829	14.6172	7.9353	22.5525		1330.83	208.164	23.7458	19.5758	17.1358								
2016/05/03 22:55:00		2.97748	148.862	27.8182	0.358854	1009.09	1.09375	29.1519	13.3844	7.0726	20.457		1223.13	219.29	23.49	19.2542	16.7408								
2016/05/03 23:00:00		2.2268	146.553	27.8021	0.358333	1009.08	1.13021	29.1347	13.907	8.7295	22.6365		1299.58	196.509	28.0525	20.8842	16.8717								
2016/05/03 23:05:00		2.39018	133.452	27.8031	0.359375	1009.1	1.13021	29.0724	14.7244	7.6922	22.4166		1197.71	202.21	23.5825	19.2117	16.5767								
2016/05/03 23:10:00		2.35943	130.537	27.8005	0.360938	1008.98	1.10833	28.9535	12.9064	7.5313	20.4378		1148.13	210.043	22.9375	18.7883	16.1825								
2016/05/03 23:15:00		3.04913	135.935	27.8005	0.364062	1008.9	1.10833	28.9471	11.7518	7.3978	19.1496		1202.71	211.553	22.3892	18.6592	16.1042								
2016/05/03 23:20:00		1.65034	132.335	27.8031	0.365104	1008.85	1.1375	29.0867	11.6089	7.2061	18.815		1133.54	235.619	23.2908	18.66	15.9025								
2016/05/03 23:25:00		2.87627	146.573	27.8016	0.360417	1008.9	1.14479	29.0824	11.6982	7.545	19.2432		1102.29	212.143	24.7375	19.325	15.9								
2016/05/03 23:30:00		2.88263	142.509	27.8016	0.35625	1008.97	1.12292	29.0263	11.0282	6.1791	17.2073		1032.08	212.228	23.2258	18.2883	15.5175								
2016/05/03 23:35:00		2.90896	138.143	27.7984	0.357292	1008.91	1.14479	28.9148	10.5123	6.607	17.1193		987.29	216.247	21.2475	17.2783	14.9275								
2016/05/03 23:40:00		1.83409	148.395	27.7917	0.359896	1008.83	1.15937	28.6966	10.7267	5.1316	15.8583		972.92	219.34	24.3725	18.9792	15.5017								
2016/05/03 23:45:00		2.85159	139.214	27.801	0.358333	1008.71	1.1375	28.4821	11.2471	6.7303	17.9773		981.46	226.719	21.6108	17.63	15.0333								
2016/05/03 23:50:00		2.56834	139.661	27.7302	0.361458	1008.6	1.11563	28.3484	11.1354	6.0627	17.1981		924.38	279.129	20.6667	17.1625	14.9592								
2016/05/03 23:55:00		2.16479	136.521	27.7	0.358854	1008.62	1.13021	28.2547	11.1667	6.3024	17.469		951.88	289.984	20.8908	17.3683	14.9117								
2016/05/04 00:00:00		1.99067	146.794	27.7005	0.360417	1008.51	1.1375	28.2383	10.0165	5.8813	15.8978		811.46	328.09	22.9492	18.4358	15.315								
