-- 1st mean values --
Format: XTAB(V:1;HEAD:2;COL:TCFFFFFFFFFFFFFFFFFFFFFFFF)
StartTime: 2016/05/17 00:00:00
EndTime: 2016/05/18 00:00:00
Period: 24 h
Station: Gia Lam

Time	MeasPt	Wind Spd.	Wind Dir.	Temp	RH	Barometer	Radiation	InnerTemp	NO	NO2	NOx	SO2	CO	O3	PM-10	PM-2.5	PM-1	CH4	NMHC	THC	BENZEN	TOLUEN	ETHYL BENZEN	MP-XYLEN	O-XYLEN
		m/s	degree	°C	%	hPa	W/m²	°C	µg/m3	µg/m3	µg/m3	µg/m3	µg/m3	µg/m3	µg/m3	µg/m3	µg/m3	ppm	ppmC	ppmC	ug/m3	ug/m3	ug/m3	ug/m3	ug/m3
2016/05/17 00:05:00		2.19506	140.929	25.237	0.357812	1010.48	1.18125	26.4138	5.6615	19.8177	25.4792	22.5988	1194.38	120.662	40.3792	25.1192	17.5975								
2016/05/17 00:10:00		2.32639	151.514	25.2151	0.354688	1010.45	1.05729	26.5998	6.2176	19.3521	25.5697	22.3271	1188.33	108.679	47.625	25.835	17.23								
2016/05/17 00:15:00		2.62145	146.202	25.1271	0.357812	1010.41	1.13021	26.7338	5.8379	19.068	24.9059	22.594	1136.46	118.958	44.455	27.47	18.1183								
2016/05/17 00:20:00		2.07521	140.94	25.1292	0.357812	1010.46	1.18854	26.7738	6.5816	18.5476	25.1293	22.5034	1118.54	103.896	46.1558	26.5358	17.8733								
2016/05/17 00:25:00		1.90786	144.742	25.1255	0.357812	1010.48	1.14479	26.7129	6.6866	19.8896	26.5762	22.6703	1049.38	97.503	41.1083	24.6692	17.4717								
2016/05/17 00:30:00		2.29084	143.122	25.0214	0.356771	1010.52	1.08646	26.5904	6.4409	19.0714	25.5123	22.7179	999.79	107.786	42.1292	24.2083	17.2533								
2016/05/17 00:35:00		1.83884	162.929	25.0245	0.353125	1010.57	1.19583	26.6404	7.2003	19.2117	26.412	22.6369	1055.63	96.86	45.7133	26.3417	19.0467								
2016/05/17 00:40:00		2.20688	148.242	24.9359	0.35625	1010.5	1.15208	26.7885	7.2561	20.9474	28.2035	22.8371	1082.5	110.204	36.8775	24.0792	17.4625								
2016/05/17 00:45:00		2.28375	144.175	24.9036	0.358854	1010.39	1.10833	26.849	6.9591	19.7561	26.7151	22.6178	1023.75	106.893	35.625	24.38	17.4267								
2016/05/17 00:50:00		2.24139	148.485	24.8307	0.360417	1010.36	1.11563	26.8377	6.6665	19.1878	25.8543	22.799	979.79	110.715	33.5608	23.8192	17.3425								
2016/05/17 00:55:00		2.0541	147.788	24.812	0.358854	1010.2	1.18125	26.7322	6.0702	18.3662	24.4364	22.737	915.83	109.079	34.6425	24.0892	17.7917								
2016/05/17 01:00:00		2.15253	141.652	24.7297	0.359375	1010.1	1.21042	26.6192	6.1372	17.4076	23.5448	22.6607	893.96	105.532	35.7283	25.0442	17.8275								
2016/05/17 01:05:00		1.78508	142.025	24.6953	0.361458	1010.11	1.15208	26.7279	6.2712	17.815	24.0862	22.7132	951.88	105.025	35.2417	24.7675	18.06								
2016/05/17 01:10:00		1.79329	142.755	24.6271	0.356771	1010.05	1.12292	26.8551	6.4074	17.3905	23.798	22.6941	948.75	113.129	36.925	25.3642	18.3742								
2016/05/17 01:15:00		1.6338	137.372	24.6266	0.360417	1010.08	1.1375	26.8873	6.3248	17.3221	23.6469	22.7084	917.29	109.707	37.6283	26.5675	19.3267								
2016/05/17 01:20:00		1.30024	151.009	24.625	0.357812	1009.99	1.16667	26.8465	5.9139	16.4012	22.3151	22.8466	881.67	111.657	36.5667	25.8775	18.7283								
2016/05/17 01:25:00		1.11729	136.835	24.6255	0.360938	1009.97	1.05	26.7252	5.2573	17.0242	22.2815	22.9038	854.79	97.732	37.8708	26.4517	19.1908								
2016/05/17 01:30:00		1.86994	134.593	24.5552	0.359896	1009.96	1.15208	26.7091	5.3801	17.1783	22.5584	22.8133	907.29	104.675	38.2333	26.9533	19.795								
2016/05/17 01:35:00		2.14106	136.561	24.5229	0.360938	1009.86	1.10833	26.8277	7.0931	17.0687	24.1618	22.6417	933.13	97.135	38.02	27.085	19.7083								
2016/05/17 01:40:00		1.65424	134.216	24.5229	0.360417	1009.8	1.15208	26.9179	7.3477	17.3255	24.6732	22.5654	917.5	106.736	37.2517	26.1167	19.13								
2016/05/17 01:45:00		1.19464	133.669	24.5198	0.35625	1009.78	1.14479	26.9161	7.399	16.6032	24.0022	22.6798	880.0	107.879	42.7183	28.6417	19.2925								
2016/05/17 01:50:00		1.71708	135.34	24.5224	0.355729	1009.77	1.17396	26.8272	6.7871	15.9904	22.7775	22.5606	856.04	102.685	50.807	33.8733	19.8983								
2016/05/17 01:55:00		1.66582	133.507	24.5219	0.357812	1009.73	1.14479	26.722	5.8759	16.052	21.9279	22.8562	863.96	104.7	55.053	36.695	20.3117								
2016/05/17 02:00:00		1.69002	129.397	24.5203	0.35625	1009.75	1.13021	26.7928	5.2818	16.7196	22.0014	22.6321	898.96	100.46	49.605	33.1267	19.8283								
2016/05/17 02:05:00		1.55698	135.05	24.5198	0.358854	1009.72	1.04271	26.9061	6.5303	16.0794	22.6097	22.7179	925.21	110.554	44.4533	29.9517	19.0633								
2016/05/17 02:10:00		1.57708	127.254	24.5198	0.358854	1009.72	1.16667	26.9338	5.6057	16.367	21.9726	22.7418	901.67	111.04	41.6475	28.025	18.7358								
2016/05/17 02:15:00		0.76712	110.5	24.5198	0.357812	1009.76	1.14479	26.871	4.76817	16.0725	20.8407	22.7799	857.5	111.525	41.5225	27.835	18.6267								
2016/05/17 02:20:00		0.73929	100.902	24.6104	0.355729	1009.72	1.11563	26.7397	4.37063	14.6553	19.0259	22.6846	848.13	97.049	45.6667	30.4983	19.39								
2016/05/17 02:25:00		1.30027	112.047	24.6271	0.358854	1009.63	1.15937	26.7386	4.2478	15.1859	19.4337	22.6274	868.75	94.524	49.9158	33.2775	20.18								
2016/05/17 02:30:00		1.23755	105.817	24.6229	0.357292	1009.52	1.14479	26.8543	4.81284	16.0486	20.8614	22.6131	985.0	94.978	48.3875	32.2592	20.5358								
2016/05/17 02:35:00		1.36875	94.306	24.6229	0.357812	1009.49	1.10833	26.9249	5.6168	16.1924	21.8092	22.5702	989.17	86.831	43.6175	29.9717	21.4667								
2016/05/17 02:40:00		1.19164	92.691	24.6292	0.358333	1009.4	1.15208	26.8954	5.6727	17.0482	22.7209	22.6512	953.96	93.763	48.2658	33.8792	25.115								
2016/05/17 02:45:00		1.23648	128.069	24.5453	0.357812	1009.4	1.16667	26.7953	5.7799	16.6442	22.4241	22.737	928.96	82.92	53.535	37.5117	27.2942								
2016/05/17 02:50:00		1.20752	129.006	24.4734	0.361458	1009.37	1.14479	26.6951	6.1238	16.6203	22.7441	22.6798	993.75	86.345	53.898	37.2242	27.8292								
2016/05/17 02:55:00		0.82265	134.975	24.4208	0.359896	1009.49	1.1375	26.7813	7.1154	16.6306	23.7459	22.532	1110.83	82.598	55.263	37.5817	27.8042								
2016/05/17 03:00:00		1.09992	120.863	24.3625	0.357812	1009.61	1.05729	26.8868	7.0439	17.394	24.4379	22.6321	1175.0	86.867	55.282	37.5025	28.1175								
2016/05/17 03:05:00		1.21865	128.101	24.324	0.355729	1009.66	1.05729	26.8935	7.1556	17.5617	24.7173	22.656	1192.5	85.677	54.088	36.6992	27.7758								
2016/05/17 03:10:00		0.90254	125.615	24.3234	0.357812	1009.58	1.09375	26.8379	6.6844	17.0893	23.7736	22.5463	1258.13	74.201	55.346	38.2667	28.1508								
2016/05/17 03:15:00		0.97935	130.625	24.3646	0.358854	1009.54	1.05	26.7163	7.466	16.6066	24.0726	22.7179	1189.79	83.581	53.563	37.4508	28.5475								
2016/05/17 03:20:00		0.84211	126.036	24.4193	0.358333	1009.47	1.07917	26.7255	6.9591	16.1034	23.0624	22.7894	1241.88	86.731	56.058	39.2958	29.9517								
2016/05/17 03:25:00		1.55284	125.483	24.3354	0.357292	1009.41	1.15208	26.8347	7.2181	16.2061	23.4242	22.5749	1362.71	86.859	59.871	41.5158	31.2933								
2016/05/17 03:30:00		1.22152	123.791	24.3224	0.358854	1009.44	1.08646	26.8683	6.9747	16.2506	23.2253	22.6083	1331.04	90.26	60.566	42.4867	33.0783								
2016/05/17 03:35:00		0.73043	143.472	24.324	0.353125	1009.52	1.12292	26.831	6.9345	15.5762	22.5107	22.7561	1332.08	89.442	65.754	46.6258	35.9317								
2016/05/17 03:40:00		1.24877	135.755	24.3198	0.357812	1009.42	1.17396	26.7029	6.9122	13.8919	20.8041	22.7513	1332.92	85.42	65.033	46.4367	36.4292								
2016/05/17 03:45:00		1.45043	123.323	24.3208	0.355729	1009.34	1.13021	26.6372	6.7246	14.289	21.0136	22.9086	1421.04	87.599	62.842	45.7758	36.67								
2016/05/17 03:50:00		0.8256	132.608	24.3182	0.358854	1009.33	1.12292	26.7453	7.1176	14.0049	21.1225	22.8419	1425.42	91.999	62.14	45.4175	36.845								
2016/05/17 03:55:00		1.26955	135.572	24.2177	0.359375	1009.21	1.09375	26.8264	7.1467	13.6009	20.7476	22.7608	1464.58	85.595	61.544	45.1325	36.2425								
2016/05/17 04:00:00		1.10966	135.808	24.2151	0.359375	1009.15	1.15208	26.8092	7.6536	13.8611	21.5147	22.6989	1473.54	83.12	62.235	45.2492	36.2283								
2016/05/17 04:05:00		0.97631	110.276	24.1411	0.35625	1009.08	1.07187	26.7185	7.8077	13.3476	21.1553	22.8323	1481.04	80.938	57.999	44.6742	36.2567								
2016/05/17 04:10:00		1.0048	105.108	24.1208	0.360938	1009.14	1.09375	26.6004	7.073	13.1696	20.2425	22.9658	1440.21	87.717	62.183	45.4642	35.8642								
2016/05/17 04:15:00		1.15314	129.975	24.1026	0.359375	1009.17	1.11563	26.6788	7.4124	12.6526	20.0651	22.9372	1506.46	88.088	62.0	44.9567	35.6908								
2016/05/17 04:20:00		1.17755	127.826	24.0182	0.361979	1009.26	1.13021	26.802	7.0596	12.3069	19.3665	22.9181	1566.25	88.877	62.128	44.6967	35.0992								
2016/05/17 04:25:00		0.96943	131.624	24.0193	0.358854	1009.43	1.13021	26.8237	7.6402	12.6047	20.2449	22.9134	1634.17	76.137	63.426	44.5208	34.3475								
2016/05/17 04:30:00		0.76051	123.947	24.013	0.361458	1009.56	1.14479	26.7741	7.5107	12.2384	19.7491	22.9706	1722.5	78.323	63.652	44.0683	33.6417								
2016/05/17 04:35:00		0.85906	129.388	23.962	0.358333	1009.65	1.11563	26.6361	8.0467	12.6937	20.7404	22.8752	1698.75	67.269	67.957	46.0208	34.2283								
2016/05/17 04:40:00		1.20096	119.934	24.0167	0.359375	1009.65	1.1375	26.6629	8.9132	13.5941	22.5073	22.9134	1774.38	75.93	63.78	43.8683	32.7167								
2016/05/17 04:45:00		1.81608	129.337	24.0208	0.363021	1009.61	1.14479	26.7799	9.9808	12.7827	22.7635	22.9324	1905.0	71.855	64.138	43.8767	32.68								
2016/05/17 04:50:00		1.5508	126.144	24.0234	0.358333	1009.63	1.1375	26.8283	11.3163	14.0391	25.3554	22.8466	1873.33	69.43	64.592	43.6675	32.7367								
2016/05/17 04:55:00		1.04145	123.699	24.0203	0.359375	1009.78	1.12292	26.7987	11.8724	13.6214	25.4938	22.9563	1900.21	72.658	65.772	44.9167	33.1367								
2016/05/17 05:00:00		1.38376	128.726	23.9568	0.356771	1009.86	1.15208	26.6833	12.3883	13.0737	25.462	23.0421	1968.33	64.786	75.513	50.687	34.6967								
2016/05/17 05:05:00		1.08428	132.395	23.9844	0.361979	1009.85	1.18854	26.6133	14.5524	13.7447	28.2971	23.023	2261.04	60.993	132.887	88.793	43.2592								
2016/05/17 05:10:00		0.88131	129.733	24.0187	0.363021	1009.93	1.15208	26.7238	18.2128	13.8371	32.0499	22.9896	2359.17	68.205	64.165	45.38	33.7917								
2016/05/17 05:15:00		0.0	502.0	24.013	0.359896	1010.04	1.11563	26.8243	20.4104	15.0558	35.4663	22.7751	2513.96	64.461	69.943	46.825	34.055								
2016/05/17 05:20:00		0.69827	124.581	24.0141	0.360938	1009.96	1.12292	26.8197	24.8213	14.8538	39.6751	22.9944	2800.0	61.908	77.558	51.908	35.3133								
2016/05/17 05:25:00		1.04362	94.743	24.1167	0.357292	1009.88	1.11563	26.7488	30.3912	14.3814	44.7726	23.2137	3052.92	58.761	70.536	47.5392	34.92								
2016/05/17 05:30:00		0.65568	125.543	24.1182	0.355729	1009.93	1.17396	26.6205	34.4425	15.0284	49.4709	23.371	3156.04	61.065	78.633	52.498	35.9017								
2016/05/17 05:35:00		0.92669	90.711	24.1203	0.360417	1010.1	3.50729	26.6879	41.9174	14.2924	56.21	23.2518	3483.96	59.65	81.216	54.139	35.7542								
2016/05/17 05:40:00		0.91735	99.96	24.1214	0.359375	1010.11	6.6208	26.7805	49.8592	18.1574	68.017	23.1898	3764.38	59.625	76.218	51.14	35.1225								
2016/05/17 05:45:00		0.85424	114.536	24.1234	0.360417	1010.02	12.9063	26.8967	53.745	19.5438	73.289	23.228	3929.17	61.49	77.027	51.398	35.3633								
2016/05/17 05:50:00		0.80058	113.47	24.1271	0.359896	1010.03	18.8708	27.0415	56.948	19.4753	76.423	23.533	4103.96	61.24	72.113	48.1483	34.0825								
2016/05/17 05:55:00		0.87222	127.844	24.1214	0.355729	1010.07	24.6385	27.1867	57.298	19.5472	76.846	23.4997	4063.96	59.161	73.099	49.4725	34.2583								
2016/05/17 06:00:00		0.89363	106.224	24.124	0.361979	1010.1	34.125	27.336	58.893	20.7043	79.597	23.533	4142.29	58.343	66.932	45.0958	32.5008								
2016/05/17 06:05:00		1.21317	93.558	24.1693	0.361458	1010.11	45.6021	27.4702	60.593	19.8656	80.458	23.4902	4145.21	58.597	71.621	48.2592	33.735								
2016/05/17 06:10:00		0.85183	129.853	24.2219	0.363021	1010.2	57.159	27.6138	63.784	20.0847	83.869	23.7094	4117.5	55.925	69.828	46.5967	32.5592								
2016/05/17 06:15:00		1.43067	130.238	24.2589	0.361979	1010.29	70.219	27.7645	67.695	20.8481	88.543	23.7761	4293.33	56.05	72.79	48.6317	34.4842								
2016/05/17 06:20:00		1.41779	127.098	24.3583	0.360417	1010.27	82.95	27.9008	67.645	21.3684	89.014	23.7666	4400.83	59.325	71.938	48.3317	33.8292								
2016/05/17 06:25:00		1.11115	120.11	24.4255	0.363021	1010.33	97.293	28.0324	64.878	21.9881	86.866	23.8238	4238.75	63.84	80.063	53.63	37.7617								
2016/05/17 06:30:00		1.67654	121.181	24.476	0.361458	1010.47	111.606	28.1634	62.596	22.4879	85.084	24.1146	4301.88	62.579	78.653	52.659	36.7517								
2016/05/17 06:35:00		1.66845	125.48	24.587	0.357292	1010.52	125.628	28.2952	65.361	22.8439	88.205	23.9382	4368.96	57.025	70.97	47.4392	32.36								
2016/05/17 06:40:00		1.70057	124.084	24.7099	0.360938	1010.6	139.767	28.4238	69.079	23.4806	92.56	24.1241	4343.96	54.975	70.799	47.2025	29.9967								
2016/05/17 06:45:00		1.57056	116.536	24.8411	0.361458	1010.66	153.774	28.5436	69.609	24.5693	94.178	24.0574	4514.58	54.643	67.804	45.2533	29.1408								
2016/05/17 06:50:00		0.9979	124.403	24.9724	0.359896	1010.77	168.591	28.6692	70.133	25.5209	95.654	24.0192	5532.1	54.107	72.002	48.015	30.5225								
2016/05/17 06:55:00		1.32556	124.636	25.1464	0.354167	1010.9	178.208	28.7951	70.982	25.4525	96.435	24.1479	5121.5	55.547	69.508	46.3333	31.1683								
2016/05/17 07:00:00		1.57454	128.536	25.2786	0.355729	1010.92	188.635	28.9052	71.797	25.7229	97.52	24.2909	4678.54	54.886	67.926	45.3867	30.3025								
2016/05/17 07:05:00		1.05055	106.016	25.4047	0.356771	1010.91	205.297	28.7648	71.295	25.2984	96.593	24.086	5310.2	55.347	71.76	47.9117	31.8917								
2016/05/17 07:10:00		1.40807	110.912	25.5635	0.359375	1010.88	216.891	28.404	73.378	22.3544	95.733	24.1861	5332.5	59.15	74.884	49.9967	34.9142								
2016/05/17 07:15:00		1.5125	129.932	25.6708	0.364062	1010.9	232.13	28.0029	76.443	21.3753	97.818	24.2147	5716.0	60.561	81.004	54.049	38.7925								
2016/05/17 07:20:00		1.89101	128.646	25.7802	0.366146	1011.03	251.3	27.7669	76.139	21.9436	98.082	23.8572	5829.4	63.472	85.133	57.44	41.84								
2016/05/17 07:25:00		1.18372	119.775	25.888	0.365104	1011.06	268.705	27.7929	76.688	27.4962	104.184	23.7285	6510.2	65.676	75.363	50.39	34.0225								
2016/05/17 07:30:00		1.85328	137.754	25.9922	0.369271	1011.18	289.975	27.972	77.128	30.5019	107.63	23.6379	6920.6	58.35	67.017	44.6758	29.6675								
2016/05/17 07:35:00		1.79288	115.897	26.1651	0.361979	1011.17	306.746	28.1991	76.516	31.481	107.997	23.9382	7012.3	54.239	63.65	42.4308	26.79								
2016/05/17 07:40:00		1.63754	130.528	26.2854	0.373437	1011.11	313.965	28.4074	79.835	31.7548	111.59	23.9954	6830.0	54.168	80.673	38.1409	24.8642								
2016/05/17 07:45:00		1.79371	136.727	26.4063	0.366667	1011.13	334.775	28.3095	77.789	29.4133	107.203	24.2242	6672.1	55.136	76.975	37.9517	25.65								
2016/05/17 07:50:00		1.94351	141.374	26.5438	0.364583	1011.07	352.603	28.027	75.337	26.8834	102.22	23.7571	6719.4	63.554	68.473	36.6483	26.6008								
2016/05/17 07:55:00		2.27158	137.538	26.7	0.366146	1011.15	377.3	27.7099	69.604	26.0242	95.628	23.7189	6604.8	61.815	84.887	37.6683	24.7283								
2016/05/17 08:00:00		2.08785	149.66	26.875	0.369271	1011.19	381.828	27.4176	68.253	26.6335	94.886	23.7189	7069.2	62.633	62.422	27.385	18.665								
2016/05/17 08:05:00		2.13847	134.81	26.9964	0.366667	1011.24	380.508	27.3352	62.732	28.4513	91.183	23.6284	7115.8	70.733	73.425	27.62	16.39								
2016/05/17 08:10:00		1.93552	140.484	27.0969	0.36875	1011.18	406.131	27.4495	59.813	33.5624	93.376	23.4472	7024.8	63.633	57.122	25.985	16.2967								
2016/05/17 08:15:00		2.73078	148.567	27.1729	0.361458	1011.28	424.229	27.6828	56.716	37.417	94.133	23.3614	6904.6	68.015	72.32	26.1383	15.72								
2016/05/17 08:20:00		2.04817	156.65	27.3427	0.366667	1011.43	436.931	27.9768	55.8	39.1972	94.997	23.595	6777.9	56.447	61.57	22.9883	13.4617								
2016/05/17 08:25:00		2.19371	146.625	27.4995	0.369271	1011.48	465.216	28.0675	55.632	37.8757	93.508	23.6093	6812.7	57.997	64.272	23.6517	13.7517								
2016/05/17 08:30:00		2.88324	144.835	27.7667	0.367188	1011.48	491.167	27.9089	54.364	33.2919	87.656	23.6522	6861.5	58.09	52.41	22.2733	12.9458								
2016/05/17 08:35:00		1.51602	134.0	27.9115	0.36875	1011.47	463.881	27.6901	49.7453	31.3303	81.076	23.3853	6266.9	83.391	57.765	22.6975	13.6233								
2016/05/17 08:40:00		1.88617	132.914	28.0177	0.367188	1011.43	548.7	27.4729	45.9486	31.1558	77.104	23.39	6425.2	58.682	58.938	22.885	13.4475								
2016/05/17 08:45:00		1.9619	144.623	28.1849	0.363542	1011.5	518.48	27.2865	44.8744	31.2448	76.119	23.4186	6366.7	66.883	59.159	23.28	13.6892								
2016/05/17 08:50:00		2.32421	137.147	28.3667	0.371875	1011.47	434.35	27.1019	41.2385	31.9089	73.147	23.1994	5684.6	80.002	60.484	23.1058	13.7992								
2016/05/17 08:55:00		2.0686	153.912	28.399	0.363021	1011.49	356.081	26.9483	40.0749	30.9675	71.042	22.9992	5991.3	62.204	41.7725	18.4583	11.7183								
2016/05/17 09:00:00		2.51336	143.597	28.4005	0.366667	1011.49	308.219	27.0592	42.8577	33.1242	75.982	23.1374	5997.5	65.965	35.12	16.275	9.7533								
2016/05/17 09:05:00		2.7723	158.039	28.362	0.368229	1011.47	394.917	27.3244	44.5572	35.8491	80.406	23.0707	5470.8	73.648	52.863	24.4233	15.0458								
2016/05/17 09:10:00		2.19183	151.669	28.3042	0.3625	1011.52	635.83	27.6479	42.7549	39.9092	82.664	23.1755	5379.2	81.238	68.772	22.5142	14.2325								
2016/05/17 09:15:00		3.11703	143.276	28.4969	0.360938	1011.49	586.37	27.9212	41.4306	42.689	84.12	23.1565	5125.6	74.273	52.165	22.1767	13.7075								
2016/05/17 09:20:00		2.67155	162.734	28.5589	0.367188	1011.47	394.311	27.9669	38.0783	35.8936	73.972	23.0087	4518.13	89.935	56.081	23.1	14.07								
2016/05/17 09:25:00		2.24136	163.819	28.4969	0.365104	1011.38	486.835	27.8783	34.4179	33.4562	67.874	22.9563	4580.83	71.548	48.79	23.055	14.2725								
2016/05/17 09:30:00		2.35572	161.076	28.5661	0.365625	1011.27	349.964	27.7642	33.1672	31.2448	64.412	22.9992	4182.08	88.231	44.62	21.3475	13.4108								
2016/05/17 09:35:00		2.97534	164.413	28.6063	0.365625	1011.25	349.453	27.6221	29.9244	32.1656	62.09	23.1088	3955.63	80.834	48.3775	23.5358	13.9933								
2016/05/17 09:40:00		3.41994	172.498	28.5948	0.367708	1011.2	359.166	27.4823	28.7363	33.0523	61.789	22.9992	3804.79	83.877	52.509	23.8583	15.1792								
2016/05/17 09:45:00		2.44937	171.422	28.4995	0.363021	1011.2	390.921	27.3564	26.5744	32.6141	59.189	22.7561	3373.75	105.396	45.7125	24.275	15.2133								
2016/05/17 09:50:00		2.22984	156.709	28.4974	0.363542	1011.12	273.525	27.2173	25.3617	30.7826	56.144	22.7084	3537.29	76.748	39.6417	19.9302	11.7383								
2016/05/17 09:55:00		2.18702	149.321	28.5391	0.366146	1011.03	237.869	27.0871	27.3405	30.6936	58.034	22.7894	3599.38	72.605	44.0475	19.335	11.605								
2016/05/17 10:00:00		2.85342	180.067	28.5354	0.367708	1011.0	684.54	26.9929	28.0596	32.0937	60.153	22.6035	3429.17	88.402	51.71	21.4325	13.3008								
2016/05/17 10:05:00		1.79064	148.524	28.8234	0.365104	1011.02	250.673	26.9273	25.5069	30.6696	56.177	22.8037	3495.63	94.399	33.0258	15.4772	9.2818								
2016/05/17 10:10:00		3.2729	165.727	28.9	0.369792	1010.93	287.314	26.872	25.3282	32.4121	57.74	22.7322	3873.54	78.23	47.9925	14.4167	7.5225								
2016/05/17 10:15:00		2.25775	163.984	28.8375	0.363542	1010.88	207.535	26.8393	25.192	32.46	57.652	22.6178	3330.0	89.217	22.7892	11.2625	7.2242								
2016/05/17 10:20:00		3.31526	160.154	28.8057	0.360417	1010.88	539.9	26.8065	24.1781	32.6791	56.857	22.594	3610.63	91.088	12.6342	6.5525	4.22167								
2016/05/17 10:25:00		2.80869	161.023	28.8781	0.361458	1010.85	423.507	26.7636	23.1239	32.5456	55.67	22.737	3705.21	80.53	9.13	4.82	3.16083								
2016/05/17 10:30:00		3.41259	177.015	28.9818	0.359896	1010.77	489.067	26.74	22.0877	33.0625	55.15	22.6035	3365.21	109.768	12.0167	5.7192	3.85167								
2016/05/17 10:35:00		2.64886	164.494	29.1234	0.364583	1010.8	464.866	26.7434	19.2893	32.3881	51.677	22.6274	3310.83	110.668	3.1875	2.02667	1.2375								
2016/05/17 10:40:00		3.51695	158.523	29.2057	0.363021	1010.81	311.347	26.7408	16.3011	31.7035	48.0046	22.5463	3249.58	107.239	7.565	4.23133	2.4525								
2016/05/17 10:45:00		3.00359	171.292	29.1797	0.364062	1010.79	427.729	26.74	17.2346	31.9397	49.1743	22.4176	3265.42	92.038	6.305	2.59517	1.60017								
2016/05/17 10:50:00		2.89426	159.287	29.2542	0.360938	1010.7	764.36	26.7502	17.4669	33.4186	50.885	22.5606	3317.29	78.102	9.8102	3.51083	2.21767								
2016/05/17 10:55:00		1.82303	153.281	29.5979	0.366146	1010.6	802.61	26.7756	19.2312	34.0656	53.297	22.5606	3452.29	68.922	10.7183	4.645	2.985								
2016/05/17 11:00:00		2.40284	148.993	30.0208	0.369792	1010.53	654.62	26.8441	20.3055	33.7438	54.049	22.5892	3351.25	90.02	2.29	1.41833	0.91517								
2016/05/17 11:05:00		2.85157	167.504	30.1943	0.369271	1010.51	732.71	26.9537	19.9191	32.9838	52.903	22.6131	3315.21	88.759	7.0467	4.24	2.66333								
2016/05/17 11:10:00		2.78244	154.484	30.3406	0.365104	1010.4	889.06	27.0691	18.2843	33.0831	51.367	22.6226	3211.46	92.435	5.8158	3.04333	1.8425								
2016/05/17 11:15:00		2.82032	151.344	30.7286	0.36875	1010.34	901.57	27.2237	17.0917	33.0899	50.182	22.4844	3247.08	95.371	8.4833	4.01	2.585								
2016/05/17 11:20:00		2.84005	157.517	30.8865	0.361458	1010.19	547.47	27.3902	15.9281	32.4258	48.3539	22.6226	3156.25	95.442	8.3892	4.00167	2.435								
2016/05/17 11:25:00		2.87124	159.533	30.9302	0.366667	1010.11	865.42	27.5695	17.458	33.0899	50.548	22.6703	3213.96	71.33	7.9742	3.50167	2.12333								
2016/05/17 11:30:00		3.06669	157.761	31.1547	0.365104	1010.01	738.92	27.7677	19.5394	33.8362	53.376	22.5559	3340.83	79.83	5.9845	2.61379	1.56552								
2016/05/17 11:35:00		2.59651	147.302	31.2875	0.366667	1009.91	877.95	27.9934	20.6784	34.2128	54.891	22.7942	3422.71	88.295	8.0683	3.345	2.14167								
2016/05/17 11:40:00		1.87939	144.273	31.3661	0.365104	1009.82	570.63	28.5333	22.751	36.5338	59.285	22.675	3527.71	80.027	13.4433	5.2233	3.14833								
2016/05/17 11:45:00		2.47784	145.954	31.3833	0.368229	1009.75	622.68	29.0096	22.4852	36.0545	58.54	22.9324	3536.25	74.666	17.6225	8.0867	4.74083								
2016/05/17 11:50:00		3.09995	155.866	31.3854	0.3625	1009.71	904.88	29.3812	22.3735	35.4794	57.853	23.1803	3405.21	87.167	33.6525	18.4117	11.5825								
2016/05/17 11:55:00		2.26464	170.85	31.4536	0.360417	1009.63	436.428	29.63	20.1089	34.4764	54.585	23.0516	3068.33	119.944	35.9067	18.5808	11.5017								
2016/05/17 12:00:00		2.66226	140.707	31.3641	0.364583	1009.53	524.6	29.8	17.5652	32.7647	50.33	23.3185	3281.46	98.635	57.295	26.85	15.3458								
2016/05/17 12:05:00		2.32221	151.718	31.226	0.363021	1009.51	745.1	29.913	16.1738	32.4977	48.6715	23.1898	3135.63	99.492	53.515	25.6308	14.7942								
2016/05/17 12:10:00		3.18336	139.603	31.3271	0.364062	1009.48	868.51	30.0145	15.3251	33.422	48.7471	23.2041	3309.38	87.527	51.734	26.33	16.425								
2016/05/17 12:15:00		1.90247	137.725	31.5661	0.363021	1009.55	753.56	30.1246	15.841	34.093	49.934	23.3757	3235.0	68.797	65.667	28.4133	16.55								
2016/05/17 12:20:00		2.54035	113.275	31.6766	0.3625	1009.56	308.481	30.2328	19.0012	35.7019	54.703	23.533	3108.75	74.919	56.478	24.8058	14.4733								
2016/05/17 12:25:00		2.07092	123.249	31.4375	0.361458	1009.54	681.25	30.3418	20.3055	35.3288	55.634	23.6427	3007.5	90.17	59.223	27.5383	15.6025								
2016/05/17 12:30:00		1.78655	114.566	31.3557	0.363542	1009.44	867.64	30.4524	20.9822	35.7601	56.742	23.5759	2976.04	74.798	55.009	28.0242	16.4792								
2016/05/17 12:35:00		2.34648	130.096	31.5656	0.364062	1009.38	359.538	30.6051	23.4053	36.8693	60.275	23.4615	3136.04	73.93	53.302	26.4767	15.3075								
2016/05/17 12:40:00		1.80082	133.672	31.6521	0.364583	1009.31	445.2	30.7536	23.7247	37.239	60.964	23.6856	3080.42	80.362	53.26	26.5158	15.775								
2016/05/17 12:45:00		2.43736	137.362	31.5193	0.357812	1009.28	350.401	30.8631	23.354	37.7936	61.148	23.6808	2977.29	89.774	50.646	25.135	14.3942								
2016/05/17 12:50:00		2.27821	141.207	31.3365	0.364062	1009.18	539.18	30.941	22.2261	37.8107	60.037	23.7523	2780.83	90.174	47.1217	24.9417	14.7925								
2016/05/17 12:55:00		3.31191	139.752	31.2995	0.364062	1008.98	708.98	31.0084	22.5723	37.1911	59.763	23.8953	2640.83	84.77	46.3417	24.0825	14.2317								
2016/05/17 13:00:00		2.45475	137.941	31.3193	0.363021	1008.79	864.06	31.0505	20.2898	37.1637	57.454	23.7666	2446.04	112.386	45.4217	23.2267	13.5442								
2016/05/17 13:05:00		2.63951	119.695	31.4776	0.3625	1008.57	814.52	31.0948	18.7354	36.0374	54.773	24.0002	2338.75	88.209	48.4933	24.3817	13.0292								
2016/05/17 13:10:00		2.8241	140.697	31.7818	0.365104	1008.43	813.71	31.1673	17.5518	36.301	53.853	24.105	2233.33	105.564	43.9767	22.0783	12.5308								
2016/05/17 13:15:00		3.43677	144.726	31.951	0.361979	1008.29	821.63	31.2656	16.0666	34.7023	50.769	23.8572	2150.83	105.979	46.9325	22.3542	12.0917								
2016/05/17 13:20:00		3.15008	132.386	32.0557	0.366667	1008.23	737.19	31.3808	14.4675	33.9218	48.3893	23.8572	2083.75	109.504	59.168	25.1783	12.5767								
2016/05/17 13:25:00		3.14586	129.206	32.0276	0.363021	1008.18	694.65	31.5024	14.1549	33.8465	48.0014	24.105	2001.67	96.846	54.109	24.9833	13.3408								
2016/05/17 13:30:00		3.59918	123.848	31.901	0.3625	1008.05	445.156	31.5722	13.7194	33.5315	47.2509	24.0049	1930.21	109.236	44.3717	23.2792	12.5267								
2016/05/17 13:35:00		2.90281	139.206	31.7547	0.3625	1007.88	581.33	31.5786	12.2208	32.9701	45.1909	24.1384	1834.79	126.226	58.297	24.9858	12.8225								
2016/05/17 13:40:00		3.03176	142.538	31.8141	0.360417	1007.85	712.05	31.5786	11.3185	32.1006	43.4191	23.9763	1968.13	100.385	48.0367	24.6283	13.7992								
2016/05/17 13:45:00		1.84138	156.769	31.9979	0.358854	1007.86	403.849	31.6087	11.725	31.7274	43.4524	24.0907	2140.42	93.235	48.57	24.3758	13.3442								
2016/05/17 13:50:00		3.14502	151.054	31.8208	0.361458	1007.75	301.168	31.6578	11.6625	33.2543	44.9167	24.1241	2151.67	124.137	59.447	23.665	13.4								
2016/05/17 13:55:00		2.35793	127.754	31.5198	0.356771	1007.67	371.941	31.6965	10.5793	33.1344	43.7137	24.0621	2227.71	113.422	51.587	25.245	14.4292								
2016/05/17 14:00:00		2.09153	127.697	31.3948	0.359896	1007.49	742.42	31.7083	10.7356	33.1516	43.8872	24.0621	2367.71	110.554	54.312	25.3467	13.5892								
2016/05/17 14:05:00		2.12042	147.716	31.5406	0.360417	1007.31	765.25	31.6884	12.7523	33.2337	45.986	24.2766	2478.96	79.202	66.121	28.635	15.1125								
2016/05/17 14:10:00		2.62294	135.121	31.9052	0.358854	1007.26	701.24	31.6387	16.2073	35.4657	51.673	24.2766	2512.29	92.549	62.251	25.8825	14.03								
2016/05/17 14:15:00		2.4866	137.591	32.0896	0.361458	1007.26	642.45	31.6009	16.1492	35.9895	52.139	24.2576	2437.08	93.667	58.305	26.115	14.0083								
2016/05/17 14:20:00		1.89515	120.872	32.3495	0.3625	1007.2	730.54	31.5877	14.8226	36.3113	51.134	24.4244	2599.17	92.081	58.285	27.31	15.435								
2016/05/17 14:25:00		2.23513	126.419	32.4911	0.358854	1007.15	500.51	31.5644	17.3217	35.9998	53.322	24.2957	2804.79	85.584	81.087	34.615	15.5167								
2016/05/17 14:30:00		3.98452	128.542	32.3766	0.363542	1007.1	539.47	31.5547	16.98	36.7769	53.757	24.0764	2718.54	107.186	63.653	25.315	13.4833								
2016/05/17 14:35:00		2.44337	98.399	32.1146	0.361458	1006.97	456.291	31.5402	15.0192	36.1162	51.135	24.1432	2604.17	108.511	54.772	25.9833	14.12								
2016/05/17 14:40:00		1.38565	114.833	31.8344	0.359375	1006.82	476.474	31.5074	13.802	35.6061	49.4081	24.2576	2578.75	104.993	58.403	26.4267	14.4533								
2016/05/17 14:45:00		2.25753	136.03	31.8443	0.366146	1006.66	557.05	31.4744	14.5591	35.9347	50.494	24.1146	2799.38	78.012	55.934	26.85	14.1475								
2016/05/17 14:50:00		2.70445	133.314	31.9984	0.361458	1006.62	289.253	31.4581	15.075	37.0028	52.078	24.0955	2756.67	86.559	51.36	26.5667	14.7058								
2016/05/17 14:55:00		3.4635	133.404	31.9708	0.358854	1006.59	250.243	31.4393	15.3095	38.2249	53.534	24.1765	2867.08	90.488	57.267	27.0358	14.3992								
2016/05/17 15:00:00		2.52584	157.241	31.7271	0.359896	1006.53	275.939	31.4041	13.8802	37.6635	51.544	24.2766	2700.42	103.885	56.697	26.97	14.7575								
2016/05/17 15:05:00		2.75877	124.424	31.5156	0.360417	1006.41	372.94	31.3791	15.1241	37.1397	52.264	24.2147	2929.79	92.256	52.63	26.3383	14.2383								
2016/05/17 15:10:00		2.71792	138.033	31.5	0.360938	1006.24	598.12	31.3609	14.51	36.8761	51.386	24.3672	2941.46	95.06	58.839	26.7358	14.1717								
2016/05/17 15:15:00		2.54174	85.751	31.6057	0.361458	1006.18	587.13	31.3357	14.9857	36.8727	51.858	24.2671	2900.21	89.174	54.733	27.1558	13.5842								
2016/05/17 15:20:00		3.56274	135.362	31.6036	0.363542	1006.1	590.61	31.3238	15.5328	36.7289	52.262	24.2433	2988.75	106.561	59.611	25.7117	13.3692								
2016/05/17 15:25:00		3.63257	129.651	31.651	0.365625	1006.04	567.27	31.2965	14.6484	36.1299	50.778	24.0621	2888.75	87.77	59.583	26.5658	13.5225								
2016/05/17 15:30:00		3.3364	142.307	31.7667	0.363021	1006.04	514.35	31.2798	17.5942	36.9788	54.573	24.0621	2937.29	90.617	97.655	30.9667	13.8								
2016/05/17 15:35:00		2.39716	135.753	31.7995	0.361458	1006.1	260.837	31.2597	18.1905	37.7696	55.96	24.2766	3042.08	93.088	78.794	29.0417	13.2167								
2016/05/17 15:40:00		2.74302	131.179	31.7318	0.359375	1006.11	393.152	31.2274	16.5847	36.8933	53.478	24.1956	3128.54	96.392	74.288	28.5275	13.7017								
2016/05/17 15:45:00		3.09605	130.139	31.6708	0.365104	1005.97	377.716	31.1974	16.0532	37.1089	53.162	24.0812	3084.38	85.77	66.693	26.8233	13.2325								
2016/05/17 15:50:00		3.15959	123.248	31.6208	0.360938	1005.93	221.936	31.1729	16.8103	37.1192	53.93	24.1003	2978.96	93.91	73.761	29.4	13.0092								
2016/05/17 15:55:00		3.00273	127.812	31.4063	0.360417	1005.87	250.403	31.1294	19.8633	37.8826	57.746	24.2337	3016.25	92.945	59.655	25.1883	12.905								
2016/05/17 16:00:00		2.9103	133.839	31.2807	0.361458	1005.76	406.766	31.0707	19.2268	37.8039	57.031	24.1575	3093.54	99.282	59.41	25.7833	13.2725								
2016/05/17 16:05:00		4.48305	135.771	31.1958	0.360938	1005.63	363.278	31.0309	17.2346	37.1158	54.35	24.167	2889.58	102.275	51.519	18.7475	9.5792								
2016/05/17 16:10:00		3.36115	140.75	31.1557	0.363542	1005.55	348.855	30.988	15.1978	36.0682	51.266	24.0431	2757.71	119.119	76.657	26.1133	12.7467								
2016/05/17 16:15:00		3.55399	140.208	31.1266	0.363542	1005.42	346.011	30.9474	14.501	36.2394	50.74	24.0669	2958.96	88.302	36.9775	17.785	8.7367								
2016/05/17 16:20:00		3.58939	141.828	31.1964	0.3625	1005.34	341.381	30.9125	15.6467	35.9792	51.626	24.0383	2728.96	108.514	39.1333	17.4533	8.6975								
2016/05/17 16:25:00		2.96265	146.284	31.0984	0.359375	1005.3	333.003	30.8749	14.2286	36.1709	50.4	23.8715	2851.46	101.042	47.5588	17.8492	8.8955								
2016/05/17 16:30:00		3.11372	153.591	31.0839	0.361979	1005.35	315.817	30.8274	14.6373	36.8761	51.513	24.1861	2794.17	106.157	59.881	24.3717	11.9092								
2016/05/17 16:35:00		3.82334	139.586	31.0031	0.361979	1005.29	286.913	30.7874	14.4497	36.4996	50.949	23.9334	2929.17	89.406	50.842	21.9908	10.5225								
2016/05/17 16:40:00		3.98191	139.719	31.0521	0.355729	1005.21	258.256	30.7386	13.8489	38.1565	52.005	23.819	2982.08	102.189	34.8533	16.8275	8.165								
2016/05/17 16:45:00		3.95187	138.644	30.9661	0.357812	1005.22	252.62	30.6991	14.6507	36.4551	51.106	23.9096	2912.08	103.803	43.0583	19.2142	9.3275								
2016/05/17 16:50:00		3.65369	145.68	30.9063	0.361979	1005.14	239.458	30.6693	15.4368	37.0713	52.508	24.0049	2923.96	88.677	36.8992	13.9692	6.42								
2016/05/17 16:55:00		4.26316	146.496	30.8396	0.360417	1005.01	222.505	30.6309	16.7679	36.7084	53.476	23.9668	3008.33	93.988	33.41	13.585	6.7117								
2016/05/17 17:00:00		4.21581	131.403	30.7177	0.363542	1004.95	196.102	30.5971	16.281	36.3558	52.637	23.9906	2860.0	109.407	24.2093	11.6367	5.3855								
2016/05/17 17:05:00		3.3511	138.637	30.5479	0.359896	1005.0	169.852	30.556	14.644	34.4285	49.0724	24.0049	2910.83	110.014	22.0593	9.1022	4.19383								
2016/05/17 17:10:00		3.25981	146.149	30.4161	0.361458	1005.03	176.626	30.5262	14.1928	35.6027	49.7955	23.7952	2996.88	83.109	32.1967	11.5057	5.3348								
2016/05/17 17:15:00		4.27696	148.187	30.3552	0.357292	1005.04	156.253	30.4851	14.204	34.6407	48.8447	23.9525	3037.71	90.477	67.008	21.175	9.2167								
2016/05/17 17:20:00		4.60235	138.671	30.224	0.358854	1005.08	136.587	30.4303	16.4574	35.031	51.488	23.8476	3527.5	84.531	35.0183	13.8658	5.8125								
2016/05/17 17:25:00		4.39866	146.119	30.026	0.363021	1005.09	115.456	30.3981	15.4033	35.0755	50.479	23.9001	3398.13	101.428	53.207	21.7617	9.5367								
2016/05/17 17:30:00		3.59245	144.759	29.8161	0.364583	1005.12	96.819	30.3517	14.8182	33.4083	48.2265	23.8238	3570.83	101.932	28.1733	12.7317	5.825								
2016/05/17 17:35:00		4.03559	135.986	29.6469	0.361979	1005.12	81.696	30.3165	13.6926	34.3258	48.0183	23.657	3568.96	102.146	57.277	25.2217	11.6533								
2016/05/17 17:40:00		3.72779	145.785	29.4479	0.361979	1005.19	68.826	30.0293	14.3447	36.0614	50.406	23.7761	3465.0	97.753	31.5442	14.305	6.5308								
2016/05/17 17:45:00		4.58535	139.753	29.2708	0.363542	1005.26	58.8	29.4754	12.8283	33.1618	45.9901	23.6141	3274.79	102.21	28.3383	11.8567	5.4183								
2016/05/17 17:50:00		2.58659	129.742	29.1146	0.361458	1005.29	53.12	28.9159	12.6206	32.0972	44.7177	23.2137	3493.54	75.973	27.9083	9.9367	4.37667								
2016/05/17 17:55:00		3.35828	138.582	29.012	0.363021	1005.35	46.1198	28.3366	14.702	32.2478	46.9498	23.2804	3582.92	79.909	10.0805	3.80763	1.69068								
2016/05/17 18:00:00		3.19557	135.538	28.9005	0.363021	1005.38	39.5354	27.8869	17.1163	31.5939	48.7102	23.1708	3741.88	71.244	9.81	4.4125	2.21333								
2016/05/17 18:05:00		3.30571	144.964	28.9016	0.363021	1005.45	32.55	27.5086	19.9816	32.5011	52.483	22.9753	4022.71	72.701	7.6777	3.82583	1.8855								
2016/05/17 18:10:00		2.50354	137.928	28.8245	0.366146	1005.47	25.8417	27.1317	21.0067	33.042	54.049	22.8037	4007.5	88.817	6.97	3.40167	1.62917								
2016/05/17 18:15:00		3.87453	137.501	28.6609	0.364062	1005.59	18.9583	26.8084	18.1347	31.8712	50.006	22.7132	3561.88	100.942	9.9683	4.00917	1.84583								
2016/05/17 18:20:00		3.46377	144.647	28.4672	0.363542	1005.63	12.3229	26.4849	16.5088	30.9675	47.4763	22.4939	3539.58	88.413	3.16583	1.52833	0.79167								
2016/05/17 18:25:00		3.7486	136.107	28.3651	0.361458	1005.66	6.1469	26.1587	17.5674	31.3064	48.8738	22.2651	3437.29	81.384	7.3833	3.54167	1.75667								
2016/05/17 18:30:00		3.40256	147.012	28.2406	0.363542	1005.71	1.50937	25.963	16.9175	31.4125	48.33	22.3032	3384.58	100.964	5.8817	3.02833	1.37083								
2016/05/17 18:35:00		3.54452	141.45	28.1297	0.356771	1005.77	1.14479	25.8631	15.0929	30.2143	45.3072	22.308	3281.25	97.592	7.9542	3.42	1.91833								
2016/05/17 18:40:00		3.46678	143.632	28.0005	0.367708	1005.84	1.21042	25.916	13.7216	30.7963	44.5179	22.3461	3280.83	108.197	12.6227	5.2267	2.74717								
2016/05/17 18:45:00		2.53945	135.468	27.9823	0.359375	1005.92	1.15208	25.9364	15.0839	30.4642	45.5482	22.3366	3556.46	73.398	4.38833	2.62667	1.17417								
2016/05/17 18:50:00		3.73249	142.307	27.8917	0.360938	1005.91	1.15937	25.9112	17.7416	30.0774	47.819	22.37	3496.67	90.595	10.0133	4.28	2.265								
2016/05/17 18:55:00		3.28006	142.302	27.7818	0.367188	1006.04	1.13021	25.8317	17.5272	29.581	47.1082	22.2937	3282.5	91.492	7.1333	3.46833	1.75833								
2016/05/17 19:00:00		3.15787	139.823	27.6875	0.359375	1006.22	1.15937	25.7184	16.6339	29.1428	45.7767	22.308	3208.54	99.153	8.2742	4.30917	2.03583								
2016/05/17 19:05:00		3.2076	136.038	27.5932	0.365104	1006.36	1.17396	25.5582	17.717	28.4205	46.1376	22.4272	3067.92	85.491	8.2775	2.67667	1.35833								
2016/05/17 19:10:00		3.17779	145.935	27.4927	0.3625	1006.34	1.1375	25.3904	18.1994	28.5061	46.7055	22.3938	3045.21	84.038	7.1083	3.47	1.6325								
2016/05/17 19:15:00		3.09718	143.086	27.4214	0.364062	1006.41	1.21042	25.3501	17.3307	28.4547	45.7854	22.1602	2852.29	111.35	5.355	3.05833	1.56667								
2016/05/17 19:20:00		3.32519	142.767	27.3875	0.366667	1006.46	1.16667	25.5995	15.7986	29.3996	45.1982	22.3175	2969.79	100.196	5.2558	2.563	1.3755								
2016/05/17 19:25:00		3.12601	147.748	27.2953	0.361979	1006.51	1.11563	25.9241	15.9125	31.1249	47.0374	22.3795	2833.75	92.192	7.4483	3.6525	1.83333								
2016/05/17 19:30:00		2.69645	145.016	27.2932	0.363542	1006.64	1.15937	26.1184	16.4641	32.4327	48.8968	22.4367	2852.92	99.978	6.2938	3.27417	1.61217								
2016/05/17 19:35:00		4.03562	149.259	27.2156	0.36875	1006.8	1.10104	26.1504	15.1978	30.1972	45.3951	22.3318	2675.0	101.657	9.4305	4.9155	2.56833								
2016/05/17 19:40:00		2.45332	157.1	27.1906	0.363021	1006.97	1.15208	26.0435	13.4112	28.4513	41.8625	22.5177	2672.71	89.699	6.5055	3.2855	1.605								
2016/05/17 19:45:00		3.20394	149.825	27.1646	0.369792	1007.07	1.16667	25.9039	13.3866	26.7431	40.1297	22.389	2591.04	97.264	5.2767	2.93833	1.49833								
2016/05/17 19:50:00		2.87699	148.605	27.0922	0.364062	1007.17	1.12292	25.7549	12.8461	26.7568	39.6029	22.3414	2556.25	84.731	5.4742	3.095	1.5825								
2016/05/17 19:55:00		2.8188	145.473	27.0865	0.366146	1007.23	1.15937	25.577	13.0784	25.8564	38.9348	22.3414	2446.88	99.039	5.4967	2.93167	1.37833								
2016/05/17 20:00:00		3.24718	148.047	26.9854	0.363021	1007.28	1.13021	25.5404	13.103	26.3528	39.4558	22.3223	2523.96	90.106	8.3358	3.995	2.06								
2016/05/17 20:05:00		3.07275	151.232	26.988	0.3625	1007.36	1.13021	25.7641	13.5429	27.5647	41.1076	22.4272	2515.83	104.761	10.251	5.221	2.591								
2016/05/17 20:10:00		3.27642	151.738	26.9656	0.364583	1007.36	1.08646	26.0403	14.1504	28.667	42.8174	22.5225	2368.75	98.942	2.67333	1.43633	0.7385								
2016/05/17 20:15:00		3.73721	142.909	26.8906	0.36875	1007.38	1.13021	26.2605	13.0494	30.2828	43.3322	22.5082	2236.04	112.922	9.29	4.405	2.105								
2016/05/17 20:20:00		3.33616	153.694	26.8594	0.364583	1007.46	1.16667	26.2715	11.6714	28.1398	39.8112	22.6131	2205.63	102.85	4.513	2.74183	1.42517								
2016/05/17 20:25:00		3.01439	156.442	26.8	0.364583	1007.62	1.10833	26.1558	10.8183	25.6134	36.4316	22.513	2134.58	102.853	6.7858	3.54633	1.68683								
2016/05/17 20:30:00		2.95785	150.935	26.7964	0.364062	1007.76	1.08646	25.9708	11.9707	25.3498	37.3204	22.2699	2150.0	86.845	6.96	3.91833	1.87333								
2016/05/17 20:35:00		3.38211	164.194	26.7958	0.360417	1007.84	1.07187	25.781	10.5346	27.0923	37.6269	22.532	2089.17	114.793	6.0633	3.24083	1.46167								
2016/05/17 20:40:00		3.13356	161.32	26.7333	0.364583	1007.92	1.10833	25.7992	9.4157	25.7366	35.1524	22.451	2187.29	101.41	8.7883	4.105	2.275								
2016/05/17 20:45:00		3.03146	155.358	26.6896	0.366667	1007.94	1.07917	26.006	10.2622	27.6708	37.933	22.3652	2124.79	117.754	8.7633	4.01917	1.98167								
2016/05/17 20:50:00		3.30274	165.532	26.6453	0.361979	1007.98	1.10833	26.2712	10.3091	30.0945	40.4036	22.2889	1998.96	108.907	17.2683	6.2875	2.43333								
2016/05/17 20:55:00		2.79312	158.861	26.5891	0.366146	1008.13	1.07917	26.3958	10.3828	30.2075	40.5903	22.7036	2048.75	106.528	12.3017	6.25	2.96667								
2016/05/17 21:00:00		2.47397	151.713	26.5781	0.3625	1008.2	1.14479	26.3445	9.5698	27.3353	36.9051	22.513	2031.88	101.735	6.295	3.21583	1.72083								
2016/05/17 21:05:00		2.62083	161.522	26.4911	0.366667	1008.21	1.16667	26.1759	9.0941	25.9078	35.0019	22.4653	1977.71	101.332	8.1167	3.47	1.455								
2016/05/17 21:10:00		2.44206	158.455	26.4448	0.364583	1008.36	1.15937	25.9587	9.418	25.3155	34.7335	22.4796	1968.33	102.682	6.5167	3.49833	1.96667								
2016/05/17 21:15:00		2.762	162.717	26.4052	0.365104	1008.35	1.18854	25.7743	8.5648	25.0793	33.6442	22.3414	1987.5	99.896	9.7783	4.635	2.38167								
2016/05/17 21:20:00		2.83451	152.601	26.4047	0.363021	1008.29	1.18854	25.8736	10.318	25.6408	35.9588	22.5654	2149.38	93.992	6.8558	3.67833	2.04833								
2016/05/17 21:25:00		2.76305	162.355	26.3396	0.367708	1008.25	1.17396	26.0983	11.0863	28.6088	39.6951	22.1745	2045.42	111.44	5.1775	3.0825	1.72								
2016/05/17 21:30:00		2.76732	152.054	26.3177	0.365104	1008.33	1.17396	26.3609	11.4726	31.5186	42.9913	22.2413	1988.54	110.911	4.66667	2.12083	1.2								
2016/05/17 21:35:00		2.52941	159.305	26.2964	0.365104	1008.35	1.12292	26.4449	10.7803	31.6966	42.4769	22.4701	2013.13	108.714	7.3872	3.7455	2.156								
2016/05/17 21:40:00		2.13926	145.96	26.2188	0.367708	1008.35	1.15937	26.3281	9.4515	27.6537	37.1051	22.4081	2150.83	96.764	6.2125	3.4225	1.88917								
2016/05/17 21:45:00		2.18578	143.105	26.2167	0.360938	1008.42	1.225	26.1225	8.6586	25.6545	34.3131	22.6083	2076.46	107.054	6.1142	3.04833	1.6								
2016/05/17 21:50:00		2.86068	146.164	26.1594	0.368229	1008.51	1.28333	25.8916	8.94	25.5107	34.4507	22.3938	2184.79	84.213	8.3017	4.26333	2.30917								
2016/05/17 21:55:00		2.54237	145.583	26.1193	0.369792	1008.6	1.21042	25.912	9.9808	26.6438	36.6246	22.513	2179.58	93.678	6.3175	2.93833	1.6125								
2016/05/17 22:00:00		1.88144	160.634	26.1182	0.366146	1008.7	1.24688	26.0924	11.0662	29.0915	40.1577	22.2699	2272.08	93.692	8.1167	4.19667	2.52833								
2016/05/17 22:05:00		3.11798	156.229	26.1224	0.365104	1008.74	1.225	26.3332	14.0856	32.6654	46.7511	22.4129	2184.79	85.459	5.6125	2.9975	1.58917								
2016/05/17 22:10:00		2.89579	156.737	26.1219	0.367188	1008.78	1.17396	26.4895	14.3224	35.4726	49.7949	22.4939	2192.71	90.517	8.785	5.2067	2.63083								
2016/05/17 22:15:00		2.77253	160.413	26.0599	0.366146	1008.75	1.23958	26.413	13.4558	30.6765	44.1323	22.4367	2158.75	107.061	8.3417	3.74833	2.09								
2016/05/17 22:20:00		2.63625	162.911	26.0156	0.367708	1008.72	1.3125	26.2266	12.2923	27.9412	40.2335	22.532	2223.33	95.685	8.8783	5.2025	2.62								
2016/05/17 22:25:00		2.79557	155.369	26.0172	0.365625	1008.77	1.33438	26.0143	11.7652	28.1056	39.8708	22.4272	2163.54	96.074	7.7683	4.04667	2.22833								
2016/05/17 22:30:00		2.73274	163.749	25.9609	0.368229	1008.81	1.19583	26.0468	10.8674	27.4483	38.3157	22.4462	2104.79	123.587	5.5125	3.36383	1.95583								
2016/05/17 22:35:00		2.52048	164.916	25.9167	0.365104	1008.85	1.21042	26.2304	10.4185	29.0846	39.5031	22.5559	2030.63	118.894	4.995	3.3275	2.05717								
2016/05/17 22:40:00		3.07426	163.583	25.8854	0.367188	1008.84	1.23229	26.4599	10.0411	32.2752	42.3162	22.513	1969.17	114.768	9.9183	5.8933	3.31333								
2016/05/17 22:45:00		2.66998	158.933	25.8177	0.363021	1008.81	1.21042	26.5276	9.2058	30.4642	39.67	22.594	1876.25	118.894	5.556	3.53467	1.9525								
2016/05/17 22:50:00		2.87857	158.938	25.8193	0.366146	1008.78	1.17396	26.3979	8.0422	26.3288	34.3711	22.389	1793.75	111.972	5.5735	3.26517	1.9575								
2016/05/17 22:55:00		2.57796	152.719	25.7385	0.367188	1008.8	1.18125	26.185	6.6084	22.7309	29.3394	22.6226	1665.83	118.283	6.425	3.575	1.96333								
2016/05/17 23:00:00		2.47094	158.508	25.7141	0.3625	1008.79	1.23229	25.9797	6.7916	21.6697	28.4613	22.4891	1607.71	110.547	4.76417	2.878	1.62917								
2016/05/17 23:05:00		2.41216	154.377	25.7156	0.366146	1008.83	1.23958	26.0462	7.9998	22.0257	30.0255	22.37	1610.83	106.057	9.3567	6.0883	3.61667								
2016/05/17 23:10:00		2.30655	148.743	25.7188	0.364583	1008.8	1.225	26.2347	8.4889	25.5312	34.0201	22.2794	1504.17	119.504	6.2108	3.935	2.27167								
2016/05/17 23:15:00		2.25498	147.627	25.7057	0.36875	1008.71	1.19583	26.4642	8.3013	27.5647	35.866	22.2889	1477.71	108.107	4.82717	2.748	1.67583								
2016/05/17 23:20:00		2.57249	151.316	25.6167	0.360417	1008.65	1.18854	26.5604	7.8993	28.3384	36.2377	22.6178	1349.17	128.741	7.6483	4.61583	2.6775								
2016/05/17 23:25:00		2.20934	152.897	25.6214	0.363542	1008.6	1.18125	26.442	6.6888	23.2205	29.9093	22.3986	1318.54	112.225	3.595	2.41883	1.36333								
2016/05/17 23:30:00		2.64217	153.214	25.6167	0.363542	1008.55	1.17396	26.2205	6.202	19.8998	26.1018	22.5082	1318.13	108.182	8.07	5.3792	2.73083								
2016/05/17 23:35:00		2.59866	145.229	25.6203	0.361979	1008.39	1.19583	26.0763	5.8223	18.7359	24.5582	22.5273	1208.33	117.251	6.0513	4.10183	2.366								
2016/05/17 23:40:00		2.94884	157.943	25.6198	0.365104	1008.19	1.12292	26.253	5.7642	18.1779	23.9421	22.5463	1177.08	120.619	7.1883	4.89	2.97833								
2016/05/17 23:45:00		2.65647	156.457	25.5901	0.358854	1008.03	1.07187	26.3797	5.0183	17.5035	22.5218	22.5892	1103.33	120.851	4.36667	2.95167	1.71833								
2016/05/17 23:50:00		2.84978	160.792	25.5203	0.354167	1007.97	0.99896	26.4151	4.69	17.281	21.971	22.4748	1070.0	104.739	7.8483	5.23	2.885								
2016/05/17 23:55:00		2.28566	158.724	25.5224	0.355208	1008.07	1.00625	26.351	5.1166	17.1749	22.2914	22.5654	1001.04	108.057	5.9317	3.97	2.365								
2016/05/18 00:00:00		2.34566	150.057	25.5182	0.356771	1008.12	1.04271	26.2597	5.1612	17.3049	22.4662	22.6035	978.54	110.675	6.4292	4.3125	2.44667								
