-- 1st mean values --
Format: XTAB(V:1;HEAD:2;COL:TCFFFFFFFFFFFFFFFFFFFFFFFF)
StartTime: 2016/05/22 00:00:00
EndTime: 2016/05/23 00:00:00
Period: 24 h
Station: Gia Lam

Time	MeasPt	Wind Spd.	Wind Dir.	Temp	RH	Barometer	Radiation	InnerTemp	NO	NO2	NOx	SO2	CO	O3	PM-10	PM-2.5	PM-1	CH4	NMHC	THC	BENZEN	TOLUEN	ETHYL BENZEN	MP-XYLEN	O-XYLEN
		m/s	degree	°C	%	hPa	W/m²	°C	µg/m3	µg/m3	µg/m3	µg/m3	µg/m3	µg/m3	µg/m3	µg/m3	µg/m3	ppm	ppmC	ppmC	ug/m3	ug/m3	ug/m3	ug/m3	ug/m3
2016/05/22 00:05:00		1.80557	152.654	28.2984	0.364062	1008.24	1.13021	26.4908	8.5492	12.4027	20.9519	22.5654	1336.25	211.011	4.0475	2.75417	1.96183								
2016/05/22 00:10:00		2.62061	147.938	28.3021	0.363021	1008.16	1.11563	26.5292	8.2388	13.6351	21.8739	22.4081	1262.71	210.436	3.085	2.305	1.85667								
2016/05/22 00:15:00		2.38775	150.897	28.2833	0.3625	1008.14	1.07917	26.5418	7.9551	13.0908	21.046	22.37	1241.67	210.468	2.85417	2.085	1.54167								
2016/05/22 00:20:00		2.82172	137.561	28.1995	0.364062	1008.14	1.15937	26.5526	7.2695	12.0707	19.3402	22.1984	1276.67	205.01	4.80167	3.41167	2.38833								
2016/05/22 00:25:00		2.28391	144.143	28.1651	0.359375	1008.04	1.06458	26.5749	7.5933	11.2388	18.8321	22.451	1188.96	208.9	2.76417	2.04583	1.56917								
2016/05/22 00:30:00		2.61433	151.261	28.0906	0.3625	1008.01	1.07917	26.6294	7.2561	10.7698	18.0259	22.3747	1185.21	212.993	3.68833	2.85167	2.36833								
2016/05/22 00:35:00		1.47989	163.593	27.9979	0.359896	1007.94	1.12292	26.7002	7.2673	11.5948	18.8621	22.3795	1162.92	221.983	3.9275	2.6625	2.10417								
2016/05/22 00:40:00		1.50597	170.71	27.9135	0.359375	1007.92	1.06458	26.7485	6.6553	11.4339	18.0893	22.3604	1167.08	221.743	3.625	2.41667	1.67333								
2016/05/22 00:45:00		1.59851	166.755	27.8948	0.360938	1007.89	1.07917	26.7896	7.1333	11.0437	18.1769	22.389	1215.63	217.825	4.10625	2.86161	2.14464								
2016/05/22 00:50:00		1.66573	168.36	27.8896	0.361979	1007.87	1.02083	26.8275	6.8251	11.6667	18.4918	22.5559	1179.38	219.993	3.8	2.735	2.26833								
2016/05/22 00:55:00		1.3817	138.334	27.7995	0.361979	1007.83	1.02083	26.8562	7.0841	11.7557	18.8399	22.5082	1148.54	220.104	2.9675	2.12	1.67583								
2016/05/22 01:00:00		1.15898	144.13	27.8005	0.361458	1007.75	1.02813	26.8782	7.1444	11.3004	18.4449	22.4891	1155.42	218.393	3.135	2.3575	1.88417								
2016/05/22 01:05:00		0.96156	133.829	27.8031	0.363542	1007.71	1.09375	26.9171	7.5085	10.0954	17.6039	22.5082	1124.38	217.561	3.53333	2.64833	2.03167								
2016/05/22 01:10:00		1.25193	132.664	27.7458	0.358854	1007.66	1.03542	26.9499	7.1958	11.2593	18.4551	22.532	1118.13	215.943	1.8275	1.37333	1.07								
2016/05/22 01:15:00		1.56511	156.494	27.6995	0.361979	1007.58	1.03542	26.969	7.5375	11.232	18.7695	22.6464	1072.5	215.836	3.975	2.94167	2.27333								
2016/05/22 01:20:00		1.84559	159.254	27.7016	0.361458	1007.56	1.05729	26.9934	7.8814	10.3179	18.1994	22.4653	1066.25	215.05	3.11583	2.41417	1.87917								
2016/05/22 01:25:00		1.62445	163.868	27.6974	0.366146	1007.58	1.06458	27.0138	7.9842	10.5815	18.5657	22.5273	1038.13	216.161	2.46167	1.715	1.3725								
2016/05/22 01:30:00		1.50576	166.683	27.6984	0.360417	1007.57	1.09375	27.0364	7.3879	10.7185	18.1063	22.6703	1081.25	212.371	2.70917	2.09417	1.66								
2016/05/22 01:35:00		1.63176	150.138	27.7141	0.358854	1007.5	1.06458	27.0543	7.3387	10.6945	18.0332	22.6893	1041.67	213.196	2.36167	1.73667	1.37333								
2016/05/22 01:40:00		1.82315	171.151	27.7	0.363021	1007.45	1.11563	27.0694	7.437	10.2734	17.7104	22.6941	1030.63	213.896	2.2675	1.7125	1.4225								
2016/05/22 01:45:00		2.1013	164.203	27.6979	0.364062	1007.39	1.08646	27.085	7.9886	10.4857	18.4743	22.5654	1013.54	214.321	3.95167	2.8275	2.28667								
2016/05/22 01:50:00		2.36611	168.882	27.6979	0.365104	1007.32	1.08646	27.089	7.4995	10.6192	18.1187	22.594	1007.08	212.043	3.32667	2.73167	2.35								
2016/05/22 01:55:00		1.93016	166.419	27.6969	0.361458	1007.21	1.07187	27.1021	7.6804	10.359	18.0394	22.6607	982.71	209.9	3.465	2.41083	1.7625								
2016/05/22 02:00:00		1.71393	158.813	27.699	0.361979	1007.2	1.12292	27.1089	7.7385	9.8763	17.6148	22.5559	991.25	209.228	2.53917	2.05417	1.74333								
2016/05/22 02:05:00		1.37642	165.927	27.7005	0.364583	1007.13	1.06458	27.1215	7.169	10.0578	17.2268	22.6607	966.25	209.6	1.99833	1.68667	1.465								
2016/05/22 02:10:00		1.27027	141.564	27.6979	0.363542	1007.03	1.05729	27.1298	7.2762	9.3286	16.6048	22.6941	949.38	208.25	3.09083	2.26417	1.77167								
2016/05/22 02:15:00		1.94092	146.423	27.6974	0.361979	1006.92	1.13021	27.1333	5.8424	8.2947	14.1371	22.5988	918.54	207.189	4.90167	3.72333	3.08333								
2016/05/22 02:20:00		1.702	145.646	27.6979	0.365625	1006.81	1.06458	27.1432	5.8335	8.9109	14.7444	22.7132	956.25	202.046	2.6955	2.01933	1.64933								
2016/05/22 02:25:00		1.75379	143.66	27.6958	0.363021	1006.81	1.10833	27.1636	6.2422	8.6884	14.9306	22.7275	964.79	200.76	2.54083	1.85083	1.375								
2016/05/22 02:30:00		1.65395	149.519	27.7021	0.361979	1006.89	1.11563	27.1674	5.6905	8.6165	14.3071	22.5988	992.08	196.163	4.95833	3.42	2.72667								
2016/05/22 02:35:00		1.40796	152.838	27.7005	0.363021	1006.91	1.03542	27.1738	6.4856	8.5994	15.085	22.5845	967.92	196.092	1.27833	0.923	0.7885								
2016/05/22 02:40:00		1.6008	167.067	27.6984	0.365104	1006.94	1.06458	27.1845	6.0903	8.6234	14.7137	22.6798	960.0	196.649	3.80833	2.585	2.0725								
2016/05/22 02:45:00		1.69051	155.834	27.699	0.359896	1006.93	1.06458	27.1864	5.6704	8.5036	14.174	22.7036	983.96	192.595	1.99083	1.49883	1.29467								
2016/05/22 02:50:00		1.754	175.078	27.6984	0.358854	1006.91	1.08646	27.1899	5.8714	8.0585	13.93	22.6083	945.63	188.266	4.96167	3.73333	2.95833								
2016/05/22 02:55:00		1.73757	168.26	27.6964	0.363021	1006.91	1.15208	27.2014	5.1277	8.6816	13.8093	22.7465	934.38	190.045	2.22881	1.64661	1.36864								
2016/05/22 03:00:00		1.23755	168.837	27.6969	0.360417	1006.86	1.09375	27.2065	5.2684	8.1544	13.4228	22.6607	965.63	187.266	2.85167	2.04167	1.67833								
2016/05/22 03:05:00		1.83087	168.843	27.6984	0.358854	1006.81	1.00625	27.2154	5.6861	8.5823	14.2684	22.6607	945.42	185.423	1.775	1.26883	1.09967								
2016/05/22 03:10:00		1.42648	161.283	27.6964	0.359896	1006.8	1.06458	27.2213	5.389	9.1882	14.5773	22.4891	955.0	187.302	4.08667	2.89833	2.44167								
2016/05/22 03:15:00		1.35426	136.111	27.6984	0.363542	1006.8	1.05	27.2262	5.6503	8.5823	14.2326	22.7799	968.33	184.709	2.55433	1.79167	1.466								
2016/05/22 03:20:00		0.88972	99.07	27.5807	0.354688	1006.77	1.03542	27.22	6.2667	8.0791	14.3458	22.7084	1103.54	184.612	4.61417	3.4225	2.56583								
2016/05/22 03:25:00		1.12493	125.977	27.4281	0.359375	1006.75	1.07187	27.2052	6.2154	8.4488	14.6642	22.6035	1045.21	190.816	4.17583	3.055	2.59667								
2016/05/22 03:30:00		1.26456	135.584	27.2458	0.360938	1006.69	1.07187	27.1845	6.6553	8.3769	15.0322	22.7894	1129.38	197.749	2.26833	1.61333	1.26167								
2016/05/22 03:35:00		1.46305	146.503	27.0365	0.360938	1006.62	1.04271	27.1499	6.6017	8.6918	15.2936	22.8752	1082.71	206.567	3.30417	2.49333	2.10583								
2016/05/22 03:40:00		1.81301	162.04	26.8875	0.363542	1006.53	1.10833	27.133	7.006	7.1	14.106	22.5654	1037.71	210.064	5.0083	4.035	3.33833								
2016/05/22 03:45:00		1.73048	166.195	26.7974	0.366667	1006.41	1.07187	27.1048	6.2712	7.4834	13.7546	22.5225	1027.29	212.046	2.8775	2.42917	2.08083								
2016/05/22 03:50:00		1.5134	160.596	26.6979	0.3625	1006.32	1.06458	27.0718	6.1082	6.7097	12.8179	22.7418	1072.08	212.05	2.93667	2.5025	2.12167								
2016/05/22 03:55:00		1.15936	164.167	26.6417	0.364062	1006.33	1.1375	27.0374	6.3806	6.1723	12.5529	22.6369	1059.79	210.021	4.25667	3.28667	2.73167								
2016/05/22 04:00:00		1.40682	149.988	26.5906	0.361979	1006.32	1.17396	26.9953	5.8	6.1757	11.9757	22.5463	1050.21	211.55	1.83898	1.46949	1.23898								
2016/05/22 04:05:00		1.0171	158.614	26.5479	0.360417	1006.28	1.11563	26.9714	6.1796	6.5214	12.7011	22.6655	1094.79	209.6	4.805	3.57167	2.82333								
2016/05/22 04:10:00		1.4964	157.561	26.4901	0.366146	1006.22	1.07187	26.9459	6.8251	6.8398	13.6649	22.7847	1135.0	211.432	3.95667	2.96833	2.5								
2016/05/22 04:15:00		1.80545	163.885	26.4771	0.361979	1006.23	1.07917	26.9188	6.5392	7.0384	13.5776	22.6083	1161.88	212.1	2.67667	2.17333	1.82167								
2016/05/22 04:20:00		1.29797	158.766	26.4057	0.361458	1006.28	1.12292	26.8994	6.2399	6.5968	12.8367	22.6131	1169.17	213.979	3.83	2.80167	2.425								
2016/05/22 04:25:00		1.17108	143.734	26.4063	0.364583	1006.41	1.14479	26.8841	6.738	6.1483	12.8863	22.799	1184.58	215.186	2.87833	2.07917	1.82								
2016/05/22 04:30:00		1.52619	156.992	26.4057	0.365625	1006.47	1.1375	26.8758	6.9859	6.7508	13.7367	22.6989	1243.13	212.218	1.88917	1.4325	1.21083								
2016/05/22 04:35:00		1.15083	166.132	26.4063	0.363542	1006.52	1.11563	26.8715	6.7402	7.3636	14.1038	22.5273	1319.58	211.482	3.04	2.32417	1.8525								
2016/05/22 04:40:00		1.39217	161.467	26.4057	0.363542	1006.53	1.07917	26.864	7.0551	7.8463	14.9014	22.4701	1373.13	213.118	3.63917	2.62917	2.17917								
2016/05/22 04:45:00		1.24761	154.921	26.4161	0.359375	1006.54	1.09375	26.8498	7.2159	6.5933	13.8092	22.3604	1427.29	213.775	2.51083	1.88917	1.56333								
2016/05/22 04:50:00		1.48444	161.405	26.4922	0.361458	1006.58	1.07187	26.8487	6.9568	6.2784	13.2352	22.5559	1489.38	214.454	3.57833	2.64167	2.17								
2016/05/22 04:55:00		1.16392	162.898	26.4875	0.363542	1006.54	1.12292	26.8447	7.3477	7.0795	14.4271	22.4987	1587.08	213.35	2.51583	1.92333	1.535								
2016/05/22 05:00:00		1.32136	164.429	26.5573	0.3625	1006.5	1.09375	26.8425	7.3834	7.6409	15.0243	22.5988	1698.33	209.939	2.14	1.78583	1.485								
2016/05/22 05:05:00		1.26221	163.744	26.6083	0.364062	1006.47	1.11563	26.8336	8.5112	8.0654	16.5766	22.7608	1797.5	210.146	4.47667	3.33333	2.765								
2016/05/22 05:10:00		1.18529	173.058	26.6964	0.365104	1006.44	1.18125	26.8302	9.0383	8.7672	17.8055	22.5225	1952.71	209.539	2.99333	2.03167	1.61083								
2016/05/22 05:15:00		1.15569	156.955	26.7703	0.3625	1006.43	1.12292	26.8269	9.2773	9.4655	18.7428	22.594	2033.33	208.196	3.7475	2.56917	2.07								
2016/05/22 05:20:00		1.01764	153.385	26.8427	0.363542	1006.49	1.07187	26.8178	13.1275	10.3693	23.4968	22.6703	2183.96	209.414	4.02917	2.69333	2.17833								
2016/05/22 05:25:00		1.04119	154.902	26.9036	0.360417	1006.58	1.08646	26.8178	15.4256	9.8729	25.2985	22.4748	2503.33	207.0	3.725	2.52333	1.86167								
2016/05/22 05:30:00		1.00202	159.206	26.9917	0.358854	1006.64	1.1375	26.8181	17.6232	10.6123	28.2356	22.5892	2650.21	208.242	4.005	2.82417	2.10833								
2016/05/22 05:35:00		0.80758	172.121	27.0823	0.361458	1006.68	1.07187	26.8363	20.0263	11.2285	31.2548	22.6035	2833.13	188.341	5.4333	3.82083	2.74167								
2016/05/22 05:40:00		1.05258	151.2	27.1104	0.357292	1006.69	1.21042	26.9161	24.1803	13.529	37.7093	22.7418	3162.71	224.565	4.73	3.66	3.11								
2016/05/22 05:45:00		0.89483	163.205	27.1953	0.360417	1006.76	6.176	27.1271	31.4208	13.7104	45.1312	22.656	3335.0	271.054	3.033	2.4735	2.25017								
2016/05/22 05:50:00		0.66031	139.098	27.1953	0.357292	1006.87	11.1781	27.3792	37.6987	13.5016	51.2	22.7084	3665.0	271.1	3.695	2.705	2.29417								
2016/05/22 05:55:00		1.36204	168.048	27.2667	0.367188	1006.95	16.6031	27.6393	47.206	13.4845	60.69	23.0945	3788.96	257.296	2.45883	1.78933	1.41833								
2016/05/22 06:00:00		1.15725	172.656	27.3026	0.3625	1007.03	23.6615	27.9019	49.2517	13.0326	62.284	23.2041	3688.54	255.535	6.7058	4.5475	3.09083								
2016/05/22 06:05:00		1.04476	169.454	27.299	0.361979	1007.11	34.1177	28.1629	55.197	14.3814	69.578	23.3233	3752.92	236.066	5.905	3.93667	2.835								
2016/05/22 06:10:00		1.09637	154.773	27.3964	0.357292	1007.15	44.6979	28.3344	58.185	13.0087	71.194	23.2041	3486.67	212.925	4.32458	2.88559	1.84915								
2016/05/22 06:15:00		1.10485	162.568	27.4354	0.358333	1007.25	42.7729	28.2034	61.975	10.7287	72.704	23.3376	3684.38	180.801	9.5917	6.3892	3.02417								
2016/05/22 06:20:00		1.07383	153.563	27.4932	0.364062	1007.38	38.8427	27.9661	60.237	10.4377	70.675	23.4663	3986.25	150.678	6.0605	4.03767	2.5055								
2016/05/22 06:25:00		0.72031	183.871	27.4964	0.360938	1007.48	31.8281	27.6941	57.379	9.89	67.269	23.2995	3815.0	142.334	4.31417	2.87433	1.78433								
2016/05/22 06:30:00		0.74705	174.832	27.5953	0.364062	1007.57	39.499	27.4211	53.41	8.9794	62.39	23.1374	3565.21	142.442	7.2017	4.80167	3.21333								
2016/05/22 06:35:00		0.87847	182.013	27.5953	0.3625	1007.67	61.724	27.1671	50.027	9.7017	59.728	23.1565	3767.92	148.178	4.59083	3.101	1.94333								
2016/05/22 06:40:00		1.10247	191.081	27.6474	0.364062	1007.75	72.012	27.1207	49.9932	10.1296	60.123	23.0087	3773.33	140.677	9.6583	6.44	4.395								
2016/05/22 06:45:00		1.56632	190.933	27.6964	0.371354	1007.82	75.804	27.2737	48.1105	10.4651	58.576	23.0325	3401.04	239.98	6.575	4.73167	3.39								
2016/05/22 06:50:00		1.55717	176.787	27.6958	0.367708	1007.88	88.069	27.4694	45.2496	9.9174	55.167	22.942	3182.5	247.209	3.35167	2.25	1.50833								
2016/05/22 06:55:00		1.35098	173.512	27.7271	0.367708	1007.93	62.001	27.7065	43.0564	11.3073	54.364	22.9801	3378.96	224.736	8.5467	5.6983	3.58333								
2016/05/22 07:00:00		1.63056	190.297	27.8016	0.363542	1007.98	43.5677	27.9325	43.3244	13.2962	56.621	23.0039	3371.25	212.089	6.7958	4.53	3.14833								
2016/05/22 07:05:00		0.68719	152.026	27.8026	0.364583	1008.04	29.6042	27.9655	42.411	13.7515	56.163	23.0611	3309.58	193.088	8.22	5.48	3.25667								
2016/05/22 07:10:00		1.30137	131.342	27.8307	0.366667	1008.1	22.2104	27.8552	44.9324	10.2803	55.213	23.1326	3891.67	152.796	6.9975	4.665	2.8375								
2016/05/22 07:15:00		1.26299	138.198	27.8281	0.364062	1008.1	26.9427	27.664	46.9156	9.7394	56.655	23.1469	3692.29	143.163	5.9533	3.96833	2.77417								
2016/05/22 07:20:00		0.92772	162.602	27.8016	0.366146	1008.09	29.5458	27.4576	48.9591	9.7017	58.661	23.0707	4108.75	135.059	5.9083	3.94	2.53667								
2016/05/22 07:25:00		1.0412	173.263	27.7995	0.363542	1008.11	29.5094	27.2417	51.539	10.8451	62.384	23.1136	3894.17	143.088	6.02	4.19667	2.93								
2016/05/22 07:30:00		1.05821	156.655	27.799	0.3625	1008.12	26.6437	27.0084	49.8324	10.003	59.835	23.0802	4120.63	144.481	7.73	5.155	3.05333								
2016/05/22 07:35:00		1.20559	148.505	27.7995	0.363021	1008.14	23.9021	27.0334	52.349	11.3175	63.667	23.0135	4412.71	141.849	6.2158	4.14333	2.80333								
2016/05/22 07:40:00		1.02529	150.004	27.8047	0.363542	1008.13	26.3156	27.2176	55.416	12.3206	67.736	22.8943	4648.96	213.239	5.75	3.85417	2.525								
2016/05/22 07:45:00		1.12412	150.329	27.8995	0.364062	1008.19	25.9438	27.4493	56.349	12.2316	68.581	23.0087	4680.63	223.765	9.5333	6.355	3.44								
2016/05/22 07:50:00		1.09197	140.761	27.8964	0.361979	1008.34	27.5333	27.7102	58.303	12.7211	71.024	23.0325	4945.0	215.064	4.45083	2.96583	1.64083								
2016/05/22 07:55:00		1.02358	165.921	27.8995	0.3625	1008.4	29.3052	27.8563	62.169	14.1315	76.301	23.0802	5433.5	209.893	4.8975	3.26417	2.0825								
2016/05/22 08:00:00		1.48542	155.858	27.951	0.366146	1008.44	37.7052	27.8375	63.65	13.5735	77.224	23.2232	5342.5	176.99	5.5983	3.73333	2.31								
2016/05/22 08:05:00		1.96322	168.095	27.9974	0.366146	1008.45	56.634	27.711	69.892	10.8622	80.754	23.3567	5632.7	148.26	5.0142	3.34083	2.43167								
2016/05/22 08:10:00		1.83108	164.94	27.9417	0.360938	1008.45	64.364	27.507	69.318	10.8451	80.163	23.3662	5628.5	140.313	7.3033	5.2067	4.15833								
2016/05/22 08:15:00		1.16838	164.268	27.8964	0.364583	1008.45	60.652	27.3094	68.959	10.3932	79.352	23.2518	6052.5	145.31	5.8458	4.05917	2.86583								
2016/05/22 08:20:00		1.27284	176.427	27.8318	0.363021	1008.51	38.1063	27.093	69.3	10.5199	79.82	23.1565	5805.4	150.542	4.8925	3.41083	2.29167								
2016/05/22 08:25:00		1.26725	179.13	27.7984	0.363021	1008.54	40.4177	26.8688	65.653	11.1566	76.81	23.166	5632.7	158.082	7.7517	5.3417	3.96667								
2016/05/22 08:30:00		2.16112	209.018	27.6891	0.367708	1008.53	22.3563	26.9123	63.922	11.0471	74.97	23.0945	5519.0	153.628	3.35583	2.3725	1.89167								
2016/05/22 08:35:00		1.5963	162.671	27.5865	0.364583	1008.6	4.50625	27.1104	60.615	11.7112	72.326	23.1708	5385.6	224.461	6.1542	4.10333	3.075								
2016/05/22 08:40:00		1.63688	147.635	27.4854	0.3625	1008.67	6.1396	27.3588	60.028	12.3377	72.365	23.0754	5074.8	210.714	5.3392	3.92167	3.315								
2016/05/22 08:45:00		2.05945	162.505	27.3979	0.365625	1008.73	21.0802	27.6176	59.949	13.1969	73.146	22.8705	5141.3	223.454	3.90333	2.94667	2.40667								
2016/05/22 08:50:00		1.62787	163.485	27.1651	0.366667	1008.8	45.1719	27.8369	61.153	13.8748	75.028	23.1183	4772.5	217.625	4.94083	3.58167	3.065								
2016/05/22 08:55:00		1.60507	189.977	26.9156	0.364062	1008.83	65.669	27.8388	64.333	13.6831	78.016	23.2613	4748.33	208.939	4.565	3.82167	3.41267								
2016/05/22 09:00:00		2.0028	206.892	26.7047	0.365104	1008.89	60.958	27.7156	60.47	10.7424	71.212	23.1898	4633.13	161.868	3.1175	2.71583	2.4475								
2016/05/22 09:05:00		1.84793	212.847	26.55	0.364062	1008.92	57.495	27.4987	55.972	10.0098	65.982	23.1183	4255.42	146.428	3.7325	3.4025	3.07167								
2016/05/22 09:10:00		1.79577	211.603	26.413	0.367708	1008.92	44.326	27.2828	51.891	9.8421	61.734	23.1994	4484.38	141.774	4.02667	3.3755	2.84767								
2016/05/22 09:15:00		1.80593	201.95	26.2516	0.365625	1008.94	37.4938	27.1287	51.0	9.7017	60.702	22.9467	4537.29	130.812	2.9825	2.17417	1.93417								
2016/05/22 09:20:00		1.80178	193.212	26.0906	0.367188	1008.91	52.347	27.2374	51.188	11.5332	62.721	22.9896	4631.88	169.076	5.4583	3.97167	3.34167								
2016/05/22 09:25:00		1.14362	179.287	26.0172	0.365104	1008.92	64.458	27.4117	49.8033	12.3377	62.141	23.0421	4156.25	190.588	6.1783	4.585	3.96833								
2016/05/22 09:30:00		0.96284	184.467	25.9198	0.364062	1008.98	63.0	27.6114	46.6119	12.8512	59.463	23.0278	3677.08	197.953	3.13183	2.22633	1.9255								
2016/05/22 09:35:00		1.01427	177.611	25.9177	0.363542	1008.99	68.184	27.8286	43.5009	13.6146	57.115	23.1088	4090.42	179.373	4.99583	3.9325	3.32083								
2016/05/22 09:40:00		1.03404	182.489	25.9172	0.363542	1008.98	70.029	28.0608	46.4131	15.0798	61.493	23.0754	4504.58	173.037	4.50767	3.05	2.52167								
2016/05/22 09:45:00		0.69821	219.837	25.9922	0.363021	1008.96	65.326	28.0802	48.8519	15.1311	63.983	23.104	4585.42	171.676	3.8525	2.9225	2.58583								
2016/05/22 09:50:00		0.7875	145.238	26.0161	0.363542	1008.95	64.444	27.9674	48.7693	12.5362	61.306	23.3567	5145.4	142.863	5.765	4.69833	4.26833								
2016/05/22 09:55:00		1.01595	148.871	26.1198	0.364583	1008.89	65.705	27.7521	53.484	11.6462	65.13	23.3471	5768.5	125.655	5.5192	3.8475	2.33967								
2016/05/22 10:00:00		0.63738	119.609	26.1802	0.364583	1008.85	69.001	27.5011	57.649	11.8105	69.46	23.4711	6216.7	120.612	13.0983	8.735	4.385								
2016/05/22 10:05:00		0.64693	202.477	26.3036	0.366667	1008.84	79.239	27.2613	64.097	12.9539	77.051	23.2327	6550.8	121.63	11.3017	7.5325	4.035								
2016/05/22 10:10:00		0.57341	179.678	26.4516	0.365104	1008.75	93.399	27.2382	70.756	13.1627	83.919	23.3376	6689.4	113.24	9.0617	6.0417	2.945								
2016/05/22 10:15:00		0.0	502.0	26.6187	0.367708	1008.7	117.914	27.3693	74.723	14.0562	88.779	23.4282	7208.3	155.514	9.9817	6.6542	3.1525								
2016/05/22 10:20:00		0.69588	170.681	26.8078	0.366667	1008.65	154.496	27.5556	78.202	15.4461	93.648	23.309	7145.6	164.611	13.5517	9.0283	4.375								
2016/05/22 10:25:00		0.57789	143.391	27.0026	0.364583	1008.69	165.069	27.8007	78.223	17.726	95.948	23.452	7109.6	157.864	8.0967	5.3983	2.91								
2016/05/22 10:30:00		0.76915	148.738	27.2146	0.360938	1008.79	169.692	27.9838	74.872	18.2395	93.112	23.4615	6823.8	156.696	6.5552	4.36897	2.98793								
2016/05/22 10:35:00		0.53438	122.063	27.3865	0.361458	1008.82	183.692	27.9733	69.048	17.7089	86.757	23.2947	6788.8	140.227	9.8017	6.585	4.18833								
2016/05/22 10:40:00		1.12465	160.854	27.5635	0.364062	1008.83	186.98	27.8402	63.963	14.7648	78.728	23.2804	6255.4	127.398	5.1517	3.4375	1.99417								
2016/05/22 10:45:00		1.13593	156.621	27.7036	0.364062	1008.79	163.494	27.6227	61.006	14.6211	75.627	23.3614	6658.8	110.472	8.4925	5.6633	3.5								
2016/05/22 10:50:00		0.97736	145.479	27.8458	0.367708	1008.76	157.23	27.4181	61.187	15.583	76.77	23.166	6847.9	111.3	7.9242	5.2792	3.03083								
2016/05/22 10:55:00		0.72556	120.785	27.9625	0.365104	1008.72	184.45	27.2127	63.762	16.8496	80.611	23.2184	6752.1	119.979	9.5783	6.3825	3.48667								
2016/05/22 11:00:00		0.87171	103.212	28.0635	0.3625	1008.67	209.016	27.0476	65.611	17.815	83.426	23.2852	6511.0	108.757	10.8033	7.1983	4.18167								
2016/05/22 11:05:00		0.68714	131.03	28.1281	0.363542	1008.57	217.707	27.1483	64.36	17.8048	82.165	23.1422	6435.0	123.14	3.82083	2.54583	1.8675								
2016/05/22 11:10:00		1.245	146.853	28.2198	0.367708	1008.52	226.217	27.3601	62.917	20.2833	83.201	23.2423	6559.0	137.373	6.015	4.01	2.38583								
2016/05/22 11:15:00		0.6831	152.132	28.3021	0.363542	1008.5	274.619	27.6203	63.083	21.9264	85.009	23.1183	6335.8	153.407	7.505	5.005	3.18417								
2016/05/22 11:20:00		0.51284	106.107	28.3844	0.365104	1008.42	398.57	27.8496	59.802	24.3057	84.108	23.2947	5889.4	146.81	7.245	4.83	3.12167								
2016/05/22 11:25:00		0.80758	176.469	28.4859	0.361458	1008.32	384.665	27.8869	59.15	23.4704	82.62	23.4043	5725.6	132.809	4.26417	2.92167	2.08417								
2016/05/22 11:30:00		0.78094	141.787	28.6469	0.363542	1008.3	325.967	27.8149	54.371	21.1802	75.551	23.39	5540.2	117.283	8.6667	5.775	3.98167								
2016/05/22 11:35:00		1.19655	83.966	28.7854	0.363542	1008.31	331.683	27.7524	49.2562	19.9752	69.231	23.2089	5200.0	111.875	4.48167	2.99	2.08333								
2016/05/22 11:40:00		1.30027	88.11	28.8568	0.360938	1008.3	401.807	28.1033	45.866	21.5088	67.375	23.3185	5189.0	105.218	5.9525	3.97	2.63583								
2016/05/22 11:45:00		1.07393	98.142	28.9958	0.360938	1008.3	357.802	28.5199	44.9481	23.3814	68.329	23.3567	5245.0	105.961	7.4475	3.53083	2.32833								
2016/05/22 11:50:00		0.53589	160.461	29.1	0.360938	1008.31	264.323	28.7495	47.4941	25.5004	72.994	23.5902	4912.5	101.292	7.54	4.06333	2.84833								
2016/05/22 11:55:00		1.69889	93.286	29.1073	0.360417	1008.2	316.684	28.8574	44.8945	24.1345	69.029	23.5569	4731.04	90.552	9.8317	4.31667	2.99833								
2016/05/22 12:00:00		0.80987	91.562	29.1615	0.361458	1008.09	338.53	28.8794	43.5991	25.408	69.007	23.6188	4966.25	82.795	2.95333	1.63	1.19133								
2016/05/22 12:05:00		0.0	502.0	29.3057	0.360938	1007.98	359.465	28.8627	44.0704	26.2193	70.29	23.5474	4730.83	78.748	8.0583	4.18167	2.83								
2016/05/22 12:10:00		1.4818	114.337	29.3875	0.359375	1007.87	476.073	29.0367	43.2016	27.0786	70.28	23.4091	4963.96	78.373	6.938	2.64883	1.858								
2016/05/22 12:15:00		1.71502	140.606	29.5568	0.364583	1007.76	497.35	29.3189	42.2301	27.6742	69.904	23.4186	4737.08	92.738	8.8483	3.72833	2.635								
2016/05/22 12:20:00		0.89802	114.899	29.7646	0.363542	1007.66	525.54	29.5471	40.9392	28.7423	69.682	23.4997	4799.79	91.61	5.2108	2.725	1.90583								
2016/05/22 12:25:00		1.18145	114.116	29.9396	0.365625	1007.53	521.45	29.6402	38.621	29.9781	68.599	23.7189	4246.46	98.903	7.9867	4.11	2.66667								
2016/05/22 12:30:00		1.16637	135.221	30.0359	0.361458	1007.48	476.656	29.6711	38.4468	29.3619	67.809	23.7237	4054.17	86.874	3.77917	1.55417	1.06								
2016/05/22 12:35:00		2.0154	165.804	30.1948	0.367708	1007.44	492.341	29.6308	39.8427	29.492	69.335	23.8715	3960.0	81.698	7.8367	3.91833	2.845								
2016/05/22 12:40:00		1.72892	137.054	30.3703	0.368229	1007.42	449.006	29.5449	38.5898	28.9614	67.551	23.9048	3804.79	79.945	4.7575	2.18	1.61								
2016/05/22 12:45:00		1.41626	145.146	30.5161	0.356771	1007.4	458.916	29.5857	35.4117	29.5126	64.924	23.7809	3755.0	78.123	6.3567	3.10667	2.39583								
2016/05/22 12:50:00		1.43297	143.527	30.5708	0.363542	1007.33	529.56	29.8239	32.2873	30.5806	62.868	23.6093	3884.58	90.142	7.0433	3.1855	2.39933								
2016/05/22 12:55:00		1.09602	188.375	30.7161	0.364062	1007.3	440.942	30.0711	29.4063	31.6111	61.017	23.5283	3640.21	108.271	7.7533	2.27667	1.78167								
2016/05/22 13:00:00		0.92834	144.154	30.6932	0.361979	1007.3	358.378	30.1764	24.9932	32.241	57.234	23.5664	3354.38	108.832	5.0483	2.86083	2.12167								
2016/05/22 13:05:00		0.55579	250.243	30.5599	0.359375	1007.28	315.445	30.221	21.7125	30.6149	52.327	23.9668	3061.04	111.336	4.82333	2.855	2.36433								
2016/05/22 13:10:00		1.03105	303.487	30.4703	0.361979	1007.22	341.636	30.1767	17.3552	30.2417	47.597	23.7809	2824.79	112.904	4.235	3.05833	2.41								
2016/05/22 13:15:00		1.02252	310.17	30.3438	0.358333	1007.1	385.314	30.095	14.6417	30.5361	45.1779	23.5759	2905.0	93.906	6.7683	3.79	3.10667								
2016/05/22 13:20:00		0.75559	315.742	30.3146	0.361458	1007.01	342.978	29.9903	12.8283	30.9606	43.7889	23.6903	2735.83	109.086	7.2617	4.07833	3.18833								
2016/05/22 13:25:00		0.66828	313.495	30.2818	0.365104	1006.88	370.329	30.0505	9.782	31.5529	41.3349	23.6474	2519.17	124.644	2.64483	1.85086	1.55948								
2016/05/22 13:30:00		1.02123	311.115	30.2234	0.365104	1006.71	683.67	30.2813	8.0221	31.0086	39.0307	23.4615	2427.92	136.684	5.1367	3.65333	3.175								
2016/05/22 13:35:00		0.8321	30.2317	30.3312	0.360938	1006.6	550.37	30.4502	6.7313	30.3889	37.1202	23.5807	2371.04	140.574	5.0808	3.40667	2.755								
2016/05/22 13:40:00		0.83073	306.844	30.5203	0.360938	1006.53	724.4	30.5418	5.6146	29.7453	35.3599	23.5426	2184.58	139.131	5.386	3.58596	2.95965								
2016/05/22 13:45:00		1.06909	293.01	30.7083	0.3625	1006.43	428.714	30.5555	4.8307	26.5479	31.3786	23.5759	2106.67	139.416	6.5093	3.88305	3.24661								
2016/05/22 13:50:00		1.19061	64.94	30.6458	0.360938	1006.37	332.055	30.5273	4.36393	26.1543	30.5182	23.7618	2229.38	123.744	7.5858	3.93	3.11833								
2016/05/22 13:55:00		0.79158	74.856	30.6385	0.3625	1006.25	438.499	30.4747	3.26067	26.5753	29.836	23.6188	2184.17	118.808	4.62	2.99167	2.44833								
2016/05/22 14:00:00		0.89315	135.24	30.7271	0.3625	1006.17	358.706	30.4116	4.27907	26.7123	30.9913	23.7142	2295.83	103.246	8.965	4.24167	3.34								
2016/05/22 14:05:00		1.55552	136.081	30.8589	0.359896	1006.14	346.544	30.3662	5.6034	29.3277	34.9311	23.8143	2630.83	91.242	6.8775	2.75833	1.99								
2016/05/22 14:10:00		1.44432	166.388	31.0443	0.358854	1006.1	360.208	30.3192	6.8697	31.2345	38.1042	23.6856	2584.17	86.238	4.835	2.00583	1.5225								
2016/05/22 14:15:00		1.15508	179.295	31.1	0.361979	1006.11	291.506	30.3009	8.3571	33.2851	41.6422	23.7189	2843.33	91.817	8.0683	3.2875	2.40917								
2016/05/22 14:20:00		0.52067	240.747	31.1057	0.358854	1006.13	246.509	30.3012	8.4755	32.1862	40.6617	23.7094	2728.54	103.821	2.92583	1.41083	0.96333								
2016/05/22 14:25:00		0.56087	196.74	30.9651	0.361458	1006.02	328.322	30.3047	7.2293	33.1481	40.3774	23.6665	2586.88	106.457	4.36667	2.295	1.75833								
2016/05/22 14:30:00		1.3698	204.358	30.9391	0.361979	1006.0	335.482	30.3074	7.4772	33.3501	40.8273	23.7046	2748.54	86.17	5.3683	2.365	1.72833								
2016/05/22 14:35:00		1.9273	205.501	30.9906	0.363021	1006.03	275.61	30.2983	9.7195	34.4867	44.2061	23.7237	2693.54	94.838	5.4725	2.0175	1.62583								
2016/05/22 14:40:00		1.93417	205.238	30.9792	0.359896	1005.99	272.519	30.2822	9.2616	32.3573	41.619	23.7475	2281.04	110.472	4.13167	2.14917	1.56667								
2016/05/22 14:45:00		1.64543	192.729	30.926	0.3625	1005.99	283.281	30.2714	10.4654	33.0386	43.504	23.6284	2836.88	78.92	6.2817	2.24	1.395								
2016/05/22 14:50:00		1.80967	212.138	30.9906	0.361458	1005.96	269.048	30.2537	11.8545	34.1957	46.0502	23.5712	2688.75	100.41	4.54083	2.51167	1.72083								
2016/05/22 14:55:00		1.42015	205.389	30.9312	0.364583	1005.91	229.053	30.2462	10.6262	32.2341	42.8603	23.6045	2372.29	103.364	3.305	2.11333	1.85167								
2016/05/22 15:00:00		0.9971	191.695	30.8573	0.363021	1005.85	221.411	30.222	9.0137	30.9572	39.9709	23.5855	2122.92	114.211	3.02083	1.745	1.3875								
2016/05/22 15:05:00		1.33492	185.121	30.8255	0.358333	1005.79	201.374	30.1804	7.0573	30.1082	37.1655	23.6141	2307.5	100.225	9.1717	3.81167	2.77								
2016/05/22 15:10:00		1.37153	171.207	30.7885	0.363542	1005.71	190.918	30.1565	7.2896	29.961	37.2506	23.6665	2162.71	103.625	6.4717	2.795	2.04833								
2016/05/22 15:15:00		1.35879	150.155	30.7318	0.3625	1005.63	199.551	30.1337	7.1846	29.7351	36.9197	23.6808	2580.63	86.463	2.81417	1.25833	0.83933								
2016/05/22 15:20:00		1.03112	136.479	30.825	0.358854	1005.6	155.174	30.098	8.949	31.279	40.228	23.6427	3133.75	72.312	9.0917	4.16333	2.74667								
2016/05/22 15:25:00		1.30492	159.623	30.8266	0.359375	1005.57	123.754	30.0609	11.754	33.6137	45.3677	23.5616	3328.96	73.819	4.63633	1.873	1.39467								
2016/05/22 15:30:00		0.93845	160.185	30.8271	0.360417	1005.52	124.272	30.0225	13.3151	34.3908	47.7059	23.4997	3383.13	72.133	6.8342	2.875	2.00167								
2016/05/22 15:35:00		1.10423	176.366	30.7375	0.361979	1005.51	92.692	29.9742	14.2621	35.4657	49.7278	23.6045	3582.08	78.209	9.6767	3.87333	2.74833								
2016/05/22 15:40:00		1.34021	200.652	30.7068	0.358854	1005.52	97.504	29.9213	14.7087	36.9241	51.633	23.6474	3708.13	79.355	8.6633	3.24333	1.99667								
2016/05/22 15:45:00		1.43427	170.316	30.5734	0.357812	1005.44	98.532	29.8682	13.4804	34.6818	48.1622	23.8047	2992.92	114.476	9.0992	2.43417	1.42167								
2016/05/22 15:50:00		1.36706	154.54	30.4667	0.358333	1005.3	112.525	29.8115	12.2856	34.7057	46.9913	23.7046	3672.08	74.212	9.4533	3.981	2.5355								
2016/05/22 15:55:00		1.34855	167.489	30.4135	0.355208	1005.18	121.793	29.8309	14.6596	36.7974	51.457	23.5092	3780.0	71.219	7.745	3.63667	2.67								
2016/05/22 16:00:00		1.66545	154.687	30.449	0.360938	1005.12	121.917	30.0188	17.1498	37.6532	54.803	23.8238	4074.58	74.926	5.6308	2.3475	1.705								
2016/05/22 16:05:00		1.47788	144.728	30.5182	0.360417	1005.09	143.719	30.2336	21.134	39.3307	60.465	23.7189	4167.92	81.798	8.6593	3.89167	2.80333								
2016/05/22 16:10:00		1.15086	186.464	30.5146	0.360938	1005.07	153.439	30.3227	24.3634	39.9434	64.307	23.7428	4101.04	89.538	5.9388	2.67383	1.94017								
2016/05/22 16:15:00		1.16535	193.181	30.4161	0.358854	1005.06	155.663	30.3224	23.1016	38.201	61.303	23.8143	3710.63	99.474	8.2333	3.575	2.60167								
2016/05/22 16:20:00		1.16734	180.436	30.3542	0.357292	1005.05	131.615	30.2478	18.7756	37.5266	56.302	23.8429	3414.38	115.536	5.7808	3.30333	2.58667								
2016/05/22 16:25:00		1.44522	168.644	30.3193	0.358854	1005.15	92.918	30.135	16.6294	36.1504	52.78	23.7428	3707.29	84.127	7.2917	3.615	2.3975								
2016/05/22 16:30:00		1.0911	187.481	30.3203	0.358333	1005.17	81.9	30.037	25.1764	38.5193	63.696	23.8429	4116.46	68.858	8.6517	4.535	3.07167								
2016/05/22 16:35:00		1.22207	169.246	30.2651	0.359375	1005.13	85.786	29.9321	25.9044	39.2382	65.143	24.1336	3877.71	88.059	7.4067	2.875	2.015								
2016/05/22 16:40:00		1.13011	160.176	30.2245	0.359375	1005.19	64.524	29.8955	25.2702	39.6627	64.933	23.9906	4243.13	68.04	7.3233	3.06083	2.11667								
2016/05/22 16:45:00		1.61752	167.768	30.2219	0.359896	1005.22	45.0552	30.0575	25.5315	40.9259	66.457	23.7714	4557.08	72.973	7.1925	2.85917	2.08667								
2016/05/22 16:50:00		1.71841	165.17	30.1854	0.359375	1005.23	32.6885	30.2666	26.5052	41.4839	67.989	23.8858	4479.79	85.584	8.1067	3.71	2.515								
2016/05/22 16:55:00		1.71024	168.962	30.1292	0.361458	1005.27	29.5823	30.3501	29.6922	42.1002	71.792	23.8095	4688.54	81.988	7.7276	3.43448	2.53103								
2016/05/22 17:00:00		1.60116	159.645	30.038	0.357812	1005.25	26.1844	30.3442	30.4872	41.8023	72.29	23.8	4695.42	90.488	7.2175	3.40667	2.50167								
2016/05/22 17:05:00		1.88414	164.954	30.0203	0.35625	1005.25	33.8042	30.2631	29.3728	40.6247	69.998	23.8572	4873.54	75.337	8.9142	3.87583	2.75833								
2016/05/22 17:10:00		1.54526	167.555	29.9276	0.358854	1005.32	23.4937	30.1359	31.1617	40.1968	71.358	24.0431	4941.04	72.548	5.245	2.31417	1.895								
2016/05/22 17:15:00		1.87335	167.649	29.899	0.360938	1005.38	18.2948	30.0024	31.2064	40.8712	72.078	23.9477	5073.5	77.291	8.3417	3.59	2.67883								
2016/05/22 17:20:00		1.4797	167.567	29.8203	0.363542	1005.4	20.9271	29.9074	28.9485	39.9503	68.899	23.7904	5057.3	80.484	6.9417	3.3775	2.5375								
2016/05/22 17:25:00		1.66935	160.755	29.7823	0.367708	1005.46	13.9198	30.0314	30.6324	40.6555	71.288	23.9906	5240.2	72.966	6.4342	2.66583	1.95417								
2016/05/22 17:30:00		1.78023	173.59	29.7203	0.363542	1005.55	12.0313	30.2164	33.5625	41.3539	74.916	23.9096	5497.7	81.245	5.1925	3.1	2.1675								
2016/05/22 17:35:00		1.62802	166.004	29.7214	0.360938	1005.59	7.751	30.3144	33.1248	41.9564	75.081	23.9859	5332.3	81.605	4.70833	2.24	1.58917								
2016/05/22 17:40:00		1.40207	167.06	29.725	0.363542	1005.67	4.50625	30.0435	33.3906	42.5383	75.929	23.9477	5478.1	79.634	7.48	3.24667	2.40917								
2016/05/22 17:45:00		1.68037	174.129	29.6427	0.361979	1005.7	4.025	29.5686	33.4352	38.9438	72.379	23.6713	4895.0	96.81	6.85	3.18333	2.49833								
2016/05/22 17:50:00		1.4538	156.546	29.6219	0.3625	1005.67	3.33229	29.0007	29.853	36.6057	66.459	23.5283	4893.75	78.637	8.0942	3.26167	2.5025								
2016/05/22 17:55:00		1.05546	145.838	29.5828	0.364583	1005.59	3.48542	28.4482	27.604	36.8111	64.415	23.2232	4851.25	77.116	9.4917	3.38583	2.62167								
2016/05/22 18:00:00		1.33989	155.293	29.5281	0.356771	1005.59	1.83021	27.9403	25.6856	37.0713	62.757	23.1183	4872.29	78.68	6.165	2.9075	2.15083								
2016/05/22 18:05:00		0.92555	163.32	29.6135	0.365104	1005.59	1.29062	27.496	25.3327	36.414	61.747	23.1088	5185.8	83.445	9.2292	4.00583	2.88167								
2016/05/22 18:10:00		1.56222	160.013	29.5859	0.359375	1005.64	1.13021	27.1306	24.6292	35.8149	60.444	22.8657	5197.7	87.706	8.6183	4.3	3.39167								
2016/05/22 18:15:00		1.44577	165.306	29.5094	0.360938	1005.7	1.19583	26.7921	26.7598	36.7426	63.502	22.7847	5126.5	90.613	8.1875	4.40167	3.3125								
2016/05/22 18:20:00		1.26227	160.064	29.4927	0.359896	1005.76	1.15208	26.4849	29.5448	36.9172	66.462	22.6417	5326.7	93.003	12.8783	6.4333	5.22								
2016/05/22 18:25:00		1.27966	184.943	29.4948	0.355729	1005.81	1.10104	26.2838	31.2778	36.3318	67.61	22.6321	5140.6	98.249	16.4933	6.8575	5.0217								
2016/05/22 18:30:00		1.72863	181.655	29.4396	0.360938	1005.81	1.12292	26.1458	30.5587	35.298	65.857	22.4272	4452.71	119.39	6.6233	2.855	1.9855								
2016/05/22 18:35:00		1.98851	191.962	29.3531	0.360417	1005.78	1.18854	26.0575	26.6191	33.1379	59.757	22.5177	4396.67	124.848	12.7283	6.0217	4.86167								
2016/05/22 18:40:00		1.96465	181.141	29.2542	0.361979	1005.8	1.17396	26.0183	22.4405	31.2995	53.74	22.4224	3776.88	150.467	6.5775	3.56767	2.768								
2016/05/22 18:45:00		1.87172	179.639	29.1208	0.361979	1005.83	1.15208	25.9335	19.2178	30.3752	49.5931	22.1936	4033.54	133.973	11.5692	5.6225	4.29083								
2016/05/22 18:50:00		2.00333	174.859	29.0938	0.361458	1005.84	1.12292	25.8532	19.1933	28.667	47.8603	22.1173	3954.79	133.952	10.9792	5.0758	3.89167								
2016/05/22 18:55:00		2.15523	170.987	29.0089	0.358854	1005.87	1.11563	25.7719	18.8873	28.2048	47.0921	22.2174	3846.67	127.226	3.10917	1.84667	1.5575								
2016/05/22 19:00:00		3.41751	189.11	28.9661	0.361458	1005.91	1.16667	25.7093	18.8851	28.2973	47.1823	22.4319	3745.42	128.237	7.7067	5.5683	4.68								
2016/05/22 19:05:00		2.49789	186.604	28.7839	0.360417	1005.98	1.15208	25.647	17.9873	26.4898	44.477	22.3461	3287.5	151.046	4.615	3.08017	2.59467								
2016/05/22 19:10:00		2.95614	192.979	28.5542	0.358333	1006.09	1.19583	25.6137	16.1425	25.2916	41.4341	22.2365	2990.0	175.833	7.34	4.96333	4.2075								
2016/05/22 19:15:00		2.83633	201.22	28.3516	0.360938	1006.23	1.16667	25.5735	14.0946	22.7446	36.8392	22.2794	2780.63	195.895	8.3827	6.3677	5.3677								
2016/05/22 19:20:00		2.50444	203.328	28.2125	0.366146	1006.32	1.16667	25.5498	11.3342	21.2829	32.617	22.2031	2583.75	200.374	5.0422	3.8855	3.23383								
2016/05/22 19:25:00		2.45885	206.598	28.0927	0.360417	1006.37	1.13021	25.5136	9.9517	20.1018	30.0535	22.0601	2797.71	202.156	5.6333	4.03667	3.3								
2016/05/22 19:30:00		2.29558	202.592	28.0781	0.3625	1006.49	1.14479	25.4884	9.0249	18.6127	27.6376	22.1412	2614.58	207.228	7.5608	5.1425	4.39417								
2016/05/22 19:35:00		2.32375	199.272	27.9885	0.361979	1006.66	1.13021	25.4449	8.2142	17.5001	25.7143	22.0792	2596.46	209.71	5.313	4.0385	3.39217								
2016/05/22 19:40:00		2.13078	213.311	27.9833	0.363542	1006.72	1.11563	25.4269	7.6045	16.2951	23.8996	22.0411	2892.5	205.532	8.0183	5.72	4.7								
2016/05/22 19:45:00		2.02874	215.222	27.9839	0.363021	1006.75	1.10833	25.4151	7.4683	16.076	23.5442	22.1078	3095.42	205.903	5.9867	4.3275	3.6225								
2016/05/22 19:50:00		1.77959	216.011	27.9875	0.361458	1006.83	1.10833	25.3751	8.0221	16.545	24.5671	21.9981	3418.54	204.517	7.2317	5.0067	4.18								
2016/05/22 19:55:00		1.31099	211.149	27.9896	0.361458	1006.87	1.10833	25.3353	9.9205	17.9999	27.9204	22.0935	3661.67	203.317	5.8083	4.07333	3.37667								
2016/05/22 20:00:00		1.79401	211.264	28.0641	0.35625	1006.93	1.12292	25.3136	10.5659	18.0889	28.6548	21.9743	3817.5	206.264	6.75	5.1158	4.33583								
2016/05/22 20:05:00		1.58846	206.762	28.0906	0.363542	1006.99	1.05	25.3318	11.4771	17.8595	29.3366	22.0411	3452.29	190.984	8.4483	5.9667	4.95667								
2016/05/22 20:10:00		2.07844	211.158	28.0938	0.360938	1007.08	1.15208	25.6049	10.9165	18.4792	29.3957	22.0935	3317.71	218.49	6.0059	4.43305	3.83814								
2016/05/22 20:15:00		1.54944	215.746	28.0901	0.363021	1007.14	1.14479	25.9525	10.6798	17.4008	28.0806	22.1745	3192.29	326.443	6.3633	4.83583	4.17333								
2016/05/22 20:20:00		0.88278	230.698	28.0953	0.363542	1007.22	1.14479	26.2463	10.892	17.661	28.5529	22.1936	3373.75	278.576	4.79333	3.24833	2.67333								
2016/05/22 20:25:00		1.21949	294.071	28.1094	0.363021	1007.32	1.13021	26.3461	12.7635	20.3586	33.1221	22.4415	3749.58	240.77	5.6167	3.96333	3.16833								
2016/05/22 20:30:00		1.00719	220.832	28.1922	0.363542	1007.37	1.12292	26.3469	15.8276	20.451	36.2786	22.2174	3999.58	182.176	4.75167	3.265	2.68417								
2016/05/22 20:35:00		1.08648	211.34	28.2016	0.363542	1007.46	1.1375	26.2809	18.0543	19.5883	37.6426	22.4558	3840.0	151.357	4.85917	3.5675	3.015								
2016/05/22 20:40:00		1.09876	216.023	28.2974	0.367188	1007.46	1.15937	26.1536	17.1699	21.1391	38.3089	22.3032	3719.58	141.917	5.1592	3.57083	2.99								
2016/05/22 20:45:00		1.17331	208.599	28.2958	0.365104	1007.51	1.15937	26.0296	16.6227	21.4095	38.0322	22.4748	3734.17	134.309	4.7775	3.31583	2.66833								
2016/05/22 20:50:00		1.11865	180.847	28.2953	0.360417	1007.55	1.14479	25.901	16.7143	21.0261	37.7404	22.4462	3800.83	141.892	5.9983	4.0	3.10333								
2016/05/22 20:55:00		1.4133	168.382	28.3109	0.361979	1007.59	1.09375	25.7858	16.0376	20.8652	36.9028	22.3318	3992.5	138.209	5.0275	3.34917	2.71833								
2016/05/22 21:00:00		1.35548	174.782	28.3943	0.361979	1007.61	1.13021	25.73	18.9007	21.656	40.5567	22.4653	4390.63	122.987	6.6967	4.49167	3.30917								
2016/05/22 21:05:00		2.20198	195.054	28.3927	0.354688	1007.63	1.1375	25.9332	22.9073	22.0771	44.9844	22.3175	4098.54	172.644	6.0292	4.07333	3.26833								
2016/05/22 21:10:00		1.1931	165.356	28.3781	0.361979	1007.63	1.10833	26.2527	22.9207	20.0094	42.9301	22.2127	3678.96	225.365	7.491	5.166	4.421								
2016/05/22 21:15:00		1.08053	177.54	28.299	0.363542	1007.72	1.13021	26.4315	20.9866	20.8858	41.8724	22.1984	3650.63	221.704	4.21083	2.83583	2.26833								
2016/05/22 21:20:00		0.97438	153.795	28.3172	0.361458	1007.79	1.13021	26.4908	22.5276	21.3171	43.8447	22.4939	4067.08	182.591	9.4133	6.5417	4.97833								
2016/05/22 21:25:00		0.8957	171.867	28.3964	0.358854	1007.87	1.10104	26.4393	29.8262	20.0573	49.8835	22.4796	4318.33	154.953	7.1583	4.77083	3.675								
2016/05/22 21:30:00		0.92702	173.021	28.3589	0.366146	1007.98	1.07917	26.3241	33.7211	18.8934	52.614	22.5082	4325.0	142.445	11.3875	7.6242	6.0767								
2016/05/22 21:35:00		0.90241	172.502	28.3	0.360417	1008.02	1.12292	26.1856	32.3141	19.4651	51.779	22.6083	4086.04	144.524	9.725	6.4867	4.66333								
2016/05/22 21:40:00		0.81823	170.459	28.2943	0.360938	1008.08	1.05729	26.0355	29.7346	19.1056	48.8402	22.5511	4102.29	139.766	5.9183	3.94583	2.96583								
2016/05/22 21:45:00		1.21393	161.237	28.2953	0.361979	1008.09	1.10104	25.897	29.9937	19.4137	49.4074	22.5606	4108.13	140.631	6.9217	4.61333	3.575								
2016/05/22 21:50:00		1.24961	166.932	28.2052	0.360938	1008.16	1.06458	25.7603	29.5783	19.2117	48.79	22.4939	4357.5	148.038	7.3858	4.92383	3.64417								
2016/05/22 21:55:00		1.51779	166.546	28.188	0.360938	1008.16	1.07917	25.6457	30.9026	19.5027	50.405	22.3938	4333.13	151.617	8.9325	5.9567	4.51								
2016/05/22 22:00:00		0.97511	176.579	28.1917	0.3625	1008.14	1.08646	25.5635	33.4978	19.5917	53.09	22.5082	4353.33	164.565	8.98	5.9867	4.46								
2016/05/22 22:05:00		1.0028	171.824	28.1932	0.364062	1008.06	1.19583	25.7429	34.3911	19.6568	54.048	22.4129	4071.46	158.375	5.3802	3.6125	2.86517								
2016/05/22 22:10:00		1.32244	162.966	28.1052	0.357812	1007.99	1.10833	26.05	32.3722	19.1227	51.495	22.4844	3974.17	234.544	7.0133	4.67583	3.56667								
2016/05/22 22:15:00		1.40308	151.046	28.0927	0.358333	1007.94	1.09375	26.3249	32.7317	19.9169	52.649	22.513	4185.83	230.015	4.44288	3.0322	2.37627								
2016/05/22 22:20:00		1.03826	157.413	28.0974	0.363021	1007.92	1.10833	26.4232	33.6117	20.7728	54.384	22.6512	4287.08	218.818	8.8367	5.8867	4.62917								
2016/05/22 22:25:00		1.01051	150.994	28.0964	0.360417	1007.93	1.10833	26.4218	33.6407	20.742	54.383	22.6035	4375.63	170.033	7.2908	4.861	3.81833								
2016/05/22 22:30:00		1.29219	169.393	28.0979	0.361458	1007.99	1.1375	26.3158	33.7792	19.4343	53.213	22.451	4443.54	144.642	11.4133	7.6117	5.9267								
2016/05/22 22:35:00		1.46134	166.612	28.0458	0.364062	1008.03	1.07917	26.2006	34.3822	18.017	52.399	22.3414	4394.38	138.191	6.1313	4.17667	3.20683								
2016/05/22 22:40:00		1.3239	170.606	27.9943	0.361458	1008.08	1.09375	26.0647	33.5424	19.4274	52.97	22.7179	4370.0	138.531	6.5317	4.35267	3.22767								
2016/05/22 22:45:00		0.86762	189.177	27.9859	0.361979	1008.13	1.15937	25.9305	33.9065	17.726	51.632	22.4415	4538.96	143.163	8.5867	5.915	4.57167								
2016/05/22 22:50:00		1.33486	147.068	27.9937	0.361458	1008.13	1.06458	25.7855	32.0394	18.0136	50.053	22.3509	4268.33	148.989	8.5797	5.7717	4.66183								
2016/05/22 22:55:00		1.08714	161.383	27.9885	0.359375	1008.17	1.10833	25.6478	30.6815	18.1505	48.8321	22.4319	4411.46	148.356	11.0167	7.3917	5.7833								
2016/05/22 23:00:00		0.95972	188.742	27.9333	0.363021	1008.23	1.12292	25.5445	30.6681	18.551	49.2192	22.532	4153.75	162.5	5.2117	3.73333	3.07583								
2016/05/22 23:05:00		0.93909	193.645	27.8865	0.366146	1008.18	1.1375	25.4688	29.6073	17.168	46.7753	22.4558	3612.29	179.141	7.765	5.7617	4.73								
2016/05/22 23:10:00		0.96242	157.107	27.8073	0.360417	1008.13	1.04271	25.4945	26.2975	16.2951	42.5926	22.2699	3514.17	147.51	7.1767	5.0833	4.16917								
2016/05/22 23:15:00		1.1228	150.516	27.7917	0.358854	1008.07	1.05729	25.7579	25.4533	16.7812	42.2345	22.5654	3404.17	209.993	9.86	6.5733	4.90667								
2016/05/22 23:20:00		1.21245	143.58	27.7948	0.360417	1007.98	1.04271	26.0881	26.8201	17.2194	44.0395	22.3271	3241.46	265.082	8.6386	5.7842	4.3421								
2016/05/22 23:25:00		1.38844	157.968	27.7953	0.361458	1007.93	1.06458	26.3582	27.633	16.8017	44.4347	22.5892	3045.0	244.445	7.3433	4.90833	3.53								
2016/05/22 23:30:00		1.05942	150.993	27.7167	0.3625	1007.91	1.08646	26.4511	27.8765	18.8626	46.739	22.5892	2957.08	243.013	10.0767	6.7633	5.1433								
2016/05/22 23:35:00		1.27028	164.978	27.6927	0.363021	1007.88	1.09375	26.512	25.8196	17.0208	42.8404	22.532	2810.21	183.555	7.0125	4.68667	3.39833								
2016/05/22 23:40:00		1.00516	165.66	27.6927	0.360938	1007.87	1.00625	26.7332	25.0937	16.1273	41.2211	22.6274	2749.38	160.957	6.66	4.46333	3.43833								
2016/05/22 23:45:00		0.84423	159.855	27.6349	0.359896	1007.85	1.14479	26.8465	23.8006	17.0379	40.8386	22.5368	2653.54	136.87	6.6517	4.43167	3.39								
2016/05/22 23:50:00		1.02649	184.094	27.5979	0.365104	1007.83	1.11563	26.8774	23.8922	15.4187	39.3109	22.5988	2501.25	124.09	5.2242	3.53083	2.77917								
2016/05/22 23:55:00		0.87606	173.973	27.5969	0.365625	1007.81	1.07917	26.8787	23.3875	14.7648	38.1523	22.5559	2271.46	118.454	6.1675	4.23083	3.39833								
2016/05/23 00:00:00		0.77892	202.626	27.5953	0.360417	1007.72	1.04271	26.8844	23.3897	15.4221	38.8118	22.8037	2477.71	120.301	7.375	5.0583	3.53917								
