-- 1st mean values --
Format: XTAB(V:1;HEAD:2;COL:TCFFFFFFFFFFFFFFFFFFFFFFFF)
StartTime: 2016/02/02 00:00:00
EndTime: 2016/02/03 00:00:00
Period: 24 h
Station: Gia Lam

Time	MeasPt	Wind Spd.	Wind Dir.	Temp	RH	Barometer	Radiation	InnerTemp	NO	NO2	NOx	SO2	CO	O3	PM-10	PM-2.5	PM-1	CH4	NMHC	THC	BENZEN	TOLUEN	ETHYL BENZEN	MP-XYLEN	O-XYLEN
		m/s	degree	°C	%	hPa	W/m²	°C	µg/m3	µg/m3	µg/m3	µg/m3	µg/m3	µg/m3	µg/m3	µg/m3	µg/m3	ppm	ppmC	ppmC	ug/m3	ug/m3	ug/m3	ug/m3	ug/m3
2016/02/02 00:05:00		0.78556	61.419	12.9099	0.355729	1024.45	1.10104	20.4945	13.7417	21.9881	35.7298	13.156	697.08	72.287	34.6917	25.4558	22.5467								
2016/02/02 00:10:00		1.08267	52.312	12.9078	0.353125	1024.44	1.06458	20.4696	12.9176	22.4502	35.3678	13.156	695.21	53.632	41.1167	23.2275	18.8992								
2016/02/02 00:15:00		0.67496	57.266	12.9094	0.357292	1024.43	1.11563	20.4384	11.9841	21.9127	33.8968	13.1083	658.33	59.193	36.2833	21.9608	18.4392								
2016/02/02 00:20:00		1.24593	52.205	12.8693	0.353646	1024.39	1.04271	20.4317	11.9238	22.3475	34.2713	12.9415	638.33	56.325	33.3092	20.2958	17.4525								
2016/02/02 00:25:00		0.84839	42.6667	12.8078	0.35625	1024.38	1.02083	20.4145	11.7406	22.2688	34.0094	13.0511	632.29	51.725	36.5908	20.48	17.1417								
2016/02/02 00:30:00		1.2695	45.0604	12.8078	0.353646	1024.32	1.07917	20.3968	10.72	21.4609	32.1809	12.9463	625.0	71.101	24.7825	18.3717	16.345								
2016/02/02 00:35:00		1.47711	63.146	12.7635	0.358854	1024.32	1.05729	20.3831	8.8842	19.2734	28.1576	13.1512	597.08	79.655	23.4633	17.2092	15.7883								
2016/02/02 00:40:00		0.8496	55.279	12.7089	0.356771	1024.31	1.10833	20.3871	7.5755	19.1878	26.7633	13.0368	576.88	80.613	22.0458	16.9933	15.5642								
2016/02/02 00:45:00		1.17319	33.4277	12.713	0.359375	1024.31	1.04271	20.3611	7.4124	18.2772	25.6896	13.1274	560.21	67.84	31.1017	19.065	16.8683								
2016/02/02 00:50:00		1.02808	38.5105	12.7141	0.360417	1024.33	1.11563	20.3496	6.6598	17.7979	24.4577	13.1179	523.13	80.38	26.0192	17.4008	15.895								
2016/02/02 00:55:00		0.96685	49.5855	12.6641	0.361458	1024.3	1.09375	20.3463	6.7223	18.6092	25.3316	13.1083	519.79	9.8792	24.2917	17.4767	15.7542								
2016/02/02 01:00:00		0.97357	57.497	12.6026	0.357812	1024.33	1.10833	20.3259	5.7843	17.8835	23.6678	13.156	515.21	0.68933	24.1958	17.5233	15.8025								
2016/02/02 01:05:00		0.93269	47.2258	12.6052	0.360417	1024.29	1.10104	20.3146	5.0697	17.3255	22.3952	13.1036	491.458	1.24651	30.1608	19.6842	17.8067								
2016/02/02 01:10:00		0.79566	60.434	12.6	0.357812	1024.29	1.08646	20.3061	4.8977	17.3221	22.2198	13.094	499.375	267.278	34.6767	21.7367	18.6942								
2016/02/02 01:15:00		0.93543	71.076	12.6047	0.35625	1024.32	1.08646	20.2859	6.461	17.9177	24.3788	13.156	495.0	287.973	37.5092	20.1792	17.7067								
2016/02/02 01:20:00		0.88156	46.1402	12.6042	0.361458	1024.34	1.1375	20.2728	4.72127	17.9622	22.6835	12.9749	491.25	287.358	24.7408	18.85	17.095								
2016/02/02 01:25:00		1.05906	24.8737	12.6026	0.357812	1024.22	1.1375	20.2572	5.3712	17.1475	22.5186	13.156	481.667	285.98	28.325	20.0775	18.4733								
2016/02/02 01:30:00		0.98864	52.567	12.5052	0.355729	1024.19	1.13021	20.2258	4.45773	16.2711	20.7288	13.156	462.292	267.0	26.6933	19.4367	18.0275								
2016/02/02 01:35:00		0.74661	62.789	12.5052	0.359896	1024.18	1.10833	20.2266	3.84803	16.2129	20.0609	13.156	466.458	89.763	25.5925	19.6358	18.0367								
2016/02/02 01:40:00		1.35972	53.413	12.5057	0.357292	1024.07	1.10833	20.2048	3.9463	15.0524	18.9987	13.1083	464.583	81.513	26.4475	21.4508	19.6392								
2016/02/02 01:45:00		1.15445	59.693	12.5052	0.359896	1024.03	1.08646	20.192	3.57557	14.6553	18.2309	13.156	453.333	84.281	25.3517	19.9517	18.2967								
2016/02/02 01:50:00		1.24788	64.76	12.4807	0.358333	1024.04	1.13021	20.1818	2.6398	15.0558	17.6956	13.156	451.667	83.323	23.385	19.2258	17.0058								
2016/02/02 01:55:00		1.00536	70.016	12.4073	0.358333	1024.01	1.04271	20.1769	3.4036	15.5864	18.99	13.094	466.25	76.112	25.205	18.0733	16.72								
2016/02/02 02:00:00		1.29489	59.888	12.4057	0.359375	1023.94	1.07917	20.1571	3.2093	14.3027	17.512	12.9987	462.5	90.131	21.8383	17.985	16.6475								
2016/02/02 02:05:00		1.06896	57.853	12.4078	0.358333	1023.92	1.15208	20.1329	3.23163	14.8196	18.0512	13.156	448.333	84.645	22.98	18.0408	17.0108								
2016/02/02 02:10:00		0.91041	67.382	12.4052	0.358854	1023.91	1.09375	20.1171	2.2646	13.8919	16.1565	13.156	449.792	84.716	24.1658	18.6817	17.165								
2016/02/02 02:15:00		1.09249	60.708	12.3224	0.358333	1023.84	1.12292	20.0789	3.72967	15.1243	18.854	13.0702	456.667	67.265	28.7533	20.925	18.11								
2016/02/02 02:20:00		0.91757	63.153	12.3057	0.360417	1023.77	1.07187	20.0655	6.0367	15.8158	21.8525	13.0797	465.0	69.84	24.075	19.255	17.7817								
2016/02/02 02:25:00		0.97737	59.018	12.3094	0.35625	1023.81	1.08646	20.0387	5.1679	13.8885	19.0564	13.156	473.333	79.337	24.0883	19.3775	17.8108								
2016/02/02 02:30:00		0.83044	79.153	12.3036	0.359896	1023.85	1.08646	20.0137	5.0094	15.9938	21.0032	13.156	469.583	78.72	29.3867	20.0217	17.8942								
2016/02/02 02:35:00		0.97526	59.312	12.3042	0.360417	1023.84	1.09375	19.9968	5.3109	14.8265	20.1373	13.156	471.042	74.334	24.1233	19.6033	18.12								
2016/02/02 02:40:00		0.84014	60.673	12.2698	0.358333	1023.87	1.07917	19.952	4.71233	15.1414	19.8537	13.156	468.542	80.93	23.7867	19.37	18.285								
2016/02/02 02:45:00		1.06977	66.7	12.2057	0.358854	1023.9	1.12292	19.9554	3.4773	15.4187	18.896	13.0797	450.417	76.948	24.1742	19.6158	18.18								
2016/02/02 02:50:00		0.76263	61.691	12.2047	0.360417	1023.91	0.99167	19.9251	3.8458	15.5454	19.3912	13.0321	453.125	74.348	27.2842	20.6792	18.6983								
2016/02/02 02:55:00		0.67	78.467	12.2099	0.359896	1024.02	1.02813	19.9009	3.8659	15.1825	19.0484	13.156	455.208	79.152	26.0283	19.59	18.2458								
2016/02/02 03:00:00		0.67552	70.854	12.2089	0.35625	1024.04	1.04271	19.8872	3.14453	13.5838	16.7283	13.156	458.125	81.516	24.3642	19.9867	18.4867								
2016/02/02 03:05:00		1.02667	76.842	12.2094	0.35625	1024.01	1.04271	19.88	3.10433	14.7546	17.8589	13.156	467.917	71.823	25.1792	19.9067	18.3158								
2016/02/02 03:10:00		1.32621	64.285	12.1135	0.358854	1024.0	1.10104	19.884	3.18473	13.2654	16.4501	13.156	470.208	80.02	21.7042	19.62	18.3633								
2016/02/02 03:15:00		1.20176	67.867	12.0974	0.35625	1023.98	1.06458	19.8905	3.0418	14.7477	17.7895	13.156	473.542	72.448	23.1442	19.5367	18.33								
2016/02/02 03:20:00		1.06398	61.978	12.0974	0.361458	1023.92	1.06458	19.8894	2.4254	13.8303	16.2557	13.156	480.625	80.616	24.5883	19.4858	18.2358								
2016/02/02 03:25:00		0.83349	56.612	12.1005	0.361458	1023.95	1.10833	19.8464	3.71627	13.327	17.0433	13.1083	480.625	74.062	25.2975	20.0525	18.4633								
2016/02/02 03:30:00		0.72848	58.642	12.1	0.35625	1023.97	1.02813	19.8518	5.092	16.0007	21.0927	13.1322	495.208	56.964	25.1158	19.8525	18.5275								
2016/02/02 03:35:00		0.73459	63.373	12.0984	0.355729	1023.93	1.07917	19.8612	5.4739	16.1547	21.6286	13.1274	519.79	69.494	25.1367	20.2242	19.0467								
2016/02/02 03:40:00		1.26892	59.356	12.099	0.361979	1023.95	1.12292	19.8343	5.1903	16.4936	21.6839	13.0797	515.21	73.626	22.8992	20.3617	18.9375								
2016/02/02 03:45:00		1.05268	48.5748	12.0693	0.35625	1023.97	1.01354	19.8255	3.88377	15.2646	19.1484	13.1226	504.58	80.866	22.4967	20.1675	19.1708								
2016/02/02 03:50:00		1.05318	63.032	11.9995	0.356771	1023.98	1.05729	19.819	3.64033	15.1311	18.7715	13.156	498.125	76.898	26.2875	21.2642	19.5683								
2016/02/02 03:55:00		1.03446	44.5485	12.0005	0.363021	1024.01	1.10104	19.8394	4.4153	14.871	19.2863	13.156	521.88	73.762	22.2792	20.3	19.5692								
2016/02/02 04:00:00		0.90607	44.4179	11.999	0.356771	1024.03	1.05	19.8244	3.82347	14.7477	18.5712	13.156	510.21	70.39	23.1892	21.0933	20.095								
2016/02/02 04:05:00		0.7624	49.2319	11.9974	0.359375	1023.97	1.06458	19.7952	3.3567	14.4704	17.8271	13.156	513.75	77.123	28.9192	23.5967	22.01								
2016/02/02 04:10:00		0.87567	60.103	11.9995	0.359375	1023.93	0.99167	19.7868	4.33713	15.494	19.8311	13.156	528.13	76.044	27.1725	23.5542	22.5758								
2016/02/02 04:15:00		0.71645	43.3696	11.9969	0.358854	1023.94	1.10104	19.7903	3.70287	14.9052	18.6081	13.156	548.96	73.305	27.7667	22.4225	21.4358								
2016/02/02 04:20:00		0.88664	44.7204	11.9974	0.360938	1023.97	1.04271	19.7584	2.6934	14.5184	17.2118	13.0893	546.04	78.773	22.8517	21.225	20.455								
2016/02/02 04:25:00		0.75329	43.4092	11.9979	0.359375	1023.98	1.09375	19.7756	3.37457	14.4259	17.8005	13.1465	539.38	70.773	25.5367	21.54	20.3658								
2016/02/02 04:30:00		0.94981	27.1157	11.9979	0.35625	1024.07	1.07187	19.7479	4.94237	15.3502	20.2926	13.1274	539.38	68.708	29.735	22.905	21.2283								
2016/02/02 04:35:00		0.93304	54.799	11.9979	0.357812	1024.19	1.07917	19.7436	4.50017	15.5762	20.0763	13.156	542.08	73.791	25.2683	23.0958	22.0692								
2016/02/02 04:40:00		1.10281	55.761	12.001	0.3625	1024.2	1.11563	19.7307	3.68723	15.6378	19.325	13.156	518.96	82.059	25.9633	24.285	23.4375								
2016/02/02 04:45:00		0.92003	56.363	12.001	0.358333	1024.12	1.10833	19.7272	3.75423	17.281	21.0352	13.156	534.58	61.15	30.32	23.56	21.9583								
2016/02/02 04:50:00		0.92213	28.8564	11.999	0.360938	1024.22	1.03542	19.7329	4.22547	17.103	21.3284	13.156	551.25	65.026	25.8808	22.9642	21.7275								
2016/02/02 04:55:00		0.79522	45.6583	12.0	0.3625	1024.27	1.1375	19.6765	5.0875	15.9596	21.0471	13.0464	584.38	67.294	30.4817	25.4567	23.4608								
2016/02/02 05:00:00		0.78599	59.828	12.0021	0.359375	1024.27	1.15208	19.6585	5.8536	17.5754	23.429	13.156	617.92	62.915	31.6433	25.6183	23.645								
2016/02/02 05:05:00		0.7397	37.2938	11.9979	0.358854	1024.33	1.07917	19.6609	7.2941	18.7291	26.0231	13.156	622.92	51.982	42.9475	28.7983	25.35								
2016/02/02 05:10:00		0.69647	44.12	11.9974	0.361458	1024.39	1.10833	19.6453	9.5207	22.7309	32.2516	13.156	655.0	52.6	38.7033	27.87	25.6267								
2016/02/02 05:15:00		0.88444	43.4457	11.999	0.356771	1024.49	1.05729	19.6346	9.074	22.8747	31.9487	13.0559	647.5	55.104	40.0258	28.9525	26.9492								
2016/02/02 05:20:00		0.87188	46.5763	11.999	0.35625	1024.51	1.08646	19.6386	12.1203	23.4635	35.5838	13.1417	651.46	52.8	36.4308	28.9925	26.68								
2016/02/02 05:25:00		0.362265	24.3143	11.9953	0.355208	1024.53	1.06458	19.6252	10.2443	23.8846	34.1289	13.156	673.13	54.025	37.6475	29.4642	27.3358								
2016/02/02 05:30:00		0.66248	51.914	11.999	0.359896	1024.5	1.03542	19.6177	11.8143	24.3981	36.2124	12.9653	700.0	49.3211	38.1583	29.41	27.3683								
2016/02/02 05:35:00		0.69137	69.487	12.0036	0.360417	1024.53	1.07187	19.5997	13.572	26.4795	40.0514	13.1465	766.88	33.6451	41.6917	29.7817	26.8033								
2016/02/02 05:40:00		0.58747	61.443	11.9953	0.359896	1024.62	1.05	19.5952	19.6779	27.8796	47.5575	13.156	812.08	36.0667	40.0583	28.415	25.16								
2016/02/02 05:45:00		0.76617	57.979	11.9937	0.355729	1024.62	1.09375	19.5782	23.6867	28.2048	51.892	13.156	866.25	38.0775	43.525	27.485	24.025								
2016/02/02 05:50:00		0.8653	56.427	11.9948	0.356771	1024.68	1.05	19.5863	26.3824	27.9926	54.375	12.9606	874.58	34.0808	37.0883	26.5283	23.5683								
2016/02/02 05:55:00		0.50863	55.117	12.0005	0.355729	1024.76	1.07187	19.5879	24.0284	25.9523	49.9807	12.9129	858.96	48.9818	34.9142	26.585	23.0592								
2016/02/02 06:00:00		0.74522	41.8319	11.9937	0.360417	1024.81	1.05729	19.5841	25.1339	27.8454	52.979	13.0416	897.5	32.0164	37.8933	26.6342	23.5267								
2016/02/02 06:05:00		0.61981	39.4985	11.9125	0.358333	1024.9	1.10833	19.5812	26.0161	28.0816	54.098	13.0607	935.21	36.0274	47.0617	28.2467	24.1942								
2016/02/02 06:10:00		0.53445	50.66	11.9646	0.358854	1024.99	1.07917	19.578	33.1605	29.7077	62.868	12.8891	993.13	22.7408	43.2425	27.8025	25.1933								
2016/02/02 06:15:00		0.68059	53.887	11.9818	0.3625	1025.01	1.09375	19.5721	35.7959	30.9024	66.698	13.1274	996.04	34.2094	53.492	32.7183	27.4633								
2016/02/02 06:20:00		0.433491	74.108	11.9307	0.358854	1025.06	1.04271	19.578	46.1451	31.1831	77.328	12.8891	1099.38	21.4764	122.324	47.23	31.1233								
2016/02/02 06:25:00		0.73966	27.017	11.999	0.360417	1025.11	1.10833	19.5619	49.7162	31.4091	81.125	12.87	1165.42	25.016	46.2442	28.945	25.0225								
2016/02/02 06:30:00		0.80717	80.549	11.9682	0.360417	1025.15	1.06458	19.5619	54.004	32.5354	86.54	12.87	1189.17	29.6663	45.9733	27.9658	24.5508								
2016/02/02 06:35:00		0.56662	43.6816	11.9	0.360417	1025.2	1.07917	19.5702	52.052	31.0462	83.099	12.87	1165.63	34.2523	41.23	27.7192	24.3842								
2016/02/02 06:40:00		1.00632	47.9831	11.8979	0.35625	1025.22	1.06458	19.5627	44.852	29.2798	74.132	12.87	1116.25	45.7531	47.115	28.7417	25.315								
2016/02/02 06:45:00		0.78206	55.753	11.8995	0.3625	1025.24	1.06458	19.5525	45.2317	32.3471	77.579	12.87	1212.5	27.8554	56.895	32.445	25.9258								
2016/02/02 06:50:00		0.94697	37.3867	11.8984	0.363021	1025.25	1.09375	19.5525	42.6879	31.1284	73.816	12.87	1228.75	44.5315	49.205	29.8567	25.4292								
2016/02/02 06:55:00		0.57475	63.85	11.899	0.3625	1025.28	1.05	19.5372	39.9878	30.6799	70.668	12.87	1298.13	35.2881	74.088	35.3158	27.0608								
2016/02/02 07:00:00		0.59821	31.7701	11.8995	0.359896	1025.39	1.02813	19.535	40.3764	30.5087	70.885	12.87	1374.17	36.006	52.215	31.6008	26.2917								
2016/02/02 07:05:00		0.85958	24.7285	11.9036	0.359896	1025.47	0.97708	19.5401	39.195	30.9572	70.152	12.87	1372.08	39.2526	63.422	32.4417	26.6517								
2016/02/02 07:10:00		1.03517	6.3078	11.9964	0.357812	1025.55	1.05729	19.5455	43.6349	31.8302	75.465	12.8843	1473.13	28.9162	65.01	33.8067	27.0467								
2016/02/02 07:15:00		1.01178	44.1959	11.9964	0.359375	1025.63	2.74167	19.5372	41.9219	30.1185	72.04	12.9653	1547.71	39.9134	56.905	32.5225	26.8083								
2016/02/02 07:20:00		1.00265	52.665	11.9958	0.358854	1025.69	4.68125	19.5267	39.0163	31.2961	70.312	13.1036	1621.46	37.9347	60.995	34.685	27.4058								
2016/02/02 07:25:00		0.89214	48.79	11.9974	0.357292	1025.83	3.08437	19.5406	39.2129	32.0766	71.289	13.1465	1710.42	36.3596	66.235	34.5375	27.8983								
2016/02/02 07:30:00		0.76143	43.7033	12.0031	0.358854	1025.9	3.58021	19.5253	41.9666	33.4939	75.46	13.156	1817.92	31.0985	64.606	36.315	28.845								
2016/02/02 07:35:00		0.85663	35.5623	11.9984	0.355208	1025.95	6.1833	19.5331	40.6511	31.5323	72.183	13.156	1792.71	52.711	61.68	34.0842	28.4342								
2016/02/02 07:40:00		0.85393	40.3706	12.0266	0.358333	1026.06	7.5104	19.5304	40.6288	33.713	74.342	13.0511	1850.42	31.8236	65.889	36.1333	29.1067								
2016/02/02 07:45:00		1.08498	27.7145	12.0958	0.358333	1026.16	13.4021	19.5253	43.3177	33.5624	76.88	13.0893	1996.88	36.2524	61.807	34.6733	28.3792								
2016/02/02 07:50:00		1.32711	22.5865	12.0938	0.359375	1026.25	18.025	19.5221	44.354	34.9865	79.34	13.1465	2128.13	36.7524	59.515	34.4217	28.8825								
2016/02/02 07:55:00		0.498774	12.9849	12.0979	0.361458	1026.34	20.4531	19.5039	45.1848	32.9325	78.117	12.8891	2176.25	34.7523	68.936	37.0275	30.6592								
2016/02/02 08:00:00		0.8756	28.6707	12.1594	0.361979	1026.41	27.7667	19.5162	44.0681	35.3459	79.414	13.1083	2254.17	37.4668	61.762	38.0075	31.2125								
2016/02/02 08:05:00		0.70151	50.539	12.2115	0.364583	1026.43	32.8635	19.5087	42.3194	35.031	77.35	13.0988	2285.0	33.0986	78.765	43.2083	34.81								
2016/02/02 08:10:00		0.86614	59.44	12.2083	0.358854	1026.44	39.2438	19.5025	54.739	39.2314	93.97	13.1226	2596.67	25.3445	66.451	39.1675	32.1925								
2016/02/02 08:15:00		0.89406	59.096	12.2813	0.361979	1026.48	43.7573	19.48	58.603	38.266	96.869	12.9367	2701.25	22.5944	79.936	40.6858	33.3383								
2016/02/02 08:20:00		0.65517	50.733	12.3052	0.355208	1026.52	50.145	19.4982	60.086	37.3554	97.441	12.9701	2619.38	30.0556	60.617	36.8292	31.3167								
2016/02/02 08:25:00		1.13946	66.541	12.3062	0.363542	1026.61	47.1771	19.5106	58.956	37.8758	96.831	13.0893	2675.42	22.1693	71.7	40.9233	33.565								
2016/02/02 08:30:00		0.58946	64.708	12.3068	0.360938	1026.68	53.39	19.4848	68.11	38.3824	106.492	13.156	2824.79	19.9085	76.438	40.61	32.6983								
2016/02/02 08:35:00		0.7742	61.158	12.3062	0.3625	1026.79	55.059	19.5044	68.34	37.5505	105.891	13.156	2823.33	27.5447	72.82	38.17	32.5583								
2016/02/02 08:40:00		0.80788	64.151	12.3969	0.354688	1026.84	64.626	19.5082	70.687	38.7213	109.409	12.9987	2871.46	20.0335	74.952	39.4833	32.995								
2016/02/02 08:45:00		0.80927	68.112	12.4057	0.360417	1026.93	71.94	19.5141	65.329	37.8997	103.229	13.156	2739.17	26.6232	67.727	40.12	34.15								
2016/02/02 08:50:00		0.429746	61.523	12.4036	0.357292	1026.98	74.193	19.5543	64.336	36.8727	101.208	13.1512	2637.92	39.4026	62.362	37.5733	32.7733								
2016/02/02 08:55:00		0.9765	22.4376	12.4005	0.357292	1027.03	82.454	19.567	55.597	35.3459	90.943	13.156	2370.21	54.121	60.348	38.8983	34.42								
2016/02/02 09:00:00		0.460768	54.797	12.4036	0.358854	1027.13	81.258	19.5729	50.44	35.4007	85.841	13.156	2171.67	42.9421	69.503	40.1917	33.775								
2016/02/02 09:05:00		1.12347	61.436	12.4333	0.355729	1027.14	83.898	19.567	49.982	38.4372	88.419	13.156	2133.33	36.5524	64.293	37.0667	32.0867								
2016/02/02 09:10:00		0.74783	43.6017	12.501	0.359896	1027.16	95.302	19.5965	48.1417	38.0777	86.219	13.0321	2036.67	44.0994	62.499	37.77	32.1808								
2016/02/02 09:15:00		0.464418	63.178	12.5031	0.355729	1027.23	98.503	19.6354	45.1446	36.4654	81.61	12.87	1978.96	45.5137	59.095	37.6667	33.1292								
2016/02/02 09:20:00		0.918	57.761	12.5469	0.360938	1027.3	101.573	19.6631	47.2618	39.5361	86.798	12.87	2038.96	36.0988	79.183	37.6125	33.0708								
2016/02/02 09:25:00		0.96498	15.8047	12.5948	0.358854	1027.32	101.31	19.6719	42.9537	37.2287	80.182	12.87	1894.79	58.075	62.454	38.3275	33.6792								
2016/02/02 09:30:00		0.9839	33.2564	12.5979	0.357812	1027.34	118.387	19.6907	46.536	37.9408	84.477	12.87	1842.29	45.7388	53.883	35.7433	32.0033								
2016/02/02 09:35:00		1.01016	7.733	12.601	0.358854	1027.34	117.126	19.7347	40.6243	36.2326	76.857	12.87	1741.04	49.389	55.978	35.9817	32.0892								
2016/02/02 09:40:00		1.34067	11.7365	12.6073	0.360938	1027.34	117.265	19.7672	41.9487	37.2869	79.236	12.87	1685.21	44.2601	60.102	36.7867	31.545								
2016/02/02 09:45:00		0.92383	22.5349	12.7104	0.359896	1027.35	120.925	19.7968	39.9275	36.9925	76.92	12.87	1643.54	52.754	56.633	34.1575	30.6425								
2016/02/02 09:50:00		1.74088	18.9225	12.7078	0.358854	1027.34	139.344	19.818	35.2576	35.6574	70.915	12.8795	1562.08	65.94	54.575	35.7383	31.3675								
2016/02/02 09:55:00		0.99544	17.7103	12.712	0.361979	1027.31	148.947	19.8349	31.5972	34.5894	66.187	12.87	1478.33	60.672	58.424	35.0517	31.6958								
2016/02/02 10:00:00		0.84702	40.1873	12.7104	0.359896	1027.24	168.306	19.8714	28.504	34.5585	63.063	13.1226	1467.5	61.79	55.346	35.0417	31.2842								
2016/02/02 10:05:00		1.37711	59.382	12.7167	0.357292	1027.16	180.359	19.8878	27.6129	35.6027	63.216	13.1036	1487.5	62.343	56.165	33.42	30.0392								
2016/02/02 10:10:00		1.2748	44.1203	12.7557	0.356771	1027.11	214.477	19.917	25.1563	35.9142	61.07	13.1417	1442.92	66.269	52.298	36.2767	30.58								
2016/02/02 10:15:00		0.8681	42.526	12.8458	0.359896	1027.05	253.794	19.9366	27.5839	39.317	66.901	13.156	1536.88	44.8351	61.936	36.8983	32.0617								
2016/02/02 10:20:00		1.62584	54.216	12.9083	0.3625	1026.97	273.044	19.9769	26.0876	37.0747	63.162	13.0988	1474.58	71.912	49.9283	35.0325	31.2867								
2016/02/02 10:25:00		0.58338	19.8357	12.9937	0.357292	1026.96	250.556	20.0126	27.0747	38.5365	65.611	13.0368	1551.04	48.2675	63.975	36.4517	32.2808								
2016/02/02 10:30:00		0.61357	4.00815	13.1135	0.358333	1026.93	250.906	20.0507	26.8938	38.5365	65.43	13.156	1534.38	65.69	53.452	34.0292	30.7942								
2016/02/02 10:35:00		1.05803	28.0103	13.2151	0.360417	1026.88	276.631	20.0781	24.9195	36.5064	61.426	13.156	1493.54	62.74	49.8858	34.6875	30.3767								
2016/02/02 10:40:00		1.00897	351.133	13.212	0.358854	1026.84	301.35	20.1149	23.9681	35.9792	59.947	12.9796	1511.67	66.19	50.817	35.39	31.8567								
2016/02/02 10:45:00		1.35832	15.1016	13.2135	0.357812	1026.76	321.781	20.1466	22.5924	33.8773	56.47	13.1465	1416.04	81.138	46.61	33.64	31.0258								
2016/02/02 10:50:00		0.68783	54.241	13.25	0.364062	1026.64	336.168	20.1772	20.4864	34.336	54.822	13.013	1393.75	69.115	64.253	37.1175	32.8775								
2016/02/02 10:55:00		0.68327	354.775	13.312	0.361979	1026.56	341.746	20.2223	20.2965	34.0724	54.369	13.156	1404.79	77.419	57.539	38.4617	31.8517								
2016/02/02 11:00:00		0.74815	351.941	13.3859	0.359896	1026.5	363.395	20.2357	17.4334	32.8914	50.325	13.156	1310.63	79.484	42.5558	33.0742	31.1967								
2016/02/02 11:05:00		0.74226	35.9861	13.4099	0.360938	1026.34	385.277	20.3104	15.8522	30.6936	46.5458	13.156	1267.5	87.506	40.8258	33.065	31.0267								
2016/02/02 11:10:00		0.66467	29.975	13.5776	0.359375	1026.19	404.688	20.3493	17.1833	35.589	52.772	13.156	1407.08	51.089	67.294	40.065	33.9183								
2016/02/02 11:15:00		0.85104	49.2758	13.7927	0.367188	1026.03	433.803	20.3855	26.465	37.8826	64.348	13.156	1638.96	57.807	57.592	36.1425	31.8733								
2016/02/02 11:20:00		0.64573	32.98	13.7578	0.365625	1025.93	462.489	20.4156	23.9123	35.3391	59.251	13.0607	1540.63	81.066	45.7675	33.5833	31.2925								
2016/02/02 11:25:00		0.56831	359.747	13.7297	0.367708	1025.82	419.869	20.4749	19.899	32.7476	52.647	13.156	1443.33	88.102	47.115	34.2017	32.1325								
2016/02/02 11:30:00		1.12629	60.977	13.7823	0.366667	1025.66	404.374	20.5418	19.9705	32.7065	52.677	13.0607	1378.13	99.26	30.0092	23.9783	22.5167								
2016/02/02 11:35:00		0.5556	22.9173	13.7557	0.364062	1025.55	431.207	20.6215	18.0587	33.1276	51.186	13.156	1444.79	81.184	56.875	36.4733	33.2617								
2016/02/02 11:40:00		0.428798	279.942	13.8703	0.365625	1025.44	432.534	20.7697	16.1046	33.8568	49.9613	13.156	1400.21	88.149	54.134	38.65	34.7717								
2016/02/02 11:45:00		0.42219	32.728	13.9979	0.363542	1025.32	445.302	20.908	20.3859	36.3592	56.745	13.1369	1431.46	58.868	64.992	40.34	35.3067								
2016/02/02 11:50:00		0.260082	25.9443	14.1781	0.370833	1025.18	474.585	21.0409	27.0546	39.0705	66.125	13.0607	1615.0	44.8637	69.097	39.2283	34.5067								
2016/02/02 11:55:00		0.73471	38.2969	14.2776	0.365625	1025.07	476.649	21.1488	24.8347	35.411	60.246	13.0654	1541.46	101.932	49.3533	34.2133	31.4917								
2016/02/02 12:00:00		0.452175	55.579	14.1906	0.360938	1024.91	524.83	21.2618	20.8303	36.4414	57.272	13.0607	1482.71	83.038	37.0883	25.5183	23.09								
2016/02/02 12:05:00		0.346043	46.0647	14.25	0.363542	1024.77	692.31	21.3633	20.234	36.0306	56.265	13.0607	1479.79	87.534	51.062	35.99	32.9733								
2016/02/02 12:10:00		1.07813	36.7369	14.2568	0.366667	1024.63	804.76	21.4554	17.554	33.5932	51.147	13.1179	1377.92	126.18	44.6933	34.0217	31.625								
2016/02/02 12:15:00		0.297162	63.455	14.2177	0.366667	1024.53	709.55	21.5512	14.1013	33.4117	47.513	13.075	1265.0	102.357	48.06	35.1467	31.9267								
2016/02/02 12:20:00		0.61999	330.006	14.3906	0.365104	1024.43	634.09	21.6398	12.3928	33.2645	45.6573	13.0464	1213.75	109.932	47.7517	35.17	31.8008								
2016/02/02 12:25:00		0.5298	339.983	14.4849	0.361979	1024.33	799.79	21.7198	10.1438	31.4947	41.6385	12.9272	1105.0	117.972	45.0933	33.7717	31.5142								
2016/02/02 12:30:00		0.81349	45.3585	14.5609	0.358333	1024.14	621.59	21.8159	10.4274	32.6483	43.0758	12.8795	1059.58	106.529	48.5883	34.3858	31.905								
2016/02/02 12:35:00		0.227001	329.943	14.7302	0.365104	1023.99	529.53	21.9	10.289	32.8948	43.1838	12.9558	1086.46	97.846	50.15	36.3833	33.5292								
2016/02/02 12:40:00		0.76239	318.921	14.9625	0.360938	1023.86	602.33	21.9816	10.0656	34.5209	44.5865	12.9129	1128.54	85.963	54.972	37.3758	33.94								
2016/02/02 12:45:00		1.12018	28.484	15.0979	0.364583	1023.72	653.12	22.0849	11.6803	37.5163	49.1966	13.1083	1129.38	100.435	41.6992	34.3108	32.2225								
2016/02/02 12:50:00		0.86024	50.436	15.0495	0.355208	1023.58	467.702	22.1848	10.5927	34.4832	45.0759	12.9272	1070.0	119.876	46.5133	34.925	31.5842								
2016/02/02 12:55:00		0.99442	23.4857	14.9375	0.360938	1023.46	483.591	22.2909	10.2421	36.4037	46.6458	12.87	1065.42	93.238	54.624	35.2092	32.3883								
2016/02/02 13:00:00		0.73321	2.51587	14.8807	0.361458	1023.37	483.051	22.383	8.9825	32.8366	41.8191	12.87	989.58	132.866	42.3467	32.8933	30.8925								
2016/02/02 13:05:00		0.8054	321.201	14.7932	0.3625	1023.17	514.51	22.4656	8.4688	33.3878	41.8566	12.8748	953.54	101.707	46.7442	34.415	31.6767								
2016/02/02 13:10:00		0.73144	45.1102	14.8771	0.360938	1022.98	501.38	22.5475	13.2973	37.0884	50.386	12.87	1080.21	86.516	46.385	34.1292	31.505								
2016/02/02 13:15:00		1.45152	33.9522	15.0099	0.360417	1022.86	538.37	22.6238	12.9355	38.5399	51.475	12.87	1101.67	85.852	59.622	35.0408	32.2992								
2016/02/02 13:20:00		1.01031	33.3318	15.0964	0.363021	1022.75	718.67	22.7067	12.7657	36.5612	49.3269	12.8843	1109.38	104.057	43.8884	33.2242	31.1225								
2016/02/02 13:25:00		1.00717	314.109	15.2635	0.361979	1022.64	694.76	22.7934	11.0729	35.6609	46.7337	12.8795	1056.46	121.401	42.7333	31.5583	29.6								
2016/02/02 13:30:00		0.97987	334.975	15.4229	0.3625	1022.57	678.58	22.9083	9.3666	33.7404	43.107	12.87	978.54	116.965	44.2908	32.6583	30.0808								
2016/02/02 13:35:00		1.72087	57.545	15.6271	0.360938	1022.46	671.42	23.0447	11.0796	36.0374	47.117	12.87	1006.46	94.874	45.0675	31.6317	29.35								
2016/02/02 13:40:00		0.66045	342.078	15.7276	0.360417	1022.34	662.83	23.2036	9.7597	34.2984	44.058	12.87	998.54	115.533	49.1375	32.9558	29.95								
2016/02/02 13:45:00		1.37613	311.545	15.9464	0.364062	1022.25	656.21	23.3905	11.6893	37.1055	48.7948	12.87	1102.71	90.206	71.841	44.6167	30.94								
2016/02/02 13:50:00		1.51868	318.946	16.1839	0.366146	1022.15	641.91	23.5846	9.6413	32.4909	42.1322	12.87	1056.04	129.948	39.9067	30.9083	29.095								
2016/02/02 13:55:00		0.64676	10.5637	16.2073	0.364062	1022.06	633.87	23.7709	9.5765	34.5277	44.1043	12.87	1096.25	109.839	48.6042	33.0408	30.1283								
2016/02/02 14:00:00		1.22798	52.348	16.1823	0.361979	1021.97	625.55	23.9433	9.9629	33.5042	43.4671	12.87	1108.75	127.512	40.3392	31.9658	29.6033								
2016/02/02 14:05:00		0.91985	320.057	16.1068	0.361979	1021.88	612.9	24.1014	9.007	33.5589	42.566	12.87	1077.71	111.097	43.7358	31.6517	29.195								
2016/02/02 14:10:00		0.73009	13.1982	16.1036	0.364583	1021.73	606.88	24.2429	7.8792	32.9941	40.8733	12.87	1033.96	140.206	38.7058	31.0217	29.065								
2016/02/02 14:15:00		0.66268	48.8211	16.0302	0.360417	1021.56	585.66	24.3431	5.3131	34.0485	39.3616	12.87	983.13	127.416	43.0467	31.6975	29.4975								
2016/02/02 14:20:00		1.1425	333.401	16.0052	0.358854	1021.45	580.97	24.4451	4.87983	32.6038	37.4837	12.87	1014.79	121.962	45.1375	31.355	28.61								
2016/02/02 14:25:00		0.54386	30.8664	16.1036	0.3625	1021.33	565.01	24.5264	4.7905	31.4912	36.2817	12.87	1006.04	127.344	47.7725	32.1575	29.5858								
2016/02/02 14:30:00		0.73683	15.5741	16.1036	0.364062	1021.24	548.57	24.6102	8.5425	36.3353	44.8778	12.87	1112.71	72.88	61.211	36.4892	31.4075								
2016/02/02 14:35:00		0.51144	42.4174	16.1682	0.366667	1021.17	538.8	24.6934	11.1086	39.1835	50.292	12.87	1148.33	112.879	46.5908	32.18	28.8983								
2016/02/02 14:40:00		0.465804	329.746	16.0667	0.363021	1021.08	524.85	24.7694	9.8133	36.7324	46.5456	12.87	1082.29	114.658	51.279	33.2108	29.6575								
2016/02/02 14:45:00		1.03699	18.5194	16.1729	0.363021	1021.08	507.7	24.8451	8.3192	36.6605	44.9796	12.87	1114.17	116.136	50.023	33.135	29.7417								
2016/02/02 14:50:00		0.6867	28.8667	16.1792	0.361979	1021.0	485.115	24.9286	8.107	37.8826	45.9896	12.87	1146.04	111.368	47.4675	33.4158	30.8542								
2016/02/02 14:55:00		0.94743	52.538	16.1297	0.358854	1020.93	483.642	25.0005	7.877	36.7871	44.6641	12.87	1096.25	135.805	47.1617	32.9608	30.215								
2016/02/02 15:00:00		0.5563	11.3557	16.1844	0.361458	1020.83	466.572	25.0655	10.1728	41.46	51.633	12.87	1283.96	70.865	70.232	36.8183	32.0617								
2016/02/02 15:05:00		0.83578	52.456	16.3078	0.360417	1020.73	445.565	25.1238	11.6312	39.8476	51.479	12.87	1393.96	102.71	59.573	36.4958	32.4875								
2016/02/02 15:10:00		1.04042	57.205	16.3073	0.3625	1020.67	433.329	25.1525	11.5195	45.2291	56.749	12.87	1540.0	94.017	54.642	34.8408	31.375								
2016/02/02 15:15:00		0.73745	54.527	16.2104	0.359375	1020.63	419.125	25.1544	13.7841	46.4546	60.239	12.87	1624.58	86.002	59.032	36.94	32.47								
2016/02/02 15:20:00		1.37113	65.99	16.1812	0.363021	1020.67	389.594	25.1294	16.0175	48.4983	64.516	12.8748	1673.13	91.295	55.332	36.6867	32.2933								
2016/02/02 15:25:00		0.88925	52.113	16.1021	0.3625	1020.71	381.967	25.0736	16.2832	48.3375	64.621	12.87	1740.0	84.691	49.6767	34.27	30.8717								
2016/02/02 15:30:00		0.85973	323.437	15.9729	0.359896	1020.72	361.455	25.0013	14.8494	46.6121	61.462	12.8843	1682.71	124.826	45.7467	33.3017	30.2883								
2016/02/02 15:35:00		0.51802	298.509	15.8443	0.357812	1020.73	296.37	24.9267	12.5982	45.6125	58.211	12.9224	1553.54	112.911	60.658	34.9983	30.665								
2016/02/02 15:40:00		0.75119	34.6735	15.8031	0.361979	1020.78	128.297	24.8341	10.3068	43.538	53.845	12.87	1504.79	126.226	89.023	40.3792	31.8183								
2016/02/02 15:45:00		0.75072	32.2197	15.8089	0.364062	1020.75	122.471	24.7452	23.6443	51.398	75.042	12.87	1805.63	56.089	71.968	36.8	31.2508								
2016/02/02 15:50:00		0.90276	56.992	15.8714	0.359896	1020.75	118.089	24.6574	21.9045	48.1697	70.074	12.87	1847.08	90.37	50.239	34.6658	31.1383								
2016/02/02 15:55:00		0.40167	47.0144	15.7891	0.364062	1020.78	112.831	24.561	20.866	50.193	71.059	12.8843	1785.21	99.885	46.4467	33.3575	30.3675								
2016/02/02 16:00:00		0.95532	13.3267	15.7036	0.359375	1020.76	106.473	24.4864	18.3803	49.1317	67.512	12.951	1697.08	99.953	42.2708	24.0392	21.4533								
2016/02/02 16:05:00		0.82798	47.0918	15.6875	0.357812	1020.75	101.004	24.4086	16.444	48.9742	65.418	12.8795	1647.71	111.143	43.1017	31.9925	29.8667								
2016/02/02 16:10:00		1.03438	51.201	15.6042	0.354167	1020.78	95.864	24.3173	13.1342	46.0712	59.205	12.9796	1613.75	110.618	35.4575	24.0308	21.0483								
2016/02/02 16:15:00		0.65237	53.524	15.5958	0.358333	1020.79	90.38	24.2469	11.2203	44.9141	56.134	12.951	1559.38	128.323	23.9217	19.3217	18.2333								
2016/02/02 16:20:00		1.49475	69.445	15.5005	0.354688	1020.78	84.795	24.1779	9.5319	45.0168	54.549	13.1512	1467.71	108.575	36.36	24.6842	22.6158								
2016/02/02 16:25:00		0.88099	88.566	15.5568	0.358333	1020.77	79.392	24.1036	7.7564	44.6711	52.427	12.8795	1481.67	84.874	69.1	37.07	32.1283								
2016/02/02 16:30:00		0.85054	70.483	15.6661	0.358333	1020.76	73.004	24.0247	13.4536	49.5562	63.01	12.87	1862.5	67.176	38.9183	21.9308	19.7742								
2016/02/02 16:35:00		1.0277	82.148	15.7016	0.3625	1020.76	67.12	23.9589	12.127	48.6421	60.769	12.87	1870.63	88.884	29.3733	19.8008	17.12								
2016/02/02 16:40:00		0.66312	50.813	15.7021	0.359375	1020.81	61.396	23.899	12.9109	49.2104	62.121	12.87	1832.29	76.555	57.744	34.8983	30.905								
2016/02/02 16:45:00		1.24841	72.609	15.7068	0.357812	1020.83	55.03	23.8437	19.095	52.867	71.962	12.8795	1997.5	46.2781	43.6683	26.5283	22.2725								
2016/02/02 16:50:00		0.93623	58.852	15.7063	0.359896	1020.85	48.9781	23.7755	24.7788	53.486	78.265	12.9034	2320.0	59.611	56.453	36.7658	31.7742								
2016/02/02 16:55:00		0.63477	53.218	15.676	0.359375	1020.87	43.3271	23.7226	29.1651	56.653	85.818	12.8843	2467.92	48.3997	57.523	36.4175	31.6208								
2016/02/02 17:00:00		0.65326	55.552	15.6	0.357292	1020.92	37.1583	23.6558	32.0506	58.58	90.631	12.87	2548.96	52.575	21.3683	14.6	13.0542								
2016/02/02 17:05:00		1.06087	74.778	15.5443	0.356771	1020.96	31.0406	23.5876	28.2874	55.201	83.489	12.87	2440.21	58.94	29.3042	13.2792	11.5475								
2016/02/02 17:10:00		1.08948	70.955	15.4948	0.358333	1021.0	25.2729	23.5181	31.2667	59.593	90.86	12.87	2749.58	32.1736	99.371	49.5992	36.1317								
2016/02/02 17:15:00		0.83074	55.758	15.5536	0.355729	1021.04	18.6521	23.4614	41.033	61.651	102.684	12.9081	3322.08	21.8907	101.575	48.1142	37.0758								
2016/02/02 17:20:00		1.36504	67.878	15.5578	0.357292	1021.11	12.5562	23.4015	42.5897	61.319	103.908	12.87	3431.88	31.8736	103.567	48.0033	38.7975								
2016/02/02 17:25:00		1.46314	60.45	15.499	0.358854	1021.15	6.4604	23.3387	43.7465	58.905	102.652	12.9034	3351.25	64.729	68.017	38.7033	34.6092								
2016/02/02 17:30:00		1.37405	51.149	15.3984	0.35625	1021.2	1.49479	23.2799	34.6412	56.382	91.024	12.87	3212.92	69.98	63.812	41.1233	35.5525								
2016/02/02 17:35:00		0.8592	61.647	15.3026	0.359896	1021.25	1.13021	23.1731	28.8748	56.458	85.332	12.87	2996.88	63.236	66.643	41.725	36.72								
2016/02/02 17:40:00		1.08954	69.06	15.2042	0.358333	1021.29	1.10833	23.0549	24.6806	57.187	81.867	12.87	2870.0	62.043	98.325	45.46	37.6933								
2016/02/02 17:45:00		1.45131	65.211	15.1594	0.359375	1021.37	1.15208	22.9507	28.236	58.734	86.97	12.87	2978.54	44.1601	80.132	43.7442	37.1633								
2016/02/02 17:50:00		1.22214	68.715	15.0901	0.360417	1021.42	1.11563	22.8705	23.9547	56.328	80.282	12.87	2770.0	61.286	65.902	41.8467	37.0975								
2016/02/02 17:55:00		1.58971	66.626	15.0005	0.360417	1021.49	1.14479	22.8023	35.6083	58.025	93.634	12.87	2845.83	27.4018	104.187	52.724	42.5658								
2016/02/02 18:00:00		1.04745	88.259	14.9979	0.3625	1021.49	1.12292	22.7532	62.531	57.396	119.927	12.87	3128.13	25.3981	86.915	48.42	39.5533								
2016/02/02 18:05:00		0.76188	84.939	14.9953	0.355729	1021.5	1.12292	22.7118	56.135	56.954	113.089	12.87	3136.46	26.9804	87.461	46.8984	39.86								
2016/02/02 18:10:00		0.88424	108.47	14.9979	0.357812	1022.01	1.04271	22.7145	53.479	51.983	105.463	12.6364	3054.58	19.5227	96.697	52.267	43.3092								
2016/02/02 18:15:00		0.8031	84.696	14.9958	0.354167	1021.63	1.10833	22.7698	51.976	53.181	105.158	12.7651	3058.54	24.3873	116.008	54.723	43.74								
2016/02/02 18:20:00		1.40538	74.368	14.999	0.356771	1021.65	1.09375	22.7567	62.294	54.897	117.191	12.87	3382.5	23.4908	110.683	56.677	45.6583								
2016/02/02 18:25:00		1.56648	70.628	14.9958	0.357812	1021.86	1.11563	22.7371	65.28	54.91	120.191	12.8223	3393.75	30.1377	96.238	53.579	45.5825								
2016/02/02 18:30:00		1.67593	69.482	14.9958	0.357292	1022.1	1.10104	22.7556	64.648	50.268	114.917	12.6078	3332.5	18.4405	133.668	59.427	47.275								
2016/02/02 18:35:00		1.29838	68.424	14.9953	0.358854	1021.82	1.12292	22.7932	70.819	55.033	125.852	12.87	3522.71	21.305	112.202	55.407	44.2058								
2016/02/02 18:40:00		1.64853	80.166	14.9943	0.360938	1021.83	1.15937	22.7698	78.167	56.547	134.713	12.87	3656.25	23.9337	116.502	56.838	45.42								
2016/02/02 18:45:00		1.43697	80.292	14.9974	0.358333	1021.88	1.14479	22.7306	75.469	55.995	131.464	12.87	3656.67	29.1805	114.423	56.135	45.5633								
2016/02/02 18:50:00		1.71082	88.242	14.9609	0.357292	1021.99	1.08646	22.6815	62.641	54.564	117.205	12.9129	3453.75	40.9956	106.503	53.797	44.78								
2016/02/02 18:55:00		2.131	103.398	14.899	0.355729	1022.09	1.07917	22.6426	52.005	54.705	106.71	12.87	3083.54	44.528	87.962	53.685	46.4567								
2016/02/02 19:00:00		1.7142	92.472	14.8958	0.359896	1022.18	1.07917	22.6084	48.671	54.821	103.492	12.87	2882.92	43.2243	107.161	58.484	49.7092								
2016/02/02 19:05:00		1.66339	73.811	14.8323	0.357292	1022.23	1.04271	22.5961	52.7	54.39	107.09	12.87	2977.08	31.9307	108.747	62.239	52.672								
2016/02/02 19:10:00		1.22357	84.594	14.8073	0.356771	1022.3	1.11563	22.5626	59.833	54.339	114.172	12.87	2938.96	31.2021	102.159	60.691	51.628								
2016/02/02 19:15:00		1.61283	96.527	14.7953	0.359375	1022.36	1.06458	22.5548	55.688	52.237	107.925	12.87	2940.21	37.4882	92.367	57.538	50.166								
2016/02/02 19:20:00		1.4269	88.673	14.7802	0.358854	1022.42	1.10833	22.5217	57.886	52.401	110.287	12.87	2885.42	36.3774	85.477	55.249	48.8858								
2016/02/02 19:25:00		2.08882	72.322	14.699	0.358333	1022.45	1.11563	22.4933	52.267	51.282	103.548	12.87	2603.75	46.6103	57.525	37.7492	33.3542								
2016/02/02 19:30:00		1.81586	93.095	14.7005	0.361458	1022.5	1.10104	22.4766	45.4997	50.737	96.237	12.87	2432.92	48.2604	87.03	50.897	44.19								
2016/02/02 19:35:00		1.60699	95.062	14.5932	0.354688	1022.52	1.07187	22.4788	38.5473	49.2926	87.84	12.87	2381.67	41.417	84.449	49.8392	42.7708								
2016/02/02 19:40:00		1.14913	68.089	14.5885	0.357292	1022.56	1.11563	22.4766	42.4802	49.8095	92.29	12.87	2271.04	24.7338	91.811	51.378	42.3925								
2016/02/02 19:45:00		1.31096	76.465	14.5932	0.357812	1022.65	1.02083	22.4689	43.8359	51.001	94.837	12.87	2312.5	27.4268	87.355	50.4	42.0733								
2016/02/02 19:50:00		1.06171	86.095	14.5917	0.356771	1022.72	1.02813	22.4485	43.5857	49.8369	93.423	12.87	2306.46	24.4159	69.389	35.8583	29.69								
2016/02/02 19:55:00		1.372	81.529	14.5885	0.358854	1022.79	1.06458	22.416	44.0704	49.9464	94.017	12.87	2448.54	22.4372	5.2117	3.16833	2.7825								
2016/02/02 20:00:00		1.07128	80.505	14.5885	0.357292	1022.82	1.10104	22.3768	47.2573	49.9909	97.248	12.9177	2390.63	21.6907	9.4627	5.5567	4.97267								
2016/02/02 20:05:00		1.02341	73.418	14.588	0.360417	1022.81	1.06458	22.3268	50.63	50.035	100.665	12.8986	2575.42	20.5549	9.5492	5.4725	4.48833								
2016/02/02 20:10:00		1.01801	66.618	14.5917	0.355729	1022.82	1.07917	22.2691	58.886	50.313	109.199	12.9653	2575.21	21.1121	14.1183	7.8167	6.7817								
2016/02/02 20:15:00		0.89942	87.495	14.576	0.355208	1022.83	1.03542	22.2237	60.599	50.142	110.741	13.1369	2578.75	26.9554	9.8567	5.9817	5.0192								
2016/02/02 20:20:00		0.89548	85.387	14.5859	0.355729	1022.85	0.99167	22.1918	74.084	49.0324	123.117	12.9177	2685.63	25.8196	14.025	8.61	5.965								
2016/02/02 20:25:00		1.19066	89.718	14.5917	0.35625	1022.87	1.07187	22.1609	86.555	50.285	136.84	12.87	2665.0	24.4302	8.3933	4.80167	3.9875								
2016/02/02 20:30:00		1.59232	105.355	14.588	0.360417	1022.9	1.02083	22.119	70.855	45.7083	116.563	12.8938	2543.96	31.1021	64.885	17.0122	8.4743								
2016/02/02 20:35:00		1.15425	96.274	14.5651	0.360417	1022.95	1.09375	22.0764	61.662	45.8624	107.525	12.87	2427.29	31.0306	50.078	10.69	5.115								
2016/02/02 20:40:00		1.41238	106.693	14.4885	0.355729	1022.98	1.03542	22.0662	50.342	44.5444	94.886	12.87	2182.5	36.3989	21.0183	6.4733	3.90267								
2016/02/02 20:45:00		1.04012	94.737	14.4896	0.361458	1022.98	1.10104	22.0468	40.4189	42.018	82.437	12.8748	1950.21	46.1816	9.6333	6.0892	5.0983								
2016/02/02 20:50:00		1.44856	99.111	14.4172	0.3625	1023.02	1.10104	22.0372	36.3743	43.49	79.864	12.8795	1973.54	33.7951	7.63	4.545	3.73383								
2016/02/02 20:55:00		2.08154	95.738	14.3896	0.358854	1023.05	1.07187	22.0033	32.9216	40.902	73.824	12.9892	1821.46	40.8849	9.9867	6.525	5.75								
2016/02/02 21:00:00		1.48071	97.395	14.3667	0.359375	1023.08	1.07187	21.9845	36.3118	42.0214	78.333	12.932	1722.08	32.3486	10.2533	7.0333	5.6483								
2016/02/02 21:05:00		1.91716	87.055	14.299	0.361458	1023.05	1.07917	21.9658	34.2124	42.1207	76.333	13.156	1677.71	30.3627	33.7288	10.1733	6.5333								
2016/02/02 21:10:00		1.81566	85.327	14.288	0.359896	1023.02	1.14479	21.9564	41.9666	44.4383	86.405	12.9844	1752.5	26.0696	14.4333	6.8817	5.7575								
2016/02/02 21:15:00		1.82037	93.729	14.2984	0.360417	1023.07	1.12292	21.9445	38.6344	41.8057	80.44	13.1179	1683.13	43.1921	10.6572	7.0838	6.1738								
2016/02/02 21:20:00		1.32719	70.224	14.2042	0.364062	1023.06	1.11563	21.9263	42.2725	43.7023	85.975	13.156	1789.79	27.0161	6.5858	3.865	3.19333								
2016/02/02 21:25:00		1.05592	70.972	14.2016	0.359896	1023.05	0.98438	21.9303	55.398	43.9556	99.353	13.1512	2143.75	19.7085	20.5867	9.2117	7.42								
2016/02/02 21:30:00		1.37487	88.317	14.0943	0.358854	1023.1	1.10104	21.9024	64.604	43.7057	108.309	13.0607	2240.63	18.1441	12.2417	7.54	6.4783								
2016/02/02 21:35:00		1.23923	71.688	14.0958	0.355729	1023.12	1.05729	21.8874	69.028	44.274	113.302	13.156	2308.54	18.2655	9.1052	5.7259	4.82069								
2016/02/02 21:40:00		0.74762	92.356	13.9927	0.364062	1023.18	1.07187	21.8771	56.977	41.0423	98.019	13.156	2104.58	43.7958	10.9142	7.9433	7.0017								
2016/02/02 21:45:00		1.14195	73.557	13.9312	0.361979	1023.25	1.07187	21.8522	54.625	41.8434	96.468	13.156	2118.96	24.7516	18.675	10.3283	8.7483								
2016/02/02 21:50:00		0.93546	69.691	13.9182	0.361979	1023.28	1.15208	21.8393	70.815	44.7327	115.547	13.156	2262.5	25.4838	4.63083	3.21833	2.92								
2016/02/02 21:55:00		1.35647	70.16	13.8484	0.363542	1023.32	1.09375	21.8302	65.028	42.9697	107.998	13.156	2085.0	28.8948	13.86	8.6633	7.4867								
2016/02/02 22:00:00		1.22201	64.683	13.7589	0.365104	1023.36	1.05729	21.8084	55.641	42.0146	97.656	12.9415	1922.08	53.432	5.6017	4.245	3.9575								
2016/02/02 22:05:00		1.63785	68.035	13.6578	0.357812	1023.35	1.10833	21.7754	46.0178	40.991	87.009	13.0464	1722.08	61.443	7.2875	5.6342	5.2917								
2016/02/02 22:10:00		1.84765	77.002	13.6141	0.35625	1023.37	1.14479	21.7502	35.6998	39.4231	75.123	13.156	1582.29	56.129	11.9633	7.5583	6.5167								
2016/02/02 22:15:00		1.87522	63.043	13.6135	0.357812	1023.38	1.12292	21.7373	37.6853	43.1853	80.871	13.156	1638.96	27.734	7.2	4.38	3.76667								
2016/02/02 22:20:00		1.97324	76.173	13.6182	0.354167	1023.41	1.13021	21.7134	40.0459	43.9385	83.984	13.156	1655.83	27.1304	7.43	4.40417	3.78083								
2016/02/02 22:25:00		1.5523	80.967	13.5531	0.358333	1023.37	1.03542	21.6919	40.2983	42.3946	82.693	13.0082	1661.46	30.5128	14.91	8.225	6.6617								
2016/02/02 22:30:00		1.49863	86.866	13.5094	0.355729	1023.37	1.08646	21.6557	44.8118	43.9659	88.778	12.9224	1736.04	22.8122	11.6467	5.9517	4.90833								
2016/02/02 22:35:00		1.65825	72.916	13.5109	0.352083	1023.37	1.07187	21.6253	46.8263	42.98	89.806	12.87	1792.71	24.4481	5.4242	3.88167	3.50917								
2016/02/02 22:40:00		1.20288	57.5	13.4734	0.358333	1023.39	1.04271	21.5974	41.0844	41.8057	82.89	12.9081	1693.13	34.2701	8.725	5.1867	4.47417								
2016/02/02 22:45:00		1.20885	69.767	13.4115	0.357292	1023.39	1.18854	21.5663	41.4663	42.4767	83.943	13.0607	1747.92	26.2089	9.8817	4.82167	3.735								
2016/02/02 22:50:00		1.22169	66.503	13.3609	0.357812	1023.36	1.12292	21.5488	43.5924	41.9153	85.508	12.8938	1808.13	28.5305	12.2567	7.2483	5.9633								
2016/02/02 22:55:00		1.41324	63.085	13.3036	0.35625	1023.33	1.10104	21.5209	37.8148	39.0808	76.896	13.0321	1733.75	41.5599	8.4108	5.9667	5.5625								
2016/02/02 23:00:00		1.48708	69.742	13.2172	0.355729	1023.31	1.06458	21.4873	42.5606	41.8605	84.421	13.156	1754.79	22.7051	8.4383	4.23167	3.68833								
2016/02/02 23:05:00		1.28205	74.868	13.2193	0.357292	1023.27	1.07187	21.4607	47.6057	43.4524	91.058	13.156	1798.33	15.8475	15.8008	7.7117	5.9842								
2016/02/02 23:10:00		0.76037	59.396	13.1844	0.35	1023.26	1.11563	21.4347	44.5662	40.9739	85.54	13.156	1793.75	32.0914	9.7155	6.8633	5.8533								
2016/02/02 23:15:00		0.75567	65.178	13.0969	0.355208	1023.25	1.02813	21.3982	39.4384	38.2968	77.735	13.1465	1666.46	35.3488	5.2125	3.38833	2.945								
2016/02/02 23:20:00		0.92808	58.603	13.0042	0.358854	1023.21	1.10833	21.3499	37.0867	41.3196	78.406	13.156	1567.08	25.9124	11.7033	7.5333	6.63								
2016/02/02 23:25:00		1.04774	63.881	12.963	0.357292	1023.2	1.02813	21.3219	34.1544	40.077	74.231	13.0035	1462.29	36.8274	10.1183	6.7967	5.9433								
2016/02/02 23:30:00		1.96828	61.946	12.9089	0.359375	1023.18	1.13021	21.297	36.3899	39.8202	76.21	13.1036	1373.75	45.7138	4.426	3.85683	3.553								
2016/02/02 23:35:00		1.40951	71.946	12.8224	0.351042	1023.17	1.01354	21.2964	29.1673	36.5133	65.681	13.0273	1253.33	50.925	8.7	6.9517	6.5383								
2016/02/02 23:40:00		1.26832	57.551	12.8125	0.352604	1023.16	1.03542	21.3569	24.589	36.2907	60.88	12.9653	1210.42	51.414	8.6617	7.0	6.5567								
2016/02/02 23:45:00		1.17623	62.374	12.8146	0.35625	1023.14	1.07917	21.4001	23.2356	35.452	58.688	13.0988	1142.29	46.7924	5.7075	2.79933	2.35417								
2016/02/02 23:50:00		2.19975	65.222	12.8125	0.358333	1023.11	1.03542	21.4288	29.3795	35.9244	65.304	13.0416	1180.42	52.675	10.6167	7.4433	6.555								
2016/02/02 23:55:00		1.42842	64.607	12.7349	0.35625	1023.08	1.08646	21.446	24.484	33.357	57.841	13.156	1068.75	60.29	7.0805	5.381	4.92333								
2016/02/03 00:00:00		1.35383	67.333	12.7193	0.359896	1023.04	1.06458	21.4546	22.4785	33.8431	56.322	13.1083	1001.67	59.425	8.0425	6.02	5.6492								
