-- 1st mean values --
Format: XTAB(V:1;HEAD:2;COL:TCFFFFFFFFFFFFFFFFFFFFFFFF)
StartTime: 2016/02/21 00:00:00
EndTime: 2016/02/22 00:00:00
Period: 24 h
Station: Gia Lam

Time	MeasPt	Wind Spd.	Wind Dir.	Temp	RH	Barometer	Radiation	InnerTemp	NO	NO2	NOx	SO2	CO	O3	PM-10	PM-2.5	PM-1	CH4	NMHC	THC	BENZEN	TOLUEN	ETHYL BENZEN	MP-XYLEN	O-XYLEN
		m/s	degree	°C	%	hPa	W/m²	°C	µg/m3	µg/m3	µg/m3	µg/m3	µg/m3	µg/m3	µg/m3	µg/m3	µg/m3	ppm	ppmC	ppmC	ug/m3	ug/m3	ug/m3	ug/m3	ug/m3
2016/02/21 00:05:00		1.15424	143.057	17.9182	0.361979	1021.35	1.08646	25.9319	17.7103	51.87	69.581	13.442	1183.13	32.7915	8.57	5.9767	5.3567								
2016/02/21 00:10:00		1.41633	148.321	17.8755	0.365625	1021.3	1.12292	25.9445	18.0967	52.456	70.552	13.442	1152.5	32.6593	7.205	5.8933	5.335								
2016/02/21 00:15:00		1.28998	167.18	17.812	0.3625	1021.23	1.07187	25.9528	19.2871	52.62	71.907	13.442	1133.13	31.5735	7.32	5.905	5.4283								
2016/02/21 00:20:00		1.36878	168.502	17.7995	0.361458	1021.17	1.07917	25.9576	21.1564	52.189	73.345	13.442	1121.67	32.1379	8.0034	6.1707	5.5759								
2016/02/21 00:25:00		1.00184	168.844	17.7135	0.359375	1021.13	1.08646	25.9552	21.0313	49.943	70.974	13.442	1141.04	35.4631	7.5627	5.9949	5.5288								
2016/02/21 00:30:00		0.98034	149.046	17.7167	0.351563	1021.11	1.05729	25.9611	21.1876	50.775	71.963	13.442	1124.58	35.2166	7.59	5.98	5.4767								
2016/02/21 00:35:00		1.55922	146.947	17.7182	0.3625	1021.05	1.07917	25.948	20.9822	50.641	71.624	13.442	1152.5	36.0131	7.7683	6.08	5.5133								
2016/02/21 00:40:00		1.42817	140.167	17.7151	0.364062	1020.97	1.10833	25.9491	22.148	49.6691	71.817	13.442	1146.67	35.9631	8.0717	6.105	5.5317								
2016/02/21 00:45:00		1.49969	148.545	17.7193	0.360938	1020.91	1.08646	25.9499	23.1664	49.0769	72.243	13.442	1129.58	36.6024	8.0433	6.0633	5.5283								
2016/02/21 00:50:00		1.13213	149.799	17.7177	0.360417	1020.88	1.05	25.9434	21.8152	47.4679	69.283	13.442	1118.96	31.1521	7.9967	6.0183	5.5017								
2016/02/21 00:55:00		1.02992	151.882	17.7026	0.364062	1020.75	1.07917	25.9485	20.8281	48.1286	68.957	13.442	1123.33	0.103578	7.295	5.855	5.3933								
2016/02/21 01:00:00		1.13766	149.539	17.6151	0.354688	1020.62	1.07917	25.9437	18.0632	46.5984	64.662	13.442	1071.67	0.32145	7.6633	5.7883	5.3633								
2016/02/21 01:05:00		1.40454	149.438	17.6167	0.354688	1020.5	1.14479	25.9421	15.9192	46.8415	62.761	13.442	1040.42	47.3639	6.9467	5.6983	5.21								
2016/02/21 01:10:00		1.61705	135.339	17.6167	0.358854	1020.27	1.15208	25.9472	13.7886	44.6163	58.405	13.442	1011.88	269.7	7.2817	5.5133	5.13								
2016/02/21 01:15:00		1.68207	139.651	17.6193	0.356771	1020.01	1.04271	25.9491	12.491	43.579	56.07	13.442	990.83	272.825	6.55	5.6467	5.1583								
2016/02/21 01:20:00		1.39428	140.263	17.5703	0.353125	1019.86	1.03542	25.9434	10.7803	44.2569	55.037	13.442	972.71	272.572	6.7583	5.5817	5.1467								
2016/02/21 01:25:00		1.31749	132.776	17.5115	0.353125	1019.82	1.05729	25.9413	11.1354	44.1268	55.262	13.442	927.29	270.236	6.2117	5.3117	5.0017								
2016/02/21 01:30:00		1.48224	136.173	17.4328	0.357292	1019.66	1.05	25.9356	10.3426	44.4691	54.812	13.442	907.92	220.493	6.175	5.4633	5.0033								
2016/02/21 01:35:00		1.25222	125.212	17.4031	0.360417	1019.63	0.99167	25.9262	10.2063	42.018	52.224	13.442	913.33	39.6348	6.9467	5.3133	4.92333								
2016/02/21 01:40:00		1.10461	144.208	17.3104	0.355208	1019.68	0.99896	25.9082	10.4743	41.7715	52.246	13.442	931.88	39.6598	6.7783	5.1767	4.87167								
2016/02/21 01:45:00		1.14919	148.543	17.3104	0.35625	1019.64	1.01354	25.8846	9.3108	39.9879	49.2987	13.442	898.13	40.9992	6.9133	5.2083	4.83333								
2016/02/21 01:50:00		1.06299	138.445	17.2146	0.353646	1019.61	1.05	25.858	9.3175	41.8229	51.14	13.442	914.17	36.4238	11.3567	8.68	8.0967								
2016/02/21 01:55:00		1.2735	146.885	17.2141	0.355729	1019.54	1.05	25.8304	8.6519	39.786	48.4379	13.442	938.54	38.4347	9.9517	8.6133	8.0083								
2016/02/21 02:00:00		1.12492	140.57	17.1656	0.353125	1019.4	1.08646	25.7992	8.8462	41.662	50.508	13.442	941.67	35.8381	11.0217	8.6517	7.9317								
2016/02/21 02:05:00		1.26345	138.308	17.1125	0.354167	1019.22	1.02813	25.7692	7.9976	40.5357	48.5332	13.442	926.25	37.5239	14.005	12.2433	11.1383								
2016/02/21 02:10:00		1.61281	147.45	17.0458	0.359896	1019.09	1.04271	25.7257	7.5933	39.0568	46.6501	13.442	888.13	38.6919	5.8383	4.99167	4.70167								
2016/02/21 02:15:00		1.25205	143.635	16.9839	0.354167	1019.14	1.02083	25.6926	6.9881	38.9301	45.9183	13.442	882.92	37.2739	6.1483	5.12	4.70833								
2016/02/21 02:20:00		0.8704	141.728	16.9104	0.357292	1019.16	1.09375	25.6532	7.0797	38.4269	45.5066	13.442	863.96	34.4273	6.5167	5.08	4.65833								
2016/02/21 02:25:00		0.88983	135.001	16.9083	0.357292	1019.15	1.05729	25.6027	7.9172	38.5228	46.4399	13.442	855.63	32.5093	6.2817	4.995	4.69833								
2016/02/21 02:30:00		0.54761	144.662	16.824	0.356771	1019.26	0.99896	25.5563	7.6067	38.6973	46.3041	13.442	840.0	32.7807	6.32	4.97167	4.62333								
2016/02/21 02:35:00		0.95216	128.692	16.8589	0.357812	1019.16	0.99896	25.53	12.1069	41.5695	53.676	13.442	883.75	25.341	6.3283	5.1567	4.67833								
2016/02/21 02:40:00		0.83435	125.262	16.9089	0.359375	1019.03	1.03542	25.5077	12.3191	40.8369	53.156	13.442	931.88	28.5305	6.3	4.995	4.685								
2016/02/21 02:45:00		0.89819	143.138	16.9125	0.354167	1018.94	1.05729	25.4902	13.3955	42.689	56.084	13.442	930.21	25.8874	6.0283	5.0833	4.695								
2016/02/21 02:50:00		0.77837	167.08	16.9094	0.351042	1018.92	1.04271	25.472	15.9438	44.5239	60.468	13.4277	912.71	25.7767	5.935	5.0133	4.625								
2016/02/21 02:55:00		1.02036	147.989	16.9094	0.355729	1018.87	1.02083	25.4674	16.9421	42.5041	59.446	13.442	920.83	27.3411	6.6767	5.0567	4.64167								
2016/02/21 03:00:00		1.49306	138.197	16.9115	0.355729	1018.81	1.05	25.4586	16.8282	42.1583	58.987	13.442	890.63	27.3697	5.9	4.96667	4.55833								
2016/02/21 03:05:00		1.33565	144.382	16.912	0.355208	1018.74	1.02813	25.4553	17.4267	41.3367	58.763	13.442	884.58	26.9304	6.6733	4.94667	4.57833								
2016/02/21 03:10:00		0.93096	158.119	16.9068	0.355208	1018.72	0.99896	25.451	15.6646	41.4805	57.145	13.442	878.54	30.802	6.08	5.0517	4.57333								
2016/02/21 03:15:00		1.56829	152.125	16.9125	0.357812	1018.66	1.00625	25.4438	13.1298	38.3824	51.512	13.442	849.79	33.3951	5.8617	5.005	4.64667								
2016/02/21 03:20:00		1.24706	161.578	16.9099	0.354688	1018.58	1.02083	25.4424	12.156	39.0226	51.179	13.442	902.29	31.4949	5.6083	4.82667	4.58								
2016/02/21 03:25:00		1.30864	145.849	16.8583	0.358854	1018.58	1.06458	25.4347	10.0411	37.3759	47.417	13.442	877.5	34.0737	5.9817	4.815	4.53333								
2016/02/21 03:30:00		1.64583	149.252	16.8073	0.355729	1018.57	0.98438	25.428	8.8596	37.3623	46.2219	13.442	857.08	32.52	5.7033	5.005	4.59833								
2016/02/21 03:35:00		1.40696	151.946	16.8083	0.353646	1018.46	1.02083	25.4226	8.9869	36.2463	45.2332	13.442	864.79	33.1915	5.6583	4.96	4.61								
2016/02/21 03:40:00		1.73354	140.155	16.8083	0.353125	1018.4	0.99167	25.418	8.0891	36.7358	44.8249	13.442	847.5	33.6451	5.4033	4.82	4.48833								
2016/02/21 03:45:00		1.35557	145.255	16.7094	0.354167	1018.36	1.06458	25.4145	8.1762	34.9009	43.0771	13.442	852.08	33.4022	5.62	4.94833	4.595								
2016/02/21 03:50:00		1.20742	141.997	16.7068	0.357812	1018.34	1.00625	25.4043	7.3298	36.3181	43.6479	13.442	832.29	32.8593	6.0883	5.0083	4.61333								
2016/02/21 03:55:00		1.69648	146.575	16.7052	0.356771	1018.25	1.11563	25.3906	6.6442	35.9005	42.5447	13.442	824.58	33.1808	5.5467	4.85167	4.515								
2016/02/21 04:00:00		1.44957	141.921	16.6401	0.354167	1018.2	0.99167	25.3734	6.2578	35.0173	41.2751	13.442	837.29	32.6379	5.9617	4.875	4.575								
2016/02/21 04:05:00		1.5308	140.602	16.6047	0.355729	1018.21	1.00625	25.3509	6.9457	33.8602	40.8059	13.442	853.75	32.5557	5.7517	4.94833	4.59								
2016/02/21 04:10:00		1.43695	138.46	16.6036	0.357812	1018.25	1.06458	25.3367	7.2427	34.8701	42.1128	13.442	859.17	30.9985	5.7633	4.92167	4.50667								
2016/02/21 04:15:00		1.27456	162.312	16.6047	0.354167	1018.27	1.10833	25.3125	7.9082	35.9963	43.9046	13.5469	898.96	30.4663	5.7	4.8155	4.48217								
2016/02/21 04:20:00		1.00599	154.526	16.6047	0.359375	1018.38	1.04271	25.3047	8.6229	35.7054	44.3283	13.4754	925.21	29.9734	5.5333	4.68233	4.43767								
2016/02/21 04:25:00		1.22372	163.515	16.6078	0.358333	1018.4	1.05	25.2883	11.7719	38.3447	50.117	13.442	938.96	23.7123	5.565	4.86167	4.48833								
2016/02/21 04:30:00		1.36019	151.625	16.6802	0.357812	1018.36	1.10104	25.2746	13.2883	39.1047	52.393	13.442	1008.33	23.7373	5.9567	4.94	4.46667								
2016/02/21 04:35:00		1.64905	161.701	16.6484	0.35625	1018.32	1.07917	25.2626	16.3636	39.5053	55.869	13.4801	1012.92	21.4907	5.5617	4.745	4.395								
2016/02/21 04:40:00		0.98978	162.022	16.6083	0.357292	1018.31	1.04271	25.244	17.0962	40.8883	57.984	13.442	1046.25	23.6087	5.2683	4.70833	4.39833								
2016/02/21 04:45:00		0.90584	147.44	16.6057	0.355208	1018.33	1.05	25.2244	16.1984	41.6585	57.857	13.442	1108.54	22.9587	5.77	4.83333	4.43833								
2016/02/21 04:50:00		1.09276	171.968	16.5677	0.349479	1018.32	0.99896	25.2054	18.2932	41.3094	59.603	13.4706	1120.42	23.7444	5.34	4.65833	4.36667								
2016/02/21 04:55:00		1.2025	152.827	16.501	0.357292	1018.38	1.05	25.1802	18.3714	42.9252	61.297	13.442	1222.08	21.8157	5.68	4.72667	4.35								
2016/02/21 05:00:00		1.48373	167.152	16.5052	0.356771	1018.49	1.04271	25.1581	21.239	45.2257	66.465	13.5707	1288.33	19.0513	5.755	4.71167	4.31667								
2016/02/21 05:05:00		1.66073	164.981	16.4307	0.354167	1018.47	1.08646	25.1256	20.0732	44.2671	64.34	13.442	1391.04	22.2479	5.7717	4.745	4.36333								
2016/02/21 05:10:00		1.50085	162.48	16.401	0.357292	1018.41	1.06458	25.0851	19.995	43.2846	63.28	13.442	1391.04	22.3444	5.7767	4.55667	4.26167								
2016/02/21 05:15:00		1.64052	161.648	16.3969	0.35625	1018.35	1.11563	25.0529	25.2255	46.999	72.224	13.442	1398.54	17.5405	4.905	4.53167	4.22								
2016/02/21 05:20:00		1.40306	169.034	16.4031	0.3625	1018.33	1.13021	25.0277	24.0731	45.0476	69.121	13.442	1347.29	21.4371	5.0283	4.50667	4.20167								
2016/02/21 05:25:00		1.47701	162.382	16.3333	0.357292	1018.32	1.00625	24.9922	24.3299	45.8076	70.138	13.442	1312.71	19.3656	8.755	7.6817	7.0733								
2016/02/21 05:30:00		1.52065	158.44	16.3021	0.359375	1018.32	1.08646	24.9511	36.7026	49.0803	85.783	13.442	1283.54	14.8688	5.2083	4.54333	4.19667								
2016/02/21 05:35:00		1.60158	167.703	16.3031	0.359375	1018.22	1.05729	24.8639	31.9277	47.622	79.55	13.442	1281.04	17.2119	12.635	10.765	9.8533								
2016/02/21 05:40:00		1.63956	158.148	16.3042	0.357292	1018.22	1.10104	24.7721	31.4878	47.242	78.73	13.442	1246.46	16.6583	12.39	10.5717	9.8317								
2016/02/21 05:45:00		2.05833	157.924	16.3016	0.3625	1018.2	1.08646	24.7098	35.4877	48.3957	83.883	13.4515	1216.04	13.0116	5.3317	4.41333	4.13								
2016/02/21 05:50:00		2.13892	164.366	16.3021	0.358333	1018.27	1.02813	24.6633	33.1672	49.4021	82.569	13.442	1180.21	14.8903	5.0783	4.36833	4.10333								
2016/02/21 05:55:00		2.17334	165.336	16.3036	0.358333	1018.26	1.13021	24.6295	39.6997	47.4645	87.164	13.442	1147.92	13.0937	5.9117	4.9	4.48333								
2016/02/21 06:00:00		1.84031	161.13	16.3021	0.355208	1018.28	1.05729	24.5742	39.2441	49.5664	88.811	13.442	1180.0	10.8293	5.2367	4.45167	4.13667								
2016/02/21 06:05:00		1.72372	168.022	16.3047	0.360417	1018.44	1.09375	24.5554	35.644	47.5227	83.167	13.4754	1177.92	16.5797	5.65	4.46	4.09667								
2016/02/21 06:10:00		1.58357	162.634	16.3016	0.358854	1018.66	1.04271	24.5404	33.5625	49.5014	83.064	13.728	1199.79	13.6009	5.66	4.56833	4.11167								
2016/02/21 06:15:00		1.33557	167.357	16.3646	0.356771	1018.79	1.03542	24.5286	37.0778	50.617	87.695	13.728	1251.88	9.7399	10.3217	7.7733	6.87								
2016/02/21 06:20:00		1.19601	169.736	16.3995	0.360417	1018.9	1.07187	24.5189	46.594	53.534	100.128	13.6851	1313.96	7.3898	10.8583	7.7533	6.9617								
2016/02/21 06:25:00		1.3498	165.358	16.4354	0.355729	1018.88	1.04271	24.4977	52.242	54.585	106.827	13.6565	1356.88	5.0896	6.3517	4.59167	4.06833								
2016/02/21 06:30:00		1.3838	161.285	16.5047	0.359896	1018.86	1.17396	24.4724	61.796	55.8	117.597	13.4944	1489.58	4.78961	6.065	4.505	4.02333								
2016/02/21 06:35:00		1.31417	158.988	16.5443	0.358333	1018.78	1.10104	24.4622	60.644	56.047	116.691	13.5516	1523.13	4.82532	6.48	4.54833	3.97167								
2016/02/21 06:40:00		1.50522	144.517	16.6036	0.355729	1018.76	1.02813	24.4633	60.155	56.903	117.057	13.728	1515.42	4.90747	6.2617	4.615	4.08667								
2016/02/21 06:45:00		1.42098	149.284	16.6495	0.357812	1018.79	1.06458	24.4604	79.145	59.614	138.759	13.728	1580.83	4.72532	5.7033	4.54167	3.975								
2016/02/21 06:50:00		1.72049	136.983	16.7062	0.355208	1018.78	1.06458	24.4673	82.716	59.826	142.542	13.6327	1559.58	3.90026	6.545	4.53833	3.98833								
2016/02/21 06:55:00		1.64537	169.143	16.7099	0.357812	1019.02	1.03542	24.4754	80.364	60.374	140.738	13.728	1689.58	4.24314	6.2633	4.66333	3.965								
2016/02/21 07:00:00		1.37575	181.69	16.7099	0.354688	1019.2	1.93958	24.4797	80.157	61.336	141.492	13.728	1868.96	2.99306	10.8383	7.5917	6.4467								
2016/02/21 07:05:00		1.51788	181.301	16.7349	0.35625	1019.39	3.34687	24.4767	74.091	61.223	135.314	13.6279	1683.33	3.22164	6.33	4.54667	3.88833								
2016/02/21 07:10:00		1.50507	187.884	16.8047	0.355208	1019.58	5.9938	24.4929	69.287	63.91	133.197	13.5469	1671.67	2.62517	6.085	4.51833	3.87								
2016/02/21 07:15:00		1.32551	162.872	16.8547	0.360417	1019.39	21.7	24.4797	74.571	66.235	140.806	13.4706	1652.71	2.33944	5.5067	4.52333	3.825								
2016/02/21 07:20:00		1.6737	163.616	16.9484	0.354167	1019.48	18.7906	24.4915	76.912	67.573	144.485	13.5755	1748.75	2.42159	6.3867	4.25667	3.745								
2016/02/21 07:25:00		1.70323	158.852	17.0297	0.358333	1019.41	20.9927	24.4966	78.817	69.008	147.824	13.442	1778.54	1.88227	6.05	4.20667	3.65667								
2016/02/21 07:30:00		1.86997	166.634	17.1115	0.357812	1019.41	23.8292	24.5049	87.073	69.952	157.026	13.504	1786.04	1.53582	6.5883	4.40833	3.69667								
2016/02/21 07:35:00		1.41376	149.854	17.2167	0.354167	1019.2	32.9729	24.5194	88.46	69.562	158.022	13.6279	1905.42	2.17157	6.6733	4.49333	3.87833								
2016/02/21 07:40:00		1.49408	163.399	17.2453	0.361979	1019.29	41.7521	24.5243	88.835	69.819	158.654	13.6565	1905.63	5.1896	5.9017	4.09333	3.7								
2016/02/21 07:45:00		2.05414	166.093	17.3125	0.358333	1019.42	33.3594	24.5444	85.76	70.702	156.462	13.5373	1927.08	3.32165	6.68	4.39167	3.80833								
2016/02/21 07:50:00		2.33054	163.842	17.3161	0.355208	1019.33	45.2521	24.5597	82.607	71.489	154.096	13.728	1962.5	2.45016	5.5717	4.10167	3.57								
2016/02/21 07:55:00		1.71375	175.456	17.4078	0.355729	1019.39	62.366	24.5908	78.895	72.397	151.291	13.7137	1883.54	1.37866	5.6767	4.11333	3.68								
2016/02/21 08:00:00		1.57207	175.506	17.4292	0.360938	1019.45	73.602	24.5906	72.99	72.369	145.359	13.6279	1821.46	1.43938	6.6517	4.28167	3.60333								
2016/02/21 08:05:00		2.00243	166.68	17.5214	0.360417	1019.6	116.266	24.5855	76.329	74.416	150.745	13.647	1934.79	0.63576	6.5433	4.26667	3.75667								
2016/02/21 08:10:00		2.43086	164.908	17.6333	0.358854	1019.5	90.606	24.5871	79.102	74.553	153.656	13.5421	1964.38	0.50718	5.9283	4.265	3.64833								
2016/02/21 08:15:00		1.9034	168.7	17.7203	0.361458	1019.5	135.239	24.6115	73.718	73.451	147.169	13.647	1955.63	0.125008	13.1	6.8933	6.0317								
2016/02/21 08:20:00		2.33427	175.624	17.8255	0.360938	1019.63	132.621	24.6343	97.219	76.577	173.796	13.4515	2047.71	0.292877	5.9367	4.13667	3.59667								
2016/02/21 08:25:00		1.89357	183.254	17.9104	0.360938	1019.94	88.193	24.6499	89.697	75.122	164.819	13.442	1876.67	3.2645	5.9967	3.84	3.41								
2016/02/21 08:30:00		2.72659	175.959	17.9667	0.364062	1019.81	90.176	24.6625	81.99	74.913	156.903	13.442	1855.42	1.1215	10.4883	6.8583	5.84								
2016/02/21 08:35:00		2.95266	165.211	18.0078	0.363542	1019.76	88.659	24.6929	82.669	75.396	158.065	13.442	1882.71	0.246445	6.3717	4.06	3.46333								
2016/02/21 08:40:00		2.24275	159.862	18.0328	0.360938	1019.78	94.544	24.7235	82.059	75.96	158.02	13.4754	1972.92	0.0	8.465	6.3333	5.7067								
2016/02/21 08:45:00		3.24642	168.152	18.1182	0.360417	1019.84	81.404	24.7648	72.947	74.82	147.768	13.442	2038.33	1.52153	10.5583	6.8117	5.81								
2016/02/21 08:50:00		1.99228	159.321	18.1193	0.363021	1020.03	54.097	24.8032	71.828	75.991	147.82	13.442	2132.29	0.0	9.7967	6.46	5.72								
2016/02/21 08:55:00		1.72468	164.683	18.2193	0.363021	1019.96	73.325	24.8521	70.421	77.104	147.525	13.4611	2229.17	0.0	7.97	6.4683	5.7133								
2016/02/21 09:00:00		1.94289	171.258	18.2224	0.358854	1019.96	93.661	24.902	73.7	78.288	151.988	13.442	2250.0	0.0	5.9433	3.765	3.37833								
2016/02/21 09:05:00		1.77043	166.164	18.3177	0.361979	1020.11	95.601	24.9439	65.825	76.046	141.871	13.2275	2231.04	2.78947	9.6017	6.3317	5.65								
2016/02/21 09:10:00		2.26786	166.795	18.3849	0.360938	1020.12	156.253	24.9828	62.158	75.423	137.581	13.4754	2187.92	1.61439	6.8083	3.89167	3.40167								
2016/02/21 09:15:00		2.2666	169.81	18.5094	0.361979	1020.01	114.311	25.0247	57.479	75.779	133.258	13.5755	2224.38	2.71089	5.6367	3.79	3.305								
2016/02/21 09:20:00		2.75836	181.935	18.5172	0.360417	1020.16	113.086	25.0642	53.906	75.96	129.866	13.5898	2130.83	2.91448	5.0117	3.67167	3.17833								
2016/02/21 09:25:00		2.51313	169.188	18.6057	0.357292	1020.22	131.68	25.1219	50.116	76.097	126.213	13.4897	2244.17	2.35373	5.4217	3.46333	3.14333								
2016/02/21 09:30:00		2.1926	185.342	18.688	0.3625	1020.18	136.675	25.1557	47.4539	75.467	122.921	13.5421	2279.79	4.19671	5.6617	3.61167	3.13								
2016/02/21 09:35:00		2.72362	174.01	18.725	0.364062	1020.15	122.106	25.1826	44.3384	75.012	119.35	13.442	2218.13	5.7254	5.3233	3.69667	3.305								
2016/02/21 09:40:00		3.29929	171.993	18.8146	0.3625	1020.14	159.724	25.2357	43.3959	77.063	120.459	13.442	2307.29	4.18957	5.8433	3.44667	3.09								
2016/02/21 09:45:00		2.16942	175.919	18.8474	0.360938	1020.17	252.386	25.2835	41.4283	76.303	117.731	13.442	2191.04	3.95026	12.865	8.8867	7.7867								
2016/02/21 09:50:00		2.43129	176.717	18.9813	0.357292	1020.18	268.785	25.327	40.0883	77.799	117.887	13.442	2124.17	4.44315	6.2983	3.72333	3.19833								
2016/02/21 09:55:00		3.17846	170.486	19.1245	0.358333	1019.97	280.875	25.392	44.4098	78.891	123.301	13.442	2160.83	0.98578	11.8517	4.19	3.28								
2016/02/21 10:00:00		2.48194	150.911	19.2693	0.361979	1019.85	381.121	25.4497	52.057	79.5	131.557	13.442	2139.58	1.13936	5.3	3.71167	2.86667								
2016/02/21 10:05:00		2.3271	150.649	19.3833	0.359896	1019.98	419.285	25.5233	48.4633	78.268	126.731	13.442	2046.25	5.6539	5.61	3.33	2.825								
2016/02/21 10:10:00		3.37179	170.461	19.5089	0.363021	1020.02	416.573	25.5946	43.5835	76.734	120.318	13.442	1899.79	12.4544	5.3217	3.25167	2.81833								
2016/02/21 10:15:00		1.97509	156.811	19.6271	0.361458	1019.87	483.124	25.6725	41.1157	77.138	118.254	13.442	1930.0	6.004	4.88333	3.45	2.99								
2016/02/21 10:20:00		3.03654	159.994	19.7906	0.363021	1019.78	502.79	25.7447	53.982	82.54	136.522	13.442	2012.71	2.65018	5.2617	3.10667	2.75167								
2016/02/21 10:25:00		3.33645	164.85	19.9323	0.361979	1019.71	533.25	25.8119	45.4305	77.289	122.719	13.442	1959.17	13.1795	5.355	3.05167	2.725								
2016/02/21 10:30:00		3.71875	168.066	20.0359	0.356771	1019.62	565.55	25.8919	37.8773	74.93	112.807	13.442	1836.04	16.7118	4.07333	2.99833	2.70333								
2016/02/21 10:35:00		3.04968	161.762	20.1536	0.363021	1019.7	488.578	25.967	40.6355	79.041	119.677	13.442	1812.71	6.3683	5.48	3.27167	2.805								
2016/02/21 10:40:00		2.2691	136.892	20.2229	0.361458	1019.89	518.23	26.0468	33.94	75.214	109.154	13.442	1818.54	17.1119	4.09	2.915	2.58667								
2016/02/21 10:45:00		2.39218	160.08	20.3302	0.360938	1019.75	474.666	26.1166	28.7385	76.422	105.161	13.442	1785.0	18.2405	4.42833	2.94167	2.61333								
2016/02/21 10:50:00		3.03403	164.516	20.4141	0.364583	1019.6	513.89	26.2036	27.4923	76.371	103.863	13.442	1633.54	9.4042	2.00833	0.985	0.855								
2016/02/21 10:55:00		3.52637	169.29	20.5016	0.360417	1019.52	531.69	26.2833	28.8658	75.245	104.111	13.442	1587.92	18.7727	0.0	0.0	0.0								
2016/02/21 11:00:00		3.12305	160.03	20.501	0.361458	1019.41	544.42	26.3507	24.5711	75.413	99.984	13.442	1567.92	18.2834	0.0	0.0	0.0								
2016/02/21 11:05:00		3.05216	141.4	20.5026	0.359375	1019.3	566.68	26.4275	25.3975	77.415	102.813	13.4611	1546.46	14.0331	0.0	0.0	0.0								
2016/02/21 11:10:00		4.20188	138.438	20.6547	0.358854	1019.16	541.01	26.4908	24.1848	79.332	103.517	13.442	1634.58	10.3185	0.0	0.0	0.0								
2016/02/21 11:15:00		3.52042	135.922	20.7943	0.360417	1019.0	539.09	26.5689	23.6532	80.106	103.759	13.442	1593.13	15.051	0.0	0.0	0.0								
2016/02/21 11:20:00		3.07467	162.535	20.8875	0.361458	1018.85	560.03	26.6401	20.6874	78.014	98.702	13.442	1561.67	19.6263	8.415	5.805	5.19								
2016/02/21 11:25:00		2.93204	140.5	20.9703	0.358854	1018.79	544.48	26.7316	17.9761	78.278	96.254	13.442	1588.96	20.7621	11.5117	7.7967	6.8533								
2016/02/21 11:30:00		3.72771	137.707	21.0969	0.358854	1018.81	535.34	26.8173	15.0795	76.785	91.865	13.442	1556.25	26.8232	7.5267	4.64833	4.24								
2016/02/21 11:35:00		2.68097	155.946	21.0021	0.356771	1018.78	516.67	26.9918	13.5943	76.224	89.818	13.442	1491.04	23.8266	0.0	0.0	0.0								
2016/02/21 11:40:00		2.40181	161.194	21.0495	0.357292	1018.61	570.61	27.1655	13.8355	77.84	91.675	13.4944	1549.38	22.5408	0.0	0.0	0.0								
2016/02/21 11:45:00		2.96013	148.482	21.1359	0.364062	1018.47	599.97	27.3196	13.304	77.559	90.863	13.6327	1598.33	21.7729	0.0	0.0	0.0								
2016/02/21 11:50:00		3.45806	132.927	21.2724	0.363021	1018.4	571.08	27.4404	12.2632	74.79	87.053	13.4468	1616.67	27.0697	4.27167	1.09333	0.84833								
2016/02/21 11:55:00		3.49875	133.859	21.2693	0.359896	1018.3	534.02	27.5615	11.3118	71.527	82.839	13.442	1461.04	30.7092	2.15167	0.97	0.85167								
2016/02/21 12:00:00		4.38203	142.727	21.2057	0.360417	1018.22	580.42	27.6732	10.9858	69.922	80.907	13.442	1335.0	38.7169	0.0	0.0	0.0								
2016/02/21 12:05:00		3.88003	158.061	21.1932	0.358854	1018.12	548.0	27.7781	9.753	68.645	78.398	13.442	1240.63	35.3416	0.0	0.0	0.0								
2016/02/21 12:10:00		4.17275	156.053	21.3016	0.3625	1017.98	547.72	27.8686	14.6306	73.057	87.688	13.585	1237.71	26.9304	0.0	0.0	0.0								
2016/02/21 12:15:00		3.2239	136.084	21.3422	0.358333	1017.87	491.706	27.9712	11.9416	69.966	81.908	13.4706	1196.67	30.6485	0.0	0.0	0.0								
2016/02/21 12:20:00		3.12982	140.092	21.4911	0.356771	1017.78	491.502	28.0571	10.8562	74.481	85.338	13.5373	1218.13	24.8766	0.0	0.0	0.0								
2016/02/21 12:25:00		2.82783	131.478	21.712	0.3625	1017.6	476.372	28.1344	16.8125	78.963	95.775	13.666	1301.88	17.7226	0.0	0.0	0.0								
2016/02/21 12:30:00		2.74446	144.538	21.7443	0.366146	1017.47	444.814	28.2252	14.0834	77.295	91.379	13.6565	1256.67	29.0198	0.0	0.0	0.0								
2016/02/21 12:35:00		2.87851	159.052	21.7771	0.361458	1017.31	484.415	28.322	13.1789	76.173	89.351	13.6374	1276.04	32.2771	0.0	0.0	0.0								
2016/02/21 12:40:00		3.10385	159.678	21.8391	0.363021	1017.19	482.985	28.4123	14.7735	81.554	96.328	13.728	1345.21	20.6228	0.0	0.0	0.0								
2016/02/21 12:45:00		2.69799	141.491	21.8312	0.3625	1017.06	488.709	28.5065	13.2906	76.426	89.716	13.728	1304.79	34.4273	1.29667	0.91167	0.83833								
2016/02/21 12:50:00		2.22574	151.247	21.9115	0.358854	1016.93	476.211	28.6061	11.3744	76.779	88.153	13.728	1254.17	32.3736	4.34833	2.80167	2.43333								
2016/02/21 12:55:00		3.87503	158.081	21.9901	0.360938	1016.78	505.25	28.7164	10.3582	76.573	86.931	13.728	1209.17	33.4665	4.02333	2.84333	2.49167								
2016/02/21 13:00:00		3.00093	182.259	22.0094	0.359896	1016.57	472.93	28.8321	8.7792	72.886	81.665	13.728	1170.42	42.3278	4.39167	2.81833	2.47								
2016/02/21 13:05:00		2.46437	177.115	22.0604	0.357292	1016.37	489.723	28.9527	6.4499	68.881	75.331	13.728	1077.92	55.707	4.11167	2.65333	2.455								
2016/02/21 13:10:00		2.3683	142.113	22.2198	0.359375	1016.3	471.924	29.085	4.47784	70.096	74.574	13.6422	1103.33	44.653	5.4967	3.72667	3.32								
2016/02/21 13:15:00		2.14182	139.038	22.4708	0.358854	1016.15	490.43	29.1935	7.4169	76.217	83.634	13.7089	1141.88	26.3803	11.7367	6.64	5.7433								
2016/02/21 13:20:00		2.82354	132.757	22.6385	0.361458	1015.96	447.322	28.9946	11.9841	81.694	93.678	13.6279	1245.42	21.4764	5.0367	3.3	3.11								
2016/02/21 13:25:00		3.64807	131.312	22.7161	0.354167	1015.86	454.468	28.8727	10.8607	76.895	87.756	13.7185	1271.04	38.1561	3.59	2.64167	2.31833								
2016/02/21 13:30:00		2.93271	143.205	22.6437	0.361458	1015.75	436.136	29.0292	9.9852	75.817	85.802	13.728	1204.79	38.1954	4.01167	2.775	2.34667								
2016/02/21 13:35:00		3.25791	145.496	22.7031	0.354688	1015.65	433.519	29.23	7.5978	73.763	81.36	13.728	1191.46	42.885	4.12667	2.52667	2.33								
2016/02/21 13:40:00		3.62424	130.762	22.6484	0.358854	1015.52	460.024	29.313	7.8323	78.186	86.018	13.728	1200.83	33.9415	5.425	2.75167	2.32667								
2016/02/21 13:45:00		2.72664	129.043	22.6823	0.35625	1015.42	469.911	29.0711	6.8452	74.389	81.234	13.728	1181.46	44.1422	4.75	2.775	2.42333								
2016/02/21 13:50:00		2.9729	140.457	22.7135	0.35625	1015.24	417.9	29.03	6.5258	71.308	77.834	13.728	1165.63	46.7567	4.22333	2.69667	2.34833								
2016/02/21 13:55:00		2.59096	135.567	22.7927	0.35625	1015.13	448.277	29.2091	6.5615	75.604	82.166	13.5993	1171.04	33.6844	0.0	0.0	0.0								
2016/02/21 14:00:00		2.71076	153.597	22.8849	0.358333	1015.04	469.263	29.3941	10.2376	78.617	88.854	13.728	1213.13	25.6196	0.0	0.0	0.0								
2016/02/21 14:05:00		3.02043	130.663	22.9729	0.359375	1014.99	462.788	29.2638	11.457	81.701	93.158	13.728	1320.21	29.7413	0.0	0.0	0.0								
2016/02/21 14:10:00		2.69489	137.652	23.1089	0.359375	1014.93	483.547	29.0547	10.5324	81.273	91.806	13.728	1409.58	36.8989	0.0	0.0	0.0								
2016/02/21 14:15:00		3.81459	136.844	23.1172	0.360938	1014.82	476.634	29.1922	9.8244	82.112	91.936	13.728	1436.88	32.4629	0.0	0.0	0.0								
2016/02/21 14:20:00		2.76547	160.09	23.1219	0.356771	1014.79	452.958	29.4303	10.7803	81.397	92.177	13.6231	1399.38	30.8128	0.0	0.0	0.0								
2016/02/21 14:25:00		2.42041	168.931	23.1635	0.361458	1014.7	443.516	29.4145	12.1873	85.761	97.949	13.728	1444.38	25.2552	1.3	0.81	0.725								
2016/02/21 14:30:00		2.7647	136.219	23.4125	0.357292	1014.64	443.712	29.157	11.4816	84.988	96.469	13.728	1471.67	25.7267	3.60167	2.47	2.20833								
2016/02/21 14:35:00		2.37625	124.229	23.5193	0.357812	1014.6	443.151	29.2322	12.1471	84.522	96.669	13.728	1539.79	27.0947	11.26	4.13	2.53667								
2016/02/21 14:40:00		2.63902	140.538	23.6693	0.361979	1014.45	439.104	29.5017	12.0109	88.038	100.049	13.728	1572.29	25.5053	0.0	0.0	0.0								
2016/02/21 14:45:00		2.48767	149.464	23.8068	0.358333	1014.34	360.464	29.5509	13.9561	91.465	105.421	13.728	1603.54	17.0083	0.0	0.0	0.0								
2016/02/21 14:50:00		2.80766	127.981	23.7896	0.358854	1014.3	350.86	29.3068	14.1124	88.466	102.578	13.728	1646.46	30.0341	0.0	0.0	0.0								
2016/02/21 14:55:00		2.1511	148.528	23.5656	0.35625	1014.18	398.059	29.3165	10.0098	81.681	91.691	13.4706	1627.08	43.2493	0.0	0.0	0.0								
2016/02/21 15:00:00		2.49092	146.658	23.5182	0.356771	1014.1	386.677	29.5635	11.9774	84.789	96.766	13.728	1588.96	24.6088	0.0	0.0	0.0								
2016/02/21 15:05:00		2.1657	148.898	23.5151	0.355208	1013.98	369.709	29.6647	17.391	90.612	108.003	13.5373	1596.25	17.0011	0.0	0.0	0.0								
2016/02/21 15:10:00		3.11861	126.372	23.5146	0.35625	1013.93	356.183	29.4158	13.8422	89.137	102.979	13.728	1633.75	29.5698	3.965	2.46	2.145								
2016/02/21 15:15:00		3.33479	149.234	23.4312	0.358333	1013.91	337.509	29.3552	11.83	83.608	95.438	13.728	1526.46	36.8667	9.865	6.22	5.7067								
2016/02/21 15:20:00		1.86686	127.375	23.2896	0.354688	1013.84	326.222	29.5662	10.5614	85.655	96.217	13.728	1532.29	30.3163	7.745	4.875	4.355								
2016/02/21 15:25:00		3.02176	135.665	23.2198	0.355208	1013.78	314.701	29.7012	9.3733	84.495	93.868	13.7232	1529.79	31.3878	0.0	0.0	0.0								
2016/02/21 15:30:00		3.19881	141.029	23.2198	0.359375	1013.77	296.333	29.4706	9.0383	82.598	91.636	13.728	1576.25	34.9166	0.0	0.0	0.0								
2016/02/21 15:35:00		2.56695	135.768	23.238	0.35625	1013.74	280.962	29.3272	8.777	82.889	91.666	13.728	1548.54	29.4984	0.0	0.0	0.0								
2016/02/21 15:40:00		2.92072	146.62	23.2177	0.355208	1013.71	264.454	29.4864	8.2142	81.482	89.696	13.728	1493.96	35.1952	0.0	0.0	0.0								
2016/02/21 15:45:00		3.02159	154.162	23.1693	0.356771	1013.7	229.636	29.666	11.6826	83.235	94.917	13.728	1491.88	22.1122	8.21	4.825	4.215								
2016/02/21 15:50:00		3.2069	149.147	23.1719	0.356771	1013.75	155.043	29.5294	15.745	86.34	102.085	13.728	1581.67	25.5196	13.82	6.34	5.5167								
2016/02/21 15:55:00		2.35586	136.893	23.1521	0.357812	1013.72	138.571	29.2826	12.0176	85.012	97.029	13.728	1601.67	27.9233	10.525	6.3033	5.5467								
2016/02/21 16:00:00		3.48426	137.308	23.1161	0.354688	1013.65	128.107	29.3463	11.2828	84.358	95.641	13.728	1545.83	25.6017	11.855	7.06	6.225								
2016/02/21 16:05:00		2.8449	139.85	23.0016	0.354688	1013.6	121.384	29.47	12.031	85.265	97.296	13.728	1516.04	22.4729	6.155	3.115	2.77167								
2016/02/21 16:10:00		3.45042	136.632	22.8677	0.356771	1013.57	115.048	29.5737	10.4833	82.071	92.554	13.728	1524.58	30.7378	4.15333	2.44167	2.06333								
2016/02/21 16:15:00		2.56121	144.307	22.6531	0.353646	1013.59	108.609	29.3648	9.1879	80.801	89.989	13.728	1510.0	25.7267	3.00833	1.60667	1.39167								
2016/02/21 16:20:00		4.04559	146.065	22.5953	0.355729	1013.65	102.535	29.1291	10.7803	83.262	94.043	13.6327	1583.33	22.8444	11.6583	6.9283	6.0067								
2016/02/21 16:25:00		2.28163	143.533	22.4547	0.355729	1013.74	113.903	29.1548	9.38	78.487	87.867	13.6994	1505.83	33.8737	11.035	8.055	6.755								
2016/02/21 16:30:00		2.94768	147.062	22.4141	0.358333	1013.76	128.122	29.2322	9.5966	81.797	91.394	13.728	1503.13	23.9945	10.0433	5.925	5.275								
2016/02/21 16:35:00		3.07706	135.23	22.3474	0.359375	1013.77	91.642	29.2912	9.7842	79.801	89.586	13.728	1487.71	27.3268	9.0533	6.6183	5.8333								
2016/02/21 16:40:00		3.43691	137.482	22.2406	0.359375	1013.72	81.535	29.3382	8.4755	78.856	87.332	13.728	1494.38	29.9413	9.5633	6.12	5.3467								
2016/02/21 16:45:00		2.40183	142.057	22.1313	0.355729	1013.65	68.833	29.3718	8.2611	78.435	86.697	13.728	1533.33	31.7557	9.8333	6.78	6.0267								
2016/02/21 16:50:00		2.66608	136.67	22.0839	0.358333	1013.66	60.528	29.3825	7.8658	79.305	87.171	13.728	1605.42	29.0269	10.1367	6.8417	6.1533								
2016/02/21 16:55:00		3.33091	141.445	22.013	0.352604	1013.69	53.368	29.3785	8.7859	81.232	90.018	13.728	1703.33	23.248	3.67	2.805	2.4								
2016/02/21 17:00:00		3.23093	134.785	21.9307	0.360417	1013.71	46.6958	29.367	8.27	76.977	85.247	13.728	1645.42	31.6271	0.0	0.0	0.0								
2016/02/21 17:05:00		3.18709	133.637	21.8573	0.358854	1013.75	39.7323	29.3455	10.2398	79.986	90.226	13.728	1636.67	22.3586	0.0	0.0	0.0								
2016/02/21 17:10:00		2.86284	138.593	21.8073	0.354167	1013.8	33.8917	29.3154	8.3125	76.915	85.228	13.6994	1648.13	28.5626	0.0	0.0	0.0								
2016/02/21 17:15:00		3.14774	141.306	21.7156	0.35625	1013.78	27.5625	29.2821	8.1494	76.45	84.599	13.728	1657.29	26.6375	0.0	0.0	0.0								
2016/02/21 17:20:00		2.51827	141.935	21.6958	0.357812	1013.72	20.8542	29.2418	9.6525	81.308	90.96	13.728	1763.75	14.8117	0.0	0.0	0.0								
2016/02/21 17:25:00		3.36101	138.233	21.6094	0.355729	1013.76	14.7948	29.1932	11.0438	81.373	92.416	13.7089	1818.54	17.369	0.0	0.0	0.0								
2016/02/21 17:30:00		3.1989	135.758	21.537	0.355729	1013.76	8.7719	29.1406	11.2426	80.017	91.26	13.504	1778.33	18.9763	0.0	0.0	0.0								
2016/02/21 17:35:00		3.54758	136.819	21.437	0.350521	1013.86	3.34687	28.7755	12.2297	83.837	96.067	13.728	1712.29	18.8084	7.4517	4.58833	4.10333								
2016/02/21 17:40:00		3.19342	143.432	21.3349	0.360417	1013.86	1.07917	28.3068	10.6753	77.939	88.614	13.728	1672.92	32.3986	13.4167	7.51	6.705								
2016/02/21 17:45:00		2.77654	144.837	21.226	0.356771	1013.84	1.05729	28.1583	10.7937	79.459	90.253	13.728	1653.33	21.4264	4.755	3.1	2.545								
2016/02/21 17:50:00		2.48642	139.393	21.1448	0.353125	1013.93	1.02083	28.1374	10.9567	78.415	89.372	13.728	1641.04	23.1944	0.0	0.0	0.0								
2016/02/21 17:55:00		2.45203	143.05	21.0568	0.355729	1014.02	1.05	27.958	11.0349	80.027	91.062	13.728	1603.13	17.3619	0.0	0.0	0.0								
2016/02/21 18:00:00		2.61878	144.247	20.987	0.355208	1014.06	1.04271	27.8004	10.8629	77.552	88.415	13.728	1669.79	21.0228	0.0	0.0	0.0								
2016/02/21 18:05:00		3.60994	145.008	20.899	0.355208	1014.09	1.06458	27.8079	10.7178	78.795	89.513	13.728	1650.63	17.1226	4.425	2.865	2.66								
2016/02/21 18:10:00		2.62616	139.387	20.7984	0.357812	1014.15	1.06458	27.7972	13.5541	79.055	92.609	13.728	1610.21	16.9797	8.7	2.785	2.56								
2016/02/21 18:15:00		3.01576	139.242	20.75	0.355729	1014.2	0.99167	27.7789	11.2091	75.591	86.8	13.728	1609.58	23.1623	0.0	0.0	0.0								
2016/02/21 18:20:00		2.77021	138.882	20.7026	0.358333	1014.27	1.03542	27.7696	10.012	76.453	86.465	13.728	1655.42	20.6121	0.0	0.0	0.0								
2016/02/21 18:25:00		3.15339	135.198	20.6266	0.359375	1014.3	1.08646	27.7489	13.63	79.127	92.757	13.728	1761.67	13.0937	0.0	0.0	0.0								
2016/02/21 18:30:00		3.46775	137.682	20.5516	0.355729	1014.32	1.07187	27.733	12.6206	76.563	89.183	13.728	1707.71	27.934	0.0	0.0	0.0								
2016/02/21 18:35:00		3.99962	139.932	20.426	0.358333	1014.31	1.04271	27.7011	10.5436	73.413	83.957	13.728	1668.96	31.3699	0.0	0.0	0.0								
2016/02/21 18:40:00		3.82042	138.137	20.2651	0.361979	1014.42	1.08646	27.6761	8.7837	72.116	80.9	13.7089	1610.63	36.5739	3.67368	2.27193	2.04211								
2016/02/21 18:45:00		3.81279	135.638	20.1536	0.361979	1014.54	1.10104	27.656	8.9601	73.982	82.942	13.728	1527.92	30.5449	5.2167	3.36683	2.95867								
2016/02/21 18:50:00		3.4551	130.798	20.0365	0.359375	1014.63	1.05	27.6187	12.7992	76.066	88.866	13.728	1473.33	22.1336	3.24833	2.26733	1.991								
2016/02/21 18:55:00		2.42772	140.847	19.9406	0.361979	1014.73	1.1375	27.5878	9.8043	73.653	83.457	13.728	1462.08	25.3874	0.0	0.0	0.0								
2016/02/21 19:00:00		3.12492	143.825	19.8682	0.359375	1014.8	1.00625	27.5505	10.4073	73.769	84.177	13.5373	1520.63	19.7227	0.0	0.0	0.0								
2016/02/21 19:05:00		3.62709	140.79	19.7932	0.357292	1014.88	1.06458	27.5129	13.5072	75.817	89.324	13.728	1523.96	17.9226	0.0	0.0	0.0								
2016/02/21 19:10:00		2.91487	132.573	19.7271	0.360417	1014.93	1.12292	27.4737	10.8674	72.308	83.175	13.728	1459.17	24.7517	0.0	0.0	0.0								
2016/02/21 19:15:00		2.69925	140.138	19.6677	0.358854	1014.94	1.08646	27.4399	10.6843	71.644	82.328	13.728	1418.75	25.6267	3.26833	2.42333	2.13333								
2016/02/21 19:20:00		3.36175	138.834	19.5974	0.356771	1014.95	1.04271	27.4173	9.7396	70.346	80.086	13.728	1424.79	25.4981	4.80333	3.44667	3.04								
2016/02/21 19:25:00		3.99982	134.926	19.4896	0.353646	1014.97	1.06458	27.3827	9.4939	67.269	76.762	13.728	1394.79	29.9056	6.1717	3.38333	2.94333								
2016/02/21 19:30:00		4.26999	137.031	19.4161	0.357292	1015.05	1.07917	27.3523	10.6731	70.63	81.303	13.728	1313.54	20.9371	5.2583	3.38	2.92167								
2016/02/21 19:35:00		2.89724	138.935	19.3214	0.359375	1015.14	1.04271	27.311	9.1455	67.289	76.435	13.728	1240.21	27.6483	7.495	4.605	3.955								
2016/02/21 19:40:00		2.5901	145.505	19.2656	0.358854	1015.24	1.03542	27.2605	8.8641	67.515	76.379	13.728	1176.25	20.9835	10.405	7.8083	6.8833								
2016/02/21 19:45:00		3.57878	142.197	19.2094	0.354688	1015.33	1.07187	27.2165	10.5771	67.909	78.486	13.728	1151.25	22.055	5.57	4.69833	4.03667								
2016/02/21 19:50:00		3.46325	142.526	19.126	0.357292	1015.41	1.13021	27.1564	8.0087	64.701	72.71	13.728	1096.67	26.7875	4.67667	3.38	2.995								
2016/02/21 19:55:00		3.25747	138.284	19.037	0.357812	1015.5	1.07187	27.1105	9.7306	64.595	74.326	13.728	1057.71	21.1086	4.505	3.46333	3.07								
2016/02/21 20:00:00		3.06772	136.236	19.0224	0.356771	1015.58	1.05	27.0463	11.7429	66.621	78.364	13.728	1053.75	18.3012	4.03333	3.32833	2.96								
2016/02/21 20:05:00		2.90777	140.009	18.9208	0.35625	1015.65	0.99167	27.0009	11.9818	65.79	77.771	13.728	1075.42	18.9334	4.54746	3.45763	3.06102								
2016/02/21 20:10:00		3.20934	140.352	18.9214	0.363021	1015.63	1.05729	26.9555	10.0321	64.259	74.292	13.728	1031.67	23.5908	4.5025	3.32083	2.9825								
2016/02/21 20:15:00		3.97423	134.683	18.837	0.359896	1015.73	1.03542	26.8868	9.9227	62.63	72.553	13.728	983.96	21.3264	4.497	3.3145	2.94833								
2016/02/21 20:20:00		3.30223	134.343	18.8208	0.357292	1015.86	1.04271	26.8259	9.3822	64.198	73.58	13.728	973.75	21.1907	4.4825	3.30983	2.97517								
2016/02/21 20:25:00		2.83695	137.749	18.7292	0.358854	1015.96	1.03542	26.7566	8.873	62.346	71.219	13.728	974.38	19.9335	4.49867	3.35917	3.01517								
2016/02/21 20:30:00		2.48543	132.348	18.7271	0.357812	1016.08	1.06458	26.7064	9.715	63.804	73.519	13.728	990.42	13.9224	4.765	3.5325	3.0865								
2016/02/21 20:35:00		2.65459	139.295	18.7224	0.360417	1016.12	1.05	26.6559	10.7178	65.885	76.603	13.728	1070.42	10.6329	5.4917	3.66167	2.99333								
2016/02/21 20:40:00		2.06086	133.969	18.7281	0.361458	1016.2	1.04271	26.6014	11.6156	66.166	77.782	13.7185	1155.63	9.4578	4.61833	3.30167	2.85333								
2016/02/21 20:45:00		2.78028	130.656	18.7203	0.356771	1016.3	1.11563	26.5762	14.7154	69.706	84.421	13.5278	1173.13	3.91097	4.86167	3.61333	2.955								
2016/02/21 20:50:00		2.69647	127.627	18.6224	0.35625	1016.33	1.07187	26.5469	15.3296	68.049	83.379	13.728	1196.25	8.4791	4.165	3.21667	2.81833								
2016/02/21 20:55:00		1.96551	124.8	18.6224	0.363021	1016.31	1.05	26.5166	17.2123	70.801	88.014	13.728	1286.46	1.76797	3.88	3.105	2.74833								
2016/02/21 21:00:00		2.49188	126.771	18.6229	0.356771	1016.35	1.07917	26.4833	18.923	71.678	90.601	13.6422	1336.67	2.44659	3.785	3.01167	2.70167								
2016/02/21 21:05:00		3.06513	136.47	18.5901	0.359896	1016.3	1.12292	26.4519	17.8912	68.035	85.927	13.6803	1298.96	9.197	3.69167	2.95333	2.65333								
2016/02/21 21:10:00		3.23782	134.854	18.5115	0.357812	1016.32	1.06458	26.4202	15.544	67.505	83.049	13.728	1260.21	11.8687	4.02167	3.13333	2.77333								
2016/02/21 21:15:00		3.56978	139.857	18.4651	0.359896	1016.25	1.00625	26.384	16.0108	68.973	84.984	13.6041	1217.71	6.9255	4.23183	3.16883	2.71883								
2016/02/21 21:20:00		2.81009	141.129	18.4094	0.358854	1016.29	1.07187	26.3579	14.4698	66.645	81.115	13.6946	1159.17	13.8366	5.66	3.95717	2.77967								
2016/02/21 21:25:00		3.0376	133.743	18.3693	0.355729	1016.4	1.07917	26.3238	12.4084	62.904	75.312	13.6136	1141.88	16.3332	4.4	3.3025	2.72183								
2016/02/21 21:30:00		1.89516	134.719	18.3167	0.3625	1016.49	1.07917	26.2865	10.8294	63.256	74.086	13.442	1116.88	11.8151	5.0817	3.48	2.755								
2016/02/21 21:35:00		1.96035	143.039	18.3193	0.360417	1016.57	1.00625	26.2395	13.1499	65.653	78.803	13.442	1169.38	4.36815	4.585	3.3	2.84333								
2016/02/21 21:40:00		2.33287	134.174	18.3182	0.358333	1016.57	1.03542	26.2065	12.8997	65.584	78.484	13.5802	1153.33	6.0433	4.67833	3.35333	2.83								
2016/02/21 21:45:00		2.43389	138.685	18.2286	0.359896	1016.58	1.05729	26.1864	13.3486	65.379	78.727	13.523	1115.21	9.4328	4.81833	3.30333	2.82667								
2016/02/21 21:50:00		2.60744	140.776	18.2219	0.360938	1016.54	1.09375	26.1512	12.9801	65.79	78.77	13.442	1125.42	4.30743	4.76833	3.18	2.72333								
2016/02/21 21:55:00		1.99018	132.071	18.2172	0.359375	1016.55	1.07917	26.1139	13.2325	64.478	77.711	13.4325	1142.29	5.6897	4.50833	3.43333	3.00667								
2016/02/21 22:00:00		1.61047	138.711	18.175	0.364062	1016.59	1.10104	26.097	13.0873	62.325	75.413	13.442	1147.5	9.7006	4.11433	3.25433	2.82717								
2016/02/21 22:05:00		2.3059	140.218	18.1167	0.358333	1016.6	1.10104	26.0674	11.7049	62.086	73.79	13.442	1115.0	8.4827	4.05283	3.21217	2.82933								
2016/02/21 22:10:00		2.05502	137.939	18.0526	0.360938	1016.65	1.05729	26.0427	10.72	59.717	70.437	13.442	1088.96	11.7722	3.88967	3.19417	2.83067								
2016/02/21 22:15:00		1.63281	140.981	18.0078	0.361979	1016.68	1.10104	26.01	10.3805	59.361	69.741	13.442	1062.71	8.2184	3.89233	3.2085	2.83233								
2016/02/21 22:20:00		1.93193	139.616	17.9672	0.360938	1016.67	1.08646	25.9896	11.093	60.538	71.631	13.442	1081.88	4.82889	4.11017	3.14217	2.8445								
2016/02/21 22:25:00		1.98646	147.073	17.9104	0.360417	1016.72	1.02813	25.9448	11.3118	61.124	72.435	13.442	1104.17	4.74674	3.775	3.15667	2.83167								
2016/02/21 22:30:00		1.69983	137.372	17.9089	0.363542	1016.69	1.04271	25.9203	11.9215	60.511	72.432	13.442	1132.71	4.03956	4.22667	3.285	2.86								
2016/02/21 22:35:00		1.9237	136.08	17.9094	0.3625	1016.76	1.06458	25.8929	13.094	62.462	75.556	13.442	1110.83	3.52523	3.945	3.28667	2.92								
2016/02/21 22:40:00		1.65892	137.769	17.8667	0.363021	1016.9	1.09375	25.8755	11.9126	58.967	70.88	13.442	1129.79	8.0862	3.745	3.16667	2.87333								
2016/02/21 22:45:00		1.39025	133.853	17.8151	0.357812	1016.95	1.06458	25.8414	11.9037	60.347	72.25	13.442	1090.42	7.5719	3.8075	3.20933	2.92867								
2016/02/21 22:50:00		0.98114	138.744	17.812	0.359375	1017.0	1.02813	25.8113	12.2833	58.395	70.679	13.442	1075.63	6.8826	3.9325	3.30133	2.97083								
2016/02/21 22:55:00		1.51406	142.983	17.812	0.361979	1016.92	1.05729	25.7743	11.0706	57.707	68.778	13.442	1084.79	8.7577	4.52707	3.60724	3.18586								
2016/02/21 23:00:00		1.3509	155.845	17.812	0.360417	1016.82	1.07917	25.7536	11.4816	58.368	69.849	13.442	1042.71	8.0863	4.937	4.107	3.704								
2016/02/21 23:05:00		1.07197	155.059	17.7547	0.360938	1016.73	0.99167	25.7262	13.5452	58.474	72.019	13.3896	975.42	5.0968	4.42232	3.64107	3.29554								
2016/02/21 23:10:00		1.21409	155.87	17.7161	0.359896	1016.76	1.1375	25.6859	14.4028	59.463	73.866	13.4372	943.96	4.4503	3.86017	3.33467	3.0785								
2016/02/21 23:15:00		1.10809	157.072	17.7182	0.352604	1016.71	1.02083	25.6671	13.6144	58.515	72.129	13.442	953.54	6.4254	4.21267	3.36783	3.0765								
2016/02/21 23:20:00		1.03616	159.862	17.6365	0.355208	1016.68	1.01354	25.6223	13.7573	59.71	73.467	13.4706	1005.42	3.97527	4.27217	3.44283	3.11817								
2016/02/21 23:25:00		1.25892	153.332	17.6167	0.356771	1016.63	1.07917	25.5769	13.2816	57.646	70.927	13.442	947.71	7.4005	4.32717	3.5045	3.166								
2016/02/21 23:30:00		1.57126	163.098	17.5958	0.351042	1016.57	1.02813	25.5343	14.0432	56.444	70.487	13.442	935.42	4.91818	4.22217	3.47183	3.1265								
2016/02/21 23:35:00		1.30048	167.484	17.5078	0.354688	1016.72	1.04271	25.3654	15.4614	56.019	71.481	13.442	914.58	7.1255	4.12833	3.43717	3.09317								
2016/02/21 23:40:00		1.57377	171.198	17.5052	0.352083	1016.73	1.05729	25.3018	15.1063	55.366	70.472	13.442	875.0	7.7041	4.08867	3.40367	3.06333								
2016/02/21 23:45:00		1.23589	164.885	17.5104	0.356771	1016.71	1.06458	25.3324	14.5904	55.455	70.045	13.442	864.17	6.2254	3.93783	3.31667	2.968								
2016/02/21 23:50:00		1.36658	165.007	17.4177	0.358854	1016.75	1.01354	25.3804	13.3598	53.627	66.986	13.442	819.58	8.0434	4.19667	3.26167	2.88								
2016/02/21 23:55:00		2.0525	166.701	17.4083	0.352083	1016.77	1.02813	25.4226	10.921	52.264	63.185	13.442	795.42	11.015	4.13833	3.25	2.86167								
2016/02/22 00:00:00		2.06392	164.038	17.3932	0.354167	1016.6	1.02083	25.4521	10.0746	51.638	61.712	13.442	762.92	10.1507	3.65167	3.15333	2.82667								
