-- 1st mean values --
Format: XTAB(V:1;HEAD:2;COL:TCFFFFFFFFFFFFFFFFFFFFFFFF)
StartTime: 2016/07/11 00:00:00
EndTime: 2016/07/12 00:00:00
Period: 24 h
Station: Gia Lam

Time	MeasPt	Wind Spd.	Wind Dir.	Temp	RH	Barometer	Radiation	InnerTemp	NO	NO2	NOx	SO2	CO	O3	PM-10	PM-2.5	PM-1	CH4	NMHC	THC	BENZEN	TOLUEN	ETHYL BENZEN	MP-XYLEN	O-XYLEN
		m/s	degree	°C	%	hPa	W/m²	°C	µg/m3	µg/m3	µg/m3	µg/m3	µg/m3	µg/m3	µg/m3	µg/m3	µg/m3	ppm	ppmC	ppmC	ug/m3	ug/m3	ug/m3	ug/m3	ug/m3
2016/07/11 00:05:00		2.73665	127.039	32.626	0.357812	998.61	1.14479	28.1575	10.2421	7.3602	17.6022	25.1775	1086.88	18.9834	19.21	12.9833	8.605								
2016/07/11 00:10:00		2.42334	129.084	32.5969	0.360417	998.58	1.15937	28.1988	10.7267	6.8467	17.5734	25.3205	1049.38	18.862	19.1992	12.9958	8.4								
2016/07/11 00:15:00		1.92722	100.759	32.5969	0.357292	998.54	1.09375	28.2407	10.6418	5.9224	16.5642	25.0726	970.21	19.2477	22.5833	15.1817	9.0033								
2016/07/11 00:20:00		2.01901	97.083	32.6016	0.355729	998.52	1.08646	28.2692	10.2153	6.6413	16.8565	25.1585	946.25	19.4834	22.6442	15.395	10.3833								
2016/07/11 00:25:00		1.80194	123.222	32.5458	0.354167	998.46	1.07917	28.2727	9.5386	6.2681	15.8067	25.2157	893.75	19.0906	23.4617	16.0808	11.0375								
2016/07/11 00:30:00		1.91812	122.477	32.4432	0.358854	998.35	1.16667	28.2772	9.4448	6.2647	15.7095	28.0089	907.5	19.7013	25.89	17.535	11.2717								
2016/07/11 00:35:00		2.13227	125.087	32.3865	0.353646	998.32	1.14479	28.2692	9.7842	6.2989	16.0832	30.6497	872.29	20.9943	22.9125	15.5658	10.3158								
2016/07/11 00:40:00		1.82022	126.943	32.3	0.358854	998.35	1.07187	28.2729	9.8222	5.5218	15.344	29.9919	844.17	18.7584	22.3492	15.1858	10.3492								
2016/07/11 00:45:00		1.70571	122.721	32.2224	0.355208	998.27	1.07187	28.267	9.2683	6.162	15.4303	28.8193	816.46	19.1191	25.0008	17.1433	10.825								
2016/07/11 00:50:00		1.68402	124.83	32.1875	0.354167	998.26	1.07917	28.2555	9.6368	6.5625	16.1994	28.1376	816.88	18.8798	24.71	16.8108	11.2042								
2016/07/11 00:55:00		2.01811	131.948	32.1781	0.360417	998.27	1.15208	28.2445	10.2979	6.2065	16.5044	27.7658	791.04	18.7655	24.53	16.8683	11.4667								
2016/07/11 01:00:00		1.67811	121.756	32.0922	0.354688	998.3	1.1375	28.2305	10.5704	5.5766	16.147	27.1891	751.67	19.5263	25.4608	17.4508	11.6983								
2016/07/11 01:05:00		1.83362	93.677	32.126	0.359896	998.25	1.12292	28.2136	10.2175	5.6725	15.89	26.9126	772.29	19.2406	27.125	18.5383	12.3292								
2016/07/11 01:10:00		2.81695	94.082	32.1828	0.35625	998.17	1.10104	28.2013	10.2398	5.6074	15.8473	26.946	760.63	19.2656	27.0158	18.4758	12.2067								
2016/07/11 01:15:00		2.6026	97.73	32.0979	0.3625	998.06	1.15208	28.1857	10.0522	6.0456	16.0978	26.4121	756.67	18.9798	26.3233	18.1208	11.49								
2016/07/11 01:20:00		1.69821	106.954	32.0245	0.354688	998.01	1.15208	28.1586	10.5793	5.7272	16.3065	26.1833	746.88	19.0156	23.91	16.3233	10.44								
2016/07/11 01:25:00		1.60001	130.548	31.9484	0.361979	997.98	1.08646	28.1427	11.792	5.3267	17.1187	26.0117	707.08	18.5655	20.4925	14.0825	9.4967								
2016/07/11 01:30:00		1.66577	119.378	31.888	0.360938	997.85	1.10833	28.1328	11.6602	5.3199	16.9801	25.6208	702.29	18.3298	19.0033	13.2783	8.9708								
2016/07/11 01:35:00		1.60077	117.686	31.8297	0.358333	997.82	1.10833	28.1186	10.0589	4.76528	14.8242	26.1213	701.04	19.4192	18.7675	13.0967	8.8783								
2016/07/11 01:40:00		1.26731	127.997	31.7922	0.355208	997.84	1.13021	28.1027	10.0634	5.0391	15.1025	25.6733	685.83	19.6513	21.655	14.5933	9.125								
2016/07/11 01:45:00		1.41155	120.471	31.7906	0.358854	997.86	1.12292	28.1258	9.8914	4.94329	14.8347	25.535	656.25	20.0192	24.0833	16.1867	9.3775								
2016/07/11 01:50:00		1.48847	119.806	31.7917	0.358854	997.81	1.17396	28.1978	9.2304	4.57015	13.8005	25.8401	678.75	19.6013	23.9683	16.0383	9.2617								
2016/07/11 01:55:00		1.49194	100.962	31.7891	0.358854	997.85	1.18854	28.2568	9.6145	3.64927	13.2638	25.6018	696.88	19.7477	22.3908	15.055	9.015								
2016/07/11 02:00:00		1.74994	90.793	31.7953	0.360938	997.95	1.09375	28.3153	9.6368	4.45033	14.0872	25.5017	721.25	19.5763	18.9375	12.8942	8.1325								
2016/07/11 02:05:00		2.09139	94.68	31.7906	0.353125	997.9	1.10833	28.3575	9.2974	3.06731	12.3647	25.4206	681.67	19.0334	18.7525	12.8067	7.7975								
2016/07/11 02:10:00		1.32256	98.248	31.7938	0.357292	997.83	1.11563	28.3959	9.648	3.47468	13.1227	25.5207	666.25	19.3691	18.1725	12.2792	7.68								
2016/07/11 02:15:00		1.31963	116.522	31.7036	0.361979	997.79	1.07187	28.4294	10.1259	2.59831	12.7242	25.2156	651.04	19.3299	18.0508	12.3767	7.6708								
2016/07/11 02:20:00		2.06392	121.673	31.6974	0.364062	997.67	1.1375	28.466	9.7016	4.29286	13.9945	25.2109	636.25	19.5727	18.4925	12.6683	7.7933								
2016/07/11 02:25:00		2.1799	126.997	31.6542	0.354688	997.6	1.15937	28.4949	9.1812	3.70062	12.8819	25.3253	609.58	19.762	17.1933	11.8025	7.7417								
2016/07/11 02:30:00		1.45896	127.565	31.5953	0.360938	997.64	1.19583	28.5197	8.9021	3.48153	12.3836	25.2585	623.33	19.2441	18.7583	12.775	8.0733								
2016/07/11 02:35:00		1.41484	124.322	31.6078	0.3625	997.68	1.14479	28.5307	8.6631	4.197	12.8601	25.392	611.88	19.712	21.7283	14.5883	8.49								
2016/07/11 02:40:00		1.26439	103.869	31.6948	0.357292	997.64	1.15208	28.5156	9.5229	3.37883	12.9018	25.4206	579.17	18.6334	53.832	35.9033	12.535								
2016/07/11 02:45:00		1.12659	111.178	31.6943	0.359375	997.58	1.1375	28.5054	10.1818	3.78278	13.9646	25.4969	572.08	18.8155	23.9133	15.9967	8.9183								
2016/07/11 02:50:00		1.74254	88.84	31.6193	0.357812	997.62	1.18125	28.4904	10.5748	3.56711	14.142	25.3634	556.04	19.1048	23.14	15.4683	9.025								
2016/07/11 02:55:00		1.83919	94.625	31.5995	0.360417	997.6	1.07917	28.4748	10.1304	4.15935	14.2898	25.3301	557.71	18.737	22.8317	15.4117	9.1067								
2016/07/11 03:00:00		1.59579	107.108	31.5906	0.357812	997.53	1.15208	28.4541	9.7999	4.05665	13.8565	25.4445	557.29	18.6941	22.9017	15.4067	9.2817								
2016/07/11 03:05:00		1.3507	115.168	31.487	0.357292	997.56	1.07917	28.4321	9.3465	3.88206	13.2286	25.3682	536.67	19.8013	24.2342	16.305	9.9983								
2016/07/11 03:10:00		1.30176	121.308	31.4776	0.359375	997.55	1.07917	28.4147	9.6301	3.4473	13.0774	25.311	550.21	19.0156	23.6217	15.8958	9.43								
2016/07/11 03:15:00		1.3223	98.49	31.3839	0.360938	997.54	1.10104	28.3999	9.5698	3.88548	13.4553	25.3253	539.79	18.7263	25.3867	17.0167	9.71								
2016/07/11 03:20:00		1.80306	97.954	31.4438	0.355208	997.5	1.16667	28.38	9.9205	3.52603	13.4465	25.4397	573.13	18.9513	22.1883	15.0633	9.4308								
2016/07/11 03:25:00		1.56567	94.25	31.4635	0.357812	997.47	1.18125	28.3677	9.6793	4.4161	14.0954	25.3491	570.83	19.2513	19.87	13.5692	8.92								
2016/07/11 03:30:00		1.2947	92.232	31.387	0.356771	997.47	1.11563	28.3497	8.6296	3.38225	12.0119	25.3491	557.92	19.0548	21.4925	14.6342	9.2083								
2016/07/11 03:35:00		1.05603	97.649	31.3521	0.355729	997.55	1.14479	28.3282	8.7725	2.65308	11.4256	25.5446	577.08	18.7798	20.3867	13.9842	8.7125								
2016/07/11 03:40:00		1.11578	126.387	31.2875	0.356771	997.55	1.14479	28.2982	9.2013	2.29706	11.4984	25.5255	591.67	19.3941	24.6067	16.875	10.9425								
2016/07/11 03:45:00		1.42889	117.904	31.2885	0.358333	997.55	1.10104	28.2692	8.2946	3.60477	11.8994	25.6065	629.79	19.4942	23.6542	15.9775	9.38								
2016/07/11 03:50:00		0.94142	110.078	31.2432	0.357292	997.62	1.09375	28.2394	8.4487	3.53288	11.9816	25.3301	647.08	18.9191	24.6283	16.6208	9.6025								
2016/07/11 03:55:00		0.91458	110.761	31.1885	0.357812	997.67	1.06458	28.2141	8.7011	3.19397	11.895	25.6828	662.92	19.6156	24.8992	16.8483	10.4083								
2016/07/11 04:00:00		0.93468	112.223	31.1865	0.356771	997.69	1.08646	28.1814	8.8775	2.28336	11.1609	25.3205	673.96	18.737	25.2533	17.11	11.2033								
2016/07/11 04:05:00		1.43682	116.287	31.1833	0.358333	997.63	1.1375	28.1435	9.3711	2.96118	12.3322	25.597	690.0	18.3691	34.3875	23.1108	14.0875								
2016/07/11 04:10:00		1.20021	119.246	31.1078	0.357812	997.64	1.1375	28.1215	11.1153	2.93722	14.0525	25.821	745.42	18.6834	29.5775	19.9408	12.3425								
2016/07/11 04:15:00		1.24049	118.146	31.1359	0.357812	997.64	1.09375	28.1016	11.084	2.51957	13.6036	25.6494	818.13	18.3405	24.3092	16.3525	10.3083								
2016/07/11 04:20:00		1.48065	131.321	31.0927	0.355729	997.67	1.08646	28.092	10.9545	3.89575	14.8503	25.9116	878.33	19.1048	23.855	16.0533	9.9592								
2016/07/11 04:25:00		2.11712	132.174	31.0979	0.357812	997.68	1.14479	28.0863	11.4771	3.54657	15.0237	25.6637	950.0	19.362	26.6092	18.005	10.2142								
2016/07/11 04:30:00		1.34933	119.74	31.0948	0.35625	997.7	1.05729	28.0777	11.3565	3.92314	15.2796	25.7257	989.58	19.4834	27.7575	18.6083	10.4575								
2016/07/11 04:35:00		1.35952	126.162	31.0969	0.357812	997.75	1.08646	28.0622	11.3342	3.79305	15.1272	26.0069	1087.08	19.4263	25.45	17.1392	10.37								
2016/07/11 04:40:00		1.21036	93.355	31.162	0.359896	997.79	1.13021	28.0474	11.7429	3.2864	15.0293	25.5684	1047.29	18.3977	28.0117	18.8917	10.8733								
2016/07/11 04:45:00		1.09431	75.319	31.1625	0.35625	997.83	1.01354	28.0418	11.8635	4.3134	16.1769	25.5112	1089.79	18.5262	27.4408	18.4233	11.3275								
2016/07/11 04:50:00		0.90216	79.536	31.1937	0.358854	997.82	1.12292	28.0356	12.7613	2.48876	15.25	25.4969	1253.75	18.762	36.3758	24.2742	13.1092								
2016/07/11 04:55:00		0.60257	102.318	31.1583	0.357292	997.9	1.05	28.0302	14.6819	3.2864	17.9683	25.802	1413.54	18.6905	33.3617	22.3558	13.0425								
2016/07/11 05:00:00		0.92288	113.282	31.0969	0.357812	997.97	1.15937	28.0208	15.7584	3.41306	19.1715	25.7829	1526.88	18.8334	35.1608	23.5483	13.1583								
2016/07/11 05:05:00		1.30634	121.176	30.9958	0.358333	998.09	1.10104	28.009	17.1006	3.81359	20.9142	26.0403	1778.96	19.2084	36.8817	24.5783	13.4433								
2016/07/11 05:10:00		1.43652	129.34	30.9875	0.356771	998.16	1.11563	27.9921	18.3401	3.48153	21.8217	26.1881	2107.29	19.2513	35.8958	23.9425	13.9692								
2016/07/11 05:15:00		1.08204	120.296	30.9901	0.355729	998.24	1.09375	27.9797	20.5824	4.36133	24.9437	26.2929	2336.25	19.0656	37.7583	25.1858	14.0								
2016/07/11 05:20:00		1.09504	126.9	30.9885	0.35625	998.25	1.1375	27.9655	23.354	3.68008	27.034	26.803	2403.33	18.9513	35.525	23.705	13.6483								
2016/07/11 05:25:00		1.36934	124.344	30.9859	0.360417	998.24	1.15937	27.9467	25.8397	3.23505	29.0747	27.7182	2550.63	18.787	41.3133	27.5775	15.7275								
2016/07/11 05:30:00		1.10495	126.044	30.9901	0.358333	998.2	1.1375	27.94	29.8061	3.34117	33.1472	28.3235	2732.29	18.9227	41.4325	27.6358	14.5183								
2016/07/11 05:35:00		0.8987	134.295	30.9818	0.357812	998.17	1.11563	27.9628	35.2219	2.82767	38.0496	28.4713	2994.79	19.212	46.26	30.8383	15.9708								
2016/07/11 05:40:00		0.85057	117.265	30.9833	0.357292	998.3	1.15208	28.0144	41.2206	3.83756	45.0582	28.2663	3171.67	20.88	45.7833	30.6017	16.3667								
2016/07/11 05:45:00		1.4067	116.554	30.9865	0.358854	998.39	1.1375	27.9693	46.3082	2.52984	48.838	27.885	3377.92	20.1656	42.285	28.385	16.97								
2016/07/11 05:50:00		1.41445	125.864	30.988	0.360938	998.44	4.09792	27.8882	47.7911	2.95091	50.742	27.8993	3388.75	20.0121	39.34	26.56	16.4217								
2016/07/11 05:55:00		0.73884	69.142	30.9833	0.358854	998.53	10.3833	27.791	49.379	2.29021	51.669	27.7325	3418.96	19.8299	44.205	29.5117	17.2467								
2016/07/11 06:00:00		1.165	74.851	30.9807	0.360417	998.54	17.0698	27.6976	50.891	3.11181	54.003	27.7468	3765.63	20.0442	45.365	30.3867	17.145								
2016/07/11 06:05:00		1.32938	87.902	30.9839	0.360938	998.49	25.0615	27.602	51.97	2.23886	54.209	27.6848	3879.58	19.837	47.1267	31.4858	17.9558								
2016/07/11 06:10:00		1.34393	90.947	31.0208	0.359375	998.54	33.7313	27.5175	61.399	2.27309	63.672	27.885	4053.13	19.2941	47.7983	31.9317	18.6433								
2016/07/11 06:15:00		1.05331	96.405	31.0922	0.358854	998.59	43.7719	27.4428	63.976	2.30048	66.277	28.5476	4048.75	20.2835	50.332	33.5942	19.9167								
2016/07/11 06:20:00		1.06711	80.484	31.0875	0.356771	998.59	54.702	27.4163	67.098	1.80067	68.899	28.5619	4160.63	20.2549	52.458	34.975	19.7583								
2016/07/11 06:25:00		1.15155	64.527	31.0948	0.358333	998.63	66.106	27.3961	67.348	2.47849	69.827	28.1519	4334.17	20.2549	52.59	35.0983	21.4033								
2016/07/11 06:30:00		0.97367	93.124	31.1802	0.361979	998.65	79.158	27.3969	68.505	2.85506	71.36	28.0947	4558.13	20.6585	47.55	32.2725	19.9525								
2016/07/11 06:35:00		1.0482	86.412	31.1823	0.365104	998.68	91.54	27.4034	69.209	1.71167	70.92	28.09	4442.92	19.3941	56.268	37.535	22.0317								
2016/07/11 06:40:00		1.38138	90.132	31.1807	0.360417	998.68	102.069	27.4103	74.455	2.83794	77.293	27.8326	4632.29	19.9192	54.603	36.5567	22.5825								
2016/07/11 06:45:00		1.59529	85.428	31.1854	0.361458	998.69	110.33	27.4211	75.768	1.88283	77.651	28.1281	4617.92	19.7477	56.175	38.2025	25.9717								
2016/07/11 06:50:00		1.31892	95.443	31.2328	0.357812	998.66	119.058	27.4254	74.803	1.68086	76.484	29.3865	5271.0	20.9835	60.438	40.5858	26.0917								
2016/07/11 06:55:00		0.88862	120.052	31.2813	0.359896	998.62	128.523	27.4291	75.781	1.8041	77.586	33.4191	6507.9	19.5656	60.152	40.1542	25.0742								
2016/07/11 07:00:00		1.42249	94.439	31.3521	0.364062	998.6	142.625	27.4348	82.796	1.7459	84.542	33.095	6876.9	20.4978	58.136	39.11	23.6858								
2016/07/11 07:05:00		1.28433	97.455	31.3766	0.361458	998.64	161.335	27.4482	89.63	1.1742	90.805	32.0987	6823.8	19.8656	56.653	38.0033	22.725								
2016/07/11 07:10:00		1.54372	86.306	31.4552	0.360417	998.64	176.436	27.4697	96.391	1.69113	98.082	30.8546	6863.8	21.4014	60.954	40.7508	23.64								
2016/07/11 07:15:00		1.42675	80.257	31.5203	0.363021	998.62	189.379	27.4989	97.143	1.53365	98.677	30.6497	6976.5	20.6049	52.047	35.2083	22.0175								
2016/07/11 07:20:00		0.94624	82.604	31.5891	0.359896	998.6	206.376	27.5319	93.387	2.25255	95.639	30.0872	6797.7	20.4406	58.365	38.9408	23.2925								
2016/07/11 07:25:00		1.29054	77.728	31.6333	0.3625	998.61	228.273	27.5599	90.935	1.69797	92.633	29.2864	6722.7	20.4192	51.838	34.7808	21.6133								
2016/07/11 07:30:00		0.75236	78.739	31.688	0.361979	998.6	254.253	27.5875	87.017	2.9201	89.937	29.2054	6622.9	20.2228	50.913	33.9608	20.8858								
2016/07/11 07:35:00		1.26176	86.354	31.7193	0.361979	998.61	287.058	27.617	85.432	2.4066	87.838	28.4284	6862.5	20.855	55.594	37.1283	21.6267								
2016/07/11 07:40:00		1.30122	76.737	31.7979	0.361979	998.64	298.448	27.6383	85.963	2.64281	88.606	28.3617	6924.8	20.3871	51.121	34.0833	21.5067								
2016/07/11 07:45:00		1.63569	78.891	31.8927	0.358333	998.7	313.396	27.6866	83.475	3.6972	87.173	29.5247	6976.3	20.4192	57.489	38.4225	23.7483								
2016/07/11 07:50:00		1.16924	75.052	32.0062	0.3625	998.71	342.701	27.7228	84.503	3.51919	88.022	31.0739	7267.7	20.3335	52.054	34.6975	20.8175								
2016/07/11 07:55:00		1.34576	108.698	32.1427	0.361979	998.76	386.291	27.7628	83.321	4.17989	87.501	30.6211	7466.0	21.43	54.265	36.1975	21.9217								
2016/07/11 08:00:00		1.69555	84.473	32.2922	0.363021	998.84	451.296	27.8179	83.283	3.77594	87.059	30.0634	7656.3	20.6871	55.067	37.0083	23.2833								
2016/07/11 08:05:00		1.34539	94.608	32.4536	0.365625	998.94	479.595	27.8606	81.041	4.88852	85.929	30.1778	7551.9	21.18	48.7825	32.715	19.8292								
2016/07/11 08:10:00		1.19189	117.215	32.6063	0.363021	999.07	522.89	27.9204	78.796	5.4534	84.25	29.5676	7328.3	21.08	46.4442	30.9783	19.7633								
2016/07/11 08:15:00		1.55509	84.013	32.7443	0.35625	999.1	326.28	27.9865	74.334	6.0525	80.387	29.253	7233.3	20.905	51.146	34.1983	21.6717								
2016/07/11 08:20:00		1.20271	115.127	32.8677	0.365104	999.08	321.038	28.0525	74.162	6.3434	80.506	29.0385	7320.0	21.0085	45.505	30.3475	19.1608								
2016/07/11 08:25:00		2.22114	95.68	32.9599	0.364062	999.08	205.538	28.1113	71.938	6.4975	78.435	28.8383	7350.6	20.6407	52.057	34.7817	22.5067								
2016/07/11 08:30:00		1.41493	93.844	33.0135	0.354688	999.07	300.832	28.1731	69.988	7.8086	77.797	29.1386	7377.5	21.1264	59.667	40.0317	26.1208								
2016/07/11 08:35:00		1.00423	90.281	33.0969	0.360417	999.1	393.692	28.2394	72.045	7.7128	79.758	28.5857	7468.5	20.7871	40.8042	27.3525	17.9267								
2016/07/11 08:40:00		0.80876	62.853	33.0964	0.357812	999.13	384.293	28.296	66.614	8.7432	75.357	28.2759	6995.0	20.8835	32.3292	22.36	15.0442								
2016/07/11 08:45:00		0.77018	89.483	33.1021	0.3625	999.09	587.39	28.3304	59.664	8.1989	67.862	27.9136	6261.7	20.5407	36.2183	24.2092	15.55								
2016/07/11 08:50:00		1.09592	93.774	33.2807	0.3625	999.11	586.51	28.321	54.799	9.1814	63.981	27.6467	6058.8	21.1943	37.6908	25.1567	15.725								
2016/07/11 08:55:00		0.8256	341.979	33.4432	0.361979	999.15	473.893	28.2705	49.6783	10.8177	60.496	27.4655	5672.9	19.9442	38.5783	25.74	15.755								
2016/07/11 09:00:00		0.92652	319.865	33.5187	0.364583	999.15	580.63	28.1921	44.5394	10.9341	55.474	26.7839	5276.0	19.737	31.565	21.4617	14.5717								
2016/07/11 09:05:00		0.58831	31.4331	33.5979	0.369271	999.15	343.685	28.0662	38.496	12.3308	50.827	26.517	4676.46	19.7977	30.4117	20.8017	14.15								
2016/07/11 09:10:00		0.53063	327.573	33.5995	0.360938	999.14	629.85	27.9468	33.0377	12.4027	45.4404	26.3501	4267.29	19.4084	31.43	21.435	14.185								
2016/07/11 09:15:00		1.3438	310.861	33.738	0.3625	999.14	384.541	27.8716	28.9954	13.3236	42.319	26.6838	3961.25	19.3013	33.0817	22.0117	14.305								
2016/07/11 09:20:00		1.01105	318.445	33.7974	0.365625	999.15	392.51	27.8211	25.5895	13.5564	39.1459	26.2024	3562.29	19.262	28.87	17.2633	12.39								
2016/07/11 09:25:00		1.04522	32.5523	33.8021	0.365104	999.15	542.71	27.7306	21.536	13.5564	35.0924	25.9593	3220.63	19.1548	31.3583	18.325	13.1683								
2016/07/11 09:30:00		0.71848	88.74	33.9156	0.360938	999.12	353.281	27.6616	18.3915	13.7686	32.1601	25.6923	3146.67	19.6049	39.1692	19.26	12.7475								
2016/07/11 09:35:00		0.78316	331.596	34.0776	0.361979	999.15	305.207	27.5824	17.0738	14.6553	31.7291	25.7591	3142.5	19.3906	40.8058	24.205	16.5475								
2016/07/11 09:40:00		0.84021	20.6935	34.0974	0.363542	999.13	356.439	27.5081	16.0242	14.7854	30.8095	25.516	2887.71	19.3799	43.9533	29.675	20.4792								
2016/07/11 09:45:00		0.50962	36.9785	33.976	0.361458	999.11	481.461	27.4659	14.309	14.8093	29.1183	25.5017	2701.88	19.2763	46.8233	32.5875	22.9358								
2016/07/11 09:50:00		0.442959	341.629	33.9203	0.358854	999.09	571.1	27.4452	12.2476	15.7302	27.9778	25.5827	2605.21	19.762	44.8842	31.1592	22.5808								
2016/07/11 09:55:00		0.52992	5.8965	33.9917	0.359375	999.14	614.59	27.4624	11.6334	15.2818	26.9152	25.5064	2438.75	20.2978	46.7217	32.3367	23.4675								
2016/07/11 10:00:00		0.462813	6.7009	34.1839	0.361979	999.16	629.82	27.485	10.3783	15.9356	26.3139	25.3062	2331.67	20.1478	46.8092	32.1692	22.8867								
2016/07/11 10:05:00		0.56101	357.85	34.401	0.366146	999.19	632.71	27.4844	9.3309	16.2437	25.5746	25.2443	2241.67	19.712	45.7283	31.5242	21.905								
2016/07/11 10:10:00		0.97978	56.28	34.5427	0.365625	999.19	644.88	27.5327	8.8954	15.9151	24.8104	25.3587	2160.42	20.6692	42.4708	28.3708	20.9225								
2016/07/11 10:15:00		0.53601	19.4714	34.6792	0.361458	999.22	673.6	27.602	8.0869	15.8637	23.9506	25.6685	2053.54	20.0728	47.0142	26.8075	19.9342								
2016/07/11 10:20:00		0.489124	9.7504	34.8479	0.359896	999.15	655.24	27.6807	6.5973	16.4217	23.019	25.373	2042.08	19.6585	40.35	26.5108	19.3808								
2016/07/11 10:25:00		0.78621	18.5848	34.8964	0.355208	999.06	380.472	27.7298	5.59	15.0284	20.6185	25.4016	1960.83	19.7906	44.1025	25.2283	18.2808								
2016/07/11 10:30:00		0.91355	47.2495	34.8417	0.359375	999.03	431.514	27.7642	5.0027	14.8641	19.8668	25.3634	1873.33	19.6656	44.8558	24.5558	17.7783								
2016/07/11 10:35:00		1.18548	57.858	34.8016	0.365625	999.0	455.685	27.7859	4.76593	14.4191	19.185	25.2299	1916.88	19.6906	40.7325	23.8467	16.8533								
2016/07/11 10:40:00		1.32633	29.5496	34.7635	0.3625	998.97	527.22	27.7857	4.67883	16.5073	21.1861	25.3777	1985.21	21.0264	35.5892	23.7775	17.295								
2016/07/11 10:45:00		1.34693	10.1776	34.6964	0.361458	998.9	607.83	27.7787	3.80783	16.3875	20.1953	25.5827	1875.83	20.1478	36.76	21.7008	15.7833								
2016/07/11 10:50:00		0.71791	336.168	34.7854	0.360417	998.89	624.0	27.7959	3.8525	16.2745	20.127	25.5684	1962.08	20.2335	36.1242	22.7883	16.805								
2016/07/11 10:55:00		1.70972	309.212	35.0104	0.359896	998.84	570.27	27.838	3.52197	16.5518	20.0738	25.5684	1968.33	20.2906	31.4808	21.0408	15.9233								
2016/07/11 11:00:00		0.83807	2.06183	35.112	0.360417	998.83	565.35	27.8842	3.953	14.7614	18.7144	25.5207	1888.96	20.2049	37.0092	22.4217	16.2983								
2016/07/11 11:05:00		0.89878	34.9711	35.2396	0.355208	998.82	702.86	27.9497	3.47507	15.8637	19.3388	25.6542	1929.79	20.6049	40.865	24.0958	17.9333								
2016/07/11 11:10:00		0.68187	337.452	35.4031	0.363542	998.81	713.31	27.9975	3.80113	17.2399	21.041	25.8401	2005.0	20.3978	35.8142	24.5575	18.5925								
2016/07/11 11:15:00		1.27968	326.967	35.512	0.35625	998.81	646.97	28.0439	3.48177	15.9596	19.4413	25.74	1825.42	20.5157	36.5	24.7208	18.4358								
2016/07/11 11:20:00		0.56102	346.642	35.6094	0.364062	998.8	458.668	28.0694	3.35893	15.5762	18.9351	25.6208	1741.67	20.1656	43.9158	26.385	19.0108								
2016/07/11 11:25:00		0.78892	346.62	35.612	0.361979	998.81	602.44	28.0955	2.6197	15.9801	18.5998	25.6065	1723.13	20.3228	43.7059	28.2258	21.6617								
2016/07/11 11:30:00		1.13387	16.1877	35.6609	0.358333	998.77	769.43	28.1476	2.18643	16.723	18.9094	25.4778	1706.25	20.3978	38.4067	26.18	20.9558								
2016/07/11 11:35:00		0.80316	22.2128	35.688	0.363542	998.67	700.29	28.1994	2.21993	15.696	17.9159	25.4683	1630.0	20.7014	41.8275	26.5575	20.4217								
2016/07/11 11:40:00		0.98919	326.886	35.688	0.364583	998.69	688.02	28.67	2.55717	16.1752	18.7324	25.5016	1690.63	20.9157	35.86	26.1992	20.7133								
2016/07/11 11:45:00		1.0999	351.189	35.5792	0.360417	998.69	682.41	29.2222	2.36287	15.5693	17.9322	25.6065	1557.08	21.1514	37.8092	25.3942	19.9842								
2016/07/11 11:50:00		2.0049	314.845	35.5802	0.36875	998.73	694.98	29.6526	1.90727	15.5214	17.4287	25.9736	1506.88	20.8157	37.9983	25.2375	19.3808								
2016/07/11 11:55:00		0.61149	305.039	35.6156	0.364062	998.71	610.71	29.9638	1.8559	13.9775	15.8334	26.0355	1423.54	20.1478	35.32	22.735	17.9708								
2016/07/11 12:00:00		1.15166	40.9942	35.6229	0.360417	998.65	484.13	30.1888	1.47623	13.4845	14.9607	26.0403	1348.54	20.2406	35.3567	22.53	17.8158								
2016/07/11 12:05:00		1.11095	332.229	35.5656	0.359896	998.58	688.45	30.3651	1.15687	13.6728	14.8297	26.1595	1305.83	19.6727	36.9475	24.0225	18.6858								
2016/07/11 12:10:00		1.92612	309.148	35.7188	0.363021	998.59	666.71	30.5182	2.12837	14.0802	16.2085	26.4645	1371.25	20.4871	37.1075	24.4517	19.5858								
2016/07/11 12:15:00		1.9693	300.535	35.838	0.3625	998.55	579.9	30.7367	2.1239	14.9805	17.1044	26.6266	1378.54	20.5978	36.8617	23.8817	19.1483								
2016/07/11 12:20:00		1.47216	302.957	35.7792	0.360938	998.59	338.53	30.9518	2.53707	13.5906	16.1277	26.66	1315.21	19.6799	33.7217	23.38	19.3283								
2016/07/11 12:25:00		0.91056	331.366	35.6901	0.365104	998.63	488.031	31.1037	4.23887	15.1825	19.4213	26.8649	1379.17	20.4656	39.1983	25.3417	20.7017								
2016/07/11 12:30:00		0.85927	332.724	35.7859	0.360417	998.63	590.57	31.1993	6.7737	18.0752	24.8489	26.884	1394.17	20.1549	32.3475	23.7317	19.5167								
2016/07/11 12:35:00		1.03055	351.771	35.8823	0.361979	998.57	455.255	31.2946	5.7888	19.068	24.8568	27.1462	1370.63	20.73	32.785	23.2067	18.8383								
2016/07/11 12:40:00		1.26164	314.729	35.8438	0.360938	998.44	417.827	31.3488	5.5029	18.2429	23.7459	27.1223	1353.96	19.812	34.1967	23.835	19.4983								
2016/07/11 12:45:00		0.72252	335.669	35.8302	0.366146	998.35	543.85	31.3945	4.65203	18.6161	23.2681	27.4226	1309.79	19.8942	34.6683	24.7233	19.705								
2016/07/11 12:50:00		0.64178	18.0462	35.8896	0.360938	998.23	660.03	31.4363	4.4421	19.2734	23.7155	27.4703	1284.38	20.7799	30.82	23.1083	19.3283								
2016/07/11 12:55:00		1.31064	340.175	35.8109	0.359896	998.18	608.12	31.4736	3.4505	17.5549	21.0054	27.3225	1143.75	21.08	32.6025	23.8267	19.785								
2016/07/11 13:00:00		1.20326	326.431	35.9406	0.361979	998.15	620.6	31.5238	3.1423	18.2292	21.3716	27.4941	1107.71	20.4014	33.5225	23.9667	20.0817								
2016/07/11 13:05:00		0.99951	5.5423	36.0219	0.361458	998.06	598.93	31.5684	3.1155	16.925	20.0405	27.3893	1054.58	20.9121	30.6658	23.965	20.2625								
2016/07/11 13:10:00		1.25256	298.42	36.0245	0.361458	998.02	744.06	31.6213	2.78273	16.8976	19.6803	27.4322	1050.42	20.8871	30.5525	23.5483	19.765								
2016/07/11 13:15:00		2.17734	306.88	36.1422	0.363542	998.02	762.78	31.6884	2.7068	15.3845	18.0913	27.4608	917.71	21.1978	29.0058	22.0217	18.9717								
2016/07/11 13:20:00		2.07647	314.153	36.262	0.361979	997.96	815.57	31.7679	1.75317	14.6793	16.4324	27.4465	818.54	21.6514	29.8125	22.1058	18.7375								
2016/07/11 13:25:00		0.389395	333.8	36.5302	0.359896	997.88	808.95	31.8484	1.42487	13.642	15.0668	27.5751	767.92	20.88	30.6483	21.3433	18.0642								
2016/07/11 13:30:00		0.55304	22.9745	36.8432	0.359896	997.87	574.63	31.9351	1.82687	13.9569	15.7838	27.4512	859.58	20.1978	34.9783	21.9283	17.9833								
2016/07/11 13:35:00		0.79447	311.406	36.8958	0.360938	997.84	720.45	32.0194	2.23333	15.0182	17.2515	27.7325	972.29	21.6193	29.2692	20.9025	17.4733								
2016/07/11 13:40:00		1.87132	290.428	36.9682	0.360417	997.8	880.97	32.089	3.01053	14.1863	17.1968	27.8659	1018.75	21.0157	26.1567	19.4742	16.8883								
2016/07/11 13:45:00		0.7754	40.9114	37.1016	0.360938	997.76	865.11	32.1365	2.7269	12.8991	15.626	27.8469	920.0	21.58	30.525	20.4942	16.9492								
2016/07/11 13:50:00		0.77611	338.191	37.1443	0.360417	997.71	826.48	32.2034	2.18867	12.5534	14.742	27.4989	933.13	21.3979	30.89	20.3667	16.8408								
2016/07/11 13:55:00		1.83159	302.898	37.4484	0.360417	997.66	785.76	32.2619	5.8893	13.7755	19.6648	27.966	1105.83	20.3121	27.2825	19.8942	16.6608								
2016/07/11 14:00:00		1.66424	286.271	37.5099	0.363542	997.54	852.37	32.3164	11.8545	15.8774	27.732	28.0709	1040.42	19.9478	24.6442	17.9658	15.3142								
2016/07/11 14:05:00		2.00962	308.189	37.5953	0.364062	997.41	838.43	32.3607	8.8619	16.7709	25.6328	27.9517	961.67	20.855	24.2725	18.6775	15.9433								
2016/07/11 14:10:00		1.86239	300.511	37.7068	0.361979	997.39	756.9	32.4101	7.1467	17.4967	24.6433	27.9041	901.46	20.3585	29.0083	18.99	16.1275								
2016/07/11 14:15:00		0.475487	303.202	37.6896	0.360938	997.31	547.7	32.452	5.398	16.4457	21.8437	27.9565	861.25	20.2049	25.8467	18.6958	16.1583								
2016/07/11 14:20:00		1.55427	312.699	37.6073	0.363021	997.21	764.8	32.4764	4.18303	16.521	20.704	28.3331	826.04	21.2121	31.1617	19.6475	16.3383								
2016/07/11 14:25:00		0.76038	337.131	37.6964	0.360417	997.09	845.74	32.5081	4.489	16.8188	21.3078	27.947	841.88	21.3157	27.6825	19.4967	16.4367								
2016/07/11 14:30:00		1.42242	321.3	37.7078	0.357812	997.03	805.02	32.5406	5.2506	17.1132	22.3638	27.8659	831.88	20.0442	29.8558	20.5675	16.9583								
2016/07/11 14:35:00		0.71446	37.5998	37.6344	0.364062	997.13	794.91	32.573	3.69393	16.5518	20.2457	28.1043	792.5	21.3621	28.2117	19.5875	16.25								
2016/07/11 14:40:00		1.81858	297.312	37.6625	0.359896	997.13	741.46	32.5945	2.8341	17.0687	19.9028	28.2139	787.92	21.0657	28.9567	19.3958	16.2875								
2016/07/11 14:45:00		1.78363	298.75	37.6391	0.365625	997.06	646.02	32.6066	2.7001	15.2715	17.9716	27.966	746.25	21.6622	37.735	21.7358	16.4358								
2016/07/11 14:50:00		1.94111	327.678	37.5917	0.365104	997.05	510.07	32.6176	2.42763	15.2886	17.7162	28.1996	717.71	21.6872	24.7083	18.8125	15.8175								
2016/07/11 14:55:00		1.4024	320.82	37.4021	0.357812	997.02	436.158	32.6262	2.71797	13.3065	16.0245	27.885	678.75	21.1157	28.0825	18.9633	15.9758								
2016/07/11 15:00:00		0.65033	309.472	37.301	0.357812	996.96	327.447	32.612	1.60577	14.176	15.7818	28.0232	730.83	21.8907	32.5867	19.84	15.8633								
2016/07/11 15:05:00		1.81826	302.373	37.2474	0.357812	996.91	205.982	32.609	1.97203	13.0908	15.0629	27.9374	746.46	21.7265	22.89	17.3067	15.0233								
2016/07/11 15:10:00		0.86802	288.89	37.063	0.356771	996.81	158.893	32.591	1.80453	12.0604	13.8649	27.9613	693.13	21.5014	24.4467	18.1075	15.5433								
2016/07/11 15:15:00		0.72363	176.618	36.9302	0.357292	996.54	143.172	32.5636	2.3785	10.2289	12.6074	27.8278	637.29	21.8086	29.3783	18.8583	15.8375								
2016/07/11 15:20:00		1.30776	190.543	36.7974	0.356771	996.42	136.777	32.5419	1.34223	11.7968	13.139	27.8373	792.29	21.1157	35.6083	21.3867	16.9633								
2016/07/11 15:25:00		1.21814	157.668	36.8531	0.354167	996.44	132.22	32.4844	3.08647	13.2894	16.3758	28.1853	1350.42	20.9621	63.585	27.3683	19.655								
2016/07/11 15:30:00		1.42279	148.345	36.9203	0.357292	996.45	125.883	32.424	6.8988	18.1916	25.0904	28.6715	1700.21	20.2335	54.177	27.2033	19.6517								
2016/07/11 15:35:00		1.68163	153.434	37.0016	0.356771	996.34	138.979	32.3593	10.2666	23.9976	34.2642	28.9051	2197.08	20.8264	57.878	26.925	19.27								
2016/07/11 15:40:00		1.73473	162.583	36.9891	0.361458	996.32	154.736	32.3005	10.5838	27.5818	38.1656	29.1434	2623.13	20.6157	54.152	26.9817	20.02								
2016/07/11 15:45:00		1.82323	150.478	36.8958	0.358854	996.39	157.938	32.223	11.218	28.7081	39.9261	29.7869	3007.71	20.1442	64.644	31.7575	23.7975								
2016/07/11 15:50:00		1.71791	162.224	36.8297	0.355208	996.33	148.925	32.1599	14.4586	31.1831	45.6417	30.0396	3325.83	19.437	71.317	33.4917	25.0067								
2016/07/11 15:55:00		2.52728	144.006	36.7974	0.357812	996.27	130.732	32.1199	13.9539	35.4726	49.4265	30.2254	3672.71	20.2585	64.547	33.745	26.0675								
2016/07/11 16:00:00		2.71802	158.105	36.7333	0.358854	996.16	117.483	32.0662	14.8874	36.7734	51.661	30.173	3681.04	19.4692	75.493	34.5208	25.4017								
2016/07/11 16:05:00		2.99993	161.553	36.6078	0.358854	996.09	123.222	32.0318	13.6189	37.7868	51.406	29.9442	3852.92	21.0514	65.213	29.3658	21.4483								
2016/07/11 16:10:00		2.12607	174.829	36.5	0.359375	996.02	124.556	32.0022	12.3861	37.3143	49.7004	30.0062	3947.71	20.905	56.204	29.1808	21.5358								
2016/07/11 16:15:00		2.55068	174.607	36.4094	0.355729	995.98	135.559	31.981	9.9584	37.4136	47.372	30.1444	3925.83	20.1978	55.711	28.59	21.8133								
2016/07/11 16:20:00		2.24238	159.232	36.3922	0.357812	995.98	151.871	31.9558	13.2213	37.1534	50.375	30.1444	4021.25	21.1978	61.49	30.76	21.8992								
2016/07/11 16:25:00		2.86992	165.393	36.3875	0.355208	996.06	164.959	31.9341	16.6763	40.0462	56.722	31.0215	4028.13	20.4942	63.362	30.1558	21.8067								
2016/07/11 16:30:00		2.61181	157.474	36.2995	0.358333	996.11	180.199	31.9048	16.6361	39.5292	56.165	30.2159	3985.42	19.8799	59.753	29.7733	21.6658								
2016/07/11 16:35:00		3.07464	145.114	36.2948	0.356771	996.18	187.68	31.8763	16.2408	39.3615	55.602	31.4933	4091.04	19.937	59.621	28.2533	20.7133								
2016/07/11 16:40:00		2.00337	152.333	36.2115	0.361979	996.17	178.711	31.8562	15.8165	39.3067	55.123	31.4933	4117.92	20.1263	58.692	27.6583	20.2								
2016/07/11 16:45:00		1.86662	163.904	36.2953	0.355729	996.21	162.159	31.8353	15.5306	39.0157	54.546	31.2169	4336.67	20.1871	62.101	28.5033	20.6483								
2016/07/11 16:50:00		1.64887	156.08	36.2932	0.360417	996.24	144.105	31.8114	16.5602	39.3409	55.901	30.5877	4537.5	20.1763	65.537	28.4883	20.54								
2016/07/11 16:55:00		2.08362	157.986	36.2948	0.355729	996.31	127.014	31.7964	18.9744	39.2622	58.237	30.235	4585.21	20.3406	64.492	29.7925	20.835								
2016/07/11 17:00:00		2.42254	164.751	36.2823	0.356771	996.29	110.848	31.769	21.6142	38.3345	59.949	30.2636	4615.0	21.0228	63.663	30.0308	21.7692								
2016/07/11 17:05:00		1.98211	150.23	36.1885	0.358854	996.38	96.06	31.748	20.9196	37.9134	58.833	30.4209	4676.04	20.0192	54.164	27.9275	20.7992								
2016/07/11 17:10:00		1.96469	159.23	36.0984	0.355729	996.53	87.048	31.7244	24.627	38.3345	62.961	31.112	4996.67	20.0121	83.065	30.3683	20.7717								
2016/07/11 17:15:00		1.86394	156.926	36.0964	0.358854	996.6	81.594	31.7032	27.5191	37.4307	64.95	32.0844	5609.4	20.4764	58.847	25.8525	19.3917								
2016/07/11 17:20:00		2.28299	157.427	36.0964	0.357812	996.66	77.153	31.6833	25.1875	37.9819	63.169	31.7841	5758.1	20.0585	54.913	27.1758	19.9592								
2016/07/11 17:25:00		2.12526	148.41	35.9969	0.35625	996.67	72.027	31.6562	22.675	37.0815	59.757	31.3122	5902.1	19.5942	70.954	27.2675	20.1467								
2016/07/11 17:30:00		1.93062	154.318	35.899	0.355729	996.71	68.082	31.625	20.799	36.6742	57.473	30.6497	5830.4	21.005	64.95	28.0658	20.355								
2016/07/11 17:35:00		2.02506	143.197	35.8755	0.355208	996.78	63.168	31.6157	20.4886	36.3558	56.844	30.2827	6098.1	20.4514	54.677	26.3658	19.735								
2016/07/11 17:40:00		2.35869	145.329	35.7891	0.355208	996.89	57.677	31.6108	22.1413	35.6609	57.802	30.0872	6199.0	21.2228	57.08	25.1567	17.945								
2016/07/11 17:45:00		2.3164	130.27	35.7234	0.358854	996.99	50.21	31.3193	20.5556	33.4631	54.019	29.6868	6179.4	20.6907	64.625	28.0808	19.2758								
2016/07/11 17:50:00		2.11752	134.029	35.6964	0.355208	996.93	42.5469	30.9504	20.9777	32.7408	53.718	29.5343	6196.3	20.6621	57.549	24.7367	18.5733								
2016/07/11 17:55:00		1.97748	150.084	35.6292	0.357292	996.89	34.6208	30.6081	21.3261	32.8845	54.211	29.1386	6107.5	20.5514	64.177	28.1	20.0375								
2016/07/11 18:00:00		1.84581	147.591	35.5896	0.357292	996.89	27.7667	30.3088	22.206	31.6624	53.868	29.2769	6114.0	20.2871	65.146	28.5767	20.0783								
2016/07/11 18:05:00		1.59628	165.124	35.5115	0.358333	997.04	20.6792	30.0545	21.5048	32.3847	53.889	28.6762	6146.9	19.5799	65.638	28.2075	19.7108								
2016/07/11 18:10:00		1.06827	161.416	35.4974	0.361979	997.16	14.7073	29.8462	20.9397	32.5319	53.472	28.967	6003.3	21.1371	67.684	29.1475	21.0917								
2016/07/11 18:15:00		2.1299	136.968	35.4016	0.360417	997.25	9.5083	29.6792	20.3211	32.1074	52.429	28.5523	5932.3	21.1621	67.016	31.6217	22.975								
2016/07/11 18:20:00		1.99308	142.582	35.3302	0.359375	997.33	5.1333	29.5511	19.0101	32.371	51.381	28.6953	5714.8	20.5585	57.25	29.2842	21.9933								
2016/07/11 18:25:00		1.63926	142.476	35.2536	0.356771	997.34	1.83021	29.4322	19.9727	31.7891	51.762	28.6477	5599.8	20.2442	125.678	39.685	23.675								
2016/07/11 18:30:00		1.79264	162.135	35.2094	0.356771	997.36	1.15937	29.3304	21.7169	33.2371	54.954	28.8574	5803.8	21.1193	121.565	39.7733	24.2833								
2016/07/11 18:35:00		1.94606	141.872	35.1703	0.358854	997.39	1.18125	29.2327	22.5008	31.7856	54.286	28.7573	5769.2	20.5978	90.262	36.9467	26.1933								
2016/07/11 18:40:00		2.43383	138.236	35.0818	0.358854	997.49	1.21771	29.1755	21.2167	32.5525	53.769	28.6763	5723.8	21.855	73.717	36.4933	27.9167								
2016/07/11 18:45:00		2.39862	128.518	34.9417	0.356771	997.57	1.10833	29.1503	21.2569	32.4155	53.672	28.8955	5546.0	21.4264	66.652	35.3517	27.2183								
2016/07/11 18:50:00		2.80055	135.462	34.8417	0.359375	997.59	1.14479	29.1307	24.6627	32.6586	57.321	28.9337	5408.5	21.13	60.345	32.8233	25.3317								
2016/07/11 18:55:00		2.1376	126.657	34.7354	0.360417	997.65	1.16667	29.1191	22.885	30.9914	53.876	28.6047	5359.2	21.7836	53.327	35.72	27.6042								
2016/07/11 19:00:00		1.97032	105.683	34.662	0.359896	997.76	1.14479	29.1071	22.6371	30.3342	52.971	28.6906	5474.4	20.7157	48.5817	33.0067	25.1583								
2016/07/11 19:05:00		2.29807	102.264	34.5427	0.357812	997.76	1.15208	29.1044	25.2545	27.1847	52.439	29.1196	5361.0	20.9371	43.6533	29.8292	22.7317								
2016/07/11 19:10:00		1.4657	109.1	34.362	0.356771	997.89	1.18854	29.0832	24.2495	25.0143	49.2638	28.5142	5131.9	21.2371	42.0108	28.1258	21.395								
2016/07/11 19:15:00		1.98759	106.679	34.2411	0.357812	998.0	1.15937	29.0832	29.6408	22.9877	52.628	28.4284	4965.0	20.7371	41.7291	28.6967	22.26								
2016/07/11 19:20:00		2.39637	100.64	34.1417	0.359375	998.03	1.16667	29.0716	31.4409	21.4301	52.871	28.4808	4835.63	21.58	47.4833	32.44	25.3883								
2016/07/11 19:25:00		1.89188	103.017	34.0099	0.361458	998.12	1.14479	29.0604	32.8836	19.9409	52.825	28.1805	4609.58	21.3478	43.1483	29.4742	23.5492								
2016/07/11 19:30:00		2.78282	106.631	33.8464	0.359896	998.21	1.225	29.0228	32.7608	17.5754	50.336	27.8326	4332.29	20.7549	36.2075	25.0708	19.59								
2016/07/11 19:35:00		2.79005	96.728	33.7354	0.363021	998.35	1.15937	28.9739	31.0456	16.5107	47.5563	27.3321	4119.58	20.93	36.7667	25.1667	20.0775								
2016/07/11 19:40:00		2.60829	99.839	33.6349	0.364062	998.44	1.14479	28.9315	29.5984	14.5047	44.103	27.1795	3893.54	20.5978	34.8458	24.2717	20.2675								
2016/07/11 19:45:00		2.36393	106.978	33.5766	0.355729	998.57	1.13021	28.8901	27.1931	14.5149	41.708	27.251	3745.63	19.837	36.5233	25.2692	20.3525								
2016/07/11 19:50:00		2.0013	113.615	33.4896	0.360938	998.71	1.07917	28.8625	26.9988	13.5324	40.5312	26.9746	3627.92	20.5407	34.4525	23.9275	19.9825								
2016/07/11 19:55:00		2.61724	117.021	33.3891	0.35625	998.77	1.15937	28.8227	25.6923	12.5705	38.2628	26.7505	3494.79	21.3478	40.335	27.6292	20.75								
2016/07/11 20:00:00		2.01946	107.148	33.3172	0.353646	998.75	1.12292	28.7935	25.9067	12.6218	38.5285	26.8935	3378.54	20.8014	32.5767	22.9875	18.3367								
2016/07/11 20:05:00		1.78826	123.026	33.2682	0.353125	998.82	1.19583	28.7631	25.8642	12.1494	38.0136	27.394	3249.17	20.4585	32.0925	22.315	18.4258								
2016/07/11 20:10:00		1.97681	116.566	33.1979	0.356771	998.85	1.15208	28.7221	26.2104	10.6911	36.9015	27.9422	3205.63	20.2835	35.5967	24.7358	19.665								
2016/07/11 20:15:00		2.10232	104.141	33.1937	0.357292	998.91	1.07917	28.674	26.0697	11.6873	37.757	27.4608	3178.13	20.5692	34.2467	24.3192	19.7625								
2016/07/11 20:20:00		1.65326	101.102	33.1036	0.357812	998.98	1.06458	28.6485	25.1942	11.7763	36.9705	27.456	3152.29	20.4942	36.9733	25.1992	19.4983								
2016/07/11 20:25:00		2.36626	113.426	33.0958	0.354167	998.98	1.10104	28.6015	27.1194	11.9235	39.0428	27.1795	3178.33	21.2621	32.835	23.0417	17.8425								
2016/07/11 20:30:00		1.8517	119.402	33.0156	0.351563	998.98	1.13021	28.5589	27.5906	11.5229	39.1135	26.8125	3120.83	19.3334	32.6592	22.7058	18.0275								
2016/07/11 20:35:00		2.77938	117.139	32.9932	0.355208	999.0	1.1375	28.5103	26.8045	11.3929	38.1973	26.7076	3102.29	20.6514	33.9042	23.7608	19.1708								
2016/07/11 20:40:00		1.77008	123.433	32.9151	0.356771	999.05	1.1375	28.47	26.0541	11.1361	37.1902	26.741	2999.58	20.6014	36.4167	25.4358	20.0717								
2016/07/11 20:45:00		2.14889	100.799	32.8885	0.356771	999.1	1.05729	28.416	25.6967	11.0711	36.7678	26.7267	2985.63	20.4442	38.9008	27.4267	20.7425								
2016/07/11 20:50:00		1.97438	111.486	32.8865	0.353646	999.1	1.17396	28.3795	26.2662	11.4613	37.7276	26.741	2971.88	20.5835	36.0158	24.4742	18.5975								
2016/07/11 20:55:00		1.69063	119.61	32.8875	0.359896	999.12	1.09375	28.3529	27.9144	11.3312	39.2457	26.6409	3035.63	20.3014	36.3275	25.0442	18.22								
2016/07/11 21:00:00		1.5003	111.175	32.8281	0.35625	999.19	1.04271	28.3242	28.7229	11.6565	40.3793	26.4931	3010.42	19.5656	36.4192	24.8792	18.1808								
2016/07/11 21:05:00		2.21109	120.393	32.7849	0.361979	999.24	1.02813	28.2861	28.1579	11.8345	39.9923	26.5742	2990.0	20.83	36.8433	25.0992	19.0467								
2016/07/11 21:10:00		2.29739	127.094	32.7115	0.357812	999.31	1.13021	28.2891	26.1144	11.4647	37.5791	26.7267	2929.17	20.5764	41.1825	28.3858	21.61								
2016/07/11 21:15:00		2.13694	137.083	32.6911	0.361458	999.38	1.15937	28.2394	26.6816	11.5024	38.184	27.6609	2972.5	20.5335	45.7325	30.7717	20.7058								
2016/07/11 21:20:00		3.39928	126.093	32.6943	0.35625	999.42	1.13021	28.1865	29.6229	11.4305	41.0534	28.4856	3052.92	20.2799	52.905	35.425	20.9925								
2016/07/11 21:25:00		3.30971	135.762	32.6901	0.357292	999.41	1.17396	28.158	30.3197	12.0809	42.4007	28.0328	2903.75	20.7121	40.715	27.9492	20.4483								
2016/07/11 21:30:00		2.25801	139.409	32.6917	0.363021	999.45	1.15208	28.1062	29.1182	12.8101	41.9283	27.6038	2807.92	19.8906	47.015	31.6392	20.9075								
2016/07/11 21:35:00		2.42455	130.968	32.6964	0.361979	999.49	1.17396	28.0308	27.8809	12.235	40.1159	28.233	2768.75	19.7692	39.525	26.8967	19.7433								
2016/07/11 21:40:00		2.43086	135.358	32.6937	0.359375	999.55	1.16667	27.9298	26.8268	11.944	38.7708	27.742	2758.13	20.1621	41.9267	28.07	19.3633								
2016/07/11 21:45:00		2.82019	140.562	32.6885	0.359896	999.56	1.13021	27.8281	27.7961	11.9064	39.7024	27.4655	2735.21	18.887	37.235	25.2717	18.1167								
2016/07/11 21:50:00		3.43904	140.013	32.6932	0.357812	999.55	1.16667	27.74	28.7676	12.502	41.2696	27.6467	2647.08	19.5584	35.9233	24.1683	17.2817								
2016/07/11 21:55:00		2.65828	146.146	32.6896	0.361979	999.55	1.14479	27.6305	28.1623	13.1627	41.3251	26.8173	2524.79	20.0728	35.6733	24.3833	17.6733								
2016/07/11 22:00:00		2.98449	136.443	32.6125	0.364583	999.54	1.10833	27.5051	28.3834	13.4605	41.844	27.0747	2466.46	19.212	36.93	25.0983	17.84								
2016/07/11 22:05:00		3.30322	138.652	32.5911	0.360938	999.62	1.18854	27.3889	28.5889	13.7686	42.3575	26.9746	2446.25	18.9906	35.7083	24.39	17.6667								
2016/07/11 22:10:00		2.55679	128.887	32.5922	0.356771	999.69	1.10833	27.2938	28.9552	12.6698	41.6249	26.7315	2508.13	18.9763	35.9367	24.3083	17.8042								
2016/07/11 22:15:00		2.08485	131.743	32.5948	0.358333	999.74	1.1375	27.221	29.7011	13.6625	43.3636	26.455	2516.46	18.8655	38.8458	26.0792	17.8258								
2016/07/11 22:20:00		2.21159	102.245	32.5953	0.357292	999.84	1.09375	27.2275	31.289	13.9159	45.2048	26.517	2544.58	18.887	45.6533	30.6608	19.0125								
2016/07/11 22:25:00		2.93655	84.244	32.6354	0.357292	999.89	1.1375	27.1845	32.8791	15.0729	47.9521	26.5837	2554.79	20.0549	40.6867	27.2075	19.2492								
2016/07/11 22:30:00		1.9769	69.792	32.5922	0.357292	999.87	1.14479	27.1158	34.5117	14.3575	48.8692	26.6647	2483.54	19.6406	42.3317	29.2317	21.4242								
2016/07/11 22:35:00		1.14707	71.753	32.5542	0.356771	999.95	1.1375	27.0546	31.356	13.8029	45.1589	26.5074	2350.21	19.9763	47.6092	33.0892	24.6667								
2016/07/11 22:40:00		0.91549	150.064	32.4813	0.358854	1000.01	1.07917	26.9926	28.6403	13.1661	41.8064	26.5503	2300.0	19.8513	53.509	36.8983	26.8392								
2016/07/11 22:45:00		2.66829	182.249	32.4797	0.361979	1000.07	1.19583	26.9104	28.2249	13.0703	41.2952	26.3883	2241.88	19.3049	49.0167	35.355	27.1775								
2016/07/11 22:50:00		3.09734	164.793	32.3828	0.360417	1000.12	1.24688	26.8073	25.4935	11.8276	37.3211	26.6218	2025.63	19.1227	47.7575	34.3817	27.4483								
2016/07/11 22:55:00		2.85132	131.442	32.3167	0.357292	1000.09	1.11563	26.7045	22.981	12.0022	34.9832	25.8449	1956.67	19.4156	47.3725	35.1217	27.5375								
2016/07/11 23:00:00		2.4084	94.598	32.1651	0.355729	999.98	1.09375	26.6124	24.6113	11.5983	36.2096	25.8592	1883.75	18.7548	52.007	36.9892	29.3542								
2016/07/11 23:05:00		2.30292	92.091	32.0682	0.359375	999.91	1.1375	26.5069	25.6454	11.3655	37.0108	25.9783	1830.0	19.1441	54.154	38.1142	29.9783								
2016/07/11 23:10:00		2.04658	92.127	31.9797	0.355729	999.83	1.15937	26.4122	23.8721	11.4305	35.3026	25.7162	1762.71	19.1941	53.798	38.8933	30.0083								
2016/07/11 23:15:00		2.20479	89.514	31.9562	0.3625	999.74	1.17396	26.3381	24.0887	11.1224	35.2111	25.4159	1658.13	18.5762	54.793	39.99	30.9025								
2016/07/11 23:20:00		1.86872	91.948	31.8781	0.359375	999.65	1.15937	26.2629	24.3433	10.5541	34.8975	25.7829	1588.13	19.4513	56.352	40.7767	31.8608								
2016/07/11 23:25:00		2.52356	89.187	31.8771	0.357812	999.6	1.15937	26.178	23.3718	10.6808	34.0526	25.4683	1518.75	18.3048	49.92	39.7492	32.7183								
2016/07/11 23:30:00		1.54299	100.058	31.8771	0.360417	999.57	1.10833	26.1128	22.8381	11.3792	34.2172	25.0059	1561.88	18.4869	62.267	44.7983	35.3508								
2016/07/11 23:35:00		1.08287	88.979	31.7833	0.358333	999.63	1.1375	26.069	23.4746	10.4788	33.9534	25.9068	1566.46	18.4619	57.207	42.61	34.375								
2016/07/11 23:40:00		1.48252	93.762	31.7797	0.355729	999.63	1.10104	26.3912	21.5651	10.5713	32.1363	25.8735	1611.67	19.0977	52.127	38.5408	30.5625								
2016/07/11 23:45:00		1.68636	99.714	31.751	0.35625	999.57	1.14479	26.7424	19.6757	10.5473	30.223	25.7924	1575.0	18.9513	44.9525	31.6167	23.405								
2016/07/11 23:50:00		2.61934	95.015	31.688	0.357292	999.45	1.07917	26.9698	18.4094	9.712	28.1214	25.8735	1479.17	19.0191	34.7833	24.8442	18.4433								
2016/07/11 23:55:00		2.01174	98.777	31.6906	0.360938	999.35	1.07187	27.0876	17.324	8.7706	26.0945	25.3873	1379.79	17.7119	34.9392	24.095	16.08								
2016/07/12 00:00:00		1.56877	125.598	31.6906	0.359896	999.29	1.11563	27.1464	16.7076	8.9246	25.6322	25.4301	1321.46	18.6155	28.7292	19.5775	13.2492								
