-- 1st mean values --
Format: XTAB(V:1;HEAD:2;COL:TCFFFFFFFFFFFFFFFFFFFFFFFF)
StartTime: 2016/07/15 00:00:00
EndTime: 2016/07/16 00:00:00
Period: 24 h
Station: Gia Lam

Time	MeasPt	Wind Spd.	Wind Dir.	Temp	RH	Barometer	Radiation	InnerTemp	NO	NO2	NOx	SO2	CO	O3	PM-10	PM-2.5	PM-1	CH4	NMHC	THC	BENZEN	TOLUEN	ETHYL BENZEN	MP-XYLEN	O-XYLEN
		m/s	degree	°C	%	hPa	W/m²	°C	µg/m3	µg/m3	µg/m3	µg/m3	µg/m3	µg/m3	µg/m3	µg/m3	µg/m3	ppm	ppmC	ppmC	ug/m3	ug/m3	ug/m3	ug/m3	ug/m3
2016/07/15 00:05:00		1.16289	59.003	27.8464	0.360417	1003.64	1.07187	26.839	21.6097	15.9664	37.5762	25.0917	1220.83	19.6549	28.3983	19.7442	15.0883								
2016/07/15 00:10:00		0.94037	62.51	27.8995	0.365104	1003.6	1.14479	26.8361	15.3787	15.696	31.0747	24.963	1160.83	20.9371	26.9733	18.2858	14.175								
2016/07/15 00:15:00		0.8352	67.872	27.8422	0.359375	1003.53	1.10104	26.8291	13.4156	13.0155	26.4311	24.8867	1108.96	21.0621	32.1058	21.4325	15.03								
2016/07/15 00:20:00		0.67376	61.531	27.8036	0.364062	1003.44	1.05729	26.843	18.3133	14.9223	33.2356	25.1584	1098.54	21.03	29.03	19.7858	14.8033								
2016/07/15 00:25:00		0.9382	64.129	27.7396	0.3625	1003.35	1.21042	26.86	13.4603	13.553	27.0133	25.1585	1045.42	21.1728	32.8925	22.0692	15.6583								
2016/07/15 00:30:00		0.84597	82.445	27.7073	0.363542	1003.28	1.13021	26.8771	16.5914	13.2312	29.8226	25.5589	1006.88	21.055	35.57	23.8367	16.3633								
2016/07/15 00:35:00		1.21239	64.894	27.7021	0.363021	1003.17	1.10104	26.8946	16.0108	12.8888	28.8996	25.0202	994.79	21.6907	32.9542	22.09	16.3375								
2016/07/15 00:40:00		1.02537	62.913	27.701	0.365104	1003.08	1.09375	26.9067	14.0253	12.4472	26.4726	25.0345	1007.5	20.9621	31.58	21.2142	15.485								
2016/07/15 00:45:00		0.74963	72.548	27.701	0.35625	1003.03	1.10104	26.9083	13.0784	13.3852	26.4636	25.1728	1011.88	20.9478	26.8292	18.1583	14.1017								
2016/07/15 00:50:00		0.93315	86.678	27.699	0.363021	1002.98	1.08646	26.9225	15.1599	13.1011	28.261	24.9583	959.38	21.4086	30.5783	20.5208	14.3825								
2016/07/15 00:55:00		0.6894	76.685	27.7026	0.364062	1002.98	1.12292	26.9437	21.8643	13.2962	35.1606	25.2443	947.92	21.1728	32.5525	21.8517	16.3375								
2016/07/15 01:00:00		0.85977	60.773	27.7	0.363021	1002.97	1.05729	26.9461	14.7713	12.8341	27.6053	25.3253	917.71	21.3443	30.6917	20.5283	15.2883								
2016/07/15 01:05:00		0.7828	55.626	27.7005	0.361979	1002.95	1.10104	26.9601	13.4447	12.033	25.4777	25.1156	897.5	21.6943	27.8492	18.995	14.48								
2016/07/15 01:10:00		0.66269	51.674	27.7047	0.363021	1002.9	1.10104	26.9612	12.7613	11.7112	24.4725	25.3015	863.96	21.98	28.6533	19.4458	15.0433								
2016/07/15 01:15:00		0.77429	60.84	27.7906	0.360938	1002.87	1.06458	26.969	12.7657	11.6188	24.3845	25.1489	829.38	21.505	32.0967	21.7792	15.6983								
2016/07/15 01:20:00		0.67829	57.754	27.7974	0.3625	1002.82	1.08646	26.9746	10.3783	11.5366	21.9149	25.3348	804.38	20.6549	34.9442	23.635	17.5367								
2016/07/15 01:25:00		0.5609	356.436	27.7641	0.360417	1002.75	1.1375	26.976	11.955	11.7078	23.6628	25.5017	780.21	21.3157	61.511	43.7183	37.3								
2016/07/15 01:30:00		0.77322	352.718	27.6688	0.358333	1002.67	1.05	26.9942	9.8624	11.3073	21.1697	25.5875	763.75	20.9835	74.118	53.03	44.6517								
2016/07/15 01:35:00		0.77227	9.6953	27.5875	0.359896	1002.72	1.11563	26.9934	10.7647	11.3792	22.1438	25.8449	763.13	21.0943	76.643	59.659	52.141								
2016/07/15 01:40:00		0.498469	358.655	27.4885	0.359375	1002.72	1.14479	26.98	8.2254	12.5191	20.7445	26.0498	772.29	20.2728	83.93	66.883	60.797								
2016/07/15 01:45:00		0.75755	8.6972	27.3927	0.35625	1002.65	1.13021	26.977	10.0433	11.9543	21.9976	26.5074	773.33	21.1193	84.643	71.162	65.33								
2016/07/15 01:50:00		0.62847	357.074	27.3031	0.361979	1002.64	1.16667	26.9743	7.4638	11.6085	19.0723	26.5932	766.25	21.5014	89.399	75.628	69.185								
2016/07/15 01:55:00		0.52986	25.8319	27.274	0.359375	1002.64	1.13021	26.9641	9.8222	11.5503	21.3725	26.6457	766.67	21.3693	93.924	75.802	68.667								
2016/07/15 02:00:00		0.68089	337.582	27.1932	0.359375	1002.59	1.11563	26.9585	12.5647	12.1631	24.7278	27.0079	763.33	20.2621	106.074	86.434	76.658								
2016/07/15 02:05:00		0.75255	11.3471	27.1865	0.367188	1002.6	1.05729	26.9502	9.543	11.1498	20.6928	27.1128	760.21	21.2085	107.037	88.103	78.49								
2016/07/15 02:10:00		0.75228	16.6808	27.1891	0.357292	1002.62	1.21771	26.9448	8.4576	10.9273	19.3849	27.3559	747.08	21.43	91.998	73.892	67.632								
2016/07/15 02:15:00		0.65607	12.6008	27.1932	0.3625	1002.57	1.05729	26.94	7.8636	11.1977	19.0613	27.518	727.71	21.3621	93.358	73.255	66.286								
2016/07/15 02:20:00		0.53325	358.78	27.1964	0.357292	1002.53	1.16667	26.9282	9.342	11.5743	20.9163	27.7944	708.33	21.0335	66.166	51.536	46.7142								
2016/07/15 02:25:00		0.818	308.512	27.1943	0.363021	1002.53	1.14479	26.9112	10.0009	18.3696	28.3705	27.6705	694.38	21.0621	94.201	75.359	68.3								
2016/07/15 02:30:00		0.85322	325.094	27.1141	0.361458	1002.5	1.15937	26.9166	9.0204	17.7021	26.7225	27.6848	658.33	20.6657	95.458	73.675	66.627								
2016/07/15 02:35:00		0.65509	335.503	27.0917	0.363021	1002.46	1.09375	26.9163	7.3119	18.6366	25.9486	27.5752	642.92	20.7692	84.452	65.507	59.017								
2016/07/15 02:40:00		0.58881	338.587	27.0943	0.359896	1002.37	1.15208	26.9104	9.7061	16.99	26.6961	27.5942	654.17	21.3764	71.052	55.794	50.26								
2016/07/15 02:45:00		0.462747	57.17	27.0932	0.357812	1002.32	1.1375	26.8992	7.5509	16.254	23.8049	27.5466	662.08	21.0085	62.695	49.73	44.47								
2016/07/15 02:50:00		0.9435	345.916	27.1714	0.361979	1002.35	1.11563	26.9029	9.5296	16.5073	26.0369	27.6657	664.58	21.5907	59.928	46.7242	41.3183								
2016/07/15 02:55:00		0.485349	1.71672	27.1917	0.364583	1002.31	1.07187	26.8916	9.5497	16.8188	26.3686	27.6562	673.54	21.1478	42.735	33.925	30.265								
2016/07/15 03:00:00		0.65214	321.592	27.1922	0.364583	1002.31	1.1375	26.8857	9.246	15.2475	24.4935	27.3273	685.21	20.9264	38.615	29.05	25.39								
2016/07/15 03:05:00		0.76486	334.426	27.1917	0.3625	1002.3	1.10104	26.8769	10.9456	15.1448	26.0904	27.2844	685.83	21.2728	28.53	23.4533	19.545								
2016/07/15 03:10:00		0.67939	331.818	27.1021	0.363021	1002.3	1.14479	26.8723	7.9239	14.7956	22.7195	27.2129	687.92	21.6907	30.4258	24.6692	20.8867								
2016/07/15 03:15:00		0.73273	310.728	27.0438	0.363542	1002.29	1.13021	26.8575	6.8161	13.642	20.4581	27.1414	687.29	21.9729	36.3833	28.8283	24.88								
2016/07/15 03:20:00		0.8536	318.377	26.9932	0.363021	1002.22	1.1375	26.8498	7.8122	13.7207	21.5329	27.1843	717.29	20.7835	23.0983	18.225	16.23								
2016/07/15 03:25:00		0.68751	359.111	26.9922	0.359375	1002.23	1.17396	26.842	6.7447	13.3613	20.1059	26.7124	725.63	21.2657	24.7917	20.0358	18.0608								
2016/07/15 03:30:00		0.72347	341.115	26.974	0.365625	1002.2	1.10833	26.8315	6.6084	13.375	19.9834	26.6314	749.38	21.5443	22.4742	18.4692	16.7783								
2016/07/15 03:35:00		0.75208	305.075	26.8932	0.357292	1002.18	1.10833	26.8304	6.0367	13.4811	19.5178	26.3787	773.54	21.0693	19.5033	15.8817	14.2592								
2016/07/15 03:40:00		0.61104	327.023	26.8917	0.361979	1002.22	1.10833	26.8248	6.0255	12.211	18.2366	26.3263	772.92	20.9478	8.8758	7.1783	6.31								
2016/07/15 03:45:00		0.86925	321.332	26.8927	0.361458	1002.3	1.11563	26.8098	6.805	12.2726	19.0776	26.107	767.5	20.4978	13.71	11.2892	9.8733								
2016/07/15 03:50:00		0.7829	313.061	26.8969	0.360938	1002.29	1.08646	26.806	6.3203	12.3445	18.6649	25.7257	746.88	21.6407	10.18	7.3308	6.335								
2016/07/15 03:55:00		0.57597	347.789	26.8937	0.363021	1002.25	1.14479	26.7971	5.2997	10.5439	15.8436	25.7734	731.25	21.7122	7.9083	6.43	5.6808								
2016/07/15 04:00:00		1.12867	321.365	26.8958	0.361458	1002.29	1.08646	26.7904	4.95353	10.5952	15.5487	25.5017	703.75	21.2693	7.5967	5.5967	4.72333								
2016/07/15 04:05:00		0.478832	34.6369	26.8833	0.359375	1002.26	1.15208	26.7837	5.2885	9.9893	15.2778	25.2204	679.38	21.5229	9.7283	8.0117	6.7925								
2016/07/15 04:10:00		0.58141	358.371	26.7964	0.3625	1002.24	1.08646	26.7687	4.37287	11.0813	15.4542	25.3158	637.08	21.7479	7.945	6.1625	5.4167								
2016/07/15 04:15:00		1.05575	312.93	26.7938	0.366667	1002.27	1.15208	26.7601	6.3002	11.1601	17.4603	25.4778	632.92	21.2514	5.7817	4.33667	3.82167								
2016/07/15 04:20:00		0.7942	337.826	26.7958	0.364583	1002.26	1.20313	26.7491	4.52473	10.9512	15.476	25.0869	614.58	20.4799	4.48583	3.71917	3.2325								
2016/07/15 04:25:00		0.8426	324.638	26.7953	0.366146	1002.29	1.11563	26.7354	5.0898	11.3381	16.4278	24.944	599.38	20.8192	6.1775	4.69417	4.04667								
2016/07/15 04:30:00		0.5654	6.7791	26.8021	0.360938	1002.32	1.06458	26.7303	8.7368	10.7732	19.51	24.9583	636.67	22.2765	6.75	5.4917	4.93433								
2016/07/15 04:35:00		0.60689	42.9163	26.8411	0.358854	1002.29	1.02083	26.7188	5.7374	10.4549	16.1923	24.8439	627.71	21.7586	5.0955	4.16767	3.748								
2016/07/15 04:40:00		0.352994	338.924	26.8901	0.360417	1002.3	1.14479	26.7193	7.0864	13.0395	20.1258	24.9678	648.75	21.0514	5.5892	4.30967	3.81217								
2016/07/15 04:45:00		0.21595	294.633	26.8917	0.361979	1002.34	1.11563	26.711	5.7397	12.4267	18.1664	25.4397	668.96	20.7264	5.67	4.21333	3.73								
2016/07/15 04:50:00		0.8595	300.675	26.9818	0.361458	1002.37	1.1375	26.6973	7.0707	13.0942	20.165	25.4921	727.29	21.1657	5.9135	4.38433	3.7235								
2016/07/15 04:55:00		0.96732	305.303	26.9891	0.364583	1002.46	1.12292	26.668	5.9608	12.9915	18.9523	25.7162	744.58	20.3156	6.545	5.3567	4.63333								
2016/07/15 05:00:00		0.74918	326.595	26.987	0.365104	1002.53	1.14479	26.6498	6.6285	13.6214	20.25	25.6399	750.42	21.3979	5.2025	3.68667	2.8725								
2016/07/15 05:05:00		0.60193	329.05	26.988	0.361458	1002.57	1.15937	26.6371	7.9306	12.9539	20.8845	25.4826	790.0	20.9585	8.3825	5.6867	4.45917								
2016/07/15 05:10:00		0.60386	311.658	27.0016	0.370833	1002.65	1.21042	26.6197	9.6413	12.9505	22.5918	25.4587	897.29	21.2193	5.02	3.49217	2.75933								
2016/07/15 05:15:00		0.60561	314.276	27.0938	0.363021	1002.71	1.09375	26.6044	10.4699	12.8957	23.3656	25.5541	984.58	20.8014	4.44333	3.27	2.73167								
2016/07/15 05:20:00		0.0	502.0	27.0943	0.363542	1002.68	1.1375	26.5963	15.8276	15.494	31.3216	25.6494	1001.67	20.2692	8.7383	5.9942	4.51417								
2016/07/15 05:25:00		0.74127	305.784	27.1177	0.363021	1002.75	1.14479	26.5845	31.9009	24.0523	55.953	25.6304	1148.13	20.8085	5.406	3.8655	2.87933								
2016/07/15 05:30:00		0.68577	310.359	27.1911	0.363021	1002.79	1.12292	26.5896	45.2987	22.5803	67.879	25.7924	1381.88	20.8014	7.8143	5.7222	4.4805								
2016/07/15 05:35:00		0.0	502.0	27.1922	0.364062	1002.79	1.10104	26.6248	25.087	22.3578	47.4448	25.8115	1470.21	21.2264	5.906	4.38883	3.38633								
2016/07/15 05:40:00		0.0	502.0	27.2062	0.364062	1002.86	1.17396	26.6135	57.374	21.7142	79.089	25.9688	1578.75	23.523	8.9467	6.0333	4.26333								
2016/07/15 05:45:00		0.5625	32.175	27.2984	0.359896	1002.89	1.77917	26.809	65.962	21.745	87.707	26.3263	1813.33	22.998	7.9508	5.3642	3.65917								
2016/07/15 05:50:00		0.88237	57.804	27.3255	0.364062	1002.93	6.3802	27.0702	72.141	20.6975	92.839	27.2987	2011.25	22.6979	9.8992	6.8558	5.1408								
2016/07/15 05:55:00		0.73138	76.551	27.4078	0.363021	1002.94	14.124	27.3443	70.526	19.9204	90.447	27.6705	2164.38	22.6479	12.115	8.09	5.7733								
2016/07/15 06:00:00		0.77332	90.681	27.5135	0.361979	1002.99	18.2437	27.5795	66.712	17.079	83.791	28.028	2246.46	22.5551	13.61	9.4567	7.0592								
2016/07/15 06:05:00		0.8176	78.132	27.6078	0.365104	1002.98	25.4698	27.8267	66.897	16.6306	83.528	28.109	2372.92	23.0765	15.8633	10.71	7.6108								
2016/07/15 06:10:00		0.63415	82.682	27.7026	0.366667	1003.05	27.5479	28.0783	60.479	15.5009	75.98	27.8564	2432.29	22.9551	31.6533	21.855	15.3775								
2016/07/15 06:15:00		0.66572	83.791	27.7943	0.364062	1003.05	30.326	28.3046	54.924	14.2034	69.128	28.2806	2520.42	23.473	44.7316	30.5246	21.5965								
2016/07/15 06:20:00		0.95393	85.136	27.8734	0.3625	1003.09	56.547	28.2925	62.002	14.9702	76.972	28.0185	2570.21	21.8872	52.025	35.2817	24.98								
2016/07/15 06:25:00		0.55557	77.426	27.962	0.363021	1003.17	75.068	28.081	74.334	15.9562	90.29	27.9327	2723.33	22.6194	56.575	37.9617	27.2117								
2016/07/15 06:30:00		0.54362	329.389	28.088	0.364583	1003.25	58.472	27.8369	69.332	17.1817	86.513	27.966	2846.46	21.5122	77.743	53.083	38.3633								
2016/07/15 06:35:00		0.77207	314.019	28.1974	0.365625	1003.35	68.76	27.5867	49.4661	17.4967	66.963	27.8087	2859.79	21.4836	86.132	58.432	45.4858								
2016/07/15 06:40:00		0.75872	334.305	28.1979	0.371354	1003.38	65.078	27.3593	49.3857	18.8181	68.204	28.2425	2811.04	21.5443	100.343	70.07	55.221								
2016/07/15 06:45:00		0.61559	323.756	28.2698	0.361458	1003.37	70.255	27.1435	52.222	20.1908	72.413	28.0995	2887.92	21.9765	109.948	74.825	59.389								
2016/07/15 06:50:00		0.94627	323.899	28.2974	0.366146	1003.39	69.701	27.2227	59.306	21.1596	80.466	33.972	3119.38	24.4445	105.541	73.882	59.724								
2016/07/15 06:55:00		0.0	502.0	28.3031	0.361979	1003.44	61.243	27.4133	52.934	19.8245	72.759	34.6251	3204.79	26.4303	108.228	73.912	57.423								
2016/07/15 07:00:00		0.0	502.0	28.3859	0.361979	1003.52	58.713	27.624	70.62	20.3209	90.941	33.1617	3381.67	24.9445	106.597	72.47	53.625								
2016/07/15 07:05:00		0.60378	317.851	28.4328	0.358854	1003.59	61.476	27.8705	55.402	19.1056	74.508	33.1522	3660.63	24.7159	103.311	69.722	51.133								
2016/07/15 07:10:00		0.0	502.0	28.4969	0.363542	1003.61	72.246	28.0635	62.107	16.788	78.895	32.0844	3761.25	23.948	105.872	71.733	50.375								
2016/07/15 07:15:00		0.0	502.0	28.563	0.363542	1003.62	89.002	28.0887	66.698	18.6743	85.373	31.7698	4111.88	22.7158	105.099	70.853	50.865								
2016/07/15 07:20:00		0.0	502.0	28.6609	0.360417	1003.61	104.723	27.9865	63.599	18.9413	82.54	31.2502	4398.13	22.3979	108.71	72.518	50.528								
2016/07/15 07:25:00		0.67255	94.666	28.7839	0.366667	1003.71	137.805	27.8171	61.528	19.3487	80.877	30.8642	4623.96	21.6443	105.263	70.573	49.9292								
2016/07/15 07:30:00		1.02836	75.511	28.9594	0.359896	1003.78	179.834	27.6468	62.402	21.4917	83.893	31.1692	4843.33	22.7372	97.886	65.653	46.945								
2016/07/15 07:35:00		0.838	83.062	29.149	0.3625	1003.81	160.643	27.4659	60.593	21.0809	81.673	30.7402	4940.0	23.2194	92.792	62.034	43.2567								
2016/07/15 07:40:00		1.02199	79.602	29.3385	0.357292	1003.9	122.135	27.3037	74.984	19.5233	94.507	31.8556	4975.0	22.7158	88.013	58.662	40.2458								
2016/07/15 07:45:00		0.98853	111.008	29.4427	0.363542	1003.97	135.523	27.1298	64.418	19.3898	83.808	31.7221	5098.8	21.7407	85.749	57.409	38.8875								
2016/07/15 07:50:00		1.01837	133.668	29.5458	0.35625	1004.08	171.857	26.9926	86.933	20.8549	107.787	31.4409	5274.0	22.5336	82.801	55.696	38.8525								
2016/07/15 07:55:00		1.07568	151.011	29.6786	0.368229	1004.18	217.51	26.8965	53.864	18.1539	72.017	30.8641	5209.6	22.0622	80.828	54.863	40.0133								
2016/07/15 08:00:00		1.32122	158.537	29.8172	0.368229	1004.19	214.258	26.835	53.488	18.2738	71.762	29.949	5046.9	21.7979	88.944	59.609	40.9592								
2016/07/15 08:05:00		1.62196	139.462	29.9589	0.367188	1004.2	231.489	26.7797	58.612	18.2498	76.861	30.2922	5213.8	22.1336	81.725	55.056	37.88								
2016/07/15 08:10:00		1.69338	167.374	30.1016	0.367708	1004.24	260.786	26.7429	58.25	19.3521	77.602	30.092	5245.8	22.3729	85.328	57.438	38.3758								
2016/07/15 08:15:00		2.12826	168.598	30.2516	0.365625	1004.24	356.504	26.7155	93.213	17.6233	110.836	31.0501	5286.7	21.2657	85.787	57.417	39.6933								
2016/07/15 08:20:00		2.05784	172.604	30.3891	0.363542	1004.26	275.333	26.6814	77.36	22.5495	99.91	30.4447	5292.3	21.4943	78.975	54.043	37.5317								
2016/07/15 08:25:00		2.55443	163.584	30.5099	0.364062	1004.3	312.156	26.6857	95.734	30.2178	125.952	29.7297	5216.9	21.4193	81.931	55.005	39.0458								
2016/07/15 08:30:00		1.95821	157.906	30.6094	0.366667	1004.33	263.47	26.6957	105.558	30.2109	135.769	29.5581	5269.4	22.1372	81.3	54.999	38.2325								
2016/07/15 08:35:00		1.96791	164.319	30.7437	0.363021	1004.31	374.23	26.7094	103.432	29.6187	133.051	29.3388	5405.4	21.5121	72.406	49.4433	35.4542								
2016/07/15 08:40:00		2.43372	160.113	30.8401	0.367708	1004.27	345.1	26.7228	77.742	28.2733	106.016	28.8288	5309.0	21.6157	73.748	49.5417	35.0133								
2016/07/15 08:45:00		1.8297	160.274	30.9052	0.36875	1004.32	393.254	26.7523	78.718	27.0272	105.746	29.6963	5031.3	22.6658	68.799	46.2717	32.8542								
2016/07/15 08:50:00		1.66476	186.284	31.0167	0.364583	1004.36	373.618	26.7961	73.584	26.2946	99.878	29.4199	4767.71	22.4086	62.57	44.235	32.9417								
2016/07/15 08:55:00		1.50624	158.387	31.1396	0.367188	1004.36	480.054	26.8243	60.032	20.6495	80.682	28.2425	4371.46	21.7693	73.242	49.7967	35.08								
2016/07/15 09:00:00		2.40778	166.165	31.3312	0.366146	1004.32	378.576	26.8661	59.605	24.4152	84.021	27.7944	4195.42	22.1015	67.567	46.0567	33.3267								
2016/07/15 09:05:00		2.83917	180.13	31.449	0.366667	1004.36	458.558	26.9198	53.953	22.6864	76.639	28.171	4033.75	22.0836	56.898	38.9233	27.7858								
2016/07/15 09:10:00		3.39128	182.657	31.4776	0.3625	1004.41	300.825	26.9794	43.4071	18.7633	62.17	27.5847	3732.92	21.9015	49.3283	34.1067	25.295								
2016/07/15 09:15:00		2.87126	174.214	31.3802	0.365625	1004.44	291.616	27.0331	53.752	21.1528	74.905	27.2606	3450.0	22.2551	52.412	35.6933	25.64								
2016/07/15 09:20:00		2.56551	177.951	31.3828	0.365625	1004.43	385.977	27.0772	37.5356	20.6701	58.206	26.9031	3283.75	22.6301	56.332	38.1117	27.05								
2016/07/15 09:25:00		2.44042	165.451	31.4667	0.363542	1004.35	392.197	27.1107	62.495	20.7488	83.244	27.1462	3165.0	23.1015	59.753	40.0483	27.7183								
2016/07/15 09:30:00		2.14243	166.055	31.5521	0.36875	1004.31	432.724	27.1776	40.8946	19.1125	60.007	26.5885	3106.04	22.6336	67.378	45.085	30.5783								
2016/07/15 09:35:00		2.45403	153.319	31.713	0.36875	1004.26	551.95	27.2364	35.4296	19.4343	54.864	26.6123	3079.58	22.08	66.678	44.4858	30.6425								
2016/07/15 09:40:00		2.60604	168.472	31.8771	0.367188	1004.22	537.25	27.2833	35.2755	19.4822	54.758	26.517	3013.75	22.8229	70.654	47.3717	31.8917								
2016/07/15 09:45:00		2.63668	175.689	32.0422	0.363021	1004.19	556.3	27.3499	40.0057	18.106	58.112	26.7362	2968.75	22.3051	48.48	32.6058	22.0258								
2016/07/15 09:50:00		2.46537	161.571	32.2458	0.366146	1004.14	750.81	27.4165	36.0304	19.3008	55.331	26.8411	2890.83	23.0087	45.6475	30.8558	21.2125								
2016/07/15 09:55:00		2.22886	174.846	32.5812	0.367188	1004.11	658.61	27.5019	28.638	19.3384	47.9765	26.5932	2857.71	22.6765	42.465	28.7567	19.7792								
2016/07/15 10:00:00		2.94069	168.246	32.8729	0.365104	1004.13	660.63	27.6149	34.1209	18.1026	52.223	26.7124	2784.58	22.8301	44.3308	29.7267	19.92								
2016/07/15 10:05:00		2.45201	162.936	33.0635	0.363542	1004.08	638.23	27.7473	30.7575	18.753	49.5105	26.1785	2699.79	22.7444	49.5925	30.975	21.1633								
2016/07/15 10:10:00		2.32605	151.057	33.2141	0.364062	1003.99	625.79	27.8874	29.1048	21.276	50.381	26.4216	2656.88	22.5265	57.353	31.1583	20.8767								
2016/07/15 10:15:00		1.28342	178.738	33.4094	0.3625	1003.9	623.95	28.0436	35.673	21.632	57.305	26.7219	2709.38	22.8229	64.558	31.8258	20.0692								
2016/07/15 10:20:00		2.1748	161.195	33.6578	0.367708	1003.9	599.94	28.1954	32.9841	22.5872	55.571	26.5265	2883.33	22.0086	63.238	32.62	20.2867								
2016/07/15 10:25:00		2.59473	163.609	33.8005	0.367708	1003.93	606.19	28.2982	35.4832	23.7134	59.197	26.8125	3057.08	22.3658	75.343	30.7167	20.285								
2016/07/15 10:30:00		2.20118	159.973	33.8036	0.367708	1003.94	607.79	28.3508	28.2003	21.3	49.5003	27.4465	2998.13	22.1086	53.516	25.995	16.2075								
2016/07/15 10:35:00		2.01254	147.729	33.8542	0.36875	1003.91	554.47	28.3285	24.8726	21.1596	46.0322	27.0222	2942.5	21.6014	61.946	28.8542	17.3658								
2016/07/15 10:40:00		2.2676	152.557	33.8984	0.365104	1003.87	517.66	28.2171	24.8771	21.8306	46.7077	27.0175	2906.25	21.7872	89.889	34.4183	18.7142								
2016/07/15 10:45:00		2.59755	177.71	33.9583	0.366667	1003.8	511.57	28.0592	42.143	24.268	66.411	27.0222	2934.17	21.6514	76.722	30.4917	17.3925								
2016/07/15 10:50:00		1.18298	155.753	33.9266	0.363542	1003.69	481.024	27.9218	26.8558	24.357	51.213	26.8649	2964.38	21.2264	57.781	26.59	15.8667								
2016/07/15 10:55:00		1.79908	158.094	33.9698	0.365104	1003.68	453.301	27.8095	35.0075	28.1364	63.144	26.9889	3127.5	21.1157	67.584	29.0942	16.1158								
2016/07/15 11:00:00		2.31624	132.006	33.9964	0.367708	1003.6	447.409	27.6825	35.2688	28.1158	63.385	26.5027	3231.67	21.0014	47.0917	18.8075	10.9658								
2016/07/15 11:05:00		2.36627	133.347	33.8745	0.363542	1003.58	447.592	27.5505	28.7073	24.5693	53.277	26.598	3161.46	21.68	61.437	26.6558	15.7575								
2016/07/15 11:10:00		2.26891	154.212	33.7995	0.364062	1003.53	453.163	27.4192	36.8478	27.6776	64.525	26.5932	3140.0	20.9193	28.6167	13.025	8.275								
2016/07/15 11:15:00		1.94219	138.791	33.7995	0.368229	1003.38	462.948	27.2825	39.4451	29.8378	69.283	26.5932	3209.38	20.5907	43.2975	17.1608	9.9108								
2016/07/15 11:20:00		1.7459	160.496	33.799	0.366146	1003.33	462.722	27.165	45.3411	34.8803	80.221	27.2081	3211.04	21.2335	30.6258	11.5992	6.5275								
2016/07/15 11:25:00		1.4017	128.588	33.8552	0.366667	1003.26	454.686	27.0957	85.195	51.353	136.548	26.9174	3239.38	21.4157	20.5183	9.435	5.5067								
2016/07/15 11:30:00		1.2913	144.582	33.8755	0.360938	1003.19	448.372	27.181	67.701	51.576	119.277	26.8459	3245.21	22.7301	19.8975	9.0725	4.9825								
2016/07/15 11:35:00		1.36467	142.141	33.8964	0.369271	1003.11	437.31	27.3534	50.234	47.2112	97.446	27.0747	3323.13	23.1194	11.5683	4.82167	2.96								
2016/07/15 11:40:00		1.23342	145.311	33.8958	0.365625	1003.0	423.558	27.9282	41.4864	43.3154	84.802	26.884	3317.71	23.5766	30.4913	13.1452	7.2352								
2016/07/15 11:45:00		1.31335	153.559	33.9047	0.364583	1002.92	419.993	28.5135	55.311	43.0964	98.407	26.8554	3450.42	22.2658	45.2475	21.5125	12.7825								
2016/07/15 11:50:00		1.01557	122.012	34.0042	0.363542	1002.87	422.428	28.8426	39.4764	41.258	80.734	27.0985	3507.29	21.08	53.195	25.1783	14.7633								
2016/07/15 11:55:00		0.81315	122.025	34.001	0.359896	1002.76	429.45	29.0939	30.4225	37.91	68.332	26.9317	3574.79	22.2622	58.182	25.5808	15.3017								
2016/07/15 12:00:00		0.99101	312.941	33.9786	0.3625	1002.64	434.583	29.2899	31.3582	40.1009	71.459	27.3416	3596.04	21.2264	45.8342	24.52	15.8483								
2016/07/15 12:05:00		1.04751	83.836	33.8693	0.366667	1002.53	444.383	29.433	18.588	23.6039	42.1919	26.8745	3304.58	20.4978	47.5458	23.8308	15.7958								
2016/07/15 12:10:00		1.07512	73.497	33.8745	0.366667	1002.4	450.939	29.5678	20.8348	36.4208	57.256	27.1605	3189.58	20.9764	63.362	26.1783	16.165								
2016/07/15 12:15:00		1.30266	82.989	33.9854	0.364583	1002.27	453.731	29.6913	41.6852	37.8723	79.558	27.17	3321.25	21.305	58.712	25.55	15.06								
2016/07/15 12:20:00		1.56839	100.38	34.1005	0.363542	1002.11	458.741	29.8038	18.8292	33.5452	52.374	27.4608	3303.33	21.78	44.4233	23.3	14.0217								
2016/07/15 12:25:00		1.29323	95.066	34.2099	0.364062	1001.99	463.203	29.9192	13.9449	29.1805	43.1254	27.0032	3178.13	21.6907	49.915	23.5317	15.2383								
2016/07/15 12:30:00		1.42008	111.762	34.2161	0.3625	1001.96	472.259	30.0631	15.0884	30.3342	45.4226	27.027	3110.42	21.3514	43.89	22.2283	14.4333								
2016/07/15 12:35:00		1.40713	84.539	34.2891	0.358333	1001.89	473.703	30.1877	20.5623	31.6556	52.218	27.027	2923.75	21.9622	38.4567	20.7183	13.7283								
2016/07/15 12:40:00		1.45447	116.594	34.2203	0.364062	1001.88	474.206	30.3259	10.2197	23.0459	33.2656	26.7553	2675.0	21.1728	40.3767	21.5483	13.8667								
2016/07/15 12:45:00		1.15142	73.004	34.2177	0.365625	1001.89	460.79	30.4454	10.4699	26.7362	37.2061	26.5789	2482.08	21.2729	41.7267	19.695	12.8867								
2016/07/15 12:50:00		0.82779	98.75	34.2932	0.360417	1001.85	463.466	30.5641	8.3013	24.4118	32.7131	26.803	2349.58	21.6765	36.8733	19.9617	12.8183								
2016/07/15 12:55:00		1.89735	128.335	34.3995	0.365104	1001.76	463.371	30.672	9.619	26.0926	35.7116	27.027	2265.21	22.0515	43.3333	22.1783	13.4267								
2016/07/15 13:00:00		1.52631	135.9	34.4125	0.363021	1001.76	476.109	30.7775	16.0242	32.0184	48.0426	27.2034	2268.13	21.13	41.5867	20.2517	13.16								
2016/07/15 13:05:00		1.54298	125.702	34.4354	0.364583	1001.74	497.751	30.8776	10.7758	31.4262	42.202	26.9698	2291.04	22.8051	44.4783	20.5408	12.7542								
2016/07/15 13:10:00		1.5911	95.427	34.5698	0.360938	1001.68	524.95	30.9644	17.0426	33.066	50.109	27.1366	2314.38	22.6158	38.7467	21.2542	13.7692								
2016/07/15 13:15:00		1.2539	114.596	34.6214	0.361979	1001.63	563.99	31.0599	15.9147	31.7959	47.7106	27.4608	2300.0	22.0122	48.3808	22.6958	14.0608								
2016/07/15 13:20:00		1.7688	104.73	34.7302	0.363542	1001.57	575.86	31.1386	11.5486	29.6255	41.1741	27.5799	2366.25	21.955	41.1508	21.4408	14.02								
2016/07/15 13:25:00		2.16542	103.384	34.85	0.359375	1001.56	562.73	31.185	8.6497	28.4342	37.0839	27.4417	2309.17	21.6586	46.9917	23.4625	14.845								
2016/07/15 13:30:00		1.68002	88.963	34.9562	0.358854	1001.58	520.26	31.217	12.9243	33.2269	46.1512	27.1271	2202.71	21.9193	48.3792	22.09	14.1908								
2016/07/15 13:35:00		1.5071	81.611	35.0865	0.359375	1001.61	539.94	31.2677	10.6619	32.5593	43.2212	27.3321	2199.58	21.78	40.7442	20.9533	13.6325								
2016/07/15 13:40:00		1.63799	91.127	35.1281	0.360417	1001.59	537.94	31.3099	17.5719	39.7346	57.306	27.0079	2194.58	21.8372	46.4925	24.3308	15.0833								
2016/07/15 13:45:00		2.0617	86.488	35.1292	0.359896	1001.54	531.8	31.3413	17.7036	43.3462	61.05	27.5704	2240.42	22.4372	44.5333	22.2792	14.365								
2016/07/15 13:50:00		2.46826	82.871	35.224	0.358333	1001.46	564.36	31.3665	12.8506	45.8521	58.703	27.7563	2307.92	21.7836	49.2733	23.6925	14.8242								
2016/07/15 13:55:00		1.67606	109.105	35.3193	0.360417	1001.41	553.31	31.391	15.4413	52.216	67.657	27.2796	2361.04	22.3372	48.8292	23.7625	15.025								
2016/07/15 14:00:00		1.9154	99.833	35.4104	0.3625	1001.36	577.89	31.4226	13.4112	60.035	73.446	27.4846	2317.5	22.4372	43.9925	22.34	14.3425								
2016/07/15 14:05:00		2.14009	105.339	35.5224	0.356771	1001.35	572.87	31.4484	13.9047	59.104	73.009	27.5132	2274.79	22.4479	41.7975	20.71	13.945								
2016/07/15 14:10:00		1.54563	124.958	35.5802	0.365104	1001.28	562.17	31.4785	9.7954	55.9	65.695	27.5847	2234.58	23.0801	47.9483	22.1692	14.0542								
2016/07/15 14:15:00		2.80374	128.509	35.6286	0.356771	1001.21	556.1	31.5236	11.8769	77.278	89.155	28.0137	2223.54	22.9087	47.2333	21.83	14.1892								
2016/07/15 14:20:00		1.35583	132.361	35.6521	0.360938	1001.19	566.72	31.5566	11.1577	80.869	92.027	27.6943	2231.67	22.9301	55.824	25.2625	14.9167								
2016/07/15 14:25:00		2.76036	123.189	35.6953	0.363021	1001.23	557.57	31.5781	18.6818	125.527	144.209	27.7277	2240.21	22.3622	48.8442	22.1367	13.4592								
2016/07/15 14:30:00		2.21578	137.576	35.6964	0.360938	1001.19	544.18	31.6073	14.1839	104.299	118.483	27.7753	2200.0	21.9658	53.201	21.4658	12.9183								
2016/07/15 14:35:00		1.94333	119.38	35.7828	0.358854	1001.16	548.76	31.6114	17.1386	88.141	105.279	27.7611	2246.88	21.58	51.201	21.7017	12.6442								
2016/07/15 14:40:00		1.80454	117.095	35.7901	0.358333	1001.11	580.16	31.6143	14.7623	72.773	87.536	27.6181	2304.38	22.3158	53.686	20.31	12.0125								
2016/07/15 14:45:00		1.40384	104.668	35.8542	0.357812	1001.05	599.67	31.6183	21.9738	79.723	101.696	27.6514	2367.29	22.2515	57.32	23.2633	13.5467								
2016/07/15 14:50:00		1.76236	160.67	35.8833	0.358333	1000.99	572.4	31.6197	13.8132	63.76	77.573	27.5132	2379.38	21.8157	50.982	21.6475	12.9558								
2016/07/15 14:55:00		2.25371	137.381	35.8875	0.358333	1001.01	507.24	31.6248	16.8237	60.028	76.852	28.1138	2338.96	21.8872	52.414	19.9908	12.9633								
2016/07/15 15:00:00		2.28483	173.855	35.8193	0.365625	1000.97	471.217	31.635	21.3194	58.467	79.786	27.7325	2316.88	22.5872	40.47	17.5808	10.4483								
2016/07/15 15:05:00		1.19257	110.459	35.8292	0.360417	1000.93	441.605	31.6444	16.243	56.006	72.249	28.3331	2363.75	21.9908	41.8492	17.7775	10.4358								
2016/07/15 15:10:00		1.69049	119.321	35.8911	0.360417	1000.86	346.631	31.643	18.2084	53.401	71.609	29.2292	2422.08	22.0158	58.02	23.3667	11.6383								
2016/07/15 15:15:00		1.95343	152.627	35.8896	0.356771	1000.83	304.361	31.6473	22.2574	59.631	81.888	29.1768	2442.29	23.0658	48.5383	18.2833	10.5183								
2016/07/15 15:20:00		2.11344	143.721	35.8182	0.3625	1000.84	277.681	31.646	19.1218	70.014	89.136	28.948	2453.96	22.6479	40.775	16.615	9.3933								
2016/07/15 15:25:00		2.80754	153.817	35.6823	0.361458	1000.87	277.295	31.6385	19.9816	44.784	64.766	29.1863	2429.38	22.2265	42.9117	18.0583	10.0417								
2016/07/15 15:30:00		2.93364	134.526	35.5349	0.364583	1000.82	267.393	31.621	19.7315	44.4417	64.173	28.7573	2393.13	21.6979	41.54	16.7992	9.8617								
2016/07/15 15:35:00		2.67172	129.953	35.2953	0.359896	1000.81	301.736	31.5979	10.4073	34.6921	45.0994	28.4379	2296.25	22.1693	39.425	16.1683	9.705								
2016/07/15 15:40:00		2.15947	133.57	35.1391	0.361458	1000.81	292.41	31.5748	21.2814	46.5505	67.832	28.0375	2253.33	22.4158	43.0933	16.345	9.0983								
2016/07/15 15:45:00		1.66212	150.551	35.1323	0.355729	1000.77	303.479	31.5523	11.8389	38.0777	49.9166	27.8326	2253.96	22.3086	41.9067	16.6233	9.0783								
2016/07/15 15:50:00		2.08431	132.088	35.124	0.361458	1000.71	318.42	31.5155	16.9398	33.018	49.9579	27.7372	2238.96	22.0479	40.0883	16.1117	9.095								
2016/07/15 15:55:00		2.73436	126.324	35.2234	0.359896	1000.7	324.435	31.476	12.6652	31.2413	43.9066	27.7754	2223.96	21.6264	41.8517	18.2133	10.3333								
2016/07/15 16:00:00		1.75901	133.988	35.2484	0.3625	1000.65	322.029	31.4476	19.7873	37.465	57.252	28.0089	2263.33	21.7657	34.7483	15.2	8.86								
2016/07/15 16:05:00		2.57725	139.592	35.3224	0.358333	1000.68	306.279	31.4342	15.4301	33.6616	49.0917	27.8707	2347.71	22.1015	36.1708	14.5117	7.7975								
2016/07/15 16:10:00		2.6872	124.921	35.3203	0.3625	1000.68	284.324	31.4559	9.1321	20.5811	29.7132	27.6896	2292.29	22.3372	33.7558	13.6342	7.7225								
2016/07/15 16:15:00		1.69495	129.234	35.3229	0.361458	1000.64	254.18	31.5225	19.1799	32.1759	51.356	27.5418	2275.42	23.1301	40.5417	16.2483	9.82								
2016/07/15 16:20:00		2.26934	131.481	35.3182	0.358854	1000.62	238.117	31.5356	9.8557	27.7598	37.6155	28.1186	2319.38	21.6336	38.8408	15.5192	10.1683								
2016/07/15 16:25:00		2.35844	135.278	35.3109	0.357812	1000.62	225.436	31.4919	14.0075	32.5114	46.5189	27.8564	2446.25	21.1907	39.2592	15.6567	9.4								
2016/07/15 16:30:00		2.70443	143.3	35.224	0.358854	1000.59	221.149	31.438	13.1141	30.2417	43.3559	27.6658	2514.38	21.8979	38.55	17.0558	10.3908								
2016/07/15 16:35:00		3.14884	145.257	35.2026	0.357292	1000.56	217.86	31.4224	10.1416	29.0915	39.2331	27.5942	2568.75	22.0372	39.2425	16.4542	9.245								
2016/07/15 16:40:00		1.98821	133.248	35.1271	0.3625	1000.5	217.35	31.457	13.9784	30.9024	44.8809	27.6038	2662.29	21.83	48.81	17.1108	9.8317								
2016/07/15 16:45:00		1.93978	126.055	35.2245	0.360938	1000.5	212.88	31.4919	13.1811	29.3585	42.5396	28.0566	2710.42	22.0122	34.9558	14.9608	8.7217								
2016/07/15 16:50:00		1.84165	129.043	35.226	0.356771	1000.54	213.456	31.4709	13.9293	26.1029	40.0322	28.1376	2602.92	21.7943	42.9908	16.6167	8.9267								
2016/07/15 16:55:00		1.99892	121.256	35.2922	0.359896	1000.53	209.898	31.4186	12.0622	28.7731	40.8353	27.9088	2702.92	21.7907	38.4083	14.2258	7.7725								
2016/07/15 17:00:00		1.60343	111.88	35.313	0.360938	1000.55	155.59	31.3689	25.8888	29.6255	55.514	27.7182	2786.25	21.9586	38.1383	16.3108	9.1792								
2016/07/15 17:05:00		1.95068	123.514	35.2203	0.358333	1000.56	143.434	31.3988	16.7656	32.5148	49.2804	27.7611	2941.46	21.6264	44.0667	15.2042	8.3325								
2016/07/15 17:10:00		1.89295	124.329	35.224	0.357812	1000.61	82.221	31.4318	23.6153	33.0009	56.616	27.7086	3045.21	22.105	35.5792	14.7292	8.375								
2016/07/15 17:15:00		2.27758	135.931	35.1818	0.356771	1000.62	65.363	31.4353	21.1497	32.4464	53.596	27.5323	3154.17	20.8764	39.2483	14.3808	7.9358								
2016/07/15 17:20:00		1.47971	109.905	35.1089	0.360417	1000.62	62.205	31.395	18.5992	34.1204	52.72	27.599	3217.92	21.3514	52.113	15.6267	7.9492								
2016/07/15 17:25:00		1.77174	131.485	35.0193	0.356771	1000.7	56.401	31.3456	29.6252	52.435	82.06	27.9374	3336.88	21.8943	45.8042	16.2742	8.9217								
2016/07/15 17:30:00		2.24064	143.756	34.9375	0.360417	1000.72	80.551	31.3281	22.0296	48.7175	70.747	28.4236	3319.38	23.1337	44.9683	15.1858	8.0775								
2016/07/15 17:35:00		2.48254	151.99	34.8505	0.361979	1000.67	114.968	31.3869	17.2056	38.8514	56.057	28.538	3298.33	23.1765	31.8917	13.6058	8.0392								
2016/07/15 17:40:00		2.93453	161.088	34.724	0.359375	1000.59	106.633	31.2892	19.6109	36.0682	55.679	28.4141	3213.75	22.3015	46.5867	15.41	9.7775								
2016/07/15 17:45:00		2.7323	158.528	34.5844	0.360417	1000.56	88.514	30.8739	15.0169	29.9918	45.0087	28.1567	3094.58	22.1622	37.8583	15.2433	10.0225								
2016/07/15 17:50:00		2.71911	144.678	34.4479	0.354167	1000.54	65.764	30.3914	13.5854	28.109	41.6943	27.6038	2925.63	22.4265	37.7233	15.3033	10.07								
2016/07/15 17:55:00		2.73857	151.119	34.2917	0.361979	1000.6	48.2635	29.9372	13.8668	26.8492	40.716	27.6467	2840.83	22.2729	47.5508	16.7808	9.9175								
2016/07/15 18:00:00		2.84845	163.964	34.1458	0.361458	1000.89	48.5625	29.5597	14.6909	22.8884	37.5793	27.2844	2776.88	22.2658	39.9117	15.4642	9.4658								
2016/07/15 18:05:00		2.56679	150.469	34.0146	0.358854	1001.12	54.133	29.2356	18.6707	26.767	45.4377	27.4846	2855.42	21.8372	34.7425	14.4008	9.2267								
2016/07/15 18:10:00		2.52389	149.502	33.901	0.361458	1001.21	69.519	28.979	18.3133	20.985	39.2984	27.1271	2790.0	22.4408	50.526	15.39	8.865								
2016/07/15 18:15:00		2.49242	155.654	33.8078	0.366146	1001.23	65.399	28.7519	17.6255	21.9983	39.6238	26.8983	2804.17	22.0372	34.6933	14.5133	9.065								
2016/07/15 18:20:00		2.74915	139.95	33.7458	0.368229	1001.14	53.47	28.5924	29.7547	21.9059	51.661	26.6647	2786.67	22.4051	35.8042	14.7242	9.5725								
2016/07/15 18:25:00		2.35183	149.92	33.638	0.367708	1001.16	34.1688	28.4396	13.6903	19.4137	33.1041	26.8316	2712.29	22.5872	37.42	15.33	9.5767								
2016/07/15 18:30:00		1.97096	150.784	33.5479	0.3625	1001.13	18.0615	28.307	13.965	17.4898	31.4548	26.9364	2629.79	22.998	33.3633	14.685	9.76								
2016/07/15 18:35:00		2.27231	158.982	33.4318	0.356771	1001.26	10.7188	28.1787	13.9606	17.394	31.3545	26.5408	2509.38	23.098	23.0433	11.0892	7.1517								
2016/07/15 18:40:00		2.40069	150.41	33.3495	0.363542	1001.32	3.19375	28.0802	11.7205	13.9261	25.6466	25.7877	2465.0	21.9265	33.6833	14.9533	9.83								
2016/07/15 18:45:00		1.99908	161.016	33.2833	0.364583	1001.5	1.18125	28.0442	13.2772	15.6241	28.9013	25.8878	2403.96	22.5265	30.9317	13.4433	8.4333								
2016/07/15 18:50:00		2.15574	150.206	33.1984	0.361458	1001.64	1.20313	28.013	20.138	18.2669	38.4049	26.169	2470.42	22.4944	38.33	15.1317	9.785								
2016/07/15 18:55:00		2.98472	162.705	33.174	0.363542	1001.72	1.20313	27.9789	20.8995	18.13	39.0295	26.7553	2383.33	22.0729	15.9917	10.6567	6.9867								
2016/07/15 19:00:00		2.97415	154.557	33.0901	0.359375	1001.76	1.15208	27.9433	14.8539	16.7778	31.6317	26.2929	2328.75	21.8407	15.6558	10.5108	7.355								
2016/07/15 19:05:00		3.2608	148.053	32.9797	0.358854	1001.57	1.18125	27.8944	11.9037	14.2239	26.1276	26.1309	2269.17	22.5337	15.0117	10.05	7.1								
2016/07/15 19:10:00		2.86524	147.72	32.8906	0.360417	1001.53	1.26146	27.8345	14.0633	15.6001	29.6634	26.169	2186.67	22.8515	10.9667	7.3367	5.0483								
2016/07/15 19:15:00		2.60747	141.682	32.8036	0.365104	1001.59	1.15937	27.7634	16.4195	17.9246	34.344	25.7019	2198.75	22.7837	14.995	10.1892	6.6967								
2016/07/15 19:20:00		2.78671	143.892	32.7958	0.360938	1001.61	1.18854	27.7416	15.5485	16.812	32.3605	25.821	2247.92	22.7479	9.8466	6.561	4.41271								
2016/07/15 19:25:00		2.2338	146.23	32.6979	0.367188	1001.73	1.18854	27.6817	21.6231	17.4966	39.1198	25.8973	2221.04	22.0229	9.6492	6.445	3.88917								
2016/07/15 19:30:00		1.93255	160.37	32.6974	0.359896	1001.91	1.14479	27.5999	30.255	18.6092	48.8642	25.9307	2265.83	22.0229	7.8975	5.2658	3.34917								
2016/07/15 19:35:00		2.03216	144.972	32.6089	0.363021	1002.03	1.15208	27.5215	22.4651	18.0718	40.5369	26.3025	2392.29	21.8265	6.1583	4.10833	2.33								
2016/07/15 19:40:00		2.23781	132.271	32.574	0.363542	1002.14	1.14479	27.4315	26.9519	16.9832	43.935	26.1118	2438.54	22.0836	6.45	4.3025	2.55583								
2016/07/15 19:45:00		1.97514	153.545	32.487	0.361458	1002.44	1.14479	27.3446	22.9162	16.5552	39.4715	25.9926	2429.58	21.63	4.50583	3.02333	1.97833								
2016/07/15 19:50:00		2.22422	164.478	32.4849	0.363021	1002.67	1.19583	27.2796	17.5116	16.1547	33.6663	26.2262	2421.25	21.5871	5.5725	3.715	2.50333								
2016/07/15 19:55:00		2.01852	151.434	32.3885	0.363542	1002.87	1.20313	27.2015	20.0821	15.4255	35.5077	26.0832	2382.29	21.7657	4.11833	2.745	1.80917								
2016/07/15 20:00:00		1.43662	162.459	32.3323	0.361979	1002.95	1.17396	27.0949	16.7254	14.2513	30.9768	25.9068	2318.75	21.855	2.01	1.34083	0.95917								
2016/07/15 20:05:00		1.79137	147.682	32.2865	0.360417	1002.98	1.21771	27.0227	22.1792	15.3091	37.4884	26.1166	2320.0	21.8122	3.73167	2.485	1.59								
2016/07/15 20:10:00		1.33137	138.646	32.2151	0.361979	1003.05	1.12292	26.9598	19.4434	14.8538	34.2972	25.8639	2305.42	21.3407	3.88167	2.58667	1.60667								
2016/07/15 20:15:00		1.72115	143.125	32.137	0.363021	1003.06	1.19583	26.8889	20.1268	14.9052	35.032	25.6828	2227.92	21.3943	3.0075	2.00167	1.37917								
2016/07/15 20:20:00		2.03277	133.158	32.0922	0.359896	1003.02	1.19583	26.8181	23.7604	17.0927	40.8531	25.7162	2177.92	21.0585	4.26	2.84333	1.61333								
2016/07/15 20:25:00		2.78652	130.65	32.0266	0.359375	1003.0	1.15937	26.748	27.3449	24.4529	51.798	25.8306	2140.42	21.7336	2.12833	1.42167	0.95								
2016/07/15 20:30:00		2.02026	122.607	31.9865	0.360417	1003.0	1.16667	26.7365	28.475	22.8747	51.35	25.4111	2084.38	21.8407	4.341	2.89333	1.95267								
2016/07/15 20:35:00		1.26765	101.873	31.9839	0.363021	1003.03	1.1375	26.686	36.0639	23.3266	59.39	25.5255	2026.04	20.8621	4.1975	2.8	1.70583								
2016/07/15 20:40:00		2.08427	132.029	31.9823	0.3625	1002.9	1.23229	26.6377	24.2585	22.3338	46.5923	25.74	2037.71	21.8014	2.938	1.95917	1.3875								
2016/07/15 20:45:00		2.4445	132.662	31.8854	0.364583	1002.9	1.15208	26.5488	40.1732	20.3757	60.549	25.6304	2068.75	20.7657	4.17917	2.785	1.78167								
2016/07/15 20:50:00		2.57654	130.183	31.8583	0.365104	1003.07	1.19583	26.4672	50.449	21.7621	72.211	26.1547	2066.46	20.8942	3.44833	2.29833	1.38833								
2016/07/15 20:55:00		2.30559	129.898	31.7859	0.359896	1003.17	1.15208	26.3571	43.3914	20.7831	64.174	25.9164	2063.75	21.705	3.68667	2.45583	1.51917								
2016/07/15 21:00:00		2.17817	130.332	31.7844	0.358854	1003.31	1.18125	26.2763	34.9472	19.1364	54.084	25.9021	2093.75	21.2157	5.3	3.53333	1.95333								
2016/07/15 21:05:00		2.5045	130.25	31.7422	0.361979	1003.38	1.15937	26.1874	33.998	18.6777	52.676	25.7591	2075.63	21.705	4.58333	3.05917	1.76917								
2016/07/15 21:10:00		2.33004	135.394	31.6849	0.361458	1003.52	1.11563	26.1077	24.9642	17.524	42.4882	25.9307	2018.13	21.5729	3.91583	2.60833	1.63417								
2016/07/15 21:15:00		2.76878	130.386	31.6229	0.364062	1003.64	1.15208	26.0798	31.5414	17.3289	48.8703	25.7734	2008.96	21.5979	4.74167	3.195	2.021								
2016/07/15 21:20:00		1.77083	127.86	31.5922	0.360938	1003.91	1.18125	26.0897	27.0568	17.3871	44.4439	25.9497	2011.67	22.4336	2.95667	1.9725	1.39583								
2016/07/15 21:25:00		1.80382	130.188	31.588	0.364583	1004.03	1.20313	26.1926	43.7934	17.3597	61.153	26.0927	2048.96	22.7444	5.2072	3.47167	2.19717								
2016/07/15 21:30:00		1.65163	130.49	31.5901	0.367708	1004.1	1.15937	26.2892	37.4106	17.1577	54.568	25.8353	2100.0	20.8835	3.1335	2.09167	1.38967								
2016/07/15 21:35:00		1.15513	130.742	31.5906	0.361458	1004.16	1.15937	26.2943	31.1572	15.34	46.4972	26.026	2089.38	21.7157	3.99667	2.675	1.695								
2016/07/15 21:40:00		1.11927	106.123	31.5615	0.361458	1004.24	1.13021	26.2989	28.2517	14.2	42.4517	26.1881	2044.38	21.5086	5.3983	3.625	2.415								
2016/07/15 21:45:00		1.59105	96.665	31.4792	0.359375	1004.26	1.14479	26.2715	24.8682	14.313	39.1811	26.2691	2024.38	21.7764	3.295	2.19417	1.29917								
2016/07/15 21:50:00		2.13896	91.412	31.4823	0.363021	1004.31	1.18125	26.2403	27.4789	14.6553	42.1342	26.7839	2055.42	21.855	5.6367	3.75833	2.52333								
2016/07/15 21:55:00		1.30841	98.696	31.3781	0.357292	1004.22	1.18125	26.2054	32.3856	13.6557	46.0412	27.6038	2025.21	20.8871	5.2275	3.48583	2.25								
2016/07/15 22:00:00		0.97258	114.918	31.3797	0.360938	1004.21	1.21771	26.1504	33.5759	14.6656	48.2415	27.3797	2079.38	21.83	4.7775	3.1825	2.15333								
2016/07/15 22:05:00		1.07783	133.087	31.3797	0.364062	1004.35	1.23958	26.1386	39.8494	13.9227	53.772	27.2463	2135.0	21.7443	7.005	4.67833	3.00167								
2016/07/15 22:10:00		1.44079	131.676	31.3531	0.364583	1004.36	1.18854	26.1431	31.7044	13.2415	44.9458	27.0365	2166.25	21.2907	3.29138	2.22241	1.61207								
2016/07/15 22:15:00		1.55539	128.267	31.2766	0.366667	1004.37	1.18125	26.126	28.1512	11.5195	39.6707	26.4836	2156.67	21.1943	6.685	4.45833	3.075								
2016/07/15 22:20:00		1.88085	130.374	31.1875	0.361979	1004.39	1.14479	26.1673	26.4404	12.5226	38.963	26.7744	2232.71	21.5157	5.3533	3.58917	2.4175								
2016/07/15 22:25:00		1.68141	139.613	31.1891	0.361979	1004.27	1.15937	26.2122	26.168	12.0296	38.1976	26.7791	2219.17	21.8943	5.7867	3.86083	2.625								
2016/07/15 22:30:00		2.16675	135.663	31.1417	0.366146	1004.24	1.19583	26.2565	17.1096	9.6093	26.7189	26.4979	2130.0	21.2764	4.10917	2.7725	1.79417								
2016/07/15 22:35:00		1.49302	124.111	31.0906	0.359896	1004.34	1.18854	26.3021	24.6962	10.3898	35.086	26.1547	2061.04	20.6942	4.29083	2.85917	1.73083								
2016/07/15 22:40:00		2.15371	133.729	31.0922	0.366146	1004.37	1.225	26.3185	27.0211	10.3214	37.3425	26.6457	2095.21	21.2657	1.90217	1.26833	0.82								
2016/07/15 22:45:00		1.58314	137.349	31.0922	0.364062	1004.43	1.20313	26.3426	23.7135	10.6363	34.3498	26.7076	2106.04	21.3729	3.94083	2.62667	1.59417								
2016/07/15 22:50:00		1.9019	140.131	31.0885	0.363542	1004.53	1.14479	26.3523	20.598	11.006	31.6041	26.1166	2110.21	21.4193	4.04667	2.69833	1.72167								
2016/07/15 22:55:00		2.02337	142.424	31.0891	0.363542	1004.52	1.19583	26.3638	20.4551	10.537	30.9921	26.2024	2157.71	21.4264	3.05917	2.03833	1.255								
2016/07/15 23:00:00		2.17174	140.869	31.0938	0.364062	1004.5	1.18854	26.3762	23.0123	10.1468	33.159	26.0498	2105.83	21.5979	6.4233	4.335	2.525								
2016/07/15 23:05:00		2.06883	142.2	31.0932	0.363542	1004.49	1.21042	26.4089	17.7706	9.6504	27.421	25.6733	2005.83	21.48	1.52083	1.015	0.665								
2016/07/15 23:10:00		2.02606	137.204	31.0703	0.367188	1004.5	1.18854	26.4218	19.8231	9.5819	29.405	25.3253	1895.21	21.3193	3.28833	2.19	1.30583								
2016/07/15 23:15:00		2.05391	133.446	30.9839	0.360938	1004.46	1.18125	26.4304	14.6484	7.6135	22.2619	25.373	1780.21	21.3514	6.4783	4.325	2.31								
2016/07/15 23:20:00		2.14048	129.376	30.9839	0.3625	1004.35	1.15208	26.4417	14.175	8.2263	22.4012	25.659	1711.88	20.7514	3.37083	2.25	1.32								
2016/07/15 23:25:00		2.02317	134.53	30.9667	0.3625	1004.17	1.19583	26.4454	23.6957	14.3266	38.0223	25.5064	1619.38	21.0764	4.99	3.32167	1.99333								
2016/07/15 23:30:00		2.17456	131.456	30.9052	0.367188	1004.04	1.18854	26.4511	18.7823	12.6766	31.4589	25.5398	1532.71	21.5943	2.67	1.78	0.925								
2016/07/15 23:35:00		2.44857	135.719	30.8688	0.361979	1003.93	1.16667	26.4779	19.1687	12.6971	31.8658	25.3825	1463.13	21.9907	5.8417	3.89333	2.26833								
2016/07/15 23:40:00		1.97208	140.287	30.8141	0.360938	1004.06	1.21771	26.7791	16.2341	9.7017	25.9358	25.2204	1412.08	21.1943	4.29	2.86167	1.55917								
2016/07/15 23:45:00		1.66057	125.082	30.8188	0.359896	1004.17	1.17396	26.9564	18.1079	10.5336	28.6415	25.23	1334.17	20.3621	3.70667	2.47017	1.395								
2016/07/15 23:50:00		1.71418	135.407	30.7542	0.360417	1004.21	1.09375	27.0103	18.9119	10.6329	29.5447	25.3634	1291.67	20.3585	5.2692	3.5125	1.69333								
2016/07/15 23:55:00		1.71325	132.685	30.7193	0.365104	1004.13	1.17396	27.0178	19.2558	11.1909	30.4467	26.1547	1258.13	20.1156	5.9733	3.98383	2.06833								
2016/07/16 00:00:00		1.64511	124.93	30.7198	0.363542	1004.1	1.18854	27.0033	16.0688	9.9277	25.9965	25.8401	1214.58	20.2263	2.00767	1.3385	0.70917								
