-- 1st mean values --
Format: XTAB(V:1;HEAD:2;COL:TCFFFFFFFFFFFFFFFFFFFFFFFF)
StartTime: 2016/07/16 00:00:00
EndTime: 2016/07/17 00:00:00
Period: 24 h
Station: Gia Lam

Time	MeasPt	Wind Spd.	Wind Dir.	Temp	RH	Barometer	Radiation	InnerTemp	NO	NO2	NOx	SO2	CO	O3	PM-10	PM-2.5	PM-1	CH4	NMHC	THC	BENZEN	TOLUEN	ETHYL BENZEN	MP-XYLEN	O-XYLEN
		m/s	degree	°C	%	hPa	W/m²	°C	µg/m3	µg/m3	µg/m3	µg/m3	µg/m3	µg/m3	µg/m3	µg/m3	µg/m3	ppm	ppmC	ppmC	ug/m3	ug/m3	ug/m3	ug/m3	ug/m3
2016/07/16 00:05:00		1.58622	119.41	30.7177	0.364583	1004.15	1.1375	27.0772	16.2877	8.8356	25.1233	25.5589	1168.33	20.2371	4.585	3.05333	1.63083								
2016/07/16 00:10:00		1.44937	118.201	30.6229	0.3625	1004.24	1.18854	27.162	19.0101	10.9649	29.9751	25.4635	1137.5	20.9978	5.5083	3.67333	1.84667								
2016/07/16 00:15:00		0.65149	95.996	30.6255	0.363021	1004.34	1.12292	27.253	17.2369	9.5922	26.829	25.4206	1133.96	20.9121	5.0683	3.38	1.68917								
2016/07/16 00:20:00		0.90326	133.276	30.6266	0.361979	1004.3	1.06458	27.3252	21.9626	11.6325	33.5951	25.4016	1137.29	19.9978	4.81833	3.2125	1.7925								
2016/07/16 00:25:00		1.25315	127.783	30.6271	0.361979	1004.26	1.09375	27.3873	24.0575	9.6983	33.7558	25.3587	1153.75	20.2299	2.64167	1.7605	0.97767								
2016/07/16 00:30:00		1.40238	120.727	30.626	0.359896	1004.22	1.09375	27.4302	19.9102	9.6093	29.5195	25.3062	1147.29	20.3228	3.86417	2.57583	1.67								
2016/07/16 00:35:00		1.28572	123.245	30.6245	0.3625	1004.23	1.11563	27.4767	23.048	7.8497	30.8977	25.3301	1129.58	19.6656	6.3172	4.21267	2.24333								
2016/07/16 00:40:00		0.93983	124.713	30.6224	0.363542	1004.19	1.10833	27.5196	22.2931	9.2053	31.4985	25.5493	1104.17	20.4728	4.41417	2.94333	1.87417								
2016/07/16 00:45:00		0.94305	59.228	30.6234	0.364583	1004.18	1.12292	27.5475	19.124	9.0444	28.1685	25.4492	1088.13	20.4478	7.0118	4.68517	3.2525								
2016/07/16 00:50:00		1.24003	74.118	30.537	0.360417	1004.13	1.11563	27.5813	18.186	9.0171	27.2031	25.4778	1064.79	20.1656	4.79667	3.19833	1.86167								
2016/07/16 00:55:00		0.95824	78.345	30.5089	0.363021	1004.08	1.15937	27.6111	18.3111	7.7744	26.0855	25.945	1050.42	20.8157	5.5	3.66667	2.1075								
2016/07/16 01:00:00		0.9297	70.62	30.5083	0.358854	1003.95	1.04271	27.6291	18.4384	7.6614	26.0998	25.9164	1026.88	19.9549	6.1983	4.135	2.38667								
2016/07/16 01:05:00		0.84203	73.369	30.4974	0.357812	1003.83	1.1375	27.6562	16.884	6.7714	23.6554	26.0355	1010.42	21.2514	8.4925	5.675	3.21583								
2016/07/16 01:10:00		1.2313	75.822	30.4115	0.365625	1003.78	1.07917	27.6783	26.2685	7.4457	33.7142	26.4359	994.58	20.6407	4.31	2.87333	1.74833								
2016/07/16 01:15:00		1.20075	74.351	30.4151	0.363021	1003.63	1.1375	27.6976	14.8427	5.022	19.8648	25.7877	952.5	20.8085	3.0575	2.06	1.36083								
2016/07/16 01:20:00		1.05274	62.436	30.4146	0.359375	1003.66	1.11563	27.7062	13.5005	5.4808	18.9813	25.7257	923.13	20.7407	6.02	4.06167	2.64167								
2016/07/16 01:25:00		1.22204	72.231	30.4141	0.355729	1003.67	1.06458	27.7132	10.5592	3.65954	14.2187	25.9974	893.96	20.3085	5.0192	3.37333	2.275								
2016/07/16 01:30:00		0.84178	96.519	30.3661	0.361458	1003.65	1.05729	27.7271	10.0277	4.79267	14.8203	25.597	843.13	21.6193	5.8241	3.88276	2.51552								
2016/07/16 01:35:00		1.01499	67.377	30.3135	0.364062	1003.71	1.12292	27.7293	15.4055	5.0734	20.4789	25.392	861.04	21.2657	5.5533	3.74667	2.45								
2016/07/16 01:40:00		0.93672	61.957	30.3167	0.363542	1003.73	1.03542	27.7207	12.7724	5.7512	18.5236	25.3491	902.29	20.4192	5.2958	3.52833	2.44083								
2016/07/16 01:45:00		0.87643	85.619	30.2854	0.359896	1003.72	1.13021	27.7226	11.7116	4.7687	16.4803	25.1727	898.13	20.3121	3.11083	2.07517	1.371								
2016/07/16 01:50:00		0.80549	96.674	30.2177	0.363021	1003.84	1.10833	27.7242	13.6457	4.73789	18.3836	25.2204	888.75	21.1978	3.65667	2.43833	1.505								
2016/07/16 01:55:00		0.63685	71.135	30.2188	0.360938	1003.83	1.08646	27.7228	11.3029	4.33052	15.6334	25.2157	891.25	20.4442	5.193	3.463	2.04167								
2016/07/16 02:00:00		0.67267	73.295	30.2198	0.3625	1003.8	1.07917	27.7115	11.5687	4.64204	16.2107	25.33	860.42	20.6442	6.0358	4.07917	2.64								
2016/07/16 02:05:00		1.0329	67.653	30.2188	0.364062	1003.77	1.07187	27.7032	10.3783	3.80675	14.185	24.8057	821.04	21.1193	3.45917	2.35	1.52667								
2016/07/16 02:10:00		0.9626	70.22	30.2214	0.366146	1003.7	1.12292	27.7005	7.4281	2.8174	10.2455	25.0393	765.83	21.3193	2.42167	1.6575	1.1075								
2016/07/16 02:15:00		1.1116	67.452	30.2193	0.360417	1003.68	1.1375	27.6968	8.3929	2.47165	10.8645	24.7867	733.54	21.0443	4.0625	2.70583	1.76833								
2016/07/16 02:20:00		1.29076	61.415	30.2203	0.3625	1003.62	1.19583	27.6936	7.7943	3.08442	10.8788	24.7342	685.21	20.7299	3.81917	2.62833	1.73333								
2016/07/16 02:25:00		1.13778	87.553	30.2203	0.361979	1003.58	1.10104	27.7008	9.4716	6.5625	16.0341	24.7342	639.79	21.0014	5.745	3.93667	2.55833								
2016/07/16 02:30:00		1.24187	96.717	30.2234	0.359896	1003.6	1.10833	27.6954	9.5721	7.0829	16.6549	24.5102	599.58	20.7549	4.83	3.22	1.825								
2016/07/16 02:35:00		1.11277	101.897	30.2198	0.3625	1003.61	1.09375	27.6981	12.5759	7.9079	20.4838	24.6151	602.29	21.0907	5.4025	3.60333	2.19167								
2016/07/16 02:40:00		1.25654	93.159	30.1255	0.363542	1003.53	1.09375	27.7013	10.825	6.7166	17.5415	24.5865	594.38	21.3121	4.65083	3.2225	1.96417								
2016/07/16 02:45:00		1.14917	92.643	30.1193	0.361979	1003.49	1.09375	27.6957	11.9282	9.4552	21.3835	24.6246	606.25	20.7657	3.8825	2.6025	1.72833								
2016/07/16 02:50:00		1.14106	108.996	30.0964	0.360417	1003.51	1.15937	27.6893	12.9288	7.3328	20.2615	24.4626	629.17	20.6335	4.40167	2.93667	1.765								
2016/07/16 02:55:00		1.16739	121.454	30.012	0.363021	1003.45	1.11563	27.685	18.2508	7.3807	25.6315	24.534	673.33	20.8907	5.2667	3.55767	2.361								
2016/07/16 03:00:00		1.68506	93.503	30.0104	0.358854	1003.34	1.12292	27.6941	11.859	6.2715	18.1305	24.677	692.29	21.3514	4.00583	2.765	1.9								
2016/07/16 03:05:00		1.18888	83.797	30.012	0.361979	1003.32	1.08646	27.7011	9.0562	3.64927	12.7054	24.5436	665.42	21.2478	6.5575	4.45667	2.97333								
2016/07/16 03:10:00		0.77721	82.357	30.0099	0.360417	1003.36	1.15208	27.6954	11.7965	6.4975	18.294	24.6484	648.75	20.6264	5.2785	3.51683	2.50167								
2016/07/16 03:15:00		1.50746	128.591	29.9422	0.366146	1003.28	1.16667	27.704	11.3074	5.6314	16.9388	24.8105	684.38	21.18	9.6025	6.7383	4.4975								
2016/07/16 03:20:00		1.46856	128.972	29.9089	0.358854	1003.15	1.08646	27.7086	8.9758	4.95699	13.9328	24.8534	718.13	21.6264	8.1088	5.466	3.28717								
2016/07/16 03:25:00		1.53059	126.869	29.9156	0.364583	1003.14	1.09375	27.7003	11.8813	4.73789	16.6192	24.7342	725.42	21.205	2.84667	2.01167	1.46417								
2016/07/16 03:30:00		0.94014	109.939	29.9099	0.360417	1003.12	1.11563	27.7003	10.5436	5.2206	15.7641	24.7628	727.71	20.8764	5.8817	3.98583	2.59333								
2016/07/16 03:35:00		0.54274	148.296	29.9094	0.361458	1003.14	1.09375	27.7075	12.7054	6.8877	19.5932	24.7295	767.92	21.0978	6.4392	4.38883	3.0705								
2016/07/16 03:40:00		0.75402	127.4	29.8661	0.363542	1003.12	1.14479	27.6995	15.1487	6.1517	21.3004	24.9201	814.79	20.7157	4.46	3.011	2.04433								
2016/07/16 03:45:00		0.99839	153.114	29.8125	0.361458	1003.12	1.17396	27.6946	17.3374	6.7337	24.0711	25.1251	850.83	20.8192	6.61	4.54417	3.09833								
2016/07/16 03:50:00		1.45128	119.162	29.8198	0.363542	1002.93	1.13021	27.6855	13.438	7.2164	20.6543	24.9821	867.5	20.6407	6.375	4.24833	2.88417								
2016/07/16 03:55:00		1.07265	104.632	29.8193	0.3625	1002.83	1.15937	27.6732	11.3543	5.9121	17.2664	25.5684	880.63	20.6228	3.22083	2.3375	1.8175								
2016/07/16 04:00:00		1.44947	127.008	29.8172	0.364062	1002.83	1.225	27.6686	11.4436	6.4119	17.8555	25.9021	933.96	21.0371	6.5813	4.54583	3.08933								
2016/07/16 04:05:00		0.80603	143.484	29.8182	0.363021	1002.83	1.09375	27.6699	14.0253	6.1962	20.2216	26.7934	952.71	20.3299	5.6342	4.285	3.47333								
2016/07/16 04:10:00		0.91364	135.652	29.7849	0.359375	1002.8	1.17396	27.6694	11.8523	4.75843	16.6107	27.0794	959.79	20.5514	2.94	2.12333	1.63417								
2016/07/16 04:15:00		0.70505	145.705	29.7146	0.364062	1002.9	1.21042	27.6592	10.9478	6.2442	17.192	26.6695	950.21	20.6835	6.7575	4.7325	3.44333								
2016/07/16 04:20:00		0.75194	196.771	29.7172	0.364583	1002.98	1.13021	27.6527	10.347	5.9806	16.3276	26.6695	998.75	20.6728	7.8167	5.2808	3.4625								
2016/07/16 04:25:00		0.66974	180.643	29.7214	0.366146	1002.97	1.13021	27.6428	12.031	5.2069	17.2379	26.7076	1036.67	20.2335	3.32	2.64333	2.30833								
2016/07/16 04:30:00		1.31435	141.474	29.7198	0.363542	1002.88	1.18125	27.6256	16.6182	4.97753	21.5958	26.4884	1094.17	20.83	4.0925	2.94667	2.16								
2016/07/16 04:35:00		1.12635	140.376	29.7182	0.363542	1002.77	1.1375	27.6162	10.9232	4.34079	15.264	26.2929	1119.58	20.1585	5.6746	4.00508	2.7661								
2016/07/16 04:40:00		1.55284	148.438	29.6234	0.360938	1002.75	1.16667	27.6074	15.6356	3.74513	19.3807	26.2071	1120.21	20.9157	4.22667	2.94	2.13667								
2016/07/16 04:45:00		1.35502	163.877	29.6198	0.365625	1002.8	1.05729	27.5948	12.2029	5.3404	17.5433	26.1976	1107.5	20.8014	4.8775	3.2625	2.165								
2016/07/16 04:50:00		0.96471	159.707	29.6047	0.3625	1002.77	1.17396	27.5859	12.9243	5.58	18.5043	25.9259	1128.54	20.8907	5.4242	3.7175	2.545								
2016/07/16 04:55:00		0.9743	164.683	29.5042	0.358854	1002.77	1.1375	27.5684	12.2588	5.2103	17.4691	25.5732	1182.08	20.9264	4.84167	3.41667	2.52083								
2016/07/16 05:00:00		0.94855	169.773	29.5026	0.360417	1002.81	1.11563	27.5435	13.6256	4.55988	18.1854	25.6923	1235.83	20.9907	3.0675	2.35583	1.92333								
2016/07/16 05:05:00		0.94144	173.036	29.5026	0.357812	1002.88	1.10833	27.5239	19.4278	5.0494	24.4772	25.8306	1328.13	20.0871	3.88583	2.735	1.8625								
2016/07/16 05:10:00		1.04863	173.463	29.5026	0.359896	1002.87	1.1375	27.503	16.0152	5.6348	21.65	25.7829	1425.83	20.7835	2.27667	1.57333	0.9185								
2016/07/16 05:15:00		1.121	159.263	29.5042	0.357292	1002.92	1.15208	27.4906	25.7727	6.3332	32.1058	25.9021	1498.96	20.8157	2.631	2.14333	1.9475								
2016/07/16 05:20:00		0.96558	166.766	29.4609	0.360417	1002.89	1.10833	27.4732	25.0915	6.9665	32.058	25.6161	1549.17	20.4264	2.47667	2.0175	1.835								
2016/07/16 05:25:00		1.61203	159.211	29.4026	0.359375	1002.87	1.08646	27.4844	39.4719	10.8657	50.338	25.8973	1602.29	20.2585	4.15833	2.89333	2.02667								
2016/07/16 05:30:00		1.11936	157.587	29.4073	0.361458	1002.9	1.10104	27.5295	45.1133	10.3316	55.445	26.6361	1706.46	20.8264	2.27667	1.8	1.56083								
2016/07/16 05:35:00		1.04052	149.878	29.4047	0.358333	1002.87	2.20208	27.6028	41.7365	8.9623	50.699	27.313	1790.42	21.0585	1.92667	1.56833	1.425								
2016/07/16 05:40:00		1.47208	160.622	29.4047	0.361979	1002.89	6.7813	27.5282	56.325	9.7942	66.119	26.9317	1970.42	22.3979	3.78167	2.97333	2.57333								
2016/07/16 05:45:00		1.31007	168.018	29.4063	0.3625	1003.04	13.9344	27.3846	50.9	8.3974	59.297	26.5885	2081.04	20.8657	2.12417	1.67583	1.44917								
2016/07/16 05:50:00		1.41093	176.09	29.4073	0.3625	1003.1	22.4583	27.205	50.074	8.1373	58.211	27.0222	2181.88	21.5586	5.5067	4.06167	2.80833								
2016/07/16 05:55:00		1.07288	158.585	29.4906	0.360417	1003.15	30.8073	27.0415	58.792	6.3571	65.15	28.4999	2270.42	21.7122	5.4733	3.80833	2.585								
2016/07/16 06:00:00		1.10218	144.871	29.5052	0.359896	1003.2	41.3802	26.8914	63.266	7.5621	70.828	28.3903	2392.5	22.1836	3.23883	2.33433	1.65083								
2016/07/16 06:05:00		0.62249	151.733	29.5016	0.363542	1003.25	52.172	26.7539	50.936	7.3294	58.265	27.9469	2476.25	21.1978	4.485	3.265	2.435								
2016/07/16 06:10:00		0.95045	135.092	29.5005	0.360938	1003.24	64.415	26.6009	65.49	5.8231	71.313	27.6229	2606.46	20.855	3.12333	2.2925	1.75083								
2016/07/16 06:15:00		0.71157	121.546	29.5672	0.359375	1003.27	75.199	26.4766	60.682	6.4119	67.094	27.6514	2713.54	20.3978	5.6567	4.06667	2.895								
2016/07/16 06:20:00		1.11574	140.814	29.6156	0.365625	1003.29	91.036	26.3738	66.221	6.4359	72.656	28.0375	2828.33	20.7335	6.8125	4.62467	3.038								
2016/07/16 06:25:00		1.51839	164.989	29.6141	0.365104	1003.29	105.933	26.3365	67.317	6.4598	73.777	28.0757	2969.17	21.405	5.4867	3.84833	2.88								
2016/07/16 06:30:00		1.22733	167.446	29.6427	0.367188	1003.31	119.977	26.3058	53.135	5.1145	58.25	27.5561	2986.46	21.0871	6.6833	4.5305	3.17433								
2016/07/16 06:35:00		1.18345	154.803	29.7198	0.365104	1003.38	134.218	26.265	75.073	4.7242	79.798	27.8087	3116.04	21.6514	7.6467	5.095	3.27333								
2016/07/16 06:40:00		1.37089	157.917	29.7667	0.369792	1003.44	157.493	26.2535	73.075	6.5078	79.582	27.7182	3261.04	21.0407	6.6833	4.56333	3.41167								
2016/07/16 06:45:00		1.23503	167.898	29.8135	0.365104	1003.48	174.723	26.2441	52.135	5.5937	57.729	28.3426	3226.46	21.28	5.2717	3.59417	2.48417								
2016/07/16 06:50:00		1.20248	160.694	29.8693	0.367188	1003.5	187.731	26.221	58.029	5.5835	63.612	29.315	3258.54	20.7157	8.6967	5.8717	3.8625								
2016/07/16 06:55:00		1.23725	160.473	29.926	0.364583	1003.56	214.71	26.2049	66.111	4.53249	70.644	28.9527	3263.54	20.9621	5.9383	3.9905	2.741								
2016/07/16 07:00:00		1.38722	148.922	30.0198	0.365104	1003.59	219.712	26.1942	56.086	6.9391	63.025	28.519	3261.04	21.3764	4.615	3.07667	2.21333								
2016/07/16 07:05:00		1.4821	160.298	30.1464	0.367188	1003.66	201.534	26.2151	52.486	5.1487	57.634	27.8993	3241.88	20.5192	5.3438	3.571	2.4685								
2016/07/16 07:10:00		1.36371	166.176	30.2589	0.363542	1003.75	205.72	26.2207	102.322	9.6743	111.997	27.8564	3165.83	20.805	6.0525	4.11333	2.72133								
2016/07/16 07:15:00		1.24626	183.868	30.3167	0.366667	1003.76	249.236	26.2344	72.427	6.8467	79.274	27.7134	3077.08	20.8085	8.675	5.9117	4.165								
2016/07/16 07:20:00		1.51143	160.645	30.4068	0.365625	1003.83	236.301	26.2489	106.805	11.5298	118.334	27.2892	2953.75	21.5443	7.7833	5.19	3.47								
2016/07/16 07:25:00		1.86927	171.814	30.526	0.368229	1003.87	235.003	26.2718	76.947	8.9623	85.91	27.3988	3067.92	21.355	7.8	5.2	3.58167								
2016/07/16 07:30:00		1.22445	162.507	30.6318	0.368229	1003.92	306.111	26.2863	61.711	9.3252	71.037	28.0518	2985.83	21.1014	7.5367	5.1767	3.78333								
2016/07/16 07:35:00		1.25345	194.923	30.7547	0.36875	1003.97	350.671	26.3083	49.7162	7.124	56.84	27.1033	2835.21	20.9478	8.22	5.6092	3.94667								
2016/07/16 07:40:00		1.77959	201.406	30.8703	0.36875	1003.98	367.66	26.3257	43.282	6.9322	50.214	26.7505	2719.58	20.8978	7.62	5.0783	3.36833								
2016/07/16 07:45:00		1.56618	189.646	30.9448	0.366667	1003.95	381.93	26.3464	34.3889	7.569	41.9579	26.5122	2609.38	20.2906	5.1775	3.51333	2.35167								
2016/07/16 07:50:00		2.37968	214.147	31.0646	0.36875	1004.0	402.66	26.3606	29.8664	6.1997	36.066	26.0308	2407.08	20.7942	2.6431	1.8569	1.34655								
2016/07/16 07:55:00		1.69549	198.14	31.2229	0.368229	1004.04	426.089	26.3799	27.3137	5.1316	32.4452	25.8163	2241.25	21.505	6.2917	4.26583	2.87167								
2016/07/16 08:00:00		1.92798	164.898	31.3615	0.366146	1004.04	445.579	26.4138	30.6123	9.2978	39.9101	26.3358	2266.67	21.8514	4.41583	3.02833	2.1125								
2016/07/16 08:05:00		1.78903	165.519	31.5448	0.371354	1004.04	462.241	26.4395	36.8165	12.8341	49.6506	28.6143	2349.17	21.33	3.56667	2.41417	1.75167								
2016/07/16 08:10:00		1.57042	153.695	31.7141	0.367188	1004.06	486.121	26.4701	35.9611	12.8889	48.85	30.2207	2496.04	20.8692	5.1967	3.48917	2.3725								
2016/07/16 08:15:00		1.12088	161.697	31.9172	0.368229	1004.14	511.82	26.4954	43.9565	14.3746	58.331	29.3007	2578.33	21.5836	4.64917	3.09583	2.09333								
2016/07/16 08:20:00		1.59048	157.658	32.1339	0.366146	1004.24	523.32	26.5501	35.8986	16.3601	52.259	34.5107	2667.71	21.1478	2.64583	1.8275	1.29833								
2016/07/16 08:25:00		2.38218	167.875	32.3448	0.371875	1004.26	526.87	26.5915	63.804	27.7598	91.564	33.4906	2757.29	21.7407	4.445	2.98917	2.01333								
2016/07/16 08:30:00		2.21266	157.863	32.5214	0.363542	1004.3	520.84	26.6613	45.6337	26.4761	72.11	31.7698	2838.75	21.3657	5.1175	3.40917	2.18								
2016/07/16 08:35:00		2.24631	163.856	32.6734	0.364062	1004.33	525.25	26.7367	42.1251	26.1337	68.259	30.8928	2891.46	22.0229	4.3825	2.92083	1.7175								
2016/07/16 08:40:00		2.21994	169.845	32.8432	0.367188	1004.37	546.21	26.8116	71.172	27.4517	98.624	29.5915	2934.17	21.8265	5.0958	3.39417	2.0025								
2016/07/16 08:45:00		2.16266	154.485	33.0818	0.368229	1004.4	584.08	26.8852	50.88	28.4479	79.328	29.1434	3009.79	21.7014	3.18583	2.125	1.36								
2016/07/16 08:50:00		1.94409	172.641	33.3141	0.363542	1004.41	581.7	26.9918	46.1965	27.5715	73.768	28.9337	3052.92	21.4836	10.535	3.64167	2.535								
2016/07/16 08:55:00		2.05724	182.885	33.5385	0.364062	1004.39	605.76	27.1013	38.4178	27.3832	65.801	27.966	3093.75	21.6264	4.0275	2.03917	1.31417								
2016/07/16 09:00:00		2.37693	192.801	33.6594	0.372917	1004.36	601.92	27.2347	36.1688	26.2741	62.443	27.9946	3135.83	21.4157	6.7967	3.46333	2.325								
2016/07/16 09:05:00		2.4845	189.301	33.7943	0.369271	1004.31	621.7	27.358	24.0709	17.3255	41.3964	27.251	3016.04	21.9086	4.82333	2.62917	1.80083								
2016/07/16 09:10:00		2.01371	165.481	33.9458	0.3625	1004.33	621.68	27.4742	27.1975	24.7199	51.917	27.2177	2907.92	22.3015	5.71	3.14167	2.0								
2016/07/16 09:15:00		1.86615	174.39	34.2052	0.364583	1004.35	633.28	27.6165	31.7424	26.3939	58.136	26.6504	2955.0	21.7372	7.0825	3.04333	1.88917								
2016/07/16 09:20:00		0.81013	210.606	34.4313	0.365625	1004.41	644.66	27.7604	45.5712	29.7967	75.368	26.6933	3093.75	21.3979	5.865	2.63833	1.68								
2016/07/16 09:25:00		1.25802	160.4	34.5786	0.363021	1004.37	654.51	27.8686	24.3054	25.2539	49.5593	27.0318	3025.21	22.1158	4.24	2.48667	1.60417								
2016/07/16 09:30:00		1.2764	209.362	34.726	0.363021	1004.36	666.65	27.9669	17.8019	20.6119	38.4138	26.7219	2899.17	21.4086	6.88	3.69333	2.18767								
2016/07/16 09:35:00		1.58267	159.454	34.8828	0.365625	1004.33	683.57	28.0039	24.9463	24.85	49.7963	27.0413	2878.13	22.1265	3.79883	1.76433	1.20417								
2016/07/16 09:40:00		1.63361	193.243	35.1589	0.367708	1004.32	698.37	27.9615	16.2587	20.896	37.1547	26.8411	2764.58	21.8515	4.565	2.12833	1.13667								
2016/07/16 09:45:00		1.97144	187.53	35.5292	0.366146	1004.32	709.38	27.8995	13.7953	17.8116	31.6069	26.5885	2610.42	20.8157	4.8425	1.82417	1.08667								
2016/07/16 09:50:00		1.67387	173.279	35.9594	0.365104	1004.29	728.71	27.8235	13.7484	16.6477	30.3961	26.3072	2421.46	20.4478	3.20583	1.328	0.7586								
2016/07/16 09:55:00		2.37769	184.067	36.2781	0.361458	1004.28	735.74	27.8286	12.8841	18.8386	31.7227	25.9116	2409.79	20.2728	4.58	1.875	1.125								
2016/07/16 10:00:00		1.37282	190.042	36.5234	0.365104	1004.28	752.41	27.8351	19.1687	24.1961	43.3648	26.3835	2485.42	20.6549	4.09746	1.29576	0.77627								
2016/07/16 10:05:00		1.72668	203.012	36.7776	0.364583	1004.32	775.46	27.8804	14.2018	22.4365	36.6383	26.7267	2570.0	20.2299	7.795	2.73333	1.6625								
2016/07/16 10:10:00		1.37577	171.244	36.9406	0.363021	1004.29	757.97	27.9338	10.5592	17.7671	28.3263	26.7267	2475.0	21.0728	6.9567	3.41167	2.63833								
2016/07/16 10:15:00		2.02332	200.287	36.9859	0.361458	1004.24	780.89	27.9897	19.4389	27.8043	47.2432	26.0069	2443.13	20.4835	2.84167	1.03333	0.68277								
2016/07/16 10:20:00		1.57494	165.653	37.0812	0.359375	1004.24	800.6	28.0909	14.9834	19.9923	34.9757	25.9164	2371.88	20.4764	6.6642	1.92333	1.08667								
2016/07/16 10:25:00		1.74595	198.102	37.2599	0.365104	1004.2	799.31	28.1782	12.663	23.0082	35.6712	25.8639	2335.42	20.83	3.69767	1.5675	0.8261								
2016/07/16 10:30:00		1.46308	202.244	37.425	0.363542	1004.15	790.69	28.2635	9.2706	18.1916	27.4622	25.5398	2274.79	21.4443	2.2525	1.0005	0.59333								
2016/07/16 10:35:00		1.2307	215.411	37.5563	0.367708	1004.1	685.51	28.3424	8.8038	15.0935	23.8973	25.3301	2128.54	21.7229	8.565	2.07333	1.04333								
2016/07/16 10:40:00		3.08235	171.691	37.6	0.370313	1004.09	812.26	28.4423	9.476	21.9025	31.3785	25.3539	2058.96	20.9657	2.235	0.8725	0.415								
2016/07/16 10:45:00		1.49409	223.176	37.6641	0.369271	1004.09	754.48	28.5363	10.1795	18.6435	28.823	25.3396	1989.58	20.8371	5.3375	1.36083	0.61917								
2016/07/16 10:50:00		1.67984	159.326	37.7719	0.370313	1004.07	854.23	28.6381	10.1639	21.6868	31.8507	25.4016	1980.42	21.0335	16.9617	2.75667	0.8825								
2016/07/16 10:55:00		0.256326	301.605	38.1271	0.364062	1004.06	838.65	28.7564	11.2761	20.8892	32.1653	25.1299	1982.71	21.6872	8.1217	1.595	0.61167								
2016/07/16 11:00:00		1.06932	228.121	38.3063	0.369271	1004.06	835.79	28.8654	7.7497	17.1167	24.8663	25.1632	1962.71	20.2835	3.38083	1.18667	0.6075								
2016/07/16 11:05:00		1.75889	220.952	38.263	0.367188	1004.02	894.53	28.9661	12.3302	19.3829	31.7131	25.1394	1974.17	21.48	2.27333	0.48	0.29								
2016/07/16 11:10:00		2.26327	307.51	38.1156	0.366667	1003.97	882.98	29.0848	7.437	11.79	19.227	24.8391	1858.96	20.6228	1.60804	0.59821	0.328571								
2016/07/16 11:15:00		1.751	290.601	37.9458	0.369271	1003.98	893.1	29.2037	8.6676	11.79	20.4575	25.5017	1716.88	20.5657	3.48	0.92667	0.371667								
2016/07/16 11:20:00		1.45928	211.606	37.8151	0.370833	1004.02	894.7	29.3065	12.8953	14.8436	27.7388	25.7019	1644.58	20.9193	4.56167	0.9575	0.461667								
2016/07/16 11:25:00		0.75104	232.023	38.0771	0.36875	1004.0	891.36	29.4193	14.4653	20.9713	35.4366	25.4826	1606.67	19.8728	2.46333	1.025	0.43								
2016/07/16 11:30:00		1.97162	225.495	38.2896	0.367708	1003.99	847.75	29.5374	24.5443	23.6039	48.1482	25.5064	1591.46	20.4335	2.52083	0.8725	0.3975								
2016/07/16 11:35:00		1.19239	282.242	38.5411	0.36875	1003.98	866.84	29.6553	18.7801	22.1182	40.8983	25.3539	1595.21	21.5729	2.37583	1.1225	0.57083								
2016/07/16 11:40:00		1.21221	274.418	38.5401	0.370313	1004.03	909.79	30.1651	16.2363	20.249	36.4854	25.4016	1652.71	22.1158	3.01667	0.75667	0.385833								
2016/07/16 11:45:00		1.95481	297.583	38.4151	0.365104	1004.01	917.37	30.7474	13.036	16.7914	29.8274	25.3348	1555.0	19.4406	16.7742	4.64667	2.23917								
2016/07/16 11:50:00		3.01573	295.405	38.1354	0.368229	1003.96	909.68	31.1464	10.8808	11.8892	22.77	25.1346	1395.83	20.1049	20.9192	4.74167	2.3275								
2016/07/16 11:55:00		2.30736	302.304	37.8937	0.367188	1003.94	914.25	31.3883	9.0897	11.8173	20.907	24.9058	1220.83	20.037	13.3542	4.72083	2.26667								
2016/07/16 12:00:00		2.61614	303.532	37.8016	0.367708	1003.92	920.92	31.5657	8.815	10.3727	19.1877	25.1441	1095.63	20.3299	14.9592	5.5442	2.38								
2016/07/16 12:05:00		1.95748	298.995	37.8057	0.366146	1003.87	935.59	31.7408	6.5146	8.2674	14.782	24.8057	971.25	20.6299	13.0133	4.62	2.32								
2016/07/16 12:10:00		2.26999	308.242	37.8318	0.367708	1003.79	940.81	31.9241	8.0824	8.5789	16.6613	25.0012	908.54	21.6336	15.5367	4.70083	2.31167								
2016/07/16 12:15:00		2.65266	304.696	37.8036	0.369271	1003.73	838.74	32.0852	5.6459	6.3914	12.0372	24.8582	844.38	20.7121	12.195	4.19667	2.20583								
2016/07/16 12:20:00		2.2214	296.251	37.7073	0.363542	1003.69	804.23	32.2256	6.1238	5.402	11.5258	24.9964	746.67	21.3514	17.0608	4.31333	2.28417								
2016/07/16 12:25:00		2.74123	298.912	37.7354	0.365625	1003.66	940.53	32.3676	5.2483	5.6108	10.8592	25.4683	661.67	20.8407	15.8917	4.55417	2.37167								
2016/07/16 12:30:00		2.16844	304.186	37.8323	0.3625	1003.66	925.31	32.5016	4.07807	6.5386	10.6166	25.1727	624.17	21.5443	10.88	4.47417	2.36667								
2016/07/16 12:35:00		1.70141	300.687	38.0187	0.365104	1003.66	916.56	32.6723	4.27907	6.8843	11.1634	25.1013	585.0	21.4872	15.0642	5.0142	2.41333								
2016/07/16 12:40:00		1.47622	285.57	38.2198	0.361979	1003.69	911.73	32.9258	4.3818	6.5865	10.9683	25.2109	590.0	21.63	14.9525	5.0258	2.43083								
2016/07/16 12:45:00		1.64035	305.559	38.4979	0.363542	1003.67	909.69	33.0968	4.50017	6.0182	10.5184	25.4159	588.75	21.1157	12.47	4.72167	2.3725								
2016/07/16 12:50:00		1.7011	291.496	38.7031	0.363021	1003.65	909.1	33.1808	3.74977	5.4945	9.2442	25.3682	580.42	21.7586	21.0458	4.60833	2.46083								
2016/07/16 12:55:00		1.77219	288.581	38.7016	0.358854	1003.59	903.46	33.2958	3.40583	4.59069	7.9965	25.5636	567.08	21.2978	13.11	4.50667	2.28083								
2016/07/16 13:00:00		2.20259	316.735	38.6078	0.363542	1003.55	905.79	33.3951	2.3718	2.67362	5.0454	25.4159	506.46	21.7872	12.2733	4.4175	2.28333								
2016/07/16 13:05:00		0.77788	298.704	38.6229	0.359375	1003.53	892.9	33.4716	3.0485	4.04638	7.0949	25.5255	478.958	21.9229	15.6533	5.335	2.465								
2016/07/16 13:10:00		0.85151	297.274	38.7464	0.363021	1003.5	882.07	33.5524	5.2975	5.8505	11.1479	25.6876	494.167	21.4514	15.0617	5.1825	2.81								
2016/07/16 13:15:00		1.7878	318.255	38.9026	0.360417	1003.46	892.59	33.6354	7.3789	7.9182	15.2971	25.9974	530.42	22.2408	18.9042	5.4017	2.54								
2016/07/16 13:20:00		1.33436	308.805	39.026	0.360417	1003.44	872.26	33.6936	3.57557	5.7443	9.3199	25.9354	516.04	22.0015	12.4308	4.86833	2.4375								
2016/07/16 13:25:00		1.43649	322.267	39.1354	0.361458	1003.39	878.67	33.7583	3.3433	4.09088	7.4342	25.9736	477.917	21.3979	18.4042	5.5033	2.88								
2016/07/16 13:30:00		1.64091	320.381	39.1354	0.358854	1003.35	886.38	33.7956	3.65373	4.96041	8.6141	26.2977	473.958	22.1408	13.2333	5.6708	2.67583								
2016/07/16 13:35:00		1.66212	283.99	39.0229	0.355729	1003.29	625.99	33.8507	3.3232	4.03611	7.3593	26.1118	457.917	22.0515	11.7258	4.76833	2.4475								
2016/07/16 13:40:00		1.19028	301.593	38.8182	0.359896	1003.22	823.89	33.8695	4.9781	5.2685	10.2466	26.2929	464.375	22.5444	10.7808	4.76	2.65667								
2016/07/16 13:45:00		0.87441	310.032	38.9219	0.3625	1003.19	828.55	33.8673	3.78327	6.453	10.2363	25.9593	475.208	22.7729	16.2575	6.07	2.92917								
2016/07/16 13:50:00		2.40606	293.286	39.1021	0.366667	1003.09	849.82	33.8582	3.24727	5.6006	8.8478	26.2357	496.667	22.1086	10.6667	4.84333	2.70083								
2016/07/16 13:55:00		1.34258	305.329	38.9734	0.361458	1003.01	844.81	33.8155	3.78773	4.38871	8.1764	26.0927	461.667	22.3979	15.445	5.1517	2.84833								
2016/07/16 14:00:00		1.71209	320.837	39.0828	0.363542	1002.93	823.99	33.7863	3.74307	6.3948	10.1379	26.1118	450.0	22.3122	13.3483	5.175	2.80833								
2016/07/16 14:05:00		0.92606	331.348	39.2802	0.358333	1002.88	816.59	33.739	4.4622	9.7428	14.205	26.2786	453.125	21.6193	17.52	6.8167	3.575								
2016/07/16 14:10:00		1.02755	302.09	39.5911	0.363542	1002.83	884.35	33.7073	8.8753	22.6008	31.4761	26.4312	540.21	21.8157	14.215	5.4283	2.86167								
2016/07/16 14:15:00		1.85423	303.682	39.538	0.360417	1002.77	852.86	33.6657	6.7692	31.392	38.1612	26.3072	508.75	22.7229	14.8983	5.4767	3.07								
2016/07/16 14:20:00		1.8818	284.823	39.2521	0.357812	1002.7	749.36	33.6254	7.3253	43.247	50.572	26.3597	478.333	22.4015	13.1933	5.52	3.14833								
2016/07/16 14:25:00		1.3404	316.209	38.9432	0.357812	1002.64	727.21	33.5782	9.6971	61.866	71.564	26.5885	469.792	21.6193	20.2142	6.9383	3.77667								
2016/07/16 14:30:00		0.097757	74.748	38.8286	0.361458	1002.48	720.64	33.5239	12.9243	71.246	84.171	26.3168	514.79	22.2122	12.8967	5.6133	3.35								
2016/07/16 14:35:00		2.04413	294.512	38.8198	0.361458	1002.44	736.55	33.4724	10.0656	87.487	97.552	26.2834	499.583	22.3265	15.7267	6.19	3.685								
2016/07/16 14:40:00		2.02525	300.297	38.7417	0.359375	1002.41	713.02	33.4206	11.9662	115.774	127.74	26.3358	472.708	22.5158	12.4417	5.38	3.56917								
2016/07/16 14:45:00		0.78284	293.625	38.6219	0.363021	1002.34	590.96	33.3776	11.5508	98.996	110.547	26.4645	451.458	22.2622	15.4583	7.0275	4.3775								
2016/07/16 14:50:00		1.50606	284.671	38.5182	0.3625	1002.29	738.34	33.2998	7.6469	80.185	87.832	26.7696	472.292	22.4194	15.5325	6.3692	3.72417								
2016/07/16 14:55:00		0.93627	63.039	38.4542	0.360417	1002.21	680.92	33.237	7.3633	67.077	74.44	26.7791	446.042	22.6979	14.3742	6.1425	3.85833								
2016/07/16 15:00:00		0.75663	305.026	38.3406	0.359375	1002.14	637.94	33.2745	6.336	52.829	59.165	26.598	476.667	24.4016	14.4883	6.4842	4.03								
2016/07/16 15:05:00		1.00959	272.326	38.4885	0.364583	1002.09	751.19	33.5129	4.3215	23.7785	28.1	26.5599	566.67	23.7266	15.295	6.6392	3.98								
2016/07/16 15:10:00		1.29218	298.644	38.4917	0.35625	1002.04	216.832	33.4839	3.27407	17.5685	20.8426	26.9746	596.67	21.8872	14.6975	6.0342	3.7225								
2016/07/16 15:15:00		0.77408	304.553	38.2651	0.361458	1002.0	386.641	33.3382	2.68	10.5233	13.2033	26.9889	557.92	22.8944	34.425	11.4583	4.67917								
2016/07/16 15:20:00		0.91566	330.043	38.1682	0.361458	1001.93	523.4	33.1854	6.6687	17.613	24.2818	26.9031	558.13	22.3836	26.14	8.14	4.4825								
2016/07/16 15:25:00		0.96812	71.97	38.3391	0.361458	1001.86	689.12	33.0442	8.6564	33.333	41.9894	27.0222	651.25	22.4944	22.7042	9.0817	5.1225								
2016/07/16 15:30:00		1.0547	114.081	38.6495	0.359375	1001.83	694.5	32.9556	8.3661	23.0253	31.3914	27.0985	786.04	22.9587	29.6317	9.7542	4.55								
2016/07/16 15:35:00		1.32212	110.019	38.9833	0.356771	1001.79	703.02	32.8917	9.5721	21.1494	30.7214	26.9698	930.0	22.5265	26.22	8.0	4.30667								
2016/07/16 15:40:00		1.12704	107.618	39.0812	0.359896	1001.75	670.97	32.8581	28.1244	27.4346	55.559	27.17	1060.42	22.0515	29.275	9.1642	4.71083								
2016/07/16 15:45:00		1.20373	109.908	39.1104	0.359896	1001.74	320.877	32.8326	9.9138	19.5712	29.485	27.1033	1134.17	22.1086	28.1258	8.445	4.03667								
2016/07/16 15:50:00		1.07682	96.251	38.9906	0.359896	1001.69	126.233	32.7918	12.8595	22.036	34.8955	26.8363	1204.58	22.5551	30.8542	11.0867	5.7117								
2016/07/16 15:55:00		1.41012	74.795	38.8198	0.357292	1001.66	114.793	32.7655	20.301	26.9348	47.2358	27.3797	1374.58	22.0443	37.0575	10.9817	5.2475								
2016/07/16 16:00:00		1.54571	79.835	38.5505	0.358854	1001.64	122.872	32.7231	19.0593	27.2087	46.2679	28.2949	1521.04	21.9443	28.8417	9.19	4.63667								
2016/07/16 16:05:00		1.79982	75.786	38.3505	0.358854	1001.64	152.746	32.7123	12.4977	26.4932	38.9909	28.0423	1589.17	22.6194	33.6158	9.8433	5.1633								
2016/07/16 16:10:00		1.34486	83.767	38.1865	0.359896	1001.55	408.151	32.7199	13.1074	26.8081	39.9156	28.3378	1634.58	21.9443	29.805	8.9258	4.65167								
2016/07/16 16:15:00		2.0514	92.669	38.1188	0.3625	1001.57	508.06	32.7268	12.7702	26.1577	38.9279	28.1615	1688.96	22.9622	37.365	10.7808	5.4375								
2016/07/16 16:20:00		1.88208	110.265	38.1958	0.359896	1001.53	404.097	32.7078	11.2538	23.3677	34.6214	27.8516	1719.79	23.2158	33.565	10.3258	5.2558								
2016/07/16 16:25:00		1.28198	106.531	38.2042	0.361458	1001.48	473.419	32.6758	10.6374	20.3141	30.9514	27.537	1781.46	22.9622	35.3025	11.4517	5.9075								
2016/07/16 16:30:00		1.03464	95.669	38.2109	0.357812	1001.5	297.85	32.634	19.9928	26.9142	46.9071	27.7992	1810.0	22.0015	34.6967	9.8075	5.2442								
2016/07/16 16:35:00		1.75408	85.206	38.2125	0.361979	1001.47	413.204	32.6181	8.9601	23.6655	32.6256	28.0423	1838.13	22.5622	33.865	9.915	5.0058								
2016/07/16 16:40:00		2.25435	102.562	38.2562	0.357292	1001.36	408.851	32.6208	9.4671	23.8538	33.3209	27.6324	1896.46	22.9694	28.7917	9.32	4.98083								
2016/07/16 16:45:00		1.95413	91.498	38.2109	0.35625	1001.31	372.422	32.6686	9.4023	21.4164	30.8187	27.7372	1852.92	22.1836	30.5392	10.1592	5.7233								
2016/07/16 16:50:00		1.67735	78.068	38.2125	0.358854	1001.35	342.001	32.7081	7.2896	23.0288	30.3184	27.5037	1808.75	22.4908	30.36	8.9358	5.085								
2016/07/16 16:55:00		1.66854	89.646	38.1448	0.359375	1001.37	262.07	32.7403	8.7346	27.6366	36.3711	27.4894	1808.96	22.2586	29.0	9.4933	5.1833								
2016/07/16 17:00:00		2.08308	92.018	38.0703	0.355729	1001.38	244.439	32.7666	7.3789	20.5982	27.9771	27.518	1728.54	22.6479	27.6225	9.9625	5.5142								
2016/07/16 17:05:00		1.85342	88.595	37.9802	0.357292	1001.4	52.872	32.7899	9.6748	26.4829	36.1577	27.2558	1722.5	22.9087	31.09	10.8283	6.0967								
2016/07/16 17:10:00		1.67315	65.629	37.699	0.359375	1001.38	43.349	32.8012	5.7843	16.4388	22.2232	27.68	1685.0	22.2836	40.0683	12.2467	6.6533								
2016/07/16 17:15:00		1.66412	63.792	37.2818	0.358854	1001.37	175.467	32.7991	6.5012	20.4818	26.983	27.7897	1677.29	22.7908	54.153	16.135	8.0117								
2016/07/16 17:20:00		1.22999	76.506	37.1224	0.354167	1001.34	150.587	32.7948	4.62747	25.3943	30.0217	27.5513	1773.75	22.4658	48.8117	16.4633	8.3683								
2016/07/16 17:25:00		1.3911	64.56	37.0953	0.35625	1001.33	196.875	32.7875	14.7534	51.223	65.977	27.742	1886.25	22.1872	53.968	18.1783	9.0167								
2016/07/16 17:30:00		1.66276	62.175	36.9979	0.355208	1001.33	181.592	32.7781	8.8418	39.0055	47.8472	27.8326	1953.75	22.9051	50.825	15.8467	8.7617								
2016/07/16 17:35:00		1.87295	59.285	36.9	0.358333	1001.26	149.209	32.8364	7.9172	34.5722	42.4894	27.7325	1933.33	22.5372	53.748	19.475	11.3942								
2016/07/16 17:40:00		1.50622	64.08	36.901	0.35625	1001.23	121.239	32.7958	10.1594	41.1416	51.301	27.8135	2135.42	23.5373	56.546	17.5733	9.4758								
2016/07/16 17:45:00		1.73915	63.945	36.8969	0.358854	1001.22	88.915	32.4694	32.2426	42.6924	74.935	27.6276	2379.79	22.9837	77.817	21.9525	10.8558								
2016/07/16 17:50:00		1.67892	61.189	36.863	0.358333	1001.24	30.9167	32.0637	12.8059	36.8967	49.7026	27.9422	2537.71	21.4229	56.743	17.7258	9.465								
2016/07/16 17:55:00		1.46703	76.188	36.6995	0.357812	1001.29	25.601	31.7005	13.8087	38.8788	52.687	28.0375	2562.71	23.3123	59.422	17.5042	8.9683								
2016/07/16 18:00:00		1.8447	71.917	36.575	0.359896	1001.36	18.6083	31.4049	9.8669	36.3147	46.1816	27.6419	2640.63	22.7694	60.336	18.64	9.3417								
2016/07/16 18:05:00		1.58556	79.236	36.4229	0.359375	1001.4	14.8531	31.1174	6.767	26.5788	33.3458	27.313	2555.21	22.2158	63.737	18.5258	9.9358								
2016/07/16 18:10:00		0.92713	93.802	36.2547	0.361979	1001.39	10.3979	30.8996	10.9143	33.4323	44.3466	27.2558	2527.71	22.1658	61.127	19.3175	10.745								
2016/07/16 18:15:00		2.36612	88.11	36.1714	0.358854	1001.43	7.4375	30.6913	15.2246	36.4243	51.649	27.0556	2556.46	22.0836	62.402	19.54	11.41								
2016/07/16 18:20:00		2.66744	87.678	36.0443	0.359896	1001.52	4.87813	30.5198	12.491	31.6898	44.1808	27.1414	2496.25	23.2801	50.717	19.8817	12.365								
2016/07/16 18:25:00		2.02181	88.726	35.8396	0.357812	1001.55	2.66146	30.3587	8.6519	23.912	32.5639	26.7744	2411.04	22.8158	39.5283	19.3683	12.7925								
2016/07/16 18:30:00		2.27773	97.133	35.6151	0.361979	1001.57	1.16667	30.21	7.8345	21.9949	29.8295	26.9841	2319.38	22.3443	43.6825	18.6908	12.25								
2016/07/16 18:35:00		2.80747	96.251	35.399	0.360938	1001.53	1.12292	30.0725	8.1807	18.8728	27.0535	26.6314	2251.46	22.4229	42.7867	18.4358	12.5792								
2016/07/16 18:40:00		1.96268	97.628	35.2281	0.356771	1001.6	1.15937	29.9705	18.4339	19.4993	37.9332	26.9412	2323.13	22.9444	51.323	23.595	14.6467								
2016/07/16 18:45:00		1.79842	92.205	35.0891	0.359375	1001.69	1.15937	29.9173	22.9229	21.4506	44.3735	26.8792	2362.92	21.4729	57.655	22.6692	14.3008								
2016/07/16 18:50:00		2.35369	97.629	34.9578	0.358333	1001.75	1.09375	29.866	15.9192	20.855	36.7741	26.9412	2347.5	23.073	31.1233	20.7592	13.7375								
2016/07/16 18:55:00		2.29109	98.526	34.7901	0.358333	1001.8	1.07917	29.8266	19.3005	17.8082	37.1086	26.8173	2345.63	22.0443	29.0717	19.6425	13.7483								
2016/07/16 19:00:00		2.45335	112.183	34.6557	0.358333	1001.85	1.10833	29.7828	12.3414	15.381	27.7224	26.679	2274.79	22.0693	32.0542	21.6042	15.055								
2016/07/16 19:05:00		2.46578	131.989	34.5354	0.360938	1001.82	1.19583	29.7385	12.2789	14.5834	26.8623	26.4979	2156.88	21.6479	34.0317	22.6808	15.8192								
2016/07/16 19:10:00		3.34206	135.164	34.5109	0.360417	1001.65	1.18125	29.6727	11.2337	15.0387	26.2724	26.5122	2145.42	22.055	30.1817	20.2325	13.5308								
2016/07/16 19:15:00		2.89967	140.533	34.5068	0.361458	1001.55	1.18125	29.619	10.9255	11.4442	22.3697	26.2167	2148.33	21.5764	37.4467	18.235	12.1167								
2016/07/16 19:20:00		2.45103	150.022	34.5563	0.361979	1001.73	1.1375	29.5699	18.4317	16.2882	34.7199	26.2929	2147.29	22.2372	47.3508	18.6742	11.4892								
2016/07/16 19:25:00		2.47605	200.952	34.6104	0.359896	1002.29	1.1375	29.5294	20.5467	16.6614	37.208	26.2834	2181.67	21.5514	66.196	16.1383	10.8117								
2016/07/16 19:30:00		1.94839	290.332	34.5599	0.364583	1002.89	1.21042	29.462	11.4056	10.9033	22.3089	26.6886	2151.04	22.4658	83.969	21.0458	9.7592								
2016/07/16 19:35:00		3.07973	280.587	34.0547	0.365104	1003.3	1.14479	29.4	9.7775	8.8835	18.6611	26.8554	2049.17	21.7443	130.467	17.8183	5.625								
2016/07/16 19:40:00		3.39539	297.28	32.8474	0.364062	1003.88	6.9052	29.3119	8.5872	9.7462	18.3334	26.4502	1878.33	21.0657	86.367	17.2633	4.55								
2016/07/16 19:45:00		2.0014	282.789	31.0026	0.366667	1004.54	4.8125	29.1473	7.6291	8.2674	15.8964	25.8306	1713.33	21.5836	14.5208	9.7117	3.9925								
2016/07/16 19:50:00		4.42602	213.488	29.3615	0.3625	1005.13	1.16667	28.9017	10.0679	9.5819	19.6498	25.5207	1618.33	21.0871	8.7175	5.9742	3.275								
2016/07/16 19:55:00		2.84893	153.714	28.0234	0.360938	1005.16	1.13021	28.5481	10.9523	8.2982	19.2504	25.1394	1526.46	21.3621	10.695	7.3867	4.41667								
2016/07/16 20:00:00		1.67728	149.389	27.0052	0.365104	1004.97	1.1375	28.1529	15.4234	9.3354	24.7588	25.0917	1486.25	21.0478	8.1808	5.61	3.61667								
2016/07/16 20:05:00		2.62356	138.33	26.3974	0.369792	1005.5	1.18125	27.7744	20.2854	11.1532	31.4386	24.6532	1502.71	21.5086	8.1583	5.6508	3.43667								
2016/07/16 20:10:00		3.44227	144.603	26.099	0.366146	1005.25	1.13021	27.3274	16.5937	9.7086	26.3022	24.7295	1485.63	20.5085	2.81	2.00167	1.4								
2016/07/16 20:15:00		3.31689	114.077	25.9203	0.369271	1004.78	1.14479	26.9907	13.9963	7.1924	21.1887	24.3338	1454.58	21.6657	1.66667	1.22333	0.86833								
2016/07/16 20:20:00		5.2153	94.981	25.9182	0.367708	1004.98	1.1375	26.8498	14.0655	7.7675	21.8331	24.658	1439.79	21.7372	0.93333	0.77667	0.61167								
2016/07/16 20:25:00		3.8189	90.849	25.8984	0.366146	1004.83	1.12292	26.6927	19.0213	12.0399	31.0612	24.4578	1429.58	19.6049	0.725	0.62917	0.4825								
2016/07/16 20:30:00		3.3653	120.848	25.8229	0.367188	1004.8	1.15937	26.4304	22.0832	14.6656	36.7488	24.2576	1386.04	20.1513	0.68388	0.62667	0.462217								
2016/07/16 20:35:00		4.71884	138.947	25.8182	0.366667	1004.83	1.18125	26.1477	19.526	12.3719	31.898	24.31	1353.54	19.6084	0.66	0.53833	0.428333								
2016/07/16 20:40:00		5.0518	146.369	25.6536	0.393229	1004.57	1.21042	25.8374	14.6618	10.9033	25.5652	24.2099	1306.67	19.6906	0.290833	0.255833	0.189167								
2016/07/16 20:45:00		3.76465	130.829	25.4292	0.359375	1004.38	1.19583	25.8001	15.9259	10.0578	25.9837	24.0097	1283.13	22.3551	0.95833	0.79167	0.63167								
2016/07/16 20:50:00		2.63525	126.627	25.4266	0.360938	1004.21	1.23958	26.0771	18.9744	11.386	30.3604	23.9811	1344.79	23.2373	0.75667	0.6	0.43								
2016/07/16 20:55:00		4.81274	133.695	25.4542	0.361979	1004.47	1.15937	26.3711	19.9526	11.2799	31.2325	23.7666	1315.42	22.7729	0.87	0.70667	0.56167								
2016/07/16 21:00:00		3.63021	126.156	25.3656	0.358854	1004.29	1.15937	26.4551	16.4262	11.7489	28.1751	24.2194	1278.75	22.1408	1.21167	0.84833	0.585								
2016/07/16 21:05:00		2.7834	123.969	25.087	0.360417	1004.02	1.23229	26.4006	15.9951	11.5366	27.5318	24.0669	1308.75	21.9372	0.95667	0.66583	0.365833								
2016/07/16 21:10:00		2.9629	133.434	24.8656	0.360417	1004.24	1.18125	26.2715	18.6885	12.5807	31.2693	24.2719	1355.0	20.8407	0.75667	0.5625	0.408333								
2016/07/16 21:15:00		2.17428	147.842	24.8286	0.360938	1004.71	1.24688	26.061	19.4925	13.0737	32.5662	24.1575	1399.38	20.0192	1.28	0.92833	0.62917								
2016/07/16 21:20:00		2.08031	123.585	24.8438	0.360938	1004.86	1.11563	25.9195	20.8683	14.1178	34.9861	24.5769	1400.63	21.2836	1.34667	0.97333	0.70833								
2016/07/16 21:25:00		2.32937	128.764	24.974	0.372917	1004.85	1.15208	26.0323	32.0148	16.3841	48.3989	24.4673	1527.08	22.9158	1.0775	0.775	0.55167								
2016/07/16 21:30:00		2.24067	153.364	25.0745	0.357812	1005.0	1.17396	26.2854	33.5022	15.8055	49.3078	24.3338	1599.58	23.1087	1.39167	1.01333	0.73								
2016/07/16 21:35:00		1.99993	129.821	25.0255	0.357292	1005.05	1.15937	26.5316	21.6097	14.8025	36.4122	24.515	1591.25	23.4266	1.35383	0.97888	0.76167								
2016/07/16 21:40:00		1.7658	127.023	25.138	0.358854	1005.06	1.15937	26.5982	32.9662	18.2258	51.192	24.6818	1650.63	21.6907	1.675	1.13417	0.8775								
2016/07/16 21:45:00		1.94226	133.896	25.2333	0.359375	1005.13	1.1375	26.5491	33.9757	20.7591	54.735	25.0727	1723.33	20.6192	1.51833	1.225	1.02833								
2016/07/16 21:50:00		2.0346	116.644	25.337	0.358854	1005.14	1.09375	26.3845	25.2746	17.4419	42.7165	25.0298	1759.38	21.3621	1.28	0.8975	0.69333								
2016/07/16 21:55:00		1.49224	137.276	25.5391	0.363542	1005.38	1.12292	26.207	33.4687	15.203	48.6718	24.8725	1785.42	20.5835	1.935	1.31417	0.855								
2016/07/16 22:00:00		1.6146	147.297	25.7151	0.36875	1005.53	1.18854	25.9995	23.2401	11.4031	34.6432	25.1918	1769.38	20.7407	1.665	1.26417	1.08417								
2016/07/16 22:05:00		1.38219	151.989	25.9208	0.366146	1005.53	1.07917	25.8229	23.2579	12.3103	35.5682	24.6389	1812.08	20.2549	0.93933	0.76555	0.69555								
2016/07/16 22:10:00		1.45684	157.143	26.175	0.364062	1005.36	1.17396	25.9869	37.5736	11.2628	48.8364	25.025	1947.08	22.9622	2.25167	1.64667	1.3225								
2016/07/16 22:15:00		1.81676	181.253	26.3583	0.3625	1005.26	1.1375	26.2575	30.351	10.8725	41.2235	24.8486	2000.21	23.2908	1.576	1.28333	1.17167								
2016/07/16 22:20:00		1.96722	177.891	26.501	0.366667	1005.34	1.16667	26.5007	23.5907	9.3149	32.9056	24.9583	1990.63	21.9229	1.076	0.8775	0.79933								
2016/07/16 22:25:00		2.3249	190.646	26.6807	0.364583	1005.42	1.09375	26.5765	26.5164	9.9482	36.4646	24.9201	2011.67	21.1871	1.565	1.27667	1.16167								
2016/07/16 22:30:00		3.80873	198.236	26.8469	0.365625	1005.8	1.15208	26.5335	16.7321	9.5477	26.2798	24.7962	1959.79	20.6978	0.97	0.69333	0.55833								
2016/07/16 22:35:00		3.79083	202.231	27.0724	0.364583	1006.12	1.15937	26.388	14.5234	6.9357	21.459	24.5483	1847.08	21.1371	1.80667	1.33583	1.12583								
2016/07/16 22:40:00		4.51599	193.39	27.4005	0.365625	1006.07	1.19583	26.253	17.3374	7.8257	25.1631	24.5054	1773.75	20.83	3.12217	2.19717	1.651								
2016/07/16 22:45:00		3.05443	192.95	27.7026	0.366667	1006.02	1.10833	26.0841	12.29	4.77213	17.0622	24.515	1677.92	20.4835	1.71949	1.17373	0.85763								
2016/07/16 22:50:00		4.25671	187.653	27.9792	0.365104	1005.8	1.21771	25.9085	12.4263	4.54276	16.969	24.4006	1587.71	20.0228	2.42	1.6875	1.185								
2016/07/16 22:55:00		3.43159	189.288	28.2177	0.366146	1005.65	1.18125	25.7748	11.0684	3.10839	14.1768	24.1479	1523.96	20.7442	1.91167	1.305	0.93								
2016/07/16 23:00:00		3.32735	180.391	28.4271	0.366667	1005.55	1.1375	25.654	10.1751	2.28336	12.4584	24.3767	1447.5	20.8192	1.105	0.83667	0.65333								
2016/07/16 23:05:00		3.65298	177.138	28.5391	0.365104	1005.27	1.17396	25.5523	11.5084	4.94672	16.4551	24.2337	1392.5	20.7978	2.3125	1.57833	1.07167								
2016/07/16 23:10:00		3.09133	161.548	28.649	0.365104	1005.04	1.15208	25.4717	9.8713	3.29667	13.168	23.8953	1355.0	20.2978	1.91433	1.31	0.97888								
2016/07/16 23:15:00		2.12043	162.884	28.7953	0.358854	1005.05	1.20313	25.3963	11.3945	5.1282	16.5226	24.7581	1316.88	19.9049	2.60167	1.7505	1.07527								
2016/07/16 23:20:00		2.16468	143.302	28.8531	0.366667	1005.04	1.14479	25.3452	11.0796	5.1795	16.2591	24.8296	1297.29	19.9585	3.04	2.04167	1.27167								
2016/07/16 23:25:00		2.29487	152.168	28.7995	0.364062	1005.2	1.18854	25.3608	17.9582	10.7013	28.6596	24.3434	1291.46	20.9585	1.3425	0.92083	0.61583								
2016/07/16 23:30:00		1.63279	161.166	28.8026	0.358333	1005.27	1.10104	25.6486	19.7695	11.3826	31.152	24.3481	1278.75	22.5336	3.68167	2.53167	1.575								
2016/07/16 23:35:00		1.95952	171.256	28.8042	0.360938	1005.86	1.12292	26.0521	19.7695	8.0483	27.8177	24.2528	1243.96	23.2087	2.93167	2.08	1.49667								
2016/07/16 23:40:00		3.26715	168.39	28.8021	0.363542	1005.68	1.10104	26.6036	16.4686	7.3088	23.7774	24.291	1222.29	21.2871	3.57333	2.62833	2.145								
2016/07/16 23:45:00		3.41629	171.069	28.7229	0.365104	1005.67	1.18854	26.8876	12.864	8.3427	21.2067	24.2623	1165.83	21.1157	2.4975	1.925	1.475								
2016/07/16 23:50:00		3.91269	198.197	28.6099	0.361458	1005.89	1.17396	26.8331	10.3649	6.9939	17.3588	24.1718	1128.33	21.1228	1.61833	1.19	0.955								
2016/07/16 23:55:00		3.22731	200.827	28.4922	0.364583	1005.93	1.20313	26.7282	11.4793	7.8155	19.2948	24.2623	1068.96	20.8049	1.79167	1.255	0.92167								
2016/07/17 00:00:00		4.24581	191.522	28.3818	0.366146	1005.97	1.16667	26.5531	8.3259	3.86494	12.1908	24.0621	1012.92	20.7871	1.445	1.15833	0.79167								
