-- 1st mean values --
Format: XTAB(V:1;HEAD:2;COL:TCFFFFFFFFFFFFFFFFFFFFFFFF)
StartTime: 2016/07/22 00:00:00
EndTime: 2016/07/23 00:00:00
Period: 24 h
Station: Gia Lam

Time	MeasPt	Wind Spd.	Wind Dir.	Temp	RH	Barometer	Radiation	InnerTemp	NO	NO2	NOx	SO2	CO	O3	PM-10	PM-2.5	PM-1	CH4	NMHC	THC	BENZEN	TOLUEN	ETHYL BENZEN	MP-XYLEN	O-XYLEN
		m/s	degree	°C	%	hPa	W/m²	°C	µg/m3	µg/m3	µg/m3	µg/m3	µg/m3	µg/m3	µg/m3	µg/m3	µg/m3	ppm	ppmC	ppmC	ug/m3	ug/m3	ug/m3	ug/m3	ug/m3
2016/07/22 00:05:00		1.16064	313.148	27.3927	0.365104	1008.24	1.15937	26.2422	20.1156	33.066	53.182	24.577	632.08	18.4727	10.1717	6.79	3.76417								
2016/07/22 00:10:00		0.471469	313.287	27.3896	0.367188	1008.25	1.08646	26.2436	21.3328	35.2706	56.603	24.4816	626.25	18.5227	11.9542	7.9717	3.87333								
2016/07/22 00:15:00		0.97912	312.931	27.3927	0.363542	1008.21	1.11563	26.3636	20.1246	34.4866	54.611	24.4625	637.08	19.9156	10.6392	7.1008	3.24								
2016/07/22 00:20:00		0.56148	331.59	27.388	0.360417	1008.22	1.08646	26.6471	14.309	26.6917	41.0007	24.6675	695.42	20.5085	11.7667	7.845	4.09								
2016/07/22 00:25:00		1.0268	331.435	27.3922	0.364062	1008.2	1.05	26.8132	14.6551	24.5658	39.221	24.4959	661.88	19.9763	12.2742	8.225	3.61083								
2016/07/22 00:30:00		1.10823	326.981	27.3911	0.365625	1008.17	1.09375	26.9072	17.2413	25.8907	43.132	24.8868	631.67	20.2978	7.5717	5.0808	2.725								
2016/07/22 00:35:00		0.74583	325.105	27.3917	0.359896	1008.17	1.07187	26.9214	18.4339	23.8024	42.2364	24.8105	581.88	20.0621	7.7833	5.24	2.6775								
2016/07/22 00:40:00		0.58132	340.113	27.3276	0.3625	1008.08	1.13021	26.8683	13.9025	23.3677	37.2702	24.6532	542.08	20.1335	7.3842	4.94083	2.81417								
2016/07/22 00:45:00		0.332694	5.0201	27.2943	0.365104	1007.97	1.15208	26.8079	13.6658	22.8199	36.4857	24.658	520.63	19.0013	8.8917	6.1025	3.58								
2016/07/22 00:50:00		0.94524	341.63	27.2922	0.365625	1007.85	1.12292	26.7359	13.103	21.3719	34.4748	24.6294	487.708	18.6012	18.0208	12.5667	8.6825								
2016/07/22 00:55:00		0.64168	345.265	27.2766	0.367188	1007.85	1.10833	26.7958	11.2381	17.815	29.0532	24.5722	500.63	20.3906	43.1775	32.3425	25.5817								
2016/07/22 01:00:00		0.497001	334.485	27.1927	0.365104	1007.82	1.10104	27.0213	9.5028	15.381	24.8839	24.6294	548.33	20.7407	35.6467	27.2383	21.4917								
2016/07/22 01:05:00		0.58821	23.99	27.0969	0.359375	1007.78	1.07917	27.1276	8.0601	16.2198	24.2798	24.8439	525.0	20.0335	28.3125	22.385	18.4442								
2016/07/22 01:10:00		0.394307	10.9002	26.999	0.363021	1007.81	1.12292	27.1762	8.4018	15.1448	23.5466	24.7676	485.417	19.662	28.3625	21.7858	17.9758								
2016/07/22 01:15:00		0.466741	2.01344	26.9885	0.365104	1007.85	1.12292	27.1497	9.3979	16.2745	25.6724	24.8486	461.25	20.3871	31.4242	24.165	19.3158								
2016/07/22 01:20:00		0.235284	9.91	26.9797	0.366667	1007.84	1.12292	27.0726	10.1416	17.9143	28.0559	24.6818	441.875	19.1334	32.0358	23.9925	18.6042								
2016/07/22 01:25:00		0.72372	2.08384	26.8969	0.359375	1007.84	1.04271	26.98	8.4085	16.9626	25.3711	24.5197	430.417	19.2513	22.4117	17.7983	14.285								
2016/07/22 01:30:00		0.48134	50.43	26.8266	0.359896	1007.69	1.06458	26.8881	6.0389	11.5127	17.5516	24.6818	406.25	19.3763	17.8417	12.5133	9.7017								
2016/07/22 01:35:00		0.431551	47.674	26.7958	0.357292	1007.64	1.01354	26.8055	10.6307	15.5077	26.1384	24.7056	380.208	18.6584	15.43	10.555	7.4317								
2016/07/22 01:40:00		0.52626	34.6538	26.7651	0.3625	1007.57	1.09375	26.9298	6.3963	13.0669	19.4631	24.5293	403.958	21.0943	12.7	9.2983	7.3783								
2016/07/22 01:45:00		0.89996	57.008	26.6964	0.367188	1007.52	1.05729	27.1051	4.81953	10.7048	15.5243	24.963	437.5	20.8942	13.1983	9.8783	8.3667								
2016/07/22 01:50:00		0.6805	60.843	26.6911	0.3625	1007.51	1.02813	27.1751	4.50017	13.2825	17.7827	25.2299	419.583	20.7335	16.835	12.93	11.0983								
2016/07/22 01:55:00		0.79077	19.883	26.5927	0.363542	1007.47	1.08646	27.1784	4.76593	11.3038	16.0698	25.4683	401.667	19.8049	18.9758	16.3992	14.7958								
2016/07/22 02:00:00		0.80568	332.395	26.5891	0.360417	1007.41	1.05	27.1054	3.7252	10.1228	13.848	25.7543	373.542	19.7585	20.1733	15.9433	14.0033								
2016/07/22 02:05:00		0.394418	357.832	26.5901	0.363021	1007.39	1.05729	27.006	3.5376	12.1871	15.7247	26.0689	350.833	19.6442	18.3042	14.8217	13.0892								
2016/07/22 02:10:00		0.65898	12.8457	26.5922	0.363542	1007.44	1.06458	26.8957	5.6883	13.4571	19.1454	26.4502	344.375	19.6727	21.5808	16.0683	13.1333								
2016/07/22 02:15:00		0.61931	16.9802	26.5885	0.364062	1007.57	1.05	26.8388	4.97363	15.8398	20.8134	27.0032	349.583	19.4049	21.6233	15.8342	13.1025								
2016/07/22 02:20:00		0.64806	44.3902	26.5516	0.358854	1007.61	1.05729	27.0114	4.58727	13.1216	17.7089	28.3092	402.292	20.5299	23.7242	16.1542	12.9458								
2016/07/22 02:25:00		0.60777	22.617	26.4859	0.361458	1007.55	1.02083	27.1351	4.41977	14.491	18.9107	29.8775	407.917	20.6335	17.0983	11.7417	8.9042								
2016/07/22 02:30:00		0.83138	15.6019	26.4844	0.358854	1007.52	1.06458	27.1899	4.824	14.9976	19.8216	30.9833	393.125	20.5728	15.5633	11.2783	8.6417								
2016/07/22 02:35:00		0.5755	33.5118	26.4255	0.358854	1007.45	1.03542	27.1642	5.7441	16.0417	21.7859	31.1311	373.958	19.6799	19.2083	13.4383	9.54								
2016/07/22 02:40:00		0.94962	13.6676	26.4036	0.358854	1007.43	1.10104	27.0793	4.24333	14.4396	18.683	31.2646	366.458	20.2764	15.92	12.1025	9.83								
2016/07/22 02:45:00		0.9079	20.9756	26.4063	0.363021	1007.37	1.01354	26.9687	4.489	16.4457	20.9347	31.4886	345.0	19.787	17.59	13.4458	11.17								
2016/07/22 02:50:00		0.64878	358.014	26.3161	0.360417	1007.4	1.05	26.8589	5.4225	18.7462	24.1687	31.7269	337.708	19.212	14.425	11.0075	8.8808								
2016/07/22 02:55:00		0.8136	15.556	26.3172	0.365625	1007.36	1.04271	26.9631	4.11827	16.0965	20.2148	32.3037	366.25	21.3478	13.9383	10.6417	8.5992								
2016/07/22 03:00:00		0.81813	22.0124	26.2255	0.363542	1007.41	1.05729	27.1405	4.31927	15.898	20.2172	33.0092	400.625	21.155	12.3667	9.3042	6.9442								
2016/07/22 03:05:00		1.20978	22.4886	26.188	0.365104	1007.48	1.05729	27.2157	3.68053	15.0558	18.7364	32.8757	400.417	20.7299	15.0692	11.01	8.3667								
2016/07/22 03:10:00		0.383472	18.2846	26.1229	0.364062	1007.46	1.08646	27.2178	3.3366	15.2441	18.5807	32.3847	419.792	20.1549	18.47	12.7467	9.6917								
2016/07/22 03:15:00		0.57321	10.0512	26.1161	0.358854	1007.52	1.1375	27.1387	4.01553	16.8154	20.8309	31.4314	447.292	20.0906	19.225	13.4658	10.2742								
2016/07/22 03:20:00		0.92465	317.774	26.1203	0.363021	1007.65	1.07917	27.0321	5.8223	17.5685	23.3908	30.726	461.25	19.637	19.7425	14.295	11.3408								
2016/07/22 03:25:00		0.55619	328.825	26.1182	0.363021	1007.66	1.07917	26.9077	8.442	18.3628	26.8048	29.8822	490.0	19.5085	24.545	18.4517	14.5908								
2016/07/22 03:30:00		0.67907	333.059	26.1224	0.361458	1007.7	1.08646	26.9045	6.796	16.497	23.2931	29.806	537.08	20.5978	32.28	25.09	19.965								
2016/07/22 03:35:00		0.58719	350.58	26.1208	0.367188	1007.66	1.06458	27.0943	7.7452	19.6397	27.3849	30.3303	601.04	21.2121	36.3758	29.4258	23.4558								
2016/07/22 03:40:00		0.5304	39.4625	26.2146	0.365104	1007.66	1.05	27.1985	7.676	17.6952	25.3712	30.4781	620.63	19.7692	35.3883	29.2933	23.5917								
2016/07/22 03:45:00		0.637	317.853	26.2188	0.367708	1007.65	1.04271	27.2213	6.336	18.2601	24.596	30.4876	606.67	19.5799	28.9592	22.8533	18.0117								
2016/07/22 03:50:00		0.388678	23.4484	26.2177	0.361979	1007.65	1.08646	27.1607	6.2064	19.3863	25.5928	29.7345	611.88	19.2727	32.4583	24.7358	19.6392								
2016/07/22 03:55:00		0.64103	347.601	26.212	0.360938	1007.58	1.07917	27.0611	6.1685	18.373	24.5415	29.2864	597.71	19.1227	40.1483	31.3825	25.2708								
2016/07/22 04:00:00		0.56214	20.226	26.2167	0.360938	1007.49	1.13021	26.9437	7.2874	19.1912	26.4786	29.1625	606.25	19.6192	49.925	40.0275	33.42								
2016/07/22 04:05:00		0.7821	320.859	26.2188	0.364583	1007.48	1.08646	26.8729	11.3141	19.6602	30.9743	28.8765	634.58	19.9692	57.483	44.6542	38.745								
2016/07/22 04:10:00		0.465544	56.407	26.2182	0.361979	1007.45	1.05	27.0501	8.8239	18.3491	27.173	29.4056	741.46	20.6157	50.708	38.4583	33.4075								
2016/07/22 04:15:00		0.68283	12.0953	26.2177	0.3625	1007.42	1.08646	27.1813	7.6581	16.4115	24.0696	29.6677	759.58	19.8692	57.939	44.3	39.49								
2016/07/22 04:20:00		1.02739	326.39	26.15	0.364583	1007.36	1.08646	27.2237	6.2533	14.6656	20.9189	29.7774	736.25	20.2942	50.12	38.965	33.2567								
2016/07/22 04:25:00		0.91131	331.941	26.1198	0.364062	1007.39	1.08646	27.1923	7.8479	16.3088	24.1567	29.6868	735.83	19.9763	51.423	39.6533	32.6842								
2016/07/22 04:30:00		0.69795	329.108	26.1979	0.365104	1007.45	1.10104	27.0941	8.7681	18.308	27.0761	29.4628	727.5	19.4834	45.3942	34.8183	28.5708								
2016/07/22 04:35:00		0.54842	16.588	26.2188	0.361979	1007.48	1.04271	26.9835	8.5358	16.5415	25.0773	28.805	726.25	19.4692	33.3117	25.115	20.7967								
2016/07/22 04:40:00		0.5999	354.347	26.2057	0.361979	1007.62	1.11563	26.8624	9.6368	17.6644	27.3012	28.4427	724.17	19.712	26.5717	19.4333	15.6217								
2016/07/22 04:45:00		0.77791	313.835	26.1219	0.3625	1007.64	1.06458	26.9639	8.4554	16.3361	24.7915	28.4713	743.96	21.4943	23.7867	17.17	13.9133								
2016/07/22 04:50:00		0.60289	32.2421	26.1214	0.364583	1007.66	1.09375	27.1233	7.9216	16.8223	24.7439	28.8193	767.08	20.6442	23.09	17.7883	15.115								
2016/07/22 04:55:00		0.68099	51.871	26.1255	0.360417	1007.7	1.03542	27.1762	9.4894	18.5031	27.9926	28.9575	747.5	20.3264	29.46	21.7383	18.225								
2016/07/22 05:00:00		0.50625	67.95	26.1948	0.360938	1007.79	1.06458	27.169	9.581	18.7736	28.3546	28.5285	768.13	20.5978	42.8917	31.5633	26.5433								
2016/07/22 05:05:00		0.81935	92.768	26.2641	0.360417	1007.81	1.06458	27.0914	20.5288	22.3749	42.9037	28.5094	813.54	19.7049	55.396	39.5225	32.3783								
2016/07/22 05:10:00		1.00161	86.712	26.3625	0.363021	1007.83	1.05	26.9762	20.866	21.721	42.5871	28.5237	922.29	19.9013	56.474	40.8583	33.9875								
2016/07/22 05:15:00		0.7794	84.407	26.4432	0.361458	1007.84	1.05729	26.8455	43.2463	25.052	68.298	28.4093	1013.54	18.8334	59.113	41.5825	33.7933								
2016/07/22 05:20:00		0.96994	58.71	26.4859	0.363542	1007.83	1.02083	26.871	34.2124	23.8949	58.107	28.3712	1179.58	20.1228	75.681	53.785	44.4058								
2016/07/22 05:25:00		0.91565	72.335	26.4891	0.361458	1007.76	1.10104	27.0576	40.9571	22.7617	63.719	28.8526	1308.75	20.5549	85.422	61.928	52.593								
2016/07/22 05:30:00		0.50479	30.019	26.5219	0.356771	1007.71	1.02813	27.1408	61.082	24.9869	86.069	29.3913	1398.54	20.3621	84.599	61.164	51.768								
2016/07/22 05:35:00		0.56156	35.1026	26.5932	0.363021	1007.73	1.06458	27.2256	42.7013	22.8713	65.573	29.0528	1501.88	19.737	74.565	58.325	51.501								
2016/07/22 05:40:00		0.54502	306.13	26.5714	0.358854	1007.74	1.00625	27.3035	47.4181	22.1353	69.553	29.2101	1540.83	22.1408	80.036	59.3	51.401								
2016/07/22 05:45:00		0.6339	42.2266	26.488	0.358333	1007.65	1.02083	27.4302	40.3251	22.7686	63.094	29.5247	1530.21	22.5122	83.853	63.083	54.787								
2016/07/22 05:50:00		0.52266	65.482	26.487	0.357812	1007.66	1.07917	27.6162	38.0024	21.8203	59.823	29.7869	1455.42	22.1765	86.83	63.638	54.714								
2016/07/22 05:55:00		1.14818	84.522	26.4453	0.359375	1007.66	1.03542	27.8259	51.867	22.5084	74.375	30.3112	1423.96	22.1015	98.415	67.411	54.33								
2016/07/22 06:00:00		1.25133	78.423	26.4885	0.356771	1007.58	1.04271	28.031	74.855	23.6929	98.548	31.0929	1631.25	21.6372	94.149	64.783	52.252								
2016/07/22 06:05:00		0.87011	83.916	26.5745	0.364062	1007.55	2.85104	28.2359	92.165	25.182	117.347	31.6125	1908.13	21.555	87.047	60.95	48.6642								
2016/07/22 06:10:00		1.00725	92.517	26.6917	0.3625	1007.56	5.374	28.4413	95.035	26.1988	121.234	32.237	2088.13	22.2015	83.5	58.664	47.5867								
2016/07/22 06:15:00		0.97234	87.38	26.7557	0.364583	1007.59	8.7792	28.5589	110.945	25.9215	136.867	32.1464	2298.33	21.9336	88.923	60.962	48.6517								
2016/07/22 06:20:00		1.12682	81.023	26.8109	0.359375	1007.7	12.1771	28.4214	96.576	23.7682	120.344	31.5362	2524.17	21.4014	86.429	60.359	48.2542								
2016/07/22 06:25:00		0.95431	75.032	26.901	0.368229	1007.76	14.9625	28.1706	113.154	21.8066	134.961	30.664	2690.42	21.505	87.883	59.623	46.7383								
2016/07/22 06:30:00		0.492571	52.096	26.9344	0.364062	1007.78	17.3906	27.8836	117.668	24.381	142.049	30.2016	2870.42	21.3979	69.717	48.16	39.5717								
2016/07/22 06:35:00		0.72621	26.161	26.9021	0.365625	1007.85	20.3583	27.6042	88.235	18.1779	106.412	28.8765	2894.79	20.5978	63.483	43.9342	35.6892								
2016/07/22 06:40:00		0.63386	17.1109	26.8896	0.360417	1007.88	23.3698	27.3319	90.399	19.3076	109.706	28.6715	2845.83	21.0871	60.243	40.7492	32.955								
2016/07/22 06:45:00		0.55771	47.8602	26.899	0.364062	1007.9	26.7823	27.1553	106.293	22.3749	128.668	28.4713	2719.38	22.1836	55.118	38.735	30.8475								
2016/07/22 06:50:00		0.99479	62.266	26.8984	0.366667	1007.88	29.3927	27.3164	88.141	21.9333	110.074	28.8431	2696.67	23.2873	58.144	40.1617	30.1425								
2016/07/22 06:55:00		1.31322	74.265	26.938	0.369271	1007.98	32.2146	27.4769	166.127	31.4673	197.594	30.745	2875.63	23.0265	67.81	45.3292	31.5483								
2016/07/22 07:00:00		1.57579	83.198	27.0646	0.364583	1008.03	36.6844	27.653	122.99	27.9892	150.979	31.0357	3118.96	23.2873	53.985	36.7942	29.0608								
2016/07/22 07:05:00		1.22024	85.152	27.1536	0.366667	1008.09	41.8542	27.8737	133.524	26.8663	160.391	31.8366	3165.83	22.7515	67.083	44.8458	31.4825								
2016/07/22 07:10:00		0.89279	104.466	27.2635	0.364583	1008.12	48.3583	28.0971	173.327	28.91	202.237	33.4239	3680.83	22.8622	68.209	45.6325	30.2625								
2016/07/22 07:15:00		0.88888	91.206	27.3563	0.363542	1008.18	54.542	28.1897	166.721	31.255	197.976	33.5478	4291.04	20.7478	64.218	42.8833	29.6817								
2016/07/22 07:20:00		0.70657	76.966	27.4083	0.361979	1008.18	60.477	28.1363	166.589	28.3931	194.982	32.1845	4653.33	20.6907	61.179	40.8617	28.5767								
2016/07/22 07:25:00		0.86982	93.332	27.4974	0.361979	1008.16	66.835	27.9516	159.931	28.3965	188.328	31.4695	4887.29	21.0085	65.04	43.6617	31.3317								
2016/07/22 07:30:00		0.57048	75.034	27.5406	0.364583	1008.24	73.755	27.7212	148.133	27.4688	175.601	30.4304	5042.3	20.5406	74.504	49.8592	35.5883								
2016/07/22 07:35:00		0.72089	82.628	27.6016	0.365625	1008.37	81.207	27.4839	119.425	26.2193	145.645	29.601	5051.7	21.0693	68.995	46.0167	32.8617								
2016/07/22 07:40:00		0.61519	87.86	27.6156	0.365104	1008.36	90.533	27.2892	117.659	27.64	145.299	29.0719	4896.25	20.8442	64.112	42.7933	30.6167								
2016/07/22 07:45:00		0.65796	88.271	27.7078	0.369271	1008.35	100.836	27.0756	138.75	27.8933	166.644	29.2244	4950.21	21.4443	72.937	48.6333	33.5175								
2016/07/22 07:50:00		0.91403	110.304	27.8286	0.365104	1008.26	113.181	27.0645	171.761	34.5688	206.33	29.4437	5235.0	22.4301	76.243	50.823	33.9383								
2016/07/22 07:55:00		1.26642	120.417	27.9422	0.364062	1008.2	126.605	27.2643	183.526	36.2908	219.817	30.8594	5340.8	23.3587	66.275	44.205	31.2417								
2016/07/22 08:00:00		1.24037	118.716	28.0714	0.363542	1008.22	140.613	27.4549	164.476	34.8016	199.278	32.2894	5414.0	23.723	70.968	47.3217	33.765								
2016/07/22 08:05:00		1.60824	125.596	28.2297	0.366146	1008.3	153.832	27.6871	136.501	30.5532	167.055	32.9329	5569.2	23.4623	68.477	45.9158	34.7492								
2016/07/22 08:10:00		1.17895	90.129	28.3396	0.364062	1008.37	168.262	27.9384	153.365	32.0219	185.387	34.2389	5638.1	23.1408	62.921	41.9542	30.5242								
2016/07/22 08:15:00		1.61776	118.641	28.4177	0.363021	1008.43	184.997	28.0329	161.535	38.4611	199.996	34.7204	5756.7	21.505	57.752	38.7183	29.5017								
2016/07/22 08:20:00		1.09124	86.413	28.5036	0.361979	1008.51	201.046	28.0141	136.53	31.6966	168.227	33.2475	5779.0	21.2586	57.437	38.4558	30.9783								
2016/07/22 08:25:00		0.63685	117.089	28.5781	0.360938	1008.62	219.253	27.8657	140.999	31.4502	172.449	32.3514	5732.9	20.4192	62.376	41.6	31.3083								
2016/07/22 08:30:00		0.56899	89.305	28.6552	0.365625	1008.64	229.979	27.714	178.832	35.3391	214.171	31.7031	5778.3	21.23	65.543	43.7267	30.5258								
2016/07/22 08:35:00		0.435381	130.811	28.7505	0.361979	1008.66	241.558	27.5481	172.713	40.7342	213.447	31.4505	5878.3	21.0014	64.073	42.7167	28.5525								
2016/07/22 08:40:00		1.21854	133.758	28.8135	0.359375	1008.63	251.161	27.3754	126.5	34.8803	161.381	30.8403	5770.0	20.9264	58.884	39.41	28.8325								
2016/07/22 08:45:00		0.93476	126.966	28.937	0.363542	1008.68	247.377	27.2272	163.342	41.3676	204.709	30.5972	5705.8	21.1943	61.263	40.8608	29.0558								
2016/07/22 08:50:00		1.02828	128.331	29.1005	0.363542	1008.73	248.179	27.0713	131.425	41.1348	172.56	29.9204	5670.0	20.9728	60.036	40.1125	28.7192								
2016/07/22 08:55:00		1.03235	84.845	29.2844	0.360938	1008.71	252.656	26.9878	124.837	39.786	164.623	29.3293	5525.0	21.13	63.522	42.3867	31.5233								
2016/07/22 09:00:00		0.92449	77.115	29.4052	0.357812	1008.69	262.128	26.9217	145.765	44.9894	190.755	29.7202	5466.9	21.3943	60.747	40.75	30.2925								
2016/07/22 09:05:00		1.32227	115.43	29.4245	0.361458	1008.67	277.645	26.8481	111.417	41.5045	152.921	29.4532	5288.5	21.0693	60.588	40.6442	29.6183								
2016/07/22 09:10:00		1.72865	123.887	29.5349	0.363021	1008.66	290.522	26.8183	157.186	49.296	206.482	30.1778	5185.0	22.13	64.963	43.3392	30.685								
2016/07/22 09:15:00		1.84919	128.636	29.7229	0.368229	1008.7	305.594	26.7939	176.726	54.541	231.266	30.3637	5265.2	20.1299	59.057	39.3917	27.7392								
2016/07/22 09:20:00		2.52446	124.508	29.9198	0.366667	1008.7	323.524	26.777	143.134	49.6691	192.803	30.0062	5249.4	21.0335	61.929	41.3033	27.6267								
2016/07/22 09:25:00		1.57878	116.936	30.1313	0.368229	1008.74	335.592	26.7848	173.108	53.623	226.731	30.0634	5239.6	20.8085	58.883	39.3142	27.3458								
2016/07/22 09:30:00		1.25709	149.551	30.212	0.365625	1008.75	356.249	26.7808	124.033	49.7	173.733	30.2826	5030.2	20.905	54.249	36.2983	26.0458								
2016/07/22 09:35:00		1.13043	140.645	30.2839	0.361979	1008.76	391.854	26.7826	133.748	52.839	186.587	30.7736	4880.42	20.8264	57.857	38.5842	26.7742								
2016/07/22 09:40:00		1.17383	111.26	30.4542	0.364583	1008.79	424.28	26.8095	99.788	48.6764	148.464	30.316	4788.75	21.2836	53.748	35.9517	24.8525								
2016/07/22 09:45:00		1.56714	159.187	30.6615	0.367708	1008.75	476.241	26.8283	123.698	50.539	174.236	30.8212	4673.13	21.0193	61.103	40.7392	28.1575								
2016/07/22 09:50:00		1.26761	177.504	30.8906	0.36875	1008.68	558.27	26.8643	98.452	50.378	148.83	30.5686	4571.04	21.0693	49.7992	33.2975	22.9742								
2016/07/22 09:55:00		1.92776	161.467	31.1583	0.371875	1008.65	571.73	26.933	99.522	48.3032	147.825	30.8689	4269.38	21.3657	54.667	36.4508	24.7133								
2016/07/22 10:00:00		1.89351	152.861	31.3641	0.365104	1008.59	522.86	27.0039	94.005	52.665	146.67	31.1358	4104.58	21.7229	54.362	36.2683	25.285								
2016/07/22 10:05:00		2.2534	163.482	31.5297	0.367708	1008.52	563.42	27.078	134.337	56.992	191.329	32.0129	4083.13	21.5943	45.5175	30.345	20.6975								
2016/07/22 10:10:00		1.92106	156.239	31.676	0.371354	1008.59	680.09	27.1808	101.259	48.9366	150.196	31.8842	3967.5	21.3979	45.69	30.4867	19.9242								
2016/07/22 10:15:00		1.98454	144.121	31.8557	0.367188	1008.6	772.18	27.289	109.838	49.854	159.692	32.461	3863.13	20.8978	43.7292	29.2042	19.8308								
2016/07/22 10:20:00		2.67603	152.364	32.2219	0.367188	1008.59	737.87	27.4087	97.061	51.398	148.459	32.3323	3768.13	20.1906	63.832	31.1042	20.4775								
2016/07/22 10:25:00		2.35813	168.128	32.5646	0.370833	1008.62	616.39	27.558	111.705	53.894	165.598	32.9043	3797.71	21.8479	60.248	28.3492	18.8892								
2016/07/22 10:30:00		1.97246	197.57	32.701	0.363021	1008.63	729.47	27.7341	84.666	51.918	136.584	33.2332	3730.42	21.0335	54.455	26.205	17.5475								
2016/07/22 10:35:00		2.90746	184.93	32.85	0.363542	1008.6	751.17	27.9073	58.067	39.026	97.093	33.8624	3457.08	21.6086	61.135	27.05	18.3333								
2016/07/22 10:40:00		2.78271	165.986	32.999	0.367188	1008.58	615.4	28.0772	62.527	49.2309	111.758	34.0721	3188.96	21.73	65.058	26.0425	16.8208								
2016/07/22 10:45:00		1.79005	192.378	32.999	0.3625	1008.53	700.74	28.2493	55.358	51.083	106.441	34.0912	3044.79	21.3621	46.11	22.9042	15.8333								
2016/07/22 10:50:00		3.15495	201.129	33.1031	0.366667	1008.44	799.65	28.4254	53.578	50.652	104.229	33.8481	2844.58	21.8479	49.0667	22.0967	15.26								
2016/07/22 10:55:00		3.84782	195.08	33.3943	0.367708	1008.37	815.9	28.586	40.2916	47.865	88.157	33.9863	2582.92	21.3336	51.518	21.8817	15.1017								
2016/07/22 11:00:00		3.0999	198.686	33.7026	0.370313	1008.34	810.83	28.6775	30.9518	36.2257	67.177	33.095	2315.83	21.2443	48.62	23.5717	16.78								
2016/07/22 11:05:00		2.67037	185.81	33.8646	0.372396	1008.32	693.16	28.7191	37.549	48.3717	85.921	32.0987	2140.63	21.0621	56.803	26.23	17.7467								
2016/07/22 11:10:00		2.35518	191.814	33.9786	0.365104	1008.23	753.16	28.6716	23.9637	35.9621	59.926	31.1597	1966.88	21.105	47.5817	22.4767	16.065								
2016/07/22 11:15:00		1.63119	157.696	34.1276	0.369271	1008.13	697.35	28.5854	32.524	58.289	90.813	30.7402	1878.33	21.3407	61.337	25.7717	17.1767								
2016/07/22 11:20:00		1.63449	174.7	34.326	0.364583	1008.1	744.88	28.5167	35.7088	70.13	105.839	29.5486	1993.75	20.7871	59.02	28.1383	19.4467								
2016/07/22 11:25:00		2.44528	182.346	34.4865	0.366667	1008.04	796.45	28.4821	41.4216	67.296	108.717	29.1958	2100.21	20.9193	52.697	22.945	16.0575								
2016/07/22 11:30:00		2.46126	191.132	34.6969	0.368229	1008.03	845.8	28.4418	41.2385	63.14	104.378	30.0109	2076.46	20.6728	60.838	24.12	16.4933								
2016/07/22 11:35:00		2.30763	177.795	35.012	0.369271	1008.01	902.78	28.4362	32.7206	62.945	95.665	29.7678	2087.71	21.5371	54.137	23.4475	16.67								
2016/07/22 11:40:00		2.08271	195.577	35.2245	0.36875	1007.98	921.86	28.9806	30.2907	69.326	99.617	32.7375	2386.88	21.58	56.966	25.155	17.1333								
2016/07/22 11:45:00		2.68288	171.874	35.3573	0.368229	1007.92	950.59	29.5554	34.0137	64.489	98.502	36.1647	2465.83	21.7157	61.968	22.7933	15.2475								
2016/07/22 11:50:00		2.59405	178.391	35.5339	0.365625	1007.87	905.29	30.011	31.3024	64.619	95.921	37.8712	2478.54	21.4729	50.157	20.4858	13.7008								
2016/07/22 11:55:00		2.85185	194.072	35.6594	0.369792	1007.81	823.35	30.3444	27.7268	57.731	85.458	37.7281	2418.13	20.6371	43.4375	16.7833	10.8267								
2016/07/22 12:00:00		1.61757	173.258	35.738	0.365104	1007.76	936.15	30.5568	26.8514	49.1899	76.041	37.0132	2224.38	20.3263	56.6	18.8308	11.6175								
2016/07/22 12:05:00		2.16633	171.366	35.987	0.367708	1007.74	894.88	30.7214	26.9161	58.512	85.428	35.688	2080.83	20.9978	48.9342	17.4158	10.7208								
2016/07/22 12:10:00		2.55245	159.264	36.1776	0.361458	1007.75	793.64	30.9359	33.1494	74.803	107.953	35.5546	1983.96	21.8157	48.5125	16.9242	11.3133								
2016/07/22 12:15:00		1.9644	158.843	36.199	0.360417	1007.7	693.89	31.1778	22.8135	68.73	91.544	35.6642	1967.08	21.4729	65.206	15.265	8.9692								
2016/07/22 12:20:00		2.77759	175.249	36.3411	0.3625	1007.69	884.9	31.4151	74.053	84.977	159.03	35.7786	1990.63	20.9228	47.3175	15.6367	8.705								
2016/07/22 12:25:00		2.62205	170.98	36.3984	0.365104	1007.61	928.16	31.6232	27.0814	60.388	87.469	35.1017	2022.5	20.7121	30.2308	11.2433	6.9742								
2016/07/22 12:30:00		2.24545	148.267	36.5578	0.358333	1007.52	958.86	31.8079	30.1009	64.763	94.863	34.3819	1987.92	20.2192	41.6092	16.0042	9.6483								
2016/07/22 12:35:00		2.33852	168.673	36.701	0.3625	1007.4	948.46	31.9367	31.6463	70.613	102.259	34.1865	1889.58	20.6299	32.7233	12.1817	7.5175								
2016/07/22 12:40:00		3.00611	178.862	36.7625	0.359896	1007.27	964.18	32.0415	37.6451	67.696	105.341	33.9387	1798.54	20.3906	35.1417	11.9517	6.8617								
2016/07/22 12:45:00		2.27986	160.882	36.8682	0.364583	1007.15	788.42	32.1655	28.6827	60.658	89.341	33.3047	1718.96	21.3514	37.1225	11.965	7.0358								
2016/07/22 12:50:00		2.21644	179.329	36.9526	0.359375	1007.05	789.98	32.3131	38.3486	73.016	111.365	33.2523	1615.42	20.0156	25.7375	10.625	6.9608								
2016/07/22 12:55:00		1.75754	150.477	36.9859	0.360938	1007.01	709.15	32.4372	50.962	74.327	125.29	32.8852	1552.08	20.6049	27.755	10.9975	6.5858								
2016/07/22 13:00:00		1.69372	158.882	37.1667	0.35625	1006.97	765.57	32.5389	35.6753	67.316	102.992	33.0092	1524.17	20.1978	24.64	9.4433	6.0633								
2016/07/22 13:05:00		2.6213	164.403	37.3052	0.35625	1006.92	771.02	32.6267	45.6248	73.893	119.517	32.809	1524.17	20.3978	27.2642	10.315	6.2217								
2016/07/22 13:10:00		1.76025	149.855	37.1958	0.357292	1006.88	700.69	32.7016	34.7105	69.946	104.656	32.5277	1516.88	20.2406	28.0475	11.4775	6.9808								
2016/07/22 13:15:00		2.90695	147.651	37.0422	0.3625	1006.8	863.98	32.7564	33.4777	69.042	102.519	32.1512	1471.04	20.9728	28.815	10.465	5.9725								
2016/07/22 13:20:00		1.69053	147.229	36.9432	0.363542	1006.71	853.69	32.8426	31.586	60.281	91.868	31.8508	1406.25	20.9978	21.5967	8.8667	5.2417								
2016/07/22 13:25:00		2.04179	167.993	37.0531	0.363021	1006.58	835.6	32.8952	35.5926	67.07	102.663	31.9462	1354.58	21.0193	30.6967	11.53	6.9917								
2016/07/22 13:30:00		2.88078	193.162	37.226	0.35625	1006.51	864.65	32.9384	23.9145	57.964	81.878	31.6793	1337.5	20.1585	16.8542	7.3608	4.2775								
2016/07/22 13:35:00		2.12349	148.004	37.3682	0.365104	1006.43	759.83	32.9655	19.3451	40.7068	60.052	31.5029	1210.83	20.7943	21.7058	7.4533	4.305								
2016/07/22 13:40:00		2.22894	138.199	37.4052	0.361458	1006.36	707.01	32.9935	37.0711	68.176	105.247	31.2598	1203.54	20.4978	29.6225	9.2992	5.5817								
2016/07/22 13:45:00		2.04899	170.667	37.4016	0.357812	1006.34	715.5	33.001	32.3387	66.69	99.029	31.2836	1227.08	20.3906	21.24	7.5917	4.05167								
2016/07/22 13:50:00		2.80227	160.852	37.4755	0.361458	1006.3	679.66	33.0104	22.0385	47.7863	69.825	30.8928	1207.71	21.1157	23.4425	6.7842	3.79417								
2016/07/22 13:55:00		2.07779	138.17	37.3234	0.359375	1006.25	663.76	33.0055	23.4478	52.98	76.427	30.5257	1200.0	21.2443	20.7067	6.9475	3.92								
2016/07/22 14:00:00		2.87154	134.171	37.3036	0.358854	1006.19	713.72	32.9908	42.3172	71.308	113.625	30.745	1202.29	21.1693	24.0033	8.3275	4.95583								
2016/07/22 14:05:00		3.06679	142.53	37.2542	0.358333	1006.1	710.08	32.9602	23.0994	54.814	77.914	30.3065	1242.71	20.4549	45.0675	14.3633	7.0								
2016/07/22 14:10:00		2.73275	157.193	37.063	0.359896	1006.04	743.81	32.9067	22.1189	53.993	76.112	30.4495	1250.0	20.8657	36.5867	11.5483	6.8883								
2016/07/22 14:15:00		2.3801	146.683	36.9432	0.359375	1005.92	623.33	32.8718	31.0165	63.897	94.913	30.7927	1260.42	20.9264	37.1333	11.9067	7.135								
2016/07/22 14:20:00		2.87452	134.412	36.826	0.360938	1005.9	580.08	32.8289	20.3792	46.506	66.885	30.8546	1319.58	21.5836	31.0375	10.7433	7.0658								
2016/07/22 14:25:00		2.45607	147.703	36.6406	0.35625	1005.77	699.44	32.7706	69.526	69.411	138.937	31.5744	1410.63	20.6764	38.2317	13.0442	8.3183								
2016/07/22 14:30:00		2.64972	140.081	36.4391	0.364062	1005.69	532.26	32.74	33.6139	58.162	91.776	30.9357	1437.92	21.4121	43.52	12.2967	8.055								
2016/07/22 14:35:00		2.98334	164.216	36.337	0.356771	1005.61	712.06	32.7035	37.9935	68.511	106.505	31.112	1522.08	20.4656	38.3233	11.5917	7.19								
2016/07/22 14:40:00		1.88794	167.275	36.3948	0.361458	1005.54	654.76	32.6721	39.4853	50.535	90.021	31.5934	1558.13	20.8193	32.0183	10.71	6.7117								
2016/07/22 14:45:00		3.33928	140.642	36.3974	0.361458	1005.47	671.0	32.6332	32.4101	60.097	92.507	30.8165	1545.0	21.23	35.6833	13.2642	8.0033								
2016/07/22 14:50:00		2.57092	167.4	36.35	0.359896	1005.42	623.01	32.5945	25.6856	50.546	76.231	30.5925	1516.88	21.1978	39.7758	11.6733	7.73								
2016/07/22 14:55:00		2.52069	157.703	36.2406	0.363542	1005.4	605.51	32.565	29.719	52.781	82.5	30.4113	1445.42	21.8265	32.2117	12.6208	8.4658								
2016/07/22 15:00:00		2.14682	130.254	36.1057	0.357812	1005.38	482.781	32.5242	26.905	51.059	77.964	29.9919	1442.71	20.6264	31.3267	12.4292	8.805								
2016/07/22 15:05:00		2.54758	128.745	35.9354	0.363021	1005.23	333.433	32.4678	26.8581	54.814	81.672	29.9728	1454.17	20.6121	33.1492	14.3883	9.5767								
2016/07/22 15:10:00		2.30662	126.749	35.8047	0.358854	1005.13	291.674	32.3913	28.0395	59.371	87.41	29.8775	1479.17	20.9514	32.18	12.6133	8.5483								
2016/07/22 15:15:00		3.4957	139.233	35.6953	0.360938	1005.04	471.589	32.3362	24.7208	55.311	80.032	29.663	1565.42	21.53	29.6842	12.1242	8.8767								
2016/07/22 15:20:00		2.49501	168.738	35.6177	0.359896	1004.96	449.466	32.2579	25.9223	51.504	77.426	29.6105	1547.92	20.2335	38.36	13.0508	8.6383								
2016/07/22 15:25:00		3.14391	160.056	35.6073	0.358333	1004.84	500.59	32.1937	40.2089	61.387	101.596	29.9585	1602.5	21.6229	39.8783	12.4858	8.5358								
2016/07/22 15:30:00		2.25868	163.511	35.637	0.357812	1004.69	570.03	32.1531	32.8166	58.354	91.171	29.7821	1690.63	20.4407	34.3133	12.4933	8.6508								
2016/07/22 15:35:00		2.22561	164.644	35.801	0.360417	1004.54	571.08	32.126	35.682	58.375	94.057	29.7297	1783.75	21.2014	30.4908	11.2217	6.67								
2016/07/22 15:40:00		1.20759	134.67	36.0797	0.360417	1004.42	575.6	32.0839	62.466	67.09	129.557	29.9156	1768.54	21.5764	36.7875	11.8233	7.0475								
2016/07/22 15:45:00		2.64944	166.082	36.2922	0.357292	1004.29	607.48	32.0624	53.964	67.31	121.274	29.7583	1880.0	21.68	32.4658	11.9408	6.9375								
2016/07/22 15:50:00		2.63484	138.982	36.3974	0.359896	1004.25	601.12	32.0135	46.6186	56.598	103.217	30.111	1982.5	20.6692	30.2242	8.9917	5.7633								
2016/07/22 15:55:00		2.57306	126.55	36.4354	0.357292	1004.19	594.31	31.973	50.65	57.084	107.734	30.1635	1988.13	21.0693	28.045	8.4942	5.1633								
2016/07/22 16:00:00		3.06362	135.562	36.5646	0.361458	1004.15	601.34	31.9553	43.7421	55.91	99.652	29.5533	2007.5	20.7192	30.225	8.8842	5.4633								
2016/07/22 16:05:00		2.08344	102.417	36.6865	0.359375	1004.15	594.88	31.9381	47.0452	58.416	105.461	29.5819	2018.96	20.9121	25.08	9.0783	5.8233								
2016/07/22 16:10:00		3.05187	113.127	36.7328	0.359896	1004.17	498.291	31.8965	37.5959	53.062	90.658	29.3293	2048.54	21.3478	36.1558	13.8717	9.0733								
2016/07/22 16:15:00		3.50093	86.294	36.4823	0.357292	1004.15	483.766	31.8452	39.4407	53.308	92.749	28.2616	1963.54	20.9085	39.2692	15.7933	11.0342								
2016/07/22 16:20:00		2.56494	95.491	36.0276	0.358333	1004.2	212.239	31.7985	33.1739	54.982	88.156	28.4856	1947.71	21.0693	42.0617	15.0708	9.4875								
2016/07/22 16:25:00		3.308	93.798	35.6354	0.361979	1004.24	258.336	31.7432	41.071	59.087	100.158	28.6286	2004.17	20.8478	46.2875	15.2142	9.99								
2016/07/22 16:30:00		2.81336	98.066	35.2917	0.356771	1004.27	315.481	31.6831	42.7259	59.737	102.463	28.6953	2064.79	20.5478	42.9292	16.5858	10.3025								
2016/07/22 16:35:00		2.46455	113.609	35.137	0.364062	1004.27	225.786	31.6234	52.276	61.767	114.043	28.8812	2139.58	20.83	38.8758	15.4283	10.22								
2016/07/22 16:40:00		3.71615	95.1	35.0042	0.358854	1004.29	150.289	31.577	53.587	66.337	119.924	28.886	2267.92	20.9871	45.1083	17.6667	11.4633								
2016/07/22 16:45:00		2.66284	99.878	34.8432	0.359375	1004.25	186.9	31.5668	41.9576	61.124	103.081	28.7239	2443.13	21.7229	44.1517	19.3908	12.56								
2016/07/22 16:50:00		2.21051	114.496	34.7177	0.361458	1004.2	234.063	31.5738	46.0424	59.727	105.769	29.11	2560.0	21.5014	44.3175	17.5383	11.3342								
2016/07/22 16:55:00		2.7979	138.597	34.7839	0.359375	1004.14	340.703	31.5791	59.646	63.369	123.015	29.3579	2697.08	21.1478	44.3508	16.2867	9.9867								
2016/07/22 17:00:00		3.81817	139.504	34.8219	0.35625	1004.09	166.359	31.5805	43.981	53.688	97.669	30.0967	2771.46	20.8871	42.5642	12.4492	7.3583								
2016/07/22 17:05:00		3.97451	137.292	34.7604	0.360417	1004.14	94.252	31.5778	51.105	56.889	107.994	30.2064	2704.79	21.1764	49.07	12.7783	7.145								
2016/07/22 17:10:00		3.8037	129.88	34.6057	0.3625	1004.14	86.909	31.563	46.4935	51.251	97.744	30.1063	2666.46	20.9228	31.3817	10.31	6.1283								
2016/07/22 17:15:00		3.36121	135.706	34.4583	0.359896	1004.13	80.471	31.5402	53.654	51.165	104.819	29.825	2695.21	20.9978	33.8833	12.87	8.495								
2016/07/22 17:20:00		2.86538	131.96	34.4146	0.358854	1004.19	79.705	31.5093	51.637	53.438	105.075	29.7535	2813.33	21.0371	40.4433	14.05	8.4683								
2016/07/22 17:25:00		2.64885	132.243	34.375	0.361458	1004.16	108.566	31.4774	50.744	54.123	104.866	29.5629	2961.46	21.2121	41.8883	13.1483	8.035								
2016/07/22 17:30:00		3.14158	139.083	34.3229	0.360938	1004.16	179.521	31.4524	53.741	51.953	105.693	29.4771	2996.25	21.2693	48.9208	15.0367	8.925								
2016/07/22 17:35:00		4.09241	136.628	34.4156	0.360938	1004.19	183.072	31.4631	54.004	52.37	106.374	29.3436	2936.04	21.3729	49.8633	14.0	7.2983								
2016/07/22 17:40:00		3.57823	132.696	34.3901	0.360938	1004.22	173.279	31.3236	45.6605	48.3854	94.046	29.091	2868.13	21.58	44.8533	16.3617	10.7242								
2016/07/22 17:45:00		3.14591	132.585	34.3156	0.361458	1004.28	160.526	30.9407	40.028	48.803	88.831	27.8421	2871.25	20.7585	39.725	13.4467	8.015								
2016/07/22 17:50:00		3.5206	134.91	34.3135	0.367708	1004.3	125.11	30.5071	39.3737	44.5376	83.911	27.1366	2832.08	21.6122	39.6992	12.0408	6.97								
2016/07/22 17:55:00		4.08092	132.578	34.1911	0.361458	1004.36	68.957	30.0988	38.2726	39.9743	78.247	26.6409	2795.21	20.8657	41.0333	12.345	6.775								
2016/07/22 18:00:00		3.54063	132.065	34.051	0.361458	1004.4	62.956	29.7715	38.3106	41.6688	79.979	26.1785	2777.29	21.0835	42.315	12.5442	6.945								
2016/07/22 18:05:00		3.88303	141.072	33.8781	0.360938	1004.42	66.916	29.502	37.5133	41.0937	78.607	25.8925	2777.92	20.9871	43.2117	11.0933	6.75								
2016/07/22 18:10:00		3.64815	143.97	33.713	0.366667	1004.42	54.87	29.2485	37.9667	38.7487	76.715	25.8878	2693.96	20.7657	32.4858	11.6967	6.5292								
2016/07/22 18:15:00		2.61511	135.154	33.6078	0.360417	1004.45	54.892	29.0563	41.0799	41.7681	82.848	26.0069	2626.67	21.6014	30.7125	10.8225	6.5533								
2016/07/22 18:20:00		3.09215	131.17	33.5057	0.360938	1004.48	38.0115	28.8652	30.4068	37.2287	67.636	25.516	2599.58	22.2265	26.7433	9.8642	6.2842								
2016/07/22 18:25:00		3.5185	140.984	33.4042	0.360417	1004.59	21.4521	28.7009	41.444	42.8122	84.256	25.8973	2560.0	21.4014	39.0883	11.8258	6.5058								
2016/07/22 18:30:00		2.76511	140.826	33.3203	0.359375	1004.7	13.4385	28.5669	49.0418	39.6799	88.722	26.0212	2525.42	21.48	44.5558	12.9425	6.575								
2016/07/22 18:35:00		2.8692	133.059	33.2953	0.363021	1004.82	7.0146	28.4622	38.563	41.4018	79.965	25.8687	2577.71	21.2657	35.075	11.9675	6.9508								
2016/07/22 18:40:00		3.25188	134.674	33.2953	0.359896	1004.89	2.04896	28.4031	46.4556	41.0184	87.474	26.088	2632.5	21.7622	39.67	13.1692	8.345								
2016/07/22 18:45:00		3.2484	134.372	33.201	0.358854	1004.9	1.1375	28.3674	39.1459	38.1599	77.306	26.0117	2653.54	21.3693	35.4758	13.2917	8.145								
2016/07/22 18:50:00		2.93314	141.448	33.1323	0.361458	1004.89	1.11563	28.3355	40.2715	36.3044	76.576	26.0451	2567.92	21.805	31.9608	12.1983	7.6267								
2016/07/22 18:55:00		3.12605	139.056	33.0453	0.358854	1004.88	1.09375	28.3097	43.914	40.2207	84.135	25.9021	2514.58	21.4728	37.6275	13.275	7.9367								
2016/07/22 19:00:00		3.29071	143.635	32.976	0.360417	1004.99	1.19583	28.2665	47.9385	40.3851	88.324	25.8449	2490.63	20.7942	35.8817	12.21	7.1375								
2016/07/22 19:05:00		2.78803	140.247	32.8922	0.361979	1005.05	1.15208	28.2128	38.1855	35.4247	73.61	25.7448	2480.21	20.9264	32.925	12.1117	7.4658								
2016/07/22 19:10:00		2.83401	147.256	32.8469	0.363542	1005.18	1.09375	28.1567	56.307	40.4398	96.747	25.9736	2552.29	21.1478	40.0967	12.5542	7.6525								
2016/07/22 19:15:00		2.69283	143.356	32.7953	0.364583	1005.31	1.17396	28.0984	47.7665	37.2904	85.057	26.0927	2576.25	21.3014	35.7958	12.5475	6.9683								
2016/07/22 19:20:00		3.1824	146.425	32.6922	0.3625	1005.41	1.15937	28.0571	31.0925	30.252	61.344	25.516	2542.29	20.2656	34.8683	10.3475	6.6133								
2016/07/22 19:25:00		3.09464	142.387	32.599	0.3625	1005.45	1.18125	28.0112	43.7287	35.4007	79.129	25.6637	2450.42	20.9193	33.3333	11.835	7.6233								
2016/07/22 19:30:00		3.14995	140.52	32.526	0.361979	1005.4	1.15937	27.9468	38.1967	34.8495	73.046	25.5636	2441.04	21.23	33.4442	12.4617	7.9342								
2016/07/22 19:35:00		3.70855	134.335	32.4589	0.360417	1005.49	1.17396	27.8842	41.3368	32.1211	73.458	25.373	2399.79	21.1764	34.7633	13.4383	7.945								
2016/07/22 19:40:00		2.80502	142.491	32.3885	0.361979	1005.61	1.17396	27.8423	57.272	36.8659	94.137	25.5922	2357.71	21.6229	22.7083	13.6317	8.9308								
2016/07/22 19:45:00		3.43899	144.886	32.312	0.361458	1005.61	1.13021	27.7859	59.719	34.36	94.079	25.4826	2337.5	21.5193	18.0783	12.07	7.7942								
2016/07/22 19:50:00		2.5533	147.643	32.2182	0.360938	1005.63	1.15208	27.7287	43.4763	31.9945	75.471	25.1871	2264.79	20.5978	20.1975	13.6167	8.5258								
2016/07/22 19:55:00		3.33674	145.367	32.137	0.363021	1005.72	1.21042	27.6949	59.655	33.624	93.279	25.5303	2268.13	21.9479	20.2192	13.6017	9.225								
2016/07/22 20:00:00		3.96949	152.049	32.0401	0.365104	1005.75	1.18125	27.6425	39.8203	25.7572	65.577	25.106	2231.46	21.1443	19.1742	12.8317	8.8992								
2016/07/22 20:05:00		2.92471	146.369	31.924	0.364062	1005.86	1.18854	27.5974	48.8877	25.5826	74.47	25.2633	2150.21	21.1728	18.4858	12.4192	8.345								
2016/07/22 20:10:00		3.24009	151.829	31.8078	0.360417	1005.89	1.14479	27.5475	39.7824	23.087	62.869	24.9583	2080.42	20.9014	19.0092	12.7458	8.6917								
2016/07/22 20:15:00		2.80717	142.061	31.7693	0.367708	1005.97	1.15208	27.4885	47.2529	27.9549	75.208	24.9344	2096.25	21.03	19.3283	13.0558	8.7575								
2016/07/22 20:20:00		3.00918	139.698	31.6901	0.361979	1006.02	1.15208	27.4324	38.4401	23.4841	61.924	24.9773	2081.46	21.1693	17.4333	11.7167	7.69								
2016/07/22 20:25:00		3.12091	137.497	31.5984	0.364583	1006.01	1.13021	27.4055	34.1968	19.9512	54.148	24.7628	2007.71	21.2621	17.2533	11.6367	7.525								
2016/07/22 20:30:00		4.26775	143.218	31.4974	0.361979	1005.88	1.1375	27.3639	36.515	21.769	58.284	24.8486	1934.58	20.7942	17.7167	11.8333	7.8467								
2016/07/22 20:35:00		3.54302	144.432	31.4615	0.360938	1005.99	1.10104	27.3333	59.804	24.7165	84.521	25.2157	1856.67	21.3657	17.8792	12.0725	8.0158								
2016/07/22 20:40:00		3.0286	144.493	31.3839	0.367188	1006.13	1.12292	27.2954	31.0098	17.863	48.8728	24.8296	1790.63	20.6264	17.4483	11.72	7.7583								
2016/07/22 20:45:00		2.97597	147.194	31.2953	0.360938	1006.06	1.20313	27.2457	39.8583	22.4981	62.356	24.8391	1736.67	21.5479	18.9417	12.71	8.4867								
2016/07/22 20:50:00		3.24367	144.064	31.2578	0.363542	1006.19	1.21042	27.1464	32.8724	19.335	52.207	24.515	1710.0	21.2336	18.2283	12.3033	8.3833								
2016/07/22 20:55:00		2.39833	139.702	31.1854	0.357812	1006.36	1.13021	27.0729	31.825	18.4757	50.301	24.6198	1641.88	20.9943	18.1917	12.2767	8.2233								
2016/07/22 21:00:00		2.78212	148.722	31.1156	0.360938	1006.38	1.15208	27.0603	30.2081	19.4514	49.6594	24.3386	1607.5	21.9943	19.4683	13.2767	8.755								
2016/07/22 21:05:00		2.67424	157.193	31.0917	0.360417	1006.44	1.15937	27.0723	32.7652	19.0577	51.823	24.3005	1586.46	20.4478	19.5667	13.3108	9.0167								
2016/07/22 21:10:00		3.30462	144.026	31.0615	0.359896	1006.52	1.1375	27.0227	30.1143	19.0988	49.213	24.2862	1583.75	20.9121	20.3025	13.7025	9.3317								
2016/07/22 21:15:00		2.86217	142.599	30.9792	0.358854	1006.58	1.17396	26.9676	29.7056	20.1497	49.8553	24.2719	1549.17	21.2586	24.4508	16.4075	10.86								
2016/07/22 21:20:00		2.20746	142.216	30.9807	0.365625	1006.61	1.16667	26.9655	36.5887	23.0014	59.59	24.2051	1537.29	21.3014	27.8275	18.7842	11.5958								
2016/07/22 21:25:00		2.85481	141.96	30.976	0.366667	1006.88	1.10833	26.9929	34.7216	22.5769	57.299	24.2242	1560.21	20.8978	28.045	18.9092	12.9942								
2016/07/22 21:30:00		2.38942	143.099	30.9052	0.365625	1007.14	1.07917	26.9609	33.6206	23.6005	57.221	24.2337	1608.96	20.3585	35.3792	23.6275	11.9825								
2016/07/22 21:35:00		2.1127	156.016	30.9042	0.361979	1007.32	1.1375	26.8774	31.8339	19.5335	51.367	24.2004	1621.04	20.8764	61.227	40.805	13.2567								
2016/07/22 21:40:00		1.86547	158.897	30.9042	0.366146	1007.52	1.11563	26.78	37.214	24.5932	61.807	24.1146	1694.58	21.1871	27.8875	18.6267	12.5042								
2016/07/22 21:45:00		1.81158	159.921	30.9052	0.360938	1007.67	1.10833	26.6712	84.521	27.5578	112.078	24.3625	1799.17	21.0835	28.1358	18.8233	12.2225								
2016/07/22 21:50:00		1.05904	168.26	30.9057	0.355729	1007.64	1.10104	26.537	61.772	27.6913	89.463	24.0288	1897.29	20.3264	28.6283	19.3267	12.8842								
2016/07/22 21:55:00		1.76228	149.992	30.9031	0.357812	1007.5	1.09375	26.4068	48.4097	22.1969	70.607	23.881	1970.21	20.9585	32.0317	21.375	13.985								
2016/07/22 22:00:00		2.02443	148.051	30.9052	0.365625	1007.51	1.1375	26.2935	50.038	24.3604	74.398	23.6617	2015.42	20.0156	29.5117	19.9125	13.4817								
2016/07/22 22:05:00		1.92169	148.719	30.9057	0.365625	1007.7	1.15208	26.2602	45.3188	20.718	66.037	23.6141	2015.63	20.5228	27.5125	18.7358	12.7967								
2016/07/22 22:10:00		1.86613	131.962	30.9047	0.364062	1007.79	1.19583	26.2559	42.5428	22.5974	65.14	23.5331	2013.54	20.3942	30.4817	20.6517	13.7683								
2016/07/22 22:15:00		1.7113	143.432	30.8443	0.358854	1007.88	1.15208	26.268	42.6366	22.7446	65.381	23.5616	1999.38	20.1299	31.3292	20.9692	13.9								
2016/07/22 22:20:00		2.0938	152.959	30.8229	0.358333	1007.95	1.10833	26.2836	49.685	24.333	74.018	23.8047	2083.13	20.6621	31.5025	21.11	13.6275								
2016/07/22 22:25:00		1.85905	157.359	30.8979	0.367708	1007.89	1.1375	26.2989	52.213	23.4875	75.701	23.7952	2147.08	20.5585	29.6692	20.1767	14.2225								
2016/07/22 22:30:00		1.73408	141.469	30.8151	0.365104	1007.81	1.09375	26.3139	36.5641	19.6123	56.176	23.5378	2139.58	20.2192	28.1367	19.1417	13.8317								
2016/07/22 22:35:00		1.23497	150.572	30.8161	0.364062	1007.79	1.08646	26.3126	38.8243	19.3487	58.173	23.6045	2131.46	21.5121	28.5833	19.6458	13.5558								
2016/07/22 22:40:00		0.9365	177.493	30.7844	0.365104	1007.85	1.08646	26.3107	48.7135	24.1756	72.889	23.7571	2106.04	21.0621	34.8867	23.2892	14.9325								
2016/07/22 22:45:00		0.8637	164.294	30.7182	0.363021	1007.85	1.15208	26.3053	59.894	25.7537	85.647	24.086	2097.71	20.5764	32.0742	21.48	14.9608								
2016/07/22 22:50:00		1.00719	164.51	30.7161	0.364062	1007.85	1.10104	26.2981	56.595	25.5346	82.13	23.9763	2121.67	21.0835	33.9742	22.8483	15.1283								
2016/07/22 22:55:00		1.99745	142.965	30.7505	0.364583	1007.77	1.16667	26.2978	56.854	23.977	80.831	23.7809	2115.83	21.3836	35.7475	24.6425	17.28								
2016/07/22 23:00:00		1.49599	132.85	30.7156	0.359896	1007.65	1.14479	26.3077	41.0531	19.4308	60.484	23.6045	2058.75	21.1585	31.1225	20.845	14.6083								
2016/07/22 23:05:00		2.02123	141.207	30.6984	0.365625	1007.61	1.10104	26.3335	38.7461	19.0235	57.77	23.5712	1998.96	21.5943	29.5917	20.2983	14.3058								
2016/07/22 23:10:00		2.17554	139.979	30.6203	0.366146	1007.55	1.1375	26.3799	38.4513	19.3179	57.769	23.6379	1931.88	21.2086	30.0475	20.4658	14.19								
2016/07/22 23:15:00		2.16818	134.558	30.5615	0.365104	1007.45	1.15937	26.4181	34.5966	17.9862	52.583	23.5759	1842.92	21.3979	29.2333	20.2	14.4933								
2016/07/22 23:20:00		2.52569	131.554	30.4927	0.3625	1007.35	1.19583	26.4484	28.1132	14.7922	42.9054	23.6093	1723.75	21.905	27.9292	19.7133	13.8383								
2016/07/22 23:25:00		1.61191	146.13	30.4068	0.367188	1007.36	1.15937	26.4776	23.3004	11.6873	34.9876	23.5855	1581.67	21.2443	27.7208	19.5133	14.2758								
2016/07/22 23:30:00		2.89401	147.058	30.3177	0.361979	1007.39	1.14479	26.5083	22.2194	12.5294	34.7488	23.6617	1487.5	21.1871	29.1742	20.4508	14.7867								
2016/07/22 23:35:00		2.37182	147.094	30.3151	0.367708	1007.34	1.18854	26.5681	22.014	13.262	35.276	23.6379	1390.63	21.0228	31.2483	21.37	15.5483								
2016/07/22 23:40:00		2.59807	142.26	30.2203	0.364062	1007.32	1.07187	26.8557	23.7783	15.5043	39.2826	23.9239	1313.54	20.8978	31.3283	21.7717	15.7033								
2016/07/22 23:45:00		2.854	145.652	30.2161	0.361458	1007.29	1.16667	27.0127	21.9872	16.5107	38.4979	23.9048	1224.58	21.0514	32.8833	22.605	15.9367								
2016/07/22 23:50:00		2.77882	135.465	30.2141	0.365104	1007.28	1.11563	27.0578	22.0944	14.4841	36.5785	23.9334	1168.13	19.8906	33.56	23.1117	16.4								
2016/07/22 23:55:00		2.58546	133.79	30.1161	0.367708	1007.25	1.09375	27.0707	19.468	15.3776	34.8456	24.0049	1081.67	19.8513	30.965	21.8867	16.1167								
2016/07/23 00:00:00		1.8404	133.016	30.1177	0.365625	1007.21	1.1375	27.0723	17.8667	12.615	30.4816	23.8238	997.92	19.9549	30.19	21.4417	16.1783								
