-- 1st mean values --
Format: XTAB(V:1;HEAD:2;COL:TCFFFFFFFFFFFFFFFFFFFFFFFF)
StartTime: 2016/07/29 00:00:00
EndTime: 2016/07/30 00:00:00
Period: 24 h
Station: Gia Lam

Time	MeasPt	Wind Spd.	Wind Dir.	Temp	RH	Barometer	Radiation	InnerTemp	NO	NO2	NOx	SO2	CO	O3	PM-10	PM-2.5	PM-1	CH4	NMHC	THC	BENZEN	TOLUEN	ETHYL BENZEN	MP-XYLEN	O-XYLEN
		m/s	degree	°C	%	hPa	W/m²	°C	µg/m3	µg/m3	µg/m3	µg/m3	µg/m3	µg/m3	µg/m3	µg/m3	µg/m3	ppm	ppmC	ppmC	ug/m3	ug/m3	ug/m3	ug/m3	ug/m3
2016/07/29 00:05:00		1.6446	101.858	26.6964	0.361458	1006.69	1.06458	26.7545	30.7016	22.2346	52.936	24.9201	950.63	22.0765	13.5033	10.73	9.3558								
2016/07/29 00:10:00		1.46681	97.038	26.6979	0.360938	1006.62	1.16667	26.7655	28.5599	21.2521	49.8119	25.2061	912.29	21.9229	14.3633	11.4333	9.8017								
2016/07/29 00:15:00		1.63572	98.886	26.6943	0.366146	1006.57	1.16667	26.7649	35.414	22.4536	57.868	24.7676	865.21	22.5194	13.2992	10.7225	9.4825								
2016/07/29 00:20:00		1.69956	99.897	26.6964	0.363021	1006.59	1.10833	26.7625	25.5739	21.074	46.6479	24.9011	831.88	21.7264	12.7183	10.315	9.3117								
2016/07/29 00:25:00		1.38586	93.912	26.6958	0.367188	1006.55	1.04271	26.7518	27.1573	20.4133	47.5707	24.8677	805.0	23.0337	12.995	10.5592	9.5675								
2016/07/29 00:30:00		1.55215	93.607	26.6979	0.358333	1006.54	1.14479	26.7445	32.0372	21.0501	53.087	24.6389	798.54	22.0229	13.9167	11.3358	10.3067								
2016/07/29 00:35:00		1.1563	90.064	26.6969	0.360938	1006.55	1.08646	26.7308	32.2069	20.4441	52.651	24.6341	786.88	21.4836	15.2092	12.3317	11.1142								
2016/07/29 00:40:00		1.0611	80.59	26.6979	0.366667	1006.53	1.08646	26.7161	36.9483	21.1083	58.057	25.0679	780.83	21.8622	15.6433	12.7292	11.4333								
2016/07/29 00:45:00		1.47758	88.838	26.6938	0.364062	1006.47	1.10833	26.7005	32.2851	20.4476	52.733	24.8963	764.38	21.6622	23.6667	17.6417	13.4542								
2016/07/29 00:50:00		1.27603	82.68	26.6974	0.3625	1006.46	1.09375	26.6836	30.0026	19.5301	49.5327	24.6103	724.79	21.53	30.7508	22.9583	17.9908								
2016/07/29 00:55:00		1.60876	91.498	26.6958	0.366146	1006.43	1.15208	26.6691	30.2237	19.3555	49.5792	24.596	711.46	21.8157	31.38	23.0225	17.8233								
2016/07/29 01:00:00		1.40466	85.705	26.6979	0.360417	1006.37	1.1375	26.6492	26.9965	19.2117	46.2083	25.0298	683.75	21.9908	26.245	19.7867	16.2542								
2016/07/29 01:05:00		1.02351	95.794	26.6974	0.359896	1006.42	1.10104	26.6245	32.1064	19.4069	51.513	24.8677	671.25	21.1943	24.5717	18.9867	15.9567								
2016/07/29 01:10:00		1.70783	87.357	26.6984	0.360417	1006.37	1.11563	26.609	30.8178	17.9451	48.7629	24.9297	668.33	21.4621	26.3708	19.7217	15.4483								
2016/07/29 01:15:00		1.72715	102.37	26.6995	0.370313	1006.36	1.15937	26.5963	28.5018	17.6404	46.1422	24.534	668.54	21.8443	26.3258	19.3725	14.3325								
2016/07/29 01:20:00		1.993	85.819	26.6969	0.366146	1006.31	1.10104	26.5923	24.7319	18.8146	43.5466	24.658	676.67	21.7443	19.8858	15.3358	12.645								
2016/07/29 01:25:00		1.47209	85.805	26.7672	0.359375	1006.24	1.12292	26.5797	22.6326	18.9995	41.6321	24.9916	683.96	21.3943	18.315	14.1867	11.7125								
2016/07/29 01:30:00		1.44324	74.066	26.8031	0.360417	1006.06	1.08646	26.5644	25.1674	18.2738	43.4412	24.3243	711.46	21.7443	15.2	12.315	11.0833								
2016/07/29 01:35:00		1.70349	92.45	26.801	0.366667	1006.01	1.10104	26.548	22.78	19.1741	41.9541	24.4197	728.33	21.7193	15.4333	12.2192	10.4958								
2016/07/29 01:40:00		1.93796	92.199	26.8016	0.361458	1005.96	1.1375	26.5338	19.8789	18.8215	38.7004	24.5102	736.04	21.1336	15.4175	12.2442	10.5217								
2016/07/29 01:45:00		1.52812	71.21	26.8036	0.364062	1005.85	1.07917	26.5177	23.0614	17.435	40.4964	24.5102	743.54	21.6943	15.3433	12.3492	10.995								
2016/07/29 01:50:00		1.90095	84.455	26.8245	0.364062	1005.81	1.12292	26.5018	21.9403	19.9478	41.888	24.6866	747.92	21.1407	23.0208	17.3467	13.3117								
2016/07/29 01:55:00		1.67679	88.415	26.9005	0.361458	1005.81	1.15208	26.4892	19.0861	19.3863	38.4724	24.3767	750.0	21.6443	20.8483	16.5692	14.51								
2016/07/29 02:00:00		1.97239	92.098	26.8969	0.364062	1005.76	1.06458	26.4739	26.6749	18.7838	45.4588	24.3577	749.17	21.6229	21.0508	16.4558	13.8875								
2016/07/29 02:05:00		2.50398	90.294	26.9	0.361979	1005.76	1.15937	26.457	21.7192	20.5571	42.2763	24.4101	742.5	21.3871	20.295	15.79	12.8967								
2016/07/29 02:10:00		2.49686	93.348	26.899	0.365104	1005.79	1.1375	26.4417	21.5785	19.7081	41.2866	24.4291	726.87	21.3693	15.645	12.6758	11.3933								
2016/07/29 02:15:00		2.09866	93.256	26.9026	0.361458	1005.76	1.10833	26.4277	17.889	20.6838	38.5728	24.5102	707.29	20.4406	17.2408	13.8333	12.2158								
2016/07/29 02:20:00		1.64672	87.292	26.975	0.364062	1005.63	1.18854	26.4081	20.0911	19.4685	39.5596	24.4149	692.92	21.0157	22.5	17.4067	13.5083								
2016/07/29 02:25:00		1.41187	77.648	26.9943	0.3625	1005.56	1.1375	26.3995	19.6868	21.0364	40.7232	24.4006	676.04	21.8622	21.0842	16.6675	14.0808								
2016/07/29 02:30:00		1.56817	97.081	26.9979	0.3625	1005.79	1.09375	26.3909	17.8399	20.5468	38.3867	24.3624	663.96	21.7193	18.5725	14.9733	13.285								
2016/07/29 02:35:00		1.20895	88.272	26.9953	0.360938	1005.9	1.10104	26.3805	21.8867	20.5023	42.389	24.3243	642.71	21.405	18.43	14.925	13.4142								
2016/07/29 02:40:00		1.43998	90.613	26.9932	0.363542	1005.93	1.07917	26.3663	18.0431	19.044	37.0871	24.8343	631.67	21.1943	19.63	15.4717	12.935								
2016/07/29 02:45:00		1.69351	99.583	26.9953	0.361458	1005.9	1.07917	26.3622	19.8476	19.5233	39.3709	25.2442	620.0	21.0943	18.9367	15.4383	14.0267								
2016/07/29 02:50:00		1.8846	98.74	27.001	0.365104	1005.88	1.11563	26.3679	15.5797	18.0375	33.6173	24.944	602.29	20.3085	21.3067	16.7617	14.1183								
2016/07/29 02:55:00		1.94841	97.209	26.9979	0.364062	1005.84	1.08646	26.3606	17.0537	18.9105	35.9642	24.8391	598.33	21.555	21.185	16.725	14.2983								
2016/07/29 03:00:00		1.94462	102.349	26.9917	0.366667	1005.76	1.09375	26.3636	19.698	18.8865	38.5845	24.5626	590.83	21.0443	23.435	18.1633	14.72								
2016/07/29 03:05:00		1.91332	93.635	27.076	0.363021	1005.72	1.10833	26.3719	17.3843	19.2426	36.6268	24.6294	585.42	21.6157	26.5217	19.62	14.1583								
2016/07/29 03:10:00		1.69225	81.334	27.0984	0.359896	1005.71	1.1375	26.3676	17.6299	20.9474	38.5773	24.6151	584.17	21.3693	21.1467	16.5133	13.5983								
2016/07/29 03:15:00		1.38987	101.17	27.0979	0.363542	1005.74	1.09375	26.3697	19.7762	18.8968	38.673	24.7962	568.33	21.1943	17.18	13.9967	12.7233								
2016/07/29 03:20:00		1.54172	113.043	27.0953	0.360938	1005.68	1.1375	26.3681	16.6294	18.842	35.4714	24.5626	576.25	21.2514	18.3033	14.7467	13.0367								
2016/07/29 03:25:00		1.69434	93.26	27.1042	0.364062	1005.58	1.06458	26.373	16.3324	20.6701	37.0025	24.7199	574.79	21.2978	24.0517	18.1583	13.7917								
2016/07/29 03:30:00		1.834	90.879	27.1	0.3625	1005.53	1.05729	26.3751	19.8566	19.4377	39.2943	24.4197	592.5	21.5657	28.2475	20.7842	14.56								
2016/07/29 03:35:00		1.8104	99.551	27.0568	0.359375	1005.52	1.1375	26.3821	16.6316	19.3624	35.994	24.3148	597.29	21.3943	30.0875	22.2892	14.9933								
2016/07/29 03:40:00		1.98754	93.327	26.9974	0.360938	1005.53	1.09375	26.3853	14.6574	18.0238	32.6812	24.1384	615.83	21.3729	30.2033	22.65	14.9208								
2016/07/29 03:45:00		1.68873	102.569	26.9573	0.364062	1005.55	1.12292	26.3837	18.3982	19.3761	37.7743	24.3672	639.38	21.7014	30.8125	22.66	14.8075								
2016/07/29 03:50:00		2.39512	95.779	26.8984	0.361458	1005.55	1.19583	26.3786	16.4619	20.4031	36.865	24.1813	636.25	21.4014	33.295	24.2825	14.7525								
2016/07/29 03:55:00		1.8219	97.827	26.824	0.361979	1005.61	1.15208	26.3684	11.6468	17.5446	29.1914	24.105	637.08	22.0015	34.2583	25.1058	15.4517								
2016/07/29 04:00:00		2.17779	97.562	26.7547	0.365104	1005.65	1.13021	26.3657	12.1761	16.6477	28.8238	24.3338	625.83	21.4764	28.5458	20.8717	13.5625								
2016/07/29 04:05:00		1.96976	88.235	26.6292	0.364062	1005.59	1.10833	26.3609	13.0427	16.7606	29.8033	24.3052	618.13	21.2657	22.8092	17.2408	11.49								
2016/07/29 04:10:00		2.10066	105.787	26.5182	0.366667	1005.63	1.12292	26.3502	11.6736	14.9223	26.5959	24.2099	623.96	21.2121	21.4425	16.5708	10.87								
2016/07/29 04:15:00		2.21735	101.484	26.4292	0.365104	1005.75	1.15208	26.333	10.9969	15.0627	26.0596	23.9477	622.5	21.0835	18.8683	14.8742	11.8875								
2016/07/29 04:20:00		1.83818	99.926	26.3073	0.368229	1005.72	1.15208	26.3134	12.3727	15.0661	27.4388	24.0002	625.42	21.6693	20.58	15.8683	11.775								
2016/07/29 04:25:00		2.8312	106.282	26.2229	0.366146	1005.82	1.18125	26.2884	10.5279	14.5252	25.0531	23.8381	637.92	21.0193	19.2792	14.9558	11.7408								
2016/07/29 04:30:00		2.5222	107.596	26.1344	0.3625	1005.88	1.1375	26.261	8.6653	13.1045	21.7699	24.1813	621.88	21.1014	16.4917	12.9775	11.2858								
2016/07/29 04:35:00		2.6687	115.485	26.0224	0.367188	1006.0	1.1375	26.3842	9.619	14.2274	23.8463	24.0574	624.58	22.9158	16.2158	12.325	10.41								
2016/07/29 04:40:00		2.24208	121.854	25.9219	0.370313	1005.99	1.06458	26.5724	12.1627	14.6553	26.818	23.9048	646.67	22.9158	13.8933	10.9125	9.4592								
2016/07/29 04:45:00		2.32182	95.147	25.8328	0.369271	1005.91	1.14479	26.6253	8.9132	14.3027	23.2159	23.9573	625.0	21.155	13.8525	10.7992	9.0017								
2016/07/29 04:50:00		2.45315	95.014	25.8036	0.365104	1005.92	1.14479	26.6108	9.275	15.2681	24.5431	23.8286	626.67	21.0657	13.2725	10.9	8.5408								
2016/07/29 04:55:00		2.57528	91.453	25.7182	0.367188	1005.93	1.09375	26.5305	11.9193	15.9014	27.8207	23.9811	616.04	21.1443	13.0417	10.4717	8.055								
2016/07/29 05:00:00		2.73598	90.377	25.6547	0.364583	1005.95	1.05729	26.3861	9.3152	13.0121	22.3273	24.1575	585.42	21.0085	11.4217	9.0492	7.8342								
2016/07/29 05:05:00		1.87	85.507	25.562	0.359375	1005.91	1.08646	26.414	9.3912	14.2753	23.6665	24.1146	597.29	22.3622	11.325	9.3867	7.23								
2016/07/29 05:10:00		1.54562	71.446	25.5255	0.357812	1005.74	1.13021	26.5826	10.2421	15.6823	25.9244	23.9716	633.96	23.6909	11.8133	9.5708	7.5383								
2016/07/29 05:15:00		1.17876	104.369	25.4354	0.355208	1005.77	1.10833	26.6425	15.0058	18.5853	33.591	24.0288	631.88	22.3301	12.6317	10.8433	7.6892								
2016/07/29 05:20:00		2.48775	162.393	25.4286	0.358854	1006.04	1.10104	26.6401	15.6065	19.7355	35.342	24.2337	623.13	22.4265	15.0783	11.9558	8.5433								
2016/07/29 05:25:00		1.36414	182.09	25.4552	0.361458	1006.28	1.11563	26.5665	33.5045	20.3483	53.853	24.1384	620.83	20.5549	14.79	12.7633	9.4758								
2016/07/29 05:30:00		1.27703	147.907	25.5276	0.355729	1006.26	1.10104	26.4344	45.0865	24.8876	69.974	24.3624	677.92	20.1299	18.1333	15.0642	11.1558								
2016/07/29 05:35:00		1.42755	125.144	25.5297	0.358333	1006.15	1.12292	26.4479	50.23	22.3201	72.55	24.3243	782.5	22.08	27.9783	22.3467	17.7333								
2016/07/29 05:40:00		1.19773	110.807	25.5307	0.357292	1006.13	1.12292	26.5695	69.352	25.8599	95.212	24.6103	927.29	23.1694	21.0083	15.8142	11.4867								
2016/07/29 05:45:00		2.45022	135.402	25.4719	0.359896	1006.35	1.13021	26.7665	46.8017	24.2577	71.059	24.739	988.75	23.6194	16.3067	12.2558	9.8017								
2016/07/29 05:50:00		2.35414	158.995	25.4339	0.357292	1006.59	1.15208	26.9641	57.966	26.1269	84.093	24.739	1020.42	23.2801	14.7625	11.4717	9.0858								
2016/07/29 05:55:00		1.61235	151.468	25.4312	0.354167	1006.59	1.10104	27.166	48.307	24.446	72.753	25.1251	1031.46	23.1908	15.6017	12.6133	9.5142								
2016/07/29 06:00:00		0.99337	118.544	25.4271	0.358333	1006.58	1.15208	27.3558	80.322	25.61	105.932	24.9297	1081.88	23.698	15.5458	13.4817	10.4683								
2016/07/29 06:05:00		1.53759	120.352	25.4312	0.35625	1006.68	1.07917	27.5327	114.494	31.077	145.571	25.2204	1220.21	24.0052	18.1308	14.8367	10.8117								
2016/07/29 06:10:00		1.39017	103.99	25.4302	0.357292	1006.83	1.06458	27.7188	85.588	26.6061	112.194	25.392	1323.54	23.1087	17.7733	14.765	10.925								
2016/07/29 06:15:00		1.15972	121.269	25.4286	0.35625	1007.0	1.16667	27.8997	80.076	27.4962	107.572	25.2871	1405.21	24.0873	17.8917	14.6767	10.745								
2016/07/29 06:20:00		0.80331	106.209	25.4297	0.35625	1007.03	1.07917	28.0649	96.257	26.3699	122.627	25.5589	1509.58	23.8266	18.47	15.54	12.0333								
2016/07/29 06:25:00		1.23437	79.397	25.4354	0.355729	1007.03	1.13021	28.2262	101.594	29.5262	131.121	25.4063	1670.21	24.0659	20.9733	17.5017	13.7117								
2016/07/29 06:30:00		0.99073	92.834	25.4854	0.357812	1007.09	1.10833	28.3779	135.269	31.5392	166.808	25.6256	1915.83	24.1338	20.4217	16.665	12.3983								
2016/07/29 06:35:00		0.6562	91.788	25.5276	0.357292	1007.18	1.10833	28.5261	106.988	27.0683	134.056	25.7734	2057.08	24.3873	19.285	15.41	10.96								
2016/07/29 06:40:00		0.70382	86.0	25.5302	0.358333	1007.35	1.08646	28.6633	88.424	25.5483	113.973	25.9593	2116.46	24.8374	18.3267	14.6667	10.5275								
2016/07/29 06:45:00		1.01319	159.64	25.5281	0.355208	1007.6	1.07187	28.8048	93.869	21.8203	115.69	25.6733	2144.38	24.2981	18.1483	14.7617	10.3283								
2016/07/29 06:50:00		1.79384	176.382	25.5281	0.35625	1007.73	1.04271	28.9344	93.999	22.6727	116.672	26.0117	2174.17	24.9088	16.8758	13.8042	10.6183								
2016/07/29 06:55:00		2.01489	168.926	25.5349	0.357812	1007.81	1.06458	29.059	124.868	25.5826	150.45	25.9402	2142.08	24.3731	17.4908	13.5867	11.3583								
2016/07/29 07:00:00		1.20072	64.234	25.4776	0.353125	1007.76	2.52292	28.8985	143.793	27.4243	171.217	26.0927	2209.79	23.323	17.3625	13.955	11.6125								
2016/07/29 07:05:00		1.01682	72.794	25.4229	0.355729	1007.8	6.8542	28.5414	119.651	25.7777	145.429	26.3644	2281.46	22.7158	12.8167	12.0133	10.3633								
2016/07/29 07:10:00		0.89559	78.878	25.338	0.358333	1007.81	6.6427	28.1006	110.912	25.0211	135.933	26.3787	2225.83	23.2694	15.5892	13.6058	11.2175								
2016/07/29 07:15:00		1.54662	89.037	25.4177	0.353646	1007.87	18.2802	27.8616	114.021	24.5727	138.593	26.1309	2248.96	24.8802	16.1858	13.7292	10.9033								
2016/07/29 07:20:00		1.82432	86.801	25.4714	0.354167	1007.87	20.8469	27.922	140.019	27.171	167.19	25.7877	2445.42	25.4624	16.7	14.4975	11.665								
2016/07/29 07:25:00		1.19001	90.115	25.5344	0.355729	1007.9	25.3458	28.0018	128.102	27.2703	155.372	26.2024	2655.83	25.9517	18.6483	16.0633	12.9267								
2016/07/29 07:30:00		1.46822	89.84	25.587	0.363021	1007.96	26.8188	28.0973	161.961	29.4201	191.381	26.0546	2834.38	26.216	19.7075	16.4508	12.8292								
2016/07/29 07:35:00		1.39886	85.725	25.625	0.3625	1007.99	30.6104	28.2182	179.687	33.2337	212.921	26.4359	3053.75	25.8446	21.6492	18.6258	15.215								
2016/07/29 07:40:00		1.38332	71.792	25.6734	0.36875	1007.98	39.6885	28.38	180.44	40.2755	220.715	27.4894	3294.38	25.3481	24.0608	19.3033	14.975								
2016/07/29 07:45:00		1.25282	81.904	25.6411	0.364062	1008.04	48.7302	28.5484	147.561	52.808	200.369	27.6276	3505.0	25.3731	18.8958	16.1058	13.0775								
2016/07/29 07:50:00		0.6287	71.442	25.6427	0.3625	1008.07	49.7656	28.7119	165.095	82.04	247.135	27.7134	3696.25	24.6302	32.0058	27.2783	23.2067								
2016/07/29 07:55:00		0.92926	73.58	25.726	0.36875	1008.12	49.2042	28.692	194.615	69.442	264.057	27.8516	4060.63	23.2444	22.4333	18.8833	15.7817								
2016/07/29 08:00:00		0.97741	76.392	25.7214	0.368229	1008.2	55.424	28.4689	153.151	58.611	211.762	27.6943	4237.5	23.5944	20.0708	16.9358	13.6175								
2016/07/29 08:05:00		0.9025	72.923	25.724	0.364583	1008.25	76.059	28.1564	163.933	54.318	218.251	27.8707	4517.71	23.873	19.0025	16.1433	13.3808								
2016/07/29 08:10:00		1.05847	79.655	25.7245	0.363021	1008.34	95.543	27.7569	152.347	47.1598	199.507	27.4322	4716.46	23.1551	24.1867	19.8092	15.9158								
2016/07/29 08:15:00		0.79451	100.844	25.7969	0.363021	1008.52	107.239	27.6654	209.502	45.2188	254.721	27.3607	5000.8	24.8874	28.1225	22.1392	18.2883								
2016/07/29 08:20:00		1.12731	89.661	25.8708	0.366146	1008.59	109.907	27.7736	184.0	44.7875	228.787	27.2129	5327.7	26.4982	27.3692	22.0417	18.1								
2016/07/29 08:25:00		0.97876	101.81	25.9292	0.366146	1008.63	111.672	27.8729	189.166	43.1785	232.344	27.3321	5601.0	26.3982	27.1825	22.6142	19.0833								
2016/07/29 08:30:00		1.18347	77.806	26.0193	0.366667	1008.68	118.563	28.0203	221.082	46.8689	267.951	27.4226	5757.3	26.4625	27.9217	23.6642	20.1775								
2016/07/29 08:35:00		1.08153	91.421	25.9292	0.364062	1008.69	135.355	28.1798	194.832	31.4365	226.268	27.9422	5669.6	26.4696	26.8833	22.1742	18.6625								
2016/07/29 08:40:00		0.98516	88.754	25.9958	0.366667	1008.7	145.323	28.3639	170.665	31.5597	202.224	27.5656	5711.7	25.6838	26.46	21.4083	18.26								
2016/07/29 08:45:00		1.09329	59.495	26.0219	0.367708	1008.69	156.414	28.5409	200.091	31.2653	231.356	27.823	5894.6	25.7589	26.4883	21.4208	18.6475								
2016/07/29 08:50:00		1.20673	77.149	25.9344	0.371875	1008.66	170.275	28.4933	163.621	29.7282	193.349	27.8802	5909.6	23.6016	26.035	22.0525	19.3008								
2016/07/29 08:55:00		1.06817	92.52	25.9958	0.367188	1008.65	185.172	28.3154	192.131	28.6875	220.819	27.9756	5887.3	23.9087	25.9167	22.29	19.9617								
2016/07/29 09:00:00		1.17892	93.393	25.9818	0.365104	1008.61	189.627	28.019	158.04	26.0173	184.057	27.966	5776.9	22.8444	24.5208	20.9825	18.5958								
2016/07/29 09:05:00		1.73102	79.486	25.9823	0.369271	1008.55	223.65	27.7481	169.258	25.3053	194.563	27.7325	5656.3	23.423	24.1467	20.9217	18.3075								
2016/07/29 09:10:00		1.8238	103.135	26.0562	0.366146	1008.57	245.788	27.492	134.574	21.8922	156.466	27.2939	5481.0	23.548	23.9225	20.205	17.3683								
2016/07/29 09:15:00		1.48761	95.169	26.163	0.366146	1008.55	267.655	27.515	173.298	22.3201	195.618	27.3797	5352.9	25.8625	27.6242	22.2733	19.18								
2016/07/29 09:20:00		1.21653	69.789	26.2234	0.366146	1008.56	288.582	27.6611	160.063	25.1923	185.255	27.5609	5286.9	26.4196	28.0425	22.5958	19.7392								
2016/07/29 09:25:00		2.18101	102.342	26.2521	0.364062	1008.6	314.789	27.8377	171.107	31.4878	202.595	27.6467	5241.7	26.6089	32.25	24.8325	20.8217								
2016/07/29 09:30:00		1.81783	86.564	26.3891	0.367708	1008.58	398.854	28.0436	164.956	32.2718	197.228	27.2367	5135.6	25.9339	35.7	25.0233	19.6567								
2016/07/29 09:35:00		1.48677	90.976	26.551	0.366667	1008.54	439.986	28.2748	156.735	35.1097	191.845	27.2939	5007.9	26.141	35.5183	24.7817	18.9217								
2016/07/29 09:40:00		1.76123	95.173	26.6797	0.366667	1008.55	481.082	28.4222	129.658	35.7567	165.415	27.232	4910.83	24.9945	32.6417	23.51	18.41								
2016/07/29 09:45:00		1.72385	110.194	26.8177	0.365625	1008.52	535.94	28.4211	144.568	35.3801	179.948	26.8554	4861.04	23.6516	37.9267	26.5967	20.575								
2016/07/29 09:50:00		1.40592	114.26	26.9505	0.366667	1008.45	662.62	28.2998	146.761	39.2383	185.999	27.2701	4824.17	23.6766	32.7817	24.0833	19.4467								
2016/07/29 09:55:00		1.35143	81.624	27.001	0.365104	1008.39	744.14	28.1204	169.048	42.2302	211.278	27.3464	4757.92	22.8515	26.1958	21.0817	18.9075								
2016/07/29 10:00:00		1.51003	87.672	27.0234	0.366667	1008.4	817.21	27.9454	144.101	36.5338	180.635	27.5704	4655.0	23.7373	27.9475	21.8492	18.7083								
2016/07/29 10:05:00		1.32349	96.048	27.1354	0.364583	1008.38	652.53	27.7773	143.936	36.7324	180.668	27.3797	4620.21	24.0802	32.1558	24.5183	20.3667								
2016/07/29 10:10:00		1.92765	87.135	27.2089	0.366667	1008.38	630.98	27.62	149.274	37.4102	186.684	27.9994	4604.38	23.7873	28.2117	22.1392	19.2658								
2016/07/29 10:15:00		1.25706	82.864	27.1266	0.365104	1008.46	571.51	27.4938	115.584	33.3227	148.907	28.4284	4513.13	23.6659	29.4842	21.3575	17.355								
2016/07/29 10:20:00		2.22647	86.875	27.0745	0.367708	1008.49	656.19	27.3969	129.084	36.1059	165.19	27.6467	4415.42	23.0015	32.2792	23.2117	18.6492								
2016/07/29 10:25:00		2.13478	130.416	27.1042	0.367708	1008.47	570.3	27.3274	125.837	40.2687	166.106	27.6752	4317.29	23.3908	30.4075	21.5383	16.7267								
2016/07/29 10:30:00		1.63276	123.547	27.1771	0.370833	1008.42	691.8	27.268	114.467	41.5421	156.009	27.2034	4358.33	23.173	34.8233	24.3158	18.6267								
2016/07/29 10:35:00		1.60042	100.859	27.4359	0.365625	1008.4	886.35	27.2307	98.325	37.3486	135.673	27.089	4351.04	23.0908	35.3992	24.8933	18.8858								
2016/07/29 10:40:00		1.51286	122.046	27.6682	0.370833	1008.38	727.05	27.2065	103.473	39.9024	143.375	27.2892	4282.29	23.0551	38.1133	25.8575	18.6933								
2016/07/29 10:45:00		1.59381	111.606	27.8479	0.367188	1008.31	649.1	27.2001	111.765	41.8263	153.591	27.0222	4228.13	23.3373	39.8167	26.8875	19.1025								
2016/07/29 10:50:00		1.3484	99.808	28.0422	0.374479	1008.26	553.42	27.2135	101.494	44.5889	146.083	27.1557	4167.5	23.0051	38.5392	26.13	18.6858								
2016/07/29 10:55:00		1.60232	141.486	28.3135	0.367708	1008.2	507.63	27.2211	112.462	52.641	165.102	27.4131	4128.13	22.7944	38.4217	25.7292	18.6								
2016/07/29 11:00:00		1.19698	104.653	28.7099	0.365625	1008.16	327.505	27.2286	96.61	48.7038	145.313	27.2034	4057.92	23.3694	41.2833	27.6442	19.8033								
2016/07/29 11:05:00		1.55443	114.957	29.1005	0.365104	1008.07	325.784	27.2248	97.682	54.842	152.523	27.2558	4078.33	22.6622	42.7875	29.495	20.79								
2016/07/29 11:10:00		1.56351	85.799	29.4208	0.363542	1007.99	332.493	27.1953	78.185	52.733	130.918	27.4465	4027.08	22.4122	40.8625	28.9167	22.96								
2016/07/29 11:15:00		1.38935	104.434	29.6411	0.364062	1007.94	288.954	27.1644	62.377	43.579	105.956	27.3559	3870.21	23.1587	40.1875	28.2733	21.8692								
2016/07/29 11:20:00		1.45481	124.568	29.751	0.373437	1007.96	219.807	27.1193	96.873	49.0187	145.892	27.2796	3826.04	23.1087	45.4125	30.9633	23.345								
2016/07/29 11:25:00		1.99699	141.353	29.8198	0.370313	1007.97	350.08	27.082	80.97	51.768	132.737	27.0842	3761.25	22.9087	49.4083	33.1467	24.0008								
2016/07/29 11:30:00		1.93297	145.619	29.9073	0.366667	1007.92	405.008	27.0291	84.842	51.795	136.637	27.4083	3734.79	22.7551	43.6583	29.5083	22.165								
2016/07/29 11:35:00		1.29934	125.838	30.0667	0.367708	1007.85	415.217	27.0688	87.033	55.044	142.077	27.1557	3696.46	23.448	42.7642	29.275	21.89								
2016/07/29 11:40:00		0.89007	95.274	30.2484	0.366146	1007.78	266.503	27.4903	82.531	55.369	137.9	26.7982	3719.38	24.4052	45.7675	30.8042	23.1567								
2016/07/29 11:45:00		1.06391	90.998	30.3172	0.365104	1007.76	270.973	28.0112	105.585	59.943	165.528	26.965	3766.88	24.2516	44.85	30.195	22.445								
2016/07/29 11:50:00		1.16631	85.475	30.3177	0.363021	1007.72	245.649	28.4278	76.952	62.907	139.859	27.4274	3860.83	23.2837	43.7558	29.7625	22.5583								
2016/07/29 11:55:00		1.50954	103.776	30.3203	0.365625	1007.71	281.436	28.597	92.813	69.956	162.769	27.8659	3958.33	22.3622	44.2392	30.05	22.975								
2016/07/29 12:00:00		1.14396	137.758	30.3286	0.366146	1007.72	354.506	28.6859	70.882	63.318	134.2	31.6888	3965.83	22.4622	45.0442	30.2992	20.8742								
2016/07/29 12:05:00		0.92435	105.93	30.45	0.364583	1007.67	400.247	28.6985	93.029	69.863	162.893	31.2645	3949.58	21.7764	45.3617	30.4483	20.6333								
2016/07/29 12:10:00		2.59881	153.218	30.6104	0.367708	1007.64	867.31	28.6724	110.007	78.473	188.48	30.8642	3959.58	23.0408	36.0958	24.1283	15.2992								
2016/07/29 12:15:00		2.55516	159.942	30.8708	0.365104	1007.63	633.06	28.8547	71.802	59.124	130.926	29.9442	3969.38	25.3517	20.455	13.9792	9.575								
2016/07/29 12:20:00		1.79851	118.687	31.0995	0.360417	1007.57	563.88	29.1726	72.867	59.86	132.727	28.9527	3886.25	25.2267	22.6933	15.2317	10.2267								
2016/07/29 12:25:00		2.34025	142.544	31.312	0.369271	1007.5	838.41	29.4389	74.31	56.66	130.969	28.4904	3694.17	23.898	25.6658	17.2	11.6292								
2016/07/29 12:30:00		1.86265	117.566	31.6755	0.367188	1007.42	727.42	29.6107	66.482	47.8753	114.357	28.0852	3611.46	23.5551	18.5742	12.3875	8.67								
2016/07/29 12:35:00		2.59005	127.576	31.9891	0.367708	1007.34	1000.08	29.7229	68.056	45.7871	113.843	27.9088	3502.71	22.9194	27.9117	12.1817	7.8317								
2016/07/29 12:40:00		2.0301	99.351	32.2849	0.361979	1007.24	731.81	29.7984	65.086	39.673	104.759	27.5418	3346.46	22.4229	21.7625	9.7883	6.6342								
2016/07/29 12:45:00		3.19595	148.257	32.3625	0.364583	1007.19	834.34	29.8459	72.409	43.0518	115.461	27.6323	3149.58	22.4979	25.3383	10.0933	6.5983								
2016/07/29 12:50:00		2.87805	132.827	32.4339	0.360417	1007.17	615.82	29.8894	58.085	37.0987	95.183	27.3845	2994.79	22.7229	22.7167	9.0517	6.56								
2016/07/29 12:55:00		2.36189	134.452	32.4005	0.363542	1007.12	947.06	29.9339	69.535	43.312	112.847	27.599	2880.42	22.7729	24.11	9.8867	6.8517								
2016/07/29 13:00:00		2.52827	149.39	32.6667	0.360938	1007.06	801.6	29.9914	63.9	38.4064	102.307	27.5228	2772.71	23.6051	25.7133	9.9417	7.0133								
2016/07/29 13:05:00		1.77477	132.727	32.8536	0.363542	1006.97	965.68	30.0537	66.178	42.0556	108.234	27.0794	2644.79	21.9479	25.3142	9.335	6.4308								
2016/07/29 13:10:00		2.79216	136.432	33.0604	0.364062	1006.91	985.31	30.145	54.29	38.3824	92.673	26.9412	2552.08	23.1408	21.6225	8.1425	5.7767								
2016/07/29 13:15:00		2.74198	132.761	33.1094	0.361979	1006.91	417.557	30.2918	50.306	33.8876	84.193	26.8983	2445.21	23.4123	91.024	17.1508	7.5467								
2016/07/29 13:20:00		1.83799	144.165	32.9703	0.357292	1006.9	407.648	30.4432	54.315	37.2082	91.523	26.7029	2382.71	22.9015	40.8842	11.455	6.7817								
2016/07/29 13:25:00		2.52519	143.622	32.8172	0.361458	1006.82	671.9	30.5837	58.214	39.6696	97.884	27.3797	2368.54	22.6194	26.9517	9.12	5.6692								
2016/07/29 13:30:00		2.20105	144.769	32.8292	0.364062	1006.8	644.36	30.691	58.118	38.3413	96.459	27.68	2319.38	23.9873	55.454	9.3483	4.89583								
2016/07/29 13:35:00		2.38246	161.737	32.7901	0.361979	1006.76	394.895	30.7928	52.465	34.6989	87.164	27.1271	2260.83	23.4516	27.1275	8.1633	5.0183								
2016/07/29 13:40:00		2.11623	159.891	32.6443	0.364583	1006.78	433.045	30.8559	48.7358	31.303	80.039	27.0794	2201.67	23.0908	17.9967	7.3125	5.2933								
2016/07/29 13:45:00		2.84744	147.077	32.4557	0.3625	1006.86	348.658	30.8997	55.547	37.2869	92.834	27.313	2146.25	23.348	48.4125	9.0533	5.1233								
2016/07/29 13:50:00		2.67011	162.466	32.2078	0.364583	1006.87	341.418	30.9193	45.8213	30.139	75.96	27.0985	2105.0	22.948	29.3442	8.0675	4.99167								
2016/07/29 13:55:00		3.35545	160.261	31.9844	0.361979	1006.88	344.247	30.9249	79.143	40.587	119.73	27.4321	2085.83	23.273	38.7225	11.2133	6.8525								
2016/07/29 14:00:00		2.99688	147.55	31.7172	0.365625	1006.84	345.523	30.9072	42.1452	30.074	72.219	28.2473	2031.25	23.6194	24.6925	8.0842	4.7125								
2016/07/29 14:05:00		3.10222	132.408	31.5333	0.366667	1006.74	332.587	30.8661	48.5928	31.7035	80.296	28.0804	2036.25	23.6802	23.4825	7.4467	4.87917								
2016/07/29 14:10:00		2.82937	125.817	31.3943	0.359896	1006.71	321.11	30.8196	50.016	34.4285	84.444	27.1223	2039.38	22.9515	15.4808	9.7025	5.3033								
2016/07/29 14:15:00		3.14953	146.436	31.3036	0.3625	1006.75	322.532	30.7616	71.179	39.9092	111.088	27.2224	2048.75	23.0623	12.44	8.3117	5.06								
2016/07/29 14:20:00		2.13289	154.571	31.2724	0.363542	1006.75	314.38	30.7047	45.2183	29.8617	75.08	26.9031	2042.08	23.6944	12.5633	8.4542	5.1317								
2016/07/29 14:25:00		2.57916	166.992	31.2505	0.364062	1006.69	310.917	30.6486	79.31	38.5604	117.871	27.0127	2028.54	23.5516	15.5617	10.3708	7.1092								
2016/07/29 14:30:00		3.0965	163.317	31.2969	0.358333	1006.62	304.923	30.5917	57.781	36.3284	94.109	26.6028	2073.13	23.023	15.54	10.36	5.18								
2016/07/29 14:35:00		2.50961	154.035	31.2448	0.359375	1006.53	308.0	30.5415	55.145	32.9256	88.071	26.6123	2092.71	23.4266	15.7017	10.4767	4.91583								
2016/07/29 14:40:00		2.44618	151.044	31.2005	0.360417	1006.45	337.524	30.4865	57.944	37.9921	95.936	26.803	2132.92	23.873	14.73	9.8325	5.2575								
2016/07/29 14:45:00		2.57437	142.112	31.2	0.360417	1006.36	357.022	30.4298	58.098	37.4068	95.505	26.8649	2198.96	23.6837	13.4825	9.3067	5.7575								
2016/07/29 14:50:00		2.34644	139.164	31.2036	0.357292	1006.24	322.875	30.3989	62.902	39.3649	102.267	26.7601	2244.79	23.9302	20.78	13.8992	8.9258								
2016/07/29 14:55:00		1.83139	139.213	31.2615	0.361458	1006.09	314.351	30.356	99.441	41.9564	141.398	26.9984	2280.42	23.8016	24.0508	16.1633	11.0233								
2016/07/29 15:00:00		3.22136	130.974	31.1984	0.3625	1005.91	328.388	30.3211	66.156	36.9549	103.111	27.1986	2347.5	23.648	16.705	11.1442	6.1567								
2016/07/29 15:05:00		3.33092	134.862	31.1995	0.364062	1005.85	331.909	30.2966	57.341	36.3181	93.659	27.375	2364.79	23.2265	14.4617	9.7267	5.6058								
2016/07/29 15:10:00		2.32112	138.031	31.1771	0.363542	1005.83	353.806	30.2553	51.157	33.5281	84.685	26.8649	2405.0	23.498	14.3667	9.6417	5.62								
2016/07/29 15:15:00		1.57383	142.178	31.1073	0.363542	1005.81	384.737	30.2145	67.422	38.2489	105.671	27.0508	2435.21	22.4801	15.5458	10.375	5.9233								
2016/07/29 15:20:00		2.58459	130.732	31.1833	0.3625	1005.76	390.046	30.1863	59.442	36.7015	96.144	26.8459	2476.88	23.2087	18.0625	12.0533	6.2								
2016/07/29 15:25:00		2.72947	136.754	31.199	0.360938	1005.71	405.249	30.1724	63.014	38.444	101.458	27.6228	2507.71	23.923	18.0858	12.0608	6.7842								
2016/07/29 15:30:00		2.09079	129.447	31.2755	0.357292	1005.67	362.031	30.1525	77.774	42.6274	120.401	27.7658	2467.29	24.1659	19.7317	13.1617	6.9017								
2016/07/29 15:35:00		2.34105	160.313	31.2927	0.3625	1005.59	347.973	30.1334	89.807	46.9544	136.761	27.8469	2515.42	22.7265	21.485	14.3267	7.8133								
2016/07/29 15:40:00		2.50633	139.383	31.3411	0.359375	1005.5	321.001	30.1157	76.137	42.8738	119.01	27.8087	2616.67	23.5266	20.7183	13.8133	7.2233								
2016/07/29 15:45:00		1.79759	136.628	31.3943	0.361979	1005.4	315.525	30.102	60.543	40.7479	101.291	27.7849	2674.58	22.0693	20.4233	13.61	7.1117								
2016/07/29 15:50:00		1.30703	133.28	31.3896	0.359896	1005.35	331.239	30.0824	59.739	42.2131	101.953	27.4607	2795.63	23.423	23.385	15.6883	8.5017								
2016/07/29 15:55:00		2.73497	144.447	31.3901	0.3625	1005.38	280.0	30.0625	60.115	47.1427	107.257	27.5227	2873.33	22.5372	23.8533	15.9233	10.0317								
2016/07/29 16:00:00		1.76397	131.072	31.3911	0.359375	1005.3	334.024	30.0416	57.7	42.5246	100.225	27.313	2804.79	22.8658	19.2967	12.8767	7.97								
2016/07/29 16:05:00		2.10833	90.558	31.3943	0.359375	1005.24	352.888	30.0233	60.785	43.4969	104.282	27.4083	2810.83	22.8408	21.3617	13.3183	7.5283								
2016/07/29 16:10:00		2.03948	126.229	31.4714	0.355208	1005.33	360.405	30.004	60.354	41.9838	102.337	27.537	2847.92	23.9302	27.4867	10.1283	5.92								
2016/07/29 16:15:00		1.45364	111.781	31.4953	0.360938	1005.37	285.031	29.9919	59.462	35.5513	95.014	27.1462	2827.29	23.323	32.9733	14.3208	8.54								
2016/07/29 16:20:00		2.29911	106.051	31.4885	0.357292	1005.28	217.736	29.9686	85.604	45.1811	130.785	27.3559	2840.63	22.9087	34.8858	13.6358	8.4317								
2016/07/29 16:25:00		1.71545	119.893	31.3932	0.358854	1005.21	209.84	29.9525	71.411	45.9377	117.349	27.5609	2920.21	22.5908	18.565	12.3783	7.2092								
2016/07/29 16:30:00		2.37461	99.129	31.3922	0.360417	1005.17	170.902	29.931	117.357	49.5733	166.93	27.3416	2994.58	22.0872	21.6433	14.5058	8.5								
2016/07/29 16:35:00		2.47435	94.959	31.3661	0.359896	1005.14	170.049	29.9111	90.405	46.838	137.243	27.2987	3095.63	23.7266	19.7308	13.3558	7.9492								
2016/07/29 16:40:00		1.66376	114.348	31.2932	0.357812	1005.11	214.885	29.8894	89.347	44.517	133.864	27.2415	3085.83	23.523	19.4392	12.9633	8.5108								
2016/07/29 16:45:00		1.69617	116.706	31.2469	0.360417	1005.09	283.194	29.8615	91.448	46.441	137.889	27.3368	3035.42	23.148	20.4783	13.6517	8.2175								
2016/07/29 16:50:00		1.63108	104.471	31.2484	0.361979	1005.05	283.835	29.8287	77.296	42.018	119.314	27.2177	3001.46	23.4551	22.5542	15.0383	8.0342								
2016/07/29 16:55:00		1.31033	128.887	31.3229	0.358854	1005.03	198.581	29.8043	91.406	42.1275	133.533	27.1462	3012.5	22.6586	20.1692	13.49	7.4333								
2016/07/29 17:00:00		1.70749	99.993	31.3922	0.361458	1005.01	199.041	29.7917	82.734	42.4459	125.18	26.9841	2972.71	23.3801	22.9425	15.2908	8.4867								
2016/07/29 17:05:00		2.03855	133.838	31.3896	0.3625	1005.03	206.208	29.7611	81.856	48.7003	130.556	26.8745	2943.54	23.1765	20.2892	13.5875	8.1892								
2016/07/29 17:10:00		1.51325	124.796	31.3938	0.363542	1005.05	159.192	29.7361	71.835	42.0899	113.925	26.8506	2914.58	23.7123	23.0392	15.4125	8.6867								
2016/07/29 17:15:00		1.97328	91.785	31.3365	0.361458	1005.12	100.319	29.7192	79.149	46.1534	125.303	26.7315	3053.13	23.1408	26.0625	17.37	9.555								
2016/07/29 17:20:00		1.82244	94.158	31.2219	0.359375	1005.21	84.613	29.6972	73.32	43.5927	116.913	26.8935	3202.08	23.0087	24.7617	16.5442	9.2225								
2016/07/29 17:25:00		2.31702	130.075	31.137	0.363542	1005.3	75.235	29.6843	81.012	47.0674	128.079	27.3273	3509.58	23.1587	22.9425	15.2867	8.6717								
2016/07/29 17:30:00		2.43843	128.317	31.0828	0.360938	1005.38	67.353	29.6663	87.058	48.1423	135.2	26.9269	3742.71	23.2944	30.6125	20.4142	10.9825								
2016/07/29 17:35:00		1.50509	131.364	30.9979	0.361979	1005.5	61.192	29.6811	76.192	49.1283	125.321	27.0985	4453.13	23.6266	26.3467	17.6417	10.6883								
2016/07/29 17:40:00		1.96445	134.116	30.9109	0.359896	1005.6	66.442	29.4741	80.32	46.3417	126.661	26.7124	4605.21	23.6623	32.7217	21.8442	14.755								
2016/07/29 17:45:00		1.82452	134.126	30.8641	0.367188	1005.67	87.456	29.0577	85.099	51.891	136.99	27.1128	4594.17	22.998	28.1975	18.9642	11.5942								
2016/07/29 17:50:00		1.24497	156.197	30.8245	0.363021	1005.73	102.171	28.5296	76.049	48.1937	124.243	27.3416	4522.29	22.9372	30.1408	20.09	12.5833								
2016/07/29 17:55:00		2.45463	144.477	30.8156	0.364583	1005.75	88.915	28.0641	61.466	42.2953	103.761	27.1509	4391.04	22.2729	28.2308	18.8308	11.785								
2016/07/29 18:00:00		2.63225	138.571	30.7255	0.367188	1005.77	46.9365	27.634	60.698	39.6764	100.374	26.9174	4212.29	21.9622	28.0992	18.7725	11.9308								
2016/07/29 18:05:00		2.16964	150.412	30.6359	0.366146	1005.81	28.5906	27.242	72.083	45.0031	117.086	26.6647	4053.33	22.7765	30.4025	20.2833	11.355								
2016/07/29 18:10:00		1.6681	140.099	30.5396	0.364062	1005.8	21.824	26.9053	50.819	36.4688	87.288	26.6552	3871.25	22.5551	28.6225	19.0933	10.795								
2016/07/29 18:15:00		2.30794	137.657	30.4385	0.363021	1005.87	16.2604	26.6146	56.722	41.4086	98.131	26.393	3706.46	22.0836	28.93	19.3183	11.8842								
2016/07/29 18:20:00		1.92536	141.059	30.3547	0.363542	1005.92	10.2156	26.3859	45.388	35.7259	81.114	26.312	3547.92	22.205	34.3508	22.895	12.6292								
2016/07/29 18:25:00		1.51497	138.998	30.2568	0.361979	1005.96	4.26563	26.2127	47.9765	38.2592	86.236	26.374	3395.83	22.8301	30.95	20.6417	12.6617								
2016/07/29 18:30:00		1.51104	138.124	30.1708	0.368229	1005.97	1.10833	26.1329	51.894	40.0393	91.933	26.2262	3295.21	23.1372	33.0967	22.0725	13.5617								
2016/07/29 18:35:00		2.00859	141.726	30.1182	0.368229	1005.91	1.10104	26.1431	59.784	43.4626	103.247	26.7076	3260.21	23.2158	29.8883	19.9267	13.5042								
2016/07/29 18:40:00		1.84055	139.192	30.0219	0.366146	1005.79	1.17396	26.1845	66.527	43.5311	110.058	26.5218	3286.88	23.4051	28.5833	19.155	11.8133								
2016/07/29 18:45:00		1.70273	131.266	30.0052	0.365104	1005.69	1.20313	26.2986	54.884	40.1728	95.057	27.1032	3327.92	23.4944	32.9483	21.9775	12.955								
2016/07/29 18:50:00		1.55043	131.538	29.9115	0.365104	1005.65	1.13021	26.3375	59.592	40.1352	99.727	27.3321	3334.17	22.1979	32.5717	21.7167	14.245								
2016/07/29 18:55:00		1.48894	131.901	29.8167	0.365625	1005.69	1.17396	26.3182	58.049	41.9461	99.995	27.1033	3254.79	22.4586	30.8783	20.72	13.4592								
2016/07/29 19:00:00		1.70671	127.923	29.7333	0.365625	1005.75	1.18854	26.2546	49.2115	40.4878	89.699	26.8602	3114.38	22.1908	32.6917	21.8583	14.5083								
2016/07/29 19:05:00		1.85633	129.313	29.6536	0.364062	1005.74	1.19583	26.1383	50.368	39.6799	90.048	26.3835	3008.54	22.2193	34.4533	22.9983	14.9983								
2016/07/29 19:10:00		1.37097	136.337	29.5818	0.361979	1005.72	1.13021	25.9966	41.1291	37.9134	79.042	26.1547	2915.0	23.0551	29.37	19.705	13.3617								
2016/07/29 19:15:00		0.95167	136.735	29.4891	0.358854	1005.76	1.15208	25.8435	33.6496	34.9317	68.581	26.0927	2820.21	22.9051	31.84	21.31	13.9517								
2016/07/29 19:20:00		0.94006	136.628	29.4036	0.361458	1005.84	1.23229	25.6757	46.3551	37.1397	83.495	26.1499	2823.33	21.9193	37.4325	25.0233	15.9908								
2016/07/29 19:25:00		0.92291	155.933	29.3161	0.355729	1005.9	1.09375	25.5259	52.369	36.4688	88.838	26.6075	2871.88	22.3158	33.5092	22.3508	14.45								
2016/07/29 19:30:00		0.8925	142.444	29.2703	0.360417	1005.97	1.1375	25.3874	63.719	36.1059	99.825	26.2357	2952.5	22.2051	32.2625	21.665	13.6883								
2016/07/29 19:35:00		0.88217	133.572	29.2031	0.361458	1006.08	1.12292	25.2993	43.3423	30.697	74.039	26.0689	2901.67	22.4658	31.4692	21.1658	13.9225								
2016/07/29 19:40:00		0.72536	156.948	29.2036	0.359896	1006.14	1.10833	25.2746	43.9252	31.7651	75.69	25.7066	2840.0	23.0158	36.2433	24.2425	14.6842								
2016/07/29 19:45:00		0.76311	148.465	29.1016	0.363542	1006.17	1.10833	25.2905	48.843	31.4741	80.317	25.9116	2844.58	23.0015	35.54	23.9275	15.4717								
2016/07/29 19:50:00		0.89657	136.38	29.1005	0.3625	1006.18	1.12292	25.2875	63.737	33.042	96.779	25.8353	2755.0	22.1586	34.9342	23.5733	15.4008								
2016/07/29 19:55:00		1.18498	134.613	29.0781	0.360938	1006.21	1.19583	25.2924	54.44	31.303	85.743	25.8306	2710.63	22.2943	39.2275	26.1408	16.1758								
2016/07/29 20:00:00		1.12417	133.046	28.9953	0.359896	1006.33	1.21042	25.3044	67.018	33.2611	100.279	25.6923	2699.17	22.1765	41.4592	27.9683	18.2367								
2016/07/29 20:05:00		1.17054	135.241	28.9984	0.359375	1006.4	1.14479	25.306	57.057	31.5597	88.617	25.6447	2645.63	21.4657	37.0883	24.9058	17.1483								
2016/07/29 20:10:00		1.80965	139.909	28.9984	0.364062	1006.44	1.18125	25.2988	35.041	25.7811	60.822	25.4445	2516.04	21.8586	36.2592	24.9667	16.9867								
2016/07/29 20:15:00		1.45263	146.084	28.9943	0.360417	1006.48	1.13021	25.2805	41.2385	24.9047	66.143	25.4969	2424.79	22.3551	41.6158	28.0408	18.7017								
2016/07/29 20:20:00		1.13967	147.404	28.9578	0.3625	1006.5	1.14479	25.283	43.2619	27.0546	70.317	25.1775	2396.25	22.3729	46.0283	31.0367	20.7767								
2016/07/29 20:25:00		1.12751	152.746	28.9948	0.359896	1006.58	1.15937	25.2803	66.808	29.7556	96.564	25.4445	2434.38	21.7336	46.1758	31.0375	20.4208								
2016/07/29 20:30:00		1.56042	154.199	28.9974	0.361979	1006.61	1.19583	25.28	53.674	28.0816	81.755	25.6685	2522.5	22.2943	43.2542	28.8725	19.3242								
2016/07/29 20:35:00		1.20703	163.164	28.9984	0.365104	1006.64	1.13021	25.2792	64.398	29.492	93.89	25.7495	2615.42	21.6764	44.1383	29.4417	18.7817								
2016/07/29 20:40:00		1.34646	166.59	28.9984	0.363021	1006.71	1.1375	25.2883	54.569	27.9584	82.528	26.679	2726.67	22.3729	47.8892	31.9192	18.8425								
2016/07/29 20:45:00		1.6151	168.167	28.9333	0.363021	1006.85	1.1375	25.2956	73.148	28.1227	101.271	26.7744	2783.54	22.3622	50.042	33.3617	19.3667								
2016/07/29 20:50:00		1.34142	161.591	28.8979	0.360417	1007.0	1.10833	25.4685	57.841	25.8496	83.691	27.0699	2806.04	23.498	45.0767	30.0458	18.5942								
2016/07/29 20:55:00		1.61282	169.801	28.8964	0.363021	1007.05	1.10104	25.8156	67.552	25.5175	93.069	26.6266	2801.04	24.7159	40.3258	27.04	17.0675								
2016/07/29 21:00:00		1.31432	166.117	28.8823	0.361458	1007.09	1.10104	26.1367	57.609	23.532	81.141	26.7649	2683.13	24.8302	36.7617	24.6392	16.3783								
2016/07/29 21:05:00		1.52935	164.998	28.8042	0.366667	1007.2	1.15208	26.3045	54.37	22.8405	77.211	26.2596	2592.92	23.1873	38.62	25.8	16.5283								
2016/07/29 21:10:00		1.37968	166.153	28.7474	0.360417	1007.29	1.12292	26.3547	58.58	24.1276	82.708	26.1595	2574.79	23.4444	39.6392	26.4675	16.6583								
2016/07/29 21:15:00		1.10293	156.51	28.7078	0.365625	1007.41	1.15937	26.2833	74.441	26.1063	100.548	26.088	2656.46	22.7229	40.4633	27.0242	16.2308								
2016/07/29 21:20:00		0.90535	169.989	28.712	0.363021	1007.51	1.07917	26.196	61.569	23.8606	85.429	26.6028	2688.75	22.4801	41.465	27.6533	17.335								
2016/07/29 21:25:00		1.18891	178.706	28.6911	0.366146	1007.57	1.1375	26.0849	66.149	23.3061	89.455	26.374	2649.17	21.9943	38.9683	26.0775	16.3117								
2016/07/29 21:30:00		0.93715	178.73	28.6026	0.365104	1007.62	1.10833	25.9689	57.03	22.6522	79.683	26.2024	2618.54	22.6372	38.86	25.9092	16.0833								
2016/07/29 21:35:00		0.81726	172.577	28.6021	0.3625	1007.72	1.10104	25.8341	52.896	21.858	74.754	26.0212	2554.17	22.973	42.62	28.4233	17.5108								
2016/07/29 21:40:00		1.35402	179.38	28.4995	0.360938	1007.78	1.16667	25.7192	51.927	21.1802	73.107	26.1642	2508.54	22.0015	46.7	31.1325	17.9008								
2016/07/29 21:45:00		1.59297	165.281	28.4927	0.363021	1007.83	1.13021	25.6811	75.107	21.4198	96.527	25.945	2496.25	22.5729	43.43	29.1592	17.5975								
2016/07/29 21:50:00		1.31356	153.941	28.4964	0.360417	1007.89	1.18854	25.6376	61.577	21.389	82.966	25.6828	2507.5	22.1158	41.8325	27.955	17.9408								
2016/07/29 21:55:00		1.69487	150.255	28.4969	0.363542	1007.92	1.1375	25.5796	69.227	21.9093	91.136	25.821	2487.5	22.7194	37.5083	26.635	19.3033								
2016/07/29 22:00:00		1.46649	148.25	28.4964	0.3625	1007.88	1.08646	25.545	71.782	23.0219	94.803	25.6828	2490.0	22.5837	38.8	27.9717	21.04								
2016/07/29 22:05:00		1.57838	147.849	28.4427	0.365104	1007.88	1.09375	25.5109	65.671	21.6765	87.348	25.9307	2467.71	22.3086	32.4667	24.045	18.9017								
2016/07/29 22:10:00		1.50692	156.209	28.4016	0.363542	1008.04	1.13021	25.468	63.949	22.012	85.961	25.945	2426.46	22.2908	35.3883	25.08	18.5933								
2016/07/29 22:15:00		1.25774	166.277	28.3974	0.366667	1008.23	1.10104	25.6459	61.082	20.0573	81.139	25.821	2431.88	24.2802	36.5383	25.4133	18.3283								
2016/07/29 22:20:00		1.25729	151.074	28.3974	0.363021	1008.22	1.12292	25.9708	67.138	20.362	87.5	26.0546	2415.0	25.0624	32.9117	23.2417	17.2183								
2016/07/29 22:25:00		1.24783	170.598	28.3984	0.3625	1008.15	1.09375	26.2559	56.45	18.8865	75.336	25.4588	2333.33	25.366	31.1783	22.47	17.0017								
2016/07/29 22:30:00		1.94242	163.416	28.3964	0.364583	1008.19	1.18854	26.4089	57.922	18.7701	76.692	25.5636	2312.29	22.6122	31.945	22.9517	16.73								
2016/07/29 22:35:00		1.27364	159.09	28.4005	0.358333	1008.26	1.15208	26.4441	75.9	22.1113	98.011	25.6733	2354.79	22.3265	29.5783	21.6717	16.6458								
2016/07/29 22:40:00		0.99729	169.715	28.3964	0.364062	1008.39	1.15208	26.3569	75.565	22.2825	97.847	25.6876	2410.21	22.3908	35.4125	25.2092	18.6825								
2016/07/29 22:45:00		1.60067	168.715	28.401	0.363542	1008.45	1.21771	26.2562	65.848	19.7903	85.638	25.4302	2446.88	22.3443	32.7583	23.6767	17.8592								
2016/07/29 22:50:00		1.21175	142.687	28.3797	0.365625	1008.43	1.19583	26.1085	58.219	19.3624	77.581	25.5875	2435.42	22.1622	32.2767	22.9175	16.9908								
2016/07/29 22:55:00		1.06452	144.714	28.3026	0.359896	1008.41	1.17396	25.9885	60.843	18.8352	79.678	25.4826	2436.88	22.2729	29.9475	22.0908	17.235								
2016/07/29 23:00:00		1.38065	158.496	28.2979	0.363021	1008.44	1.15937	25.8645	61.354	19.2186	80.573	25.373	2434.79	22.3908	33.0275	23.425	17.3742								
2016/07/29 23:05:00		1.44586	167.301	28.3	0.360417	1008.41	1.18125	26.0116	55.764	17.8493	73.613	25.2919	2456.04	24.6124	38.5508	26.7242	18.3383								
2016/07/29 23:10:00		1.56574	161.67	28.3031	0.364062	1008.35	1.17396	26.2766	55.4	18.0923	73.492	25.3253	2424.79	25.6088	40.1017	28.115	20.44								
2016/07/29 23:15:00		1.55083	163.749	28.3047	0.366667	1008.26	1.07917	26.4803	59.99	16.6751	76.665	25.6637	2366.88	25.0731	36.5608	26.0175	19.0658								
2016/07/29 23:20:00		1.00173	161.849	28.2411	0.365625	1008.22	1.14479	26.555	54.538	17.4967	72.035	26.0451	2314.17	22.7658	35.6583	25.5417	19.3467								
2016/07/29 23:25:00		1.3001	167.596	28.201	0.367188	1008.19	1.13021	26.5193	56.613	18.6537	75.267	26.7934	2282.92	22.6908	37.76	26.0333	18.4167								
2016/07/29 23:30:00		1.33597	167.702	28.199	0.365104	1008.15	1.11563	26.4003	54.391	18.5202	72.911	26.3454	2242.5	22.8265	38.8525	27.0125	18.9883								
2016/07/29 23:35:00		1.20579	158.69	28.2016	0.367188	1008.18	1.18854	26.3362	48.4968	17.1851	65.682	26.3263	2193.54	22.6015	35.1675	24.775	18.2017								
2016/07/29 23:40:00		1.15624	158.146	28.1995	0.366667	1008.15	1.1375	26.5273	50.806	16.2951	67.101	26.2024	2156.67	22.9301	34.0858	23.9675	17.9367								
2016/07/29 23:45:00		1.07915	152.507	28.1672	0.366667	1008.08	1.15208	26.6822	49.8458	16.8154	66.661	26.1261	2091.88	22.7729	33.4617	23.5392	17.275								
2016/07/29 23:50:00		0.89521	168.541	28.1026	0.366667	1008.08	1.08646	26.7475	43.9632	16.2369	60.2	25.7305	1997.08	22.0193	27.72	20.3525	16.1017								
2016/07/29 23:55:00		0.89901	148.961	28.0995	0.360417	1008.03	1.05729	26.7526	44.5907	16.6408	61.232	25.7972	1904.38	21.4979	29.6458	21.2908	16.0617								
2016/07/30 00:00:00		0.94717	130.159	28.1	0.365104	1008.03	1.10104	26.7418	43.0341	17.394	60.428	25.7734	1824.17	21.8693	29.7725	21.3433	15.7808								
