-- 1st mean values --
Format: XTAB(V:1;HEAD:2;COL:TCFFFFFFFFFFFFFFFFFFFFFFFF)
StartTime: 2016/07/31 00:00:00
EndTime: 2016/08/01 00:00:00
Period: 24 h
Station: Gia Lam

Time	MeasPt	Wind Spd.	Wind Dir.	Temp	RH	Barometer	Radiation	InnerTemp	NO	NO2	NOx	SO2	CO	O3	PM-10	PM-2.5	PM-1	CH4	NMHC	THC	BENZEN	TOLUEN	ETHYL BENZEN	MP-XYLEN	O-XYLEN
		m/s	degree	°C	%	hPa	W/m²	°C	µg/m3	µg/m3	µg/m3	µg/m3	µg/m3	µg/m3	µg/m3	µg/m3	µg/m3	ppm	ppmC	ppmC	ug/m3	ug/m3	ug/m3	ug/m3	ug/m3
2016/07/31 00:05:00		1.52277	165.738	28.9042	0.364583	1006.69	1.12292	26.3432	42.0246	18.4963	60.521	26.2596	1558.33	21.4229	49.4333	32.9633	21.7767								
2016/07/31 00:10:00		1.48817	168.654	28.8229	0.363542	1006.71	1.07917	26.3783	35.6462	16.2334	51.88	26.2405	1515.63	21.2764	50.412	33.6417	22.1333								
2016/07/31 00:15:00		1.45483	165.523	28.8062	0.363542	1006.69	1.1375	26.414	41.071	16.6237	57.695	26.1547	1460.0	21.8407	49.9717	33.3133	21.9467								
2016/07/31 00:20:00		1.49522	165.139	28.8057	0.359375	1006.63	1.15208	26.4363	39.1615	17.4111	56.573	26.231	1400.63	22.7122	51.842	34.5608	22.1242								
2016/07/31 00:25:00		1.31789	164.922	28.7094	0.359375	1006.63	1.07187	26.4887	39.1771	16.0862	55.263	26.4073	1376.67	22.2765	49.4158	32.9767	21.6625								
2016/07/31 00:30:00		1.44178	163.147	28.7094	0.360938	1006.57	1.10833	26.5633	36.1286	15.5933	51.722	26.4455	1348.75	22.2979	47.9908	32.2233	21.635								
2016/07/31 00:35:00		1.44232	162.472	28.7141	0.363021	1006.54	1.07917	26.6358	40.4077	16.6374	57.045	26.1881	1293.96	21.8015	49.46	33.0258	22.8458								
2016/07/31 00:40:00		1.68753	166.096	28.6292	0.3625	1006.51	1.15208	26.7193	38.0761	13.933	52.009	26.0927	1243.54	21.8157	48.2267	32.2517	21.4917								
2016/07/31 00:45:00		1.36918	150.426	28.6063	0.359896	1006.45	1.07917	26.7767	40.0839	15.7234	55.807	26.2357	1190.0	22.4586	47.9717	32.0242	21.5875								
2016/07/31 00:50:00		1.40734	162.523	28.6021	0.364062	1006.39	1.1375	26.8334	39.6506	13.6317	53.282	26.2214	1164.58	22.4801	39.3992	27.8408	21.1708								
2016/07/31 00:55:00		1.40716	167.964	28.499	0.360938	1006.29	1.1375	26.8828	48.4879	13.9706	62.459	26.4073	1132.08	21.6229	41.4383	29.9483	23.4217								
2016/07/31 01:00:00		0.99644	149.243	28.5031	0.360417	1006.24	1.1375	26.9351	46.0	14.5526	60.553	26.0451	1126.04	22.5122	39.3892	28.4408	22.4492								
2016/07/31 01:05:00		1.15871	161.657	28.501	0.360417	1006.18	1.10833	26.9714	50.844	16.1136	66.958	26.2167	1097.92	22.2693	43.8875	30.86	23.4558								
2016/07/31 01:10:00		1.61997	170.294	28.4234	0.357292	1006.13	1.10833	27.0033	39.6037	13.7344	53.338	25.9259	1064.58	22.9087	46.4225	32.1033	23.1075								
2016/07/31 01:15:00		1.20293	162.911	28.4016	0.358333	1006.03	1.09375	27.0307	39.0632	13.6351	52.698	26.0784	1022.08	22.6194	42.1242	30.2692	23.4542								
2016/07/31 01:20:00		1.1324	165.62	28.4016	0.360938	1006.05	1.06458	27.0645	42.4378	15.4598	57.898	26.2262	996.04	21.9407	43.6633	30.7742	23.2033								
2016/07/31 01:25:00		0.89813	169.885	28.324	0.360938	1006.02	1.05729	27.0828	44.1731	14.5423	58.715	26.1595	994.79	21.8372	44.0208	31.1542	23.7158								
2016/07/31 01:30:00		0.89028	156.365	28.3021	0.360938	1005.99	1.02813	27.1013	42.8264	14.2342	57.061	26.026	1008.33	21.9193	48.495	33.4925	24.165								
2016/07/31 01:35:00		1.18835	153.37	28.3031	0.360417	1005.94	1.1375	27.1212	45.397	16.0897	61.487	25.9879	992.92	21.9907	49.1042	34.2142	24.4367								
2016/07/31 01:40:00		1.21284	167.941	28.263	0.357812	1005.94	1.07917	27.1349	38.6724	14.5731	53.246	26.0641	983.12	21.8943	50.658	34.6858	25.1717								
2016/07/31 01:45:00		1.13278	156.659	28.201	0.363021	1005.92	1.09375	27.1373	36.4636	15.3742	51.838	26.4836	972.92	21.955	49.1567	33.7175	24.3758								
2016/07/31 01:50:00		1.25178	142.65	28.1984	0.360938	1005.9	1.07917	27.1408	33.3526	14.5423	47.8949	26.1642	972.08	22.1229	49.0517	33.7825	24.6225								
2016/07/31 01:55:00		0.91096	157.694	28.2005	0.360938	1005.88	1.09375	27.1467	32.1645	14.3266	46.4911	26.3644	936.67	22.2408	43.18	31.7842	24.8883								
2016/07/31 02:00:00		1.03731	171.896	28.2005	0.3625	1005.87	1.10104	27.148	34.677	15.5659	50.243	26.2167	917.92	21.8836	44.2892	32.4308	25.1875								
2016/07/31 02:05:00		1.04733	153.35	28.2036	0.360938	1005.86	1.09375	27.1464	33.9623	15.5488	49.5111	26.3168	917.29	22.7515	35.4192	28.495	25.47								
2016/07/31 02:10:00		0.7887	136.608	28.2005	0.364062	1005.84	1.06458	27.1502	38.621	15.0627	53.684	26.4884	912.08	22.4015	39.3492	30.4092	25.7683								
2016/07/31 02:15:00		0.88122	147.339	28.2	0.363542	1005.82	1.07917	27.1494	35.5815	15.2167	50.798	26.2739	896.04	22.5408	35.4633	28.255	24.9775								
2016/07/31 02:20:00		1.0801	136.428	28.1344	0.358333	1005.77	1.04271	27.155	35.3447	15.5419	50.887	26.2596	899.38	22.6658	35.3633	28.1008	24.8683								
2016/07/31 02:25:00		0.65887	144.448	28.101	0.364583	1005.74	1.10104	27.1534	40.8544	16.7367	57.591	25.9974	878.33	22.1943	33.6367	27.335	24.7592								
2016/07/31 02:30:00		0.78308	141.805	28.1042	0.3625	1005.75	1.11563	27.1682	43.4272	16.0623	59.489	25.8115	852.29	22.2193	33.545	27.065	24.3033								
2016/07/31 02:35:00		0.81584	138.942	28.1052	0.361458	1005.75	1.05729	27.1778	34.0695	15.8398	49.9093	25.7305	836.46	22.5836	32.2533	26.1975	23.7217								
2016/07/31 02:40:00		0.87933	141.99	28.0458	0.359896	1005.72	1.11563	27.1912	31.5749	16.0041	47.579	25.7781	815.42	22.3015	37.3925	28.2183	23.1542								
2016/07/31 02:45:00		0.78603	164.191	28.0	0.360938	1005.62	1.11563	27.1982	31.021	14.9805	46.0015	25.6399	798.96	22.9229	40.9817	29.9017	23.4267								
2016/07/31 02:50:00		0.88301	154.141	27.9979	0.363542	1005.49	1.12292	27.2074	35.7155	15.8124	51.528	25.6256	794.17	21.8407	41.8133	29.7017	22.8583								
2016/07/31 02:55:00		0.81314	150.451	28.001	0.361458	1005.42	1.12292	27.2133	31.126	14.8675	45.9935	25.6304	811.67	22.0693	45.6033	30.885	22.3817								
2016/07/31 03:00:00		0.77853	147.567	28.0021	0.365104	1005.46	1.11563	27.2202	36.8589	14.9326	51.792	25.7591	842.29	22.6622	45.6067	31.1683	22.7267								
2016/07/31 03:05:00		0.99798	169.856	28.0031	0.361458	1005.42	1.10104	27.2259	31.2935	15.5796	46.873	25.821	868.54	21.4514	44.2533	30.0183	22.1283								
2016/07/31 03:10:00		0.81745	167.665	28.0005	0.366146	1005.31	1.09375	27.2315	33.2074	15.5009	48.7083	25.659	864.17	21.8586	45.9383	31.4317	22.6733								
2016/07/31 03:15:00		0.6519	152.53	27.9958	0.366146	1005.2	1.09375	27.2331	39.2642	13.844	53.108	25.7543	871.88	21.355	44.4767	30.1333	22.3483								
2016/07/31 03:20:00		0.70118	154.138	27.9026	0.365104	1005.18	1.03542	27.2313	33.2588	13.1798	46.4386	25.7877	869.17	22.0836	43.9267	30.63	22.28								
2016/07/31 03:25:00		0.5672	142.177	27.901	0.365104	1005.14	1.11563	27.2278	35.3157	14.1589	49.4746	25.6161	916.25	22.2979	45.585	31.2017	22.5467								
2016/07/31 03:30:00		0.58961	122.657	27.9021	0.369271	1005.1	1.05729	27.231	52.769	16.4628	69.232	26.2262	982.08	22.5694	48.415	32.7767	23.0117								
2016/07/31 03:35:00		0.0	502.0	27.9021	0.361979	1005.06	1.08646	27.2288	51.436	15.785	67.221	26.0022	1041.67	22.7658	45.565	30.6633	22.2633								
2016/07/31 03:40:00		0.58977	83.143	27.8266	0.363021	1005.07	1.08646	27.2267	42.4356	15.2544	57.69	26.3168	1065.21	22.5944	44.2575	30.1408	21.85								
2016/07/31 03:45:00		0.68243	96.166	27.8052	0.361979	1005.12	1.08646	27.2237	41.1157	13.4503	54.566	26.1309	1100.63	22.4586	44.455	30.2158	21.7683								
2016/07/31 03:50:00		0.54848	80.487	27.8062	0.359896	1005.15	1.13021	27.2224	42.114	13.6899	55.804	26.107	1111.04	22.1765	45.5208	30.5225	21.9483								
2016/07/31 03:55:00		0.5625	111.375	27.8047	0.365104	1005.2	1.05729	27.2197	43.6885	14.0904	57.779	26.0927	1156.88	22.0693	44.195	29.5667	21.5517								
2016/07/31 04:00:00		0.55801	99.258	27.7068	0.359896	1005.28	1.08646	27.2138	43.7488	13.8953	57.644	26.2214	1162.5	22.5408	44.1142	29.8675	22.3558								
2016/07/31 04:05:00		0.6686	106.221	27.7036	0.360938	1005.29	1.09375	27.2098	55.034	14.0322	69.066	26.0641	1172.29	22.5944	48.4992	32.5233	22.7533								
2016/07/31 04:10:00		0.63262	101.292	27.7026	0.3625	1005.3	1.07917	27.2012	57.461	13.2141	70.676	26.4741	1212.08	21.7586	42.6017	28.9792	21.8417								
2016/07/31 04:15:00		0.74363	78.643	27.7047	0.364062	1005.29	1.12292	27.2041	53.848	11.0402	64.888	26.5837	1233.33	22.4015	43.8742	29.9358	22.2383								
2016/07/31 04:20:00		0.7018	87.995	27.7922	0.3625	1005.34	1.10104	27.1972	62.556	10.3659	72.922	26.536	1267.92	22.6979	43.8583	29.925	22.3767								
2016/07/31 04:25:00		0.62393	114.342	27.738	0.365104	1005.38	1.10104	27.1934	60.635	9.4997	70.135	26.741	1287.71	23.0373	43.9117	30.5233	22.9217								
2016/07/31 04:30:00		0.7874	129.889	27.7057	0.359375	1005.31	1.09375	27.1859	63.465	8.9554	72.42	26.1547	1313.96	22.6372	43.7275	29.7033	22.72								
2016/07/31 04:35:00		0.88681	125.485	27.6995	0.363021	1005.3	1.09375	27.181	54.397	7.0726	61.47	26.6933	1343.75	22.3408	44.8417	30.1408	22.7492								
2016/07/31 04:40:00		0.69476	138.157	27.7005	0.364583	1005.35	1.13021	27.1832	53.127	8.4796	61.606	26.4216	1421.25	22.4872	45.9158	31.1567	22.9567								
2016/07/31 04:45:00		0.5632	116.171	27.7021	0.363021	1005.43	1.1375	27.1652	56.117	6.8569	62.974	26.2977	1464.17	21.8729	44.9075	30.755	23.035								
2016/07/31 04:50:00		0.62304	102.519	27.7005	0.360938	1005.46	1.13021	27.1531	62.589	7.9113	70.5	26.598	1515.0	22.2193	44.93	30.7475	23.1275								
2016/07/31 04:55:00		0.52207	115.369	27.6974	0.363021	1005.54	1.07917	27.143	62.375	7.2472	69.622	26.5932	1590.21	23.1301	44.1692	30.2267	23.0925								
2016/07/31 05:00:00		0.58167	118.041	27.6932	0.358333	1005.55	1.14479	27.129	57.08	6.8501	63.93	26.7934	1665.83	22.973	46.315	31.355	23.1667								
2016/07/31 05:05:00		0.609	117.269	27.6141	0.358333	1005.55	1.07917	27.1129	59.087	6.3571	65.444	27.3893	1753.75	21.8765	48.1683	32.575	24.4958								
2016/07/31 05:10:00		0.58322	97.324	27.5995	0.357292	1005.55	1.10104	27.104	65.685	8.5412	74.226	27.7086	1872.92	22.2979	48.6025	33.1217	24.0908								
2016/07/31 05:15:00		0.71124	96.2	27.6036	0.3625	1005.55	1.06458	27.0844	69.146	7.5074	76.654	27.761	1950.83	21.6372	50.846	34.2958	24.3575								
2016/07/31 05:20:00		0.5993	88.039	27.5974	0.359896	1005.57	1.05729	27.0772	79.265	8.0243	87.29	28.0232	2072.92	22.3658	52.764	35.6725	25.0033								
2016/07/31 05:25:00		0.55957	108.999	27.5974	0.357292	1005.55	1.07917	27.0723	96.451	8.8938	105.345	27.7611	2160.63	21.8443	49.8942	34.0825	24.7108								
2016/07/31 05:30:00		0.0	502.0	27.5984	0.357292	1005.55	1.06458	27.0715	91.62	6.1449	97.765	27.9708	2266.04	23.1123	52.151	35.3117	25.165								
2016/07/31 05:35:00		0.0	502.0	27.5969	0.360938	1005.57	1.09375	27.0992	110.253	6.9014	117.154	28.2759	2446.04	22.8337	53.35	36.27	26.0392								
2016/07/31 05:40:00		0.0	502.0	27.599	0.357292	1005.63	2.23854	26.9757	130.007	7.836	137.843	28.0661	2592.08	23.0765	54.499	37.0225	26.7767								
2016/07/31 05:45:00		0.0	502.0	27.6	0.359375	1005.65	6.0229	26.8978	126.983	7.593	134.576	28.3331	2690.0	23.3551	57.32	39.5275	27.6342								
2016/07/31 05:50:00		0.0	502.0	27.5958	0.364062	1005.68	10.4854	27.0374	127.164	4.32709	131.491	27.9422	2777.92	24.9945	55.212	38.7325	28.1817								
2016/07/31 05:55:00		0.0	502.0	27.5974	0.365625	1005.68	17.1719	27.2672	131.621	6.364	137.985	28.3569	2903.33	24.0516	56.647	39.0192	28.34								
2016/07/31 06:00:00		0.0	502.0	27.5958	0.363021	1005.7	25.251	27.5142	124.58	5.7957	130.375	29.5962	3041.46	24.7731	61.44	41.37	29.2183								
2016/07/31 06:05:00		0.0	502.0	27.6271	0.365104	1005.71	35.6927	27.7846	140.993	6.4051	147.398	30.6782	3240.42	24.5981	58.628	39.7742	28.5333								
2016/07/31 06:10:00		0.0	502.0	27.7078	0.363021	1005.72	48.1177	28.0479	144.711	6.6173	151.328	31.1644	3325.83	24.2338	50.361	36.9367	29.3408								
2016/07/31 06:15:00		0.0	502.0	27.6984	0.364583	1005.75	63.627	28.165	151.203	8.24	159.443	31.6459	3352.5	24.0266	53.5	37.395	27.96								
2016/07/31 06:20:00		0.0	502.0	27.6969	0.3625	1005.81	77.401	28.0823	137.884	5.7409	143.625	32.113	3341.67	23.5266	51.65	36.8033	28.0183								
2016/07/31 06:25:00		0.54843	293.391	27.8021	0.364062	1005.78	73.886	27.8675	135.483	5.2719	140.755	31.5648	3458.75	22.4658	53.055	36.7783	27.175								
2016/07/31 06:30:00		0.59049	335.65	27.8	0.366146	1005.76	71.349	27.635	126.802	4.87483	131.677	31.4886	3416.88	22.723	55.207	37.585	27.4117								
2016/07/31 06:35:00		0.63086	333.297	27.8016	0.365625	1005.75	93.428	27.4321	142.047	6.7919	148.839	30.8117	3287.5	23.0229	55.212	38.2017	28.24								
2016/07/31 06:40:00		0.55286	324.001	27.8479	0.36875	1005.78	117.695	27.2189	128.341	5.9053	134.246	30.173	3099.79	23.723	62.504	42.6667	31.2875								
2016/07/31 06:45:00		0.75132	333.378	27.8943	0.369792	1005.8	132.191	27.0192	123.351	8.3735	131.725	30.9881	2972.29	23.5837	60.388	41.4333	31.44								
2016/07/31 06:50:00		0.0	502.0	27.8979	0.367188	1005.76	148.451	27.1623	113.864	8.6576	122.522	30.9309	2814.79	25.8303	63.414	43.68	33.0333								
2016/07/31 06:55:00		0.635	338.205	27.963	0.367708	1005.8	169.21	27.3902	111.186	10.1262	121.313	31.112	2711.88	25.666	62.516	42.4058	30.9842								
2016/07/31 07:00:00		0.76441	17.0211	27.9911	0.366667	1005.78	196.729	27.594	110.767	11.4374	122.204	30.3827	2630.83	25.2481	62.942	42.8142	31.3642								
2016/07/31 07:05:00		0.71026	20.6387	28.0609	0.360938	1005.78	124.6	27.8399	101.396	12.348	113.744	29.8298	2510.83	25.6731	67.208	45.55	33.6033								
2016/07/31 07:10:00		0.46085	26.4698	28.0984	0.364062	1005.83	142.034	27.9897	94.014	13.3031	107.317	29.8441	2373.13	24.6695	73.454	49.5858	35.7592								
2016/07/31 07:15:00		0.79219	31.233	28.1229	0.361458	1005.86	123.747	28.0044	94.758	16.6887	111.447	29.5629	2367.08	23.198	80.552	55.945	44.5075								
2016/07/31 07:20:00		0.192531	328.135	28.1969	0.363021	1005.86	127.488	27.8906	84.659	15.5419	100.201	29.4151	2373.96	22.7408	84.47	59.526	44.005								
2016/07/31 07:25:00		0.460243	346.402	28.1995	0.367708	1005.88	149.202	27.7177	73.327	15.2818	88.609	29.4485	2359.58	23.0944	91.157	64.976	48.0717								
2016/07/31 07:30:00		0.63137	333.023	28.3021	0.359375	1005.91	130.842	27.5403	61.964	13.9261	75.89	29.4246	2319.38	23.2408	87.627	63.537	48.0767								
2016/07/31 07:35:00		0.59074	332.069	28.299	0.366667	1005.9	198.968	27.3851	62.006	13.3921	75.398	29.6773	2228.33	22.8122	90.987	65.442	51.416								
2016/07/31 07:40:00		0.092878	339.381	28.3526	0.368229	1005.95	309.903	27.1942	64.284	15.8843	80.169	29.3436	2202.29	23.1658	88.752	64.927	51.679								
2016/07/31 07:45:00		0.56058	336.203	28.4557	0.365625	1006.0	245.452	27.0047	54.607	15.3776	69.985	28.8765	2164.38	23.673	91.77	67.762	53.502								
2016/07/31 07:50:00		1.06247	318.456	28.5906	0.363542	1006.06	225.108	26.8476	64.407	16.2574	80.665	29.0624	2140.21	23.9016	96.971	68.634	53.557								
2016/07/31 07:55:00		1.38767	313.151	28.738	0.3625	1006.12	154.518	26.773	67.029	17.0516	84.081	29.1482	2204.38	23.073	97.768	69.448	54.568								
2016/07/31 08:00:00		0.80533	323.072	28.826	0.367708	1006.13	169.794	26.6659	50.138	15.8945	66.033	28.6095	2223.33	23.448	95.666	67.76	54.313								
2016/07/31 08:05:00		0.7963	326.558	28.901	0.366667	1006.16	189.729	26.5904	51.876	16.8531	68.729	28.4332	2188.13	22.7301	90.502	66.219	52.902								
2016/07/31 08:10:00		1.13534	304.917	28.9266	0.366146	1006.22	360.23	26.5432	45.8414	16.1513	61.993	28.1376	2127.5	23.2194	91.215	69.103	55.465								
2016/07/31 08:15:00		0.9345	309.317	29.0219	0.3625	1006.22	369.702	26.7233	41.1268	15.5111	56.638	28.2663	2062.5	24.9231	99.119	72.755	57.185								
2016/07/31 08:20:00		1.21478	317.113	29.1479	0.359896	1006.23	367.004	27.0219	56.577	20.225	76.802	28.6858	2085.63	25.066	87.09	66.482	53.733								
2016/07/31 08:25:00		0.77925	328.244	29.2198	0.361458	1006.21	548.62	27.3322	36.6512	16.7572	53.408	28.8431	1999.38	24.8052	90.462	69.269	55.653								
2016/07/31 08:30:00		0.75597	331.008	29.3547	0.364062	1006.32	363.038	27.6428	45.8258	20.6016	66.427	28.5905	1958.13	25.6767	87.526	65.802	52.078								
2016/07/31 08:35:00		0.9662	324.635	29.4089	0.363021	1006.44	302.641	27.7873	34.7976	17.9075	52.705	28.4617	1955.63	24.0195	84.717	63.343	50.78								
2016/07/31 08:40:00		0.45446	344.531	29.4974	0.3625	1006.45	505.34	27.8657	34.7886	22.1387	56.927	27.885	1995.21	23.2908	75.355	57.923	48.2425								
2016/07/31 08:45:00		0.96944	328.534	29.5714	0.3625	1006.48	611.36	27.8036	38.4401	25.6955	64.136	27.9422	1979.58	22.7801	78.901	59.162	47.6692								
2016/07/31 08:50:00		1.28212	304.192	29.7875	0.367188	1006.53	250.228	27.7199	38.9493	26.9793	65.929	28.1472	2056.67	23.0694	79.397	57.224	46.1025								
2016/07/31 08:55:00		0.96363	331.909	29.9109	0.368229	1006.6	229.688	27.6034	38.7595	25.6818	64.441	27.9851	2047.5	23.2158	69.911	53.708	44.1742								
2016/07/31 09:00:00		0.93266	324.304	29.8161	0.36875	1006.58	447.351	27.4979	26.3667	20.8413	47.208	27.8993	2002.5	22.5908	68.278	53.137	44.5783								
2016/07/31 09:05:00		0.92104	312.389	29.875	0.368229	1006.58	475.891	27.4138	24.79	22.0839	46.8739	27.8755	1922.71	23.1194	74.875	56.589	46.4133								
2016/07/31 09:10:00		1.37515	294.277	30.001	0.368229	1006.58	197.765	27.3215	25.5985	25.0896	50.688	28.109	1847.71	23.3444	76.579	58.755	47.8258								
2016/07/31 09:15:00		1.24137	313.96	29.9672	0.369271	1006.56	396.791	27.2635	21.373	22.2859	43.6589	28.6953	1788.96	23.6694	78.877	59.368	47.0508								
2016/07/31 09:20:00		1.80555	283.414	29.9958	0.368229	1006.53	585.24	27.2074	18.4429	23.087	41.5298	28.5619	1722.92	23.473	70.012	55.82	46.3967								
2016/07/31 09:25:00		1.25582	305.197	30.0453	0.371354	1006.52	666.79	27.1663	16.5914	21.1528	37.7442	28.3092	1630.63	23.2301	75.462	57.518	46.6717								
2016/07/31 09:30:00		0.453773	335.591	30.2745	0.375	1006.47	552.87	27.1784	19.1754	27.3319	46.5073	27.9327	1644.58	23.6051	79.925	57.753	46.5333								
2016/07/31 09:35:00		0.82933	339.613	30.4891	0.366667	1006.46	592.4	27.1698	14.7713	24.3844	39.1557	28.0995	1758.75	24.1016	74.392	55.683	45.0783								
2016/07/31 09:40:00		0.93118	311.45	30.7339	0.369271	1006.43	742.49	27.1872	18.6796	32.4977	51.177	28.5523	1760.42	23.548	76.272	57.383	46.255								
2016/07/31 09:45:00		1.43329	306.294	30.9927	0.369792	1006.4	373.209	27.2337	18.1503	30.9435	49.0938	29.1911	1729.17	23.9552	72.02	55.158	45.0933								
2016/07/31 09:50:00		1.07765	313.702	30.9875	0.370313	1006.36	340.528	27.2769	14.4519	29.1018	43.5536	29.1577	1673.13	24.4123	77.643	58.592	46.6083								
2016/07/31 09:55:00		0.94682	320.266	31.0505	0.367188	1006.29	758.38	27.3209	30.7016	41.5456	72.247	28.395	1712.29	24.148	80.055	58.99	46.38								
2016/07/31 10:00:00		0.62388	50.748	31.3354	0.365625	1006.22	622.66	27.3779	12.6027	27.3559	39.9586	28.0471	1707.92	23.4123	65.956	53.051	44.1425								
2016/07/31 10:05:00		0.92822	36.4487	31.4271	0.359896	1006.11	652.41	27.4487	10.289	20.8241	31.1131	27.7324	1583.13	23.8159	64.882	51.377	43.0492								
2016/07/31 10:10:00		0.84565	321.408	31.5271	0.365104	1006.05	347.995	27.5346	8.1003	19.7287	27.829	27.2272	1445.42	23.498	63.405	49.5758	41.6933								
2016/07/31 10:15:00		0.480055	11.5502	31.6682	0.368229	1006.05	802.91	27.6356	6.6911	23.8983	30.5894	26.884	1369.79	23.8659	60.237	46.8383	39.2183								
2016/07/31 10:20:00		0.59338	30.6087	31.8703	0.366667	1006.02	904.55	27.7636	5.8379	21.3993	27.2372	26.7982	1319.17	23.8052	55.637	43.5217	36.45								
2016/07/31 10:25:00		0.52171	3.26794	32.1365	0.367188	1005.97	874.5	27.8976	5.1992	21.8648	27.064	26.4884	1263.54	23.9266	57.423	42.8167	34.9667								
2016/07/31 10:30:00		1.1857	300.498	32.5354	0.364583	1005.99	551.91	28.0651	8.8909	36.0306	44.9215	26.8697	1313.13	23.6444	51.749	40.81	33.9817								
2016/07/31 10:35:00		1.66003	329.268	32.5328	0.368229	1005.96	292.877	28.2375	6.2556	24.4974	30.7529	26.8268	1291.88	23.4659	53.836	38.1892	31.1467								
2016/07/31 10:40:00		1.25098	319.238	32.3531	0.367188	1005.9	287.321	28.3725	5.0875	26.5685	31.656	26.9221	1325.63	24.1159	44.2575	34.5067	29.0383								
2016/07/31 10:45:00		0.99065	302.801	32.2682	0.367708	1005.87	918.68	28.4603	3.37233	21.1083	24.4806	26.4741	1237.29	22.973	46.88	35.545	30.3642								
2016/07/31 10:50:00		0.92067	336.686	32.512	0.370313	1005.77	881.06	28.4958	3.03957	18.4757	21.5153	26.6314	1169.38	23.5337	48.35	35.4417	29.6625								
2016/07/31 10:55:00		1.79404	307.843	32.8516	0.366146	1005.74	704.62	28.5057	19.4724	31.3235	50.796	26.7553	1148.96	22.1051	39.7642	28.3675	24.1092								
2016/07/31 11:00:00		0.331523	10.8275	33.0563	0.363542	1005.69	924.39	28.4864	4.7771	23.4361	28.2132	26.5837	1085.42	23.4551	39.4308	25.68	21.655								
2016/07/31 11:05:00		0.91226	296.778	33.2776	0.3625	1005.65	881.29	28.409	8.2589	32.4943	40.7531	27.7229	1103.13	22.9908	43.5858	27.51	22.7433								
2016/07/31 11:10:00		0.372833	355.785	33.6094	0.370313	1005.64	853.22	28.3213	4.18527	26.8013	30.9865	30.9738	1107.71	23.0551	36.825	27.78	23.4625								
2016/07/31 11:15:00		1.67478	309.264	33.699	0.369792	1005.57	674.61	28.2383	4.21877	25.6408	29.8595	30.3065	1082.5	22.9122	32.3683	22.6817	18.9442								
2016/07/31 11:20:00		1.81036	300.914	33.7745	0.36875	1005.43	944.55	28.1766	2.56387	21.1528	23.7166	29.0481	1024.58	23.2623	32.59	24.8658	20.72								
2016/07/31 11:25:00		2.2885	299.387	33.95	0.368229	1005.4	931.35	28.1798	3.0351	18.1402	21.1753	28.0089	966.67	24.0445	30.68	21.62	18.18								
2016/07/31 11:30:00		1.93667	294.783	33.9917	0.370313	1005.36	895.13	28.2676	1.7085	16.4765	18.185	27.1223	893.75	24.1588	30.1075	22.5258	18.7008								
2016/07/31 11:35:00		1.81602	290.33	34.1406	0.367708	1005.35	920.75	28.423	2.32713	21.2007	23.5278	26.7315	889.79	24.3731	27.59	20.715	17.3167								
2016/07/31 11:40:00		2.36817	313.049	34.2057	0.366146	1005.33	941.94	29.0818	1.99213	22.748	24.7402	26.7839	890.63	24.8981	22.4692	16.1742	13.7892								
2016/07/31 11:45:00		1.72791	305.713	34.2599	0.365104	1005.26	916.31	29.6411	1.8961	16.7127	18.6088	26.2882	818.33	23.7766	24.1092	18.3642	15.5108								
2016/07/31 11:50:00		1.77299	294.276	34.35	0.367708	1005.2	937.21	30.0585	1.64373	14.3917	16.0354	26.1547	744.17	23.5444	26.385	18.6083	15.515								
2016/07/31 11:55:00		0.98882	327.152	34.4469	0.363542	1005.14	940.92	30.3823	1.6616	13.4605	15.1221	26.3311	665.42	23.223	30.9533	19.6958	16.2117								
2016/07/31 12:00:00		1.33762	319.083	34.8917	0.365625	1005.08	920.57	30.6462	2.59513	29.0675	31.6627	26.6981	720.0	23.0015	32.1375	22.6042	18.5392								
2016/07/31 12:05:00		1.8833	311.534	35.1161	0.366146	1005.03	927.83	30.8776	2.01223	24.3878	26.4001	26.7076	737.92	23.848	30.59	22.2375	18.6517								
2016/07/31 12:10:00		1.61696	291.728	35.0724	0.361979	1004.94	933.1	31.1402	1.59237	18.421	20.0133	26.8411	718.54	24.6481	33.8375	22.8908	19.1558								
2016/07/31 12:15:00		1.27031	310.226	35.0719	0.359896	1004.88	951.91	31.4272	2.39413	23.6792	26.0733	26.8935	717.5	23.598	33.3567	22.9508	18.9692								
2016/07/31 12:20:00		1.96014	310.148	35.2938	0.365104	1004.82	963.24	31.671	2.62417	28.1843	30.8085	26.865	738.96	23.948	39.0775	25.4175	20.785								
2016/07/31 12:25:00		1.33553	311.971	35.3443	0.365625	1004.73	928.33	31.8395	3.10433	25.9215	29.0258	27.1843	723.75	23.648	38.2717	25.53	21.3767								
2016/07/31 12:30:00		0.59232	304.708	35.3953	0.359896	1004.63	887.79	31.9486	2.55717	26.8252	29.3824	27.3702	728.96	23.6552	39.355	25.775	20.8308								
2016/07/31 12:35:00		1.57735	310.725	35.6354	0.364062	1004.51	886.21	32.0662	3.9865	36.3318	40.3183	27.6324	808.54	23.548	43.1458	26.6975	21.4208								
2016/07/31 12:40:00		1.39752	325.109	35.6979	0.366667	1004.4	939.21	32.1636	2.76263	29.5262	32.2889	27.8087	795.0	23.9623	36.7117	26.5167	21.845								
2016/07/31 12:45:00		1.33137	316.158	35.7193	0.367188	1004.31	895.93	32.2664	4.5694	36.8214	41.3908	28.028	817.08	23.4337	35.4517	23.715	19.4783								
2016/07/31 12:50:00		0.86594	10.057	35.6922	0.360938	1004.24	911.17	32.3523	2.74923	22.529	25.2782	28.109	786.67	23.448	37.8467	25.1817	21.1683								
2016/07/31 12:55:00		1.26261	329.465	35.4422	0.361458	1004.12	887.71	32.4329	1.6147	19.2289	20.8436	27.9279	731.67	23.7552	36.3008	25.7583	21.2175								
2016/07/31 13:00:00		1.62242	313.034	35.4714	0.367708	1004.1	912.65	32.5102	3.7319	35.1645	38.8964	28.0804	707.5	23.9516	36.8667	23.5367	19.5933								
2016/07/31 13:05:00		1.82327	319.158	35.6281	0.365625	1004.0	915.24	32.5899	3.09317	27.7564	30.8496	27.7372	675.21	23.8445	34.6367	23.015	19.1717								
2016/07/31 13:10:00		1.80257	316.201	35.6734	0.366667	1003.92	896.47	32.6616	3.97087	34.6236	38.5945	28.2234	671.25	23.9052	32.4983	22.7883	18.8733								
2016/07/31 13:15:00		1.62337	310.102	35.8526	0.361979	1003.84	855.95	32.7258	5.5945	41.7475	47.342	28.6095	661.46	23.8516	30.1867	20.55	17.0117								
2016/07/31 13:20:00		1.36456	309.391	35.8854	0.361979	1003.75	872.88	32.7674	4.10263	30.5532	34.6559	28.4475	627.08	24.3231	25.5433	17.9517	14.7217								
2016/07/31 13:25:00		1.38142	316.078	35.9453	0.364583	1003.58	869.83	32.8063	3.49517	30.43	33.9252	28.6953	581.25	23.5801	24.7617	16.215	13.16								
2016/07/31 13:30:00		0.358355	346.245	36.2068	0.364062	1003.45	863.31	32.8541	4.11603	32.6757	36.7917	28.1043	560.83	23.3301	24.1217	16.6058	13.36								
2016/07/31 13:35:00		0.8242	305.824	36.3099	0.366667	1003.35	849.44	32.8888	5.0942	31.7583	36.8525	27.947	562.29	23.3373	27.6842	18.3183	14.2358								
2016/07/31 13:40:00		2.11097	311.668	36.3995	0.364062	1003.28	858.43	32.9376	6.499	41.6551	48.1541	27.885	578.13	23.7623	25.345	16.4333	13.0683								
2016/07/31 13:45:00		1.84041	318.056	36.4396	0.365104	1003.22	854.09	32.9953	5.858	41.7647	47.6227	27.7849	548.96	23.7123	20.5425	14.4125	11.7342								
2016/07/31 13:50:00		1.5421	312.185	36.6422	0.364583	1003.12	834.76	33.0168	10.8294	58.385	69.214	27.5799	499.583	23.3373	23.9	15.4708	12.1183								
2016/07/31 13:55:00		1.21517	314.457	36.7057	0.363542	1003.06	840.15	33.0176	8.8909	73.52	82.41	27.8421	488.958	23.6123	21.8067	12.8358	10.4308								
2016/07/31 14:00:00		1.55986	319.501	36.7026	0.360417	1003.03	831.92	33.0013	11.9885	115.452	127.44	27.8564	444.375	23.6551	13.6467	9.2342	7.5342								
2016/07/31 14:05:00		2.16683	298.209	36.7021	0.360938	1002.98	818.57	33.0018	18.7243	205.554	224.278	27.7039	410.208	24.3481	13.6992	9.2667	7.5258								
2016/07/31 14:10:00		1.74021	295.943	36.6583	0.364583	1002.91	798.74	33.0232	24.7364	378.165	402.902	27.4274	394.375	23.6123	18.7708	11.53	9.1042								
2016/07/31 14:15:00		1.08744	319.253	36.6401	0.360938	1002.85	790.39	32.9865	11.6781	135.441	147.119	27.1891	432.083	23.948	20.5325	11.9625	9.4692								
2016/07/31 14:20:00		1.18021	302.753	36.7448	0.360417	1002.77	782.8	32.9763	11.8478	55.119	66.967	27.7086	503.54	23.5801	17.3408	11.0525	8.6383								
2016/07/31 14:25:00		1.05065	306.655	36.7974	0.359896	1002.75	771.56	32.9556	10.4788	44.4178	54.897	27.9899	522.08	24.1052	19.4275	11.1058	8.7792								
2016/07/31 14:30:00		1.07344	312.664	36.8391	0.359375	1002.72	756.59	32.9349	9.0383	41.3333	50.372	27.7134	561.67	23.2123	19.3317	11.5325	8.5025								
2016/07/31 14:35:00		1.14859	315.522	36.9807	0.357812	1002.68	746.21	32.8834	16.8326	54.808	71.64	27.6276	615.63	23.2122	18.3692	10.9242	8.5075								
2016/07/31 14:40:00		2.49028	311.17	36.9802	0.358333	1002.6	734.92	32.8031	8.815	37.4547	46.2697	27.885	619.38	23.5587	15.6675	9.835	7.6558								
2016/07/31 14:45:00		1.28139	311.187	36.7661	0.363021	1002.51	728.75	32.7583	9.0428	35.8628	44.9056	27.6228	577.29	23.1015	14.3625	9.3642	7.24								
2016/07/31 14:50:00		1.59306	324.433	36.5313	0.364062	1002.42	716.79	32.7003	15.1867	45.7665	60.953	27.5323	533.33	23.7409	17.3675	9.3417	7.4								
2016/07/31 14:55:00		0.6812	335.835	36.3917	0.359896	1002.26	702.54	32.6476	14.0142	45.0511	59.065	27.5513	525.42	23.7802	14.7242	9.6975	7.3225								
2016/07/31 15:00:00		1.873	298.785	36.3922	0.358333	1002.19	689.94	32.5921	12.7501	41.1895	53.94	27.2987	562.5	23.8444	16.425	9.7375	7.6733								
2016/07/31 15:05:00		1.77701	292.374	36.213	0.360938	1002.08	678.02	32.5099	7.5732	24.1721	31.7454	27.4798	550.63	23.3194	14.6658	9.21	7.095								
2016/07/31 15:10:00		1.44698	291.595	36.0406	0.358333	1002.0	668.87	32.4299	6.968	26.2193	33.1873	27.313	517.08	23.6444	20.3808	9.47	7.1225								
2016/07/31 15:15:00		0.92303	334.995	35.9911	0.358333	1001.86	651.11	32.3443	7.0752	36.0888	43.164	27.2272	514.17	23.8194	18.4717	9.515	6.8525								
2016/07/31 15:20:00		1.49052	315.328	36.0724	0.363542	1001.78	642.54	32.2399	11.1175	44.9175	56.035	27.4608	546.46	23.8516	20.4583	8.9617	6.6633								
2016/07/31 15:25:00		1.66974	309.921	36.1917	0.360938	1001.69	623.17	32.1472	12.6094	41.638	54.247	27.2796	566.25	23.498	17.2125	8.5825	6.1783								
2016/07/31 15:30:00		1.40701	316.167	36.1922	0.360417	1001.61	610.04	32.0468	15.0839	43.5585	58.642	27.6562	577.5	23.5444	11.7092	6.5183	4.92083								
2016/07/31 15:35:00		1.69078	311.967	36.2807	0.361458	1001.47	596.62	31.9738	12.7501	37.0507	49.8008	27.3035	591.67	22.9837	17.8258	7.75	5.5817								
2016/07/31 15:40:00		0.75639	315.038	36.3099	0.3625	1001.4	578.8	31.9647	14.845	43.4661	58.311	27.3464	674.38	23.0444	17.1142	9.0975	6.3658								
2016/07/31 15:45:00		0.69666	334.228	36.3896	0.357292	1001.35	558.16	31.9633	16.9197	46.4135	63.333	27.6895	770.0	23.7123	22.0567	9.2208	6.32								
2016/07/31 15:50:00		2.03699	319.508	36.4906	0.363021	1001.22	551.65	31.9596	11.4592	38.6734	50.133	27.8373	817.92	23.6051	19.9858	8.3842	6.0567								
2016/07/31 15:55:00		1.54369	325.844	36.4484	0.3625	1001.15	535.22	31.9308	10.8741	34.1032	44.9773	27.7563	824.38	23.698	18.6817	9.075	6.6067								
2016/07/31 16:00:00		1.43688	316.349	36.3995	0.361979	1001.12	513.25	31.8889	11.9885	42.9765	54.965	27.5656	871.46	23.1158	24.645	9.7183	6.415								
2016/07/31 16:05:00		1.69799	316.608	36.5	0.359896	1001.05	492.056	31.8522	13.9382	40.5905	54.529	27.6467	942.5	24.0873	18.6817	8.2717	5.9217								
2016/07/31 16:10:00		1.31189	303.819	36.5177	0.359375	1000.93	475.847	31.8149	10.423	35.8868	46.3098	27.5895	945.83	23.3837	17.0867	8.185	5.7967								
2016/07/31 16:15:00		0.54807	330.598	36.6047	0.360417	1000.93	463.393	31.762	16.0487	47.4063	63.455	27.3798	1011.88	23.8373	19.8217	8.3833	6.0883								
2016/07/31 16:20:00		0.52073	40.4136	36.5349	0.363021	1000.97	445.783	31.7236	11.2046	33.5213	44.7259	27.2844	1021.46	23.1337	13.5075	7.1325	5.5125								
2016/07/31 16:25:00		0.496214	345.933	36.3417	0.357292	1000.86	423.34	31.6951	9.7775	31.7514	41.5289	27.232	956.46	23.5123	21.1817	9.2758	6.5792								
2016/07/31 16:30:00		0.70504	327.196	36.3755	0.360417	1000.75	406.89	31.6532	25.6074	54.79	80.398	27.3654	1063.75	23.5623	26.7217	11.2833	7.6067								
2016/07/31 16:35:00		0.99569	268.459	36.5182	0.358333	1000.78	384.964	31.6208	21.574	54.886	76.46	27.5942	1261.46	23.5123	28.0683	10.6658	6.98								
2016/07/31 16:40:00		1.55758	312.577	36.5984	0.361458	1000.77	368.164	31.5893	19.2781	48.7106	67.989	27.7325	1384.58	23.2337	21.6233	9.5008	6.4392								
2016/07/31 16:45:00		1.27459	298.973	36.4745	0.360417	1000.77	345.144	31.5638	14.2755	35.4041	49.6796	27.5752	1345.63	22.9194	12.3275	6.8142	5.1267								
2016/07/31 16:50:00		0.222688	273.502	36.3214	0.360417	1000.78	323.276	31.5327	19.9146	43.6749	63.59	27.394	1322.29	23.398	25.7958	10.1483	6.1925								
2016/07/31 16:55:00		0.69431	293.899	36.3896	0.360417	1000.75	303.866	31.5322	25.7057	52.134	77.84	27.599	1485.21	23.5623	20.87	9.7783	6.945								
2016/07/31 17:00:00		0.61216	287.849	36.4021	0.360938	1000.72	282.516	31.5977	26.1032	43.7502	69.853	27.7944	1612.5	23.7123	38.6425	14.1775	8.2992								
2016/07/31 17:05:00		1.20597	318.361	36.5422	0.359896	1000.79	266.729	31.6436	65.823	71.267	137.09	28.2663	1909.38	23.5873	44.3425	15.235	9.1967								
2016/07/31 17:10:00		0.356584	342.26	36.6021	0.356771	1000.77	248.121	31.6272	35.2465	62.647	97.893	28.8383	2107.92	22.9908	26.5542	10.7933	7.1292								
2016/07/31 17:15:00		0.678	70.974	36.5979	0.358854	1000.71	229.68	31.573	49.2763	68.309	117.585	29.0052	2213.13	23.2266	26.0058	10.8683	6.655								
2016/07/31 17:20:00		0.67093	59.546	36.4339	0.360938	1000.68	212.975	31.5013	24.5957	38.0332	62.629	28.7001	2103.75	23.198	22.5858	9.6317	6.5008								
2016/07/31 17:25:00		0.64684	91.671	36.2609	0.353125	1000.67	193.207	31.4946	21.6455	42.4836	64.129	28.1328	1902.5	23.6016	33.1633	11.8867	7.36								
2016/07/31 17:30:00		0.96217	136.12	36.1542	0.359375	1000.69	180.6	31.5383	18.99	43.9385	62.929	27.8278	1755.42	23.073	31.9867	11.5967	7.62								
2016/07/31 17:35:00		0.78549	142.4	36.0443	0.356771	1000.69	163.085	31.6396	14.204	34.9933	49.1973	27.6753	1600.0	24.5909	24.0792	10.6817	7.0358								
2016/07/31 17:40:00		0.56847	90.424	35.876	0.357292	1000.72	143.464	31.4887	13.3241	36.4072	49.7312	27.4036	1437.5	23.6159	28.6617	11.3075	7.4625								
2016/07/31 17:45:00		0.64192	100.256	35.7172	0.359375	1000.76	126.284	31.0983	13.6836	48.4436	62.127	27.0937	1303.96	23.1837	31.7667	12.61	7.6917								
2016/07/31 17:50:00		0.89995	132.2	35.6458	0.360938	1000.76	110.476	30.6502	7.2137	37.0336	44.2473	26.5646	1238.75	23.5373	34.2808	14.0933	8.9917								
2016/07/31 17:55:00		0.98201	136.78	35.5115	0.35625	1000.77	95.368	30.2253	6.7447	40.967	47.7117	26.2786	1187.08	24.123	41.7167	19.5525	13.9217								
2016/07/31 18:00:00		0.79228	135.833	35.3547	0.360417	1000.83	80.865	29.8652	9.0919	48.2211	57.313	26.2929	1164.17	22.5801	43.9783	20.8225	14.785								
2016/07/31 18:05:00		0.76525	97.619	35.2016	0.357292	1000.9	65.027	29.5814	12.4486	53.318	65.767	25.9545	1188.96	22.8658	50.387	22.5258	15.2133								
2016/07/31 18:10:00		0.78356	115.96	35.026	0.359896	1000.94	50.779	29.317	9.4805	52.257	61.738	26.0975	1304.58	25.5017	43.015	21.7933	15.6442								
2016/07/31 18:15:00		0.82424	126.551	34.838	0.35625	1000.93	22.0135	29.106	8.9065	51.388	60.294	26.2214	1389.17	23.1158	39.8433	20.8292	13.94								
2016/07/31 18:20:00		0.95871	93.883	34.6323	0.359896	1000.95	7.8021	28.9438	29.442	64.722	94.164	26.5217	1535.0	23.4051	47.2717	21.1133	14.7642								
2016/07/31 18:25:00		0.90164	91.745	34.4531	0.360417	1000.91	4.07604	28.7776	19.6556	61.141	80.796	26.6886	1639.58	23.5051	38.3475	17.9392	12.635								
2016/07/31 18:30:00		0.75119	99.391	34.2979	0.364583	1000.88	1.06458	28.6075	19.3072	59.658	78.966	26.5313	1779.17	23.5587	33.8892	15.6083	10.99								
2016/07/31 18:35:00		0.76492	94.207	34.1604	0.361458	1000.83	1.10104	28.481	12.3414	45.277	57.618	26.2548	1762.92	24.8338	31.8608	15.1658	11.1425								
2016/07/31 18:40:00		0.66905	89.1	34.0266	0.364062	1000.87	1.07917	28.3969	13.7015	53.832	67.533	26.231	1736.25	23.773	36.5333	17.3575	12.3667								
2016/07/31 18:45:00		0.65899	75.488	33.8854	0.356771	1000.91	1.07187	28.3551	18.0386	60.446	78.484	26.9126	1753.96	24.4052	35.2283	16.2067	11.89								
2016/07/31 18:50:00		0.66384	130.57	33.7708	0.365625	1000.91	1.15937	28.3199	12.6273	57.289	69.917	26.9698	1750.0	23.1265	35.8675	17.1958	12.4258								
2016/07/31 18:55:00		1.23061	162.296	33.6474	0.364583	1001.0	1.18854	28.2668	11.4905	56.858	68.349	27.2272	1757.71	23.748	42.415	19.625	13.9583								
2016/07/31 19:00:00		1.3293	165.979	33.5047	0.359375	1001.11	1.18125	28.1975	10.7669	54.376	65.143	27.2463	1779.38	23.773	45.2933	19.3983	13.5283								
2016/07/31 19:05:00		1.20563	162.17	33.3542	0.360417	1001.25	1.18854	28.1414	12.596	54.565	67.16	27.1986	1768.54	23.2015	42.4167	20.585	14.7433								
2016/07/31 19:10:00		0.92339	168.242	33.2443	0.360938	1001.3	1.13021	28.0879	37.3547	61.024	98.379	26.8459	1818.33	23.8444	56.987	25.8167	17.5567								
2016/07/31 19:15:00		1.39505	181.876	33.137	0.357812	1001.45	1.19583	28.0372	44.4322	71.873	116.305	27.2606	2002.5	23.173	58.587	27.5567	19.32								
2016/07/31 19:20:00		1.15583	172.549	33.0677	0.365104	1001.5	1.12292	27.9762	21.076	61.083	82.159	28.0042	2146.25	23.8087	58.817	30.6033	22.76								
2016/07/31 19:25:00		1.32522	181.029	32.9964	0.363021	1001.43	1.16667	27.9153	17.257	51.49	68.747	28.6429	2137.29	23.1837	62.741	33.4642	25.3358								
2016/07/31 19:30:00		1.18244	177.762	32.8911	0.3625	1001.46	1.18125	27.8573	16.4887	54.304	70.793	28.4141	2105.0	23.1801	68.497	36.265	27.7458								
2016/07/31 19:35:00		1.18425	168.598	32.8427	0.359375	1001.51	1.20313	27.8136	13.6524	54.835	68.487	28.1615	2143.33	23.8445	66.791	38.8192	29.89								
2016/07/31 19:40:00		1.01843	163.014	32.7938	0.363021	1001.58	1.11563	27.7674	24.3255	56.69	81.016	27.885	2115.63	23.523	73.177	42.4942	33.165								
2016/07/31 19:45:00		0.80965	173.623	32.6958	0.361979	1001.69	1.14479	27.6823	21.6812	62.072	83.753	27.6181	2093.54	23.6266	75.627	44.9833	36.6183								
2016/07/31 19:50:00		0.92562	165.792	32.6292	0.361979	1001.85	1.15208	27.6522	13.1834	58.084	71.267	27.6705	2076.88	23.5944	91.665	54.606	42.9892								
2016/07/31 19:55:00		1.40664	182.708	32.5391	0.364062	1001.99	1.10104	27.6224	37.9041	66.844	104.748	27.966	2152.92	23.4194	82.171	55.483	44.9567								
2016/07/31 20:00:00		1.11408	182.234	32.4896	0.361458	1002.03	1.14479	27.5709	24.1915	69.997	94.188	28.0947	2284.17	23.1944	85.723	58.578	46.9317								
2016/07/31 20:05:00		1.25963	170.501	32.4464	0.361979	1002.14	1.15937	27.493	14.0789	52.538	66.617	28.4427	2365.83	23.8194	83.595	56.882	46.8433								
2016/07/31 20:10:00		1.64349	170.101	32.3844	0.366146	1002.32	1.15208	27.4101	28.0842	56.855	84.939	28.5428	2312.08	22.1943	86.75	59.185	48.0033								
2016/07/31 20:15:00		1.25914	163.627	32.3635	0.364583	1002.44	1.18854	27.3711	12.8997	53.322	66.222	28.2616	2305.42	23.9837	88.537	60.672	49.6033								
2016/07/31 20:20:00		1.62512	171.526	32.2839	0.361458	1002.58	1.23229	27.3217	8.5537	43.3805	51.934	28.619	2245.0	24.023	95.022	65.463	54.386								
2016/07/31 20:25:00		1.10544	159.066	32.2156	0.364062	1002.71	1.20313	27.2519	9.9495	45.8008	55.75	28.4665	2236.88	23.3087	101.045	68.262	56.867								
2016/07/31 20:30:00		0.93802	169.638	32.1385	0.363542	1002.81	1.18854	27.1593	12.3213	47.0126	59.334	28.3331	2273.96	22.6622	103.57	69.48	56.141								
2016/07/31 20:35:00		1.00968	167.748	32.0932	0.364583	1002.89	1.12292	27.096	21.6656	55.698	77.363	28.4236	2371.04	23.2765	95.852	66.055	53.839								
2016/07/31 20:40:00		1.13917	167.977	32.0844	0.359896	1003.02	1.11563	27.0909	18.7756	54.024	72.799	28.4665	2398.96	23.6873	93.612	63.856	51.892								
2016/07/31 20:45:00		1.25	168.243	31.9818	0.360938	1003.13	1.19583	27.0495	10.1751	46.66	56.835	28.5857	2431.04	23.3123	88.827	60.878	49.3892								
2016/07/31 20:50:00		0.97033	167.072	31.9302	0.360938	1003.23	1.225	26.9913	9.0919	43.6886	52.78	28.3855	2420.42	23.148	87.438	59.899	48.2758								
2016/07/31 20:55:00		0.96017	160.718	31.8854	0.363021	1003.33	1.14479	26.9349	10.3068	47.2728	57.58	28.1996	2425.0	23.248	87.9	59.97	48.9608								
2016/07/31 21:00:00		0.83533	178.935	31.8839	0.363021	1003.37	1.15937	26.8914	16.4239	50.011	66.435	28.1615	2470.63	23.1301	93.075	63.73	50.878								
2016/07/31 21:05:00		0.79726	165.4	31.8818	0.3625	1003.41	1.17396	26.8836	17.0426	50.213	67.256	28.6953	2575.0	23.4623	84.903	59.197	48.385								
2016/07/31 21:10:00		0.86966	172.264	31.8245	0.361979	1003.52	1.18854	26.8516	8.9132	37.7114	46.6247	28.5476	2531.04	22.7336	89.938	60.877	49.4933								
2016/07/31 21:15:00		0.82997	167.349	31.7865	0.3625	1003.61	1.15937	26.7633	19.1464	46.1191	65.266	28.7049	2500.63	22.0336	90.458	61.143	50.141								
2016/07/31 21:20:00		0.83765	183.437	31.7036	0.363542	1003.73	1.12292	26.6433	13.6635	45.6604	59.324	28.4284	2516.25	22.3551	91.348	61.576	48.9258								
2016/07/31 21:25:00		0.79901	189.51	31.6464	0.366146	1003.82	1.23958	26.5652	20.33	48.9776	69.308	28.3331	2583.96	22.6122	91.953	61.699	46.4025								
2016/07/31 21:30:00		0.77894	182.523	31.5911	0.363021	1003.93	1.15937	26.4763	14.6551	46.5128	61.168	28.4379	2615.21	22.5729	80.017	53.678	41.9842								
2016/07/31 21:35:00		0.82364	163.123	31.5901	0.361979	1004.12	1.18854	26.381	10.9992	41.436	52.435	28.2473	2600.42	23.0658	78.803	52.875	41.4783								
2016/07/31 21:40:00		1.02499	164.492	31.5906	0.361458	1004.21	1.15208	26.3289	19.1709	46.684	65.855	28.09	2662.71	22.4086	82.781	55.384	41.6525								
2016/07/31 21:45:00		0.95171	165.333	31.5833	0.364583	1004.27	1.1375	26.3002	24.9709	47.8787	72.85	28.2568	2834.38	22.13	82.018	54.98	42.205								
2016/07/31 21:50:00		0.84365	155.728	31.5885	0.360417	1004.28	1.12292	26.2836	27.2087	45.6228	72.831	28.0518	2957.29	22.9765	83.664	57.072	44.5375								
2016/07/31 21:55:00		0.72293	164.033	31.5073	0.359375	1004.33	1.15208	26.2433	22.0765	40.6692	62.746	27.8659	2951.88	22.1872	82.758	56.934	45.355								
2016/07/31 22:00:00		1.08074	160.273	31.4786	0.358333	1004.33	1.14479	26.1923	15.104	35.5616	50.666	27.7372	2869.38	21.7122	85.383	58.028	46.325								
2016/07/31 22:05:00		1.02836	169.968	31.4	0.360938	1004.34	1.1375	26.173	20.6293	39.2999	59.929	27.8039	2848.75	22.6694	81.528	56.357	45.1967								
2016/07/31 22:10:00		0.80944	155.757	31.376	0.357292	1004.4	1.13021	26.2199	25.6967	39.3889	65.086	28.0089	2864.17	23.2944	85.112	57.815	45.94								
2016/07/31 22:15:00		0.86731	158.256	31.3646	0.360938	1004.4	1.17396	26.2857	23.0033	39.8168	62.82	28.1329	2822.5	22.8837	87.71	59.86	46.5333								
2016/07/31 22:20:00		0.59555	151.376	31.2807	0.360938	1004.4	1.14479	26.3415	25.5851	39.4813	65.066	27.9899	2824.58	22.6051	94.767	64.308	49.5717								
2016/07/31 22:25:00		0.61464	162.863	31.2807	0.361979	1004.31	1.18854	26.4046	30.8848	41.0458	71.931	28.4904	2879.38	23.0551	99.743	68.092	52.905								
2016/07/31 22:30:00		0.58421	142.925	31.275	0.360417	1004.25	1.16667	26.4607	29.815	38.8514	68.666	28.8193	2950.0	22.4194	96.733	65.553	51.26								
2016/07/31 22:35:00		1.117	139.423	31.1875	0.359896	1004.25	1.14479	26.4919	28.6537	40.1968	68.85	29.9919	2991.88	22.8908	88.515	60.072	46.9717								
2016/07/31 22:40:00		1.98098	142.69	31.1896	0.361979	1004.35	1.15937	26.5319	26.8581	37.3623	64.22	30.4638	2960.42	23.1908	92.271	62.699	44.9358								
2016/07/31 22:45:00		1.84261	162.532	31.263	0.358333	1004.44	1.16667	26.5649	27.0144	39.5155	66.53	30.54	2935.63	22.6944	101.881	68.231	52.656								
2016/07/31 22:50:00		1.64166	156.929	31.2938	0.361979	1004.46	1.18854	26.5969	26.5275	40.7787	67.306	29.9061	2864.79	23.2908	112.698	75.653	59.707								
2016/07/31 22:55:00		1.10883	155.977	31.3729	0.366146	1004.39	1.18125	26.6133	20.6941	38.2831	58.977	29.806	2837.5	23.6801	112.942	78.799	65.124								
2016/07/31 23:00:00		2.12881	165.435	31.2865	0.363021	1004.31	1.08646	26.6235	20.3144	35.3117	55.626	29.4389	2776.04	23.3301	109.643	78.563	66.749								
2016/07/31 23:05:00		1.63524	158.713	31.2568	0.364583	1004.27	1.20313	26.6401	21.8264	35.8252	57.652	29.1482	2716.67	22.6051	110.848	80.822	67.577								
2016/07/31 23:10:00		2.15882	157.242	31.174	0.363021	1004.31	1.14479	26.6801	26.8134	37.1055	63.919	28.8145	2652.08	21.8657	108.778	81.4	69.388								
2016/07/31 23:15:00		2.30701	164.415	31.0599	0.365625	1004.33	1.19583	26.6924	16.8572	28.7423	45.5995	28.7239	2545.63	22.3193	106.854	82.224	72.01								
2016/07/31 23:20:00		1.86251	174.582	30.9448	0.361979	1004.24	1.20313	26.7104	18.2597	29.2318	47.4916	28.9337	2413.13	22.8051	107.937	84.382	73.665								
2016/07/31 23:25:00		1.48727	169.62	30.8495	0.361458	1004.21	1.15208	26.7147	21.2725	28.9717	50.244	32.5945	2287.29	22.6551	113.175	83.838	72.008								
2016/07/31 23:30:00		1.41815	162.562	30.8182	0.363021	1004.16	1.18854	26.7276	19.7047	30.5498	50.255	32.1083	2223.96	22.9765	112.438	81.851	70.292								
2016/07/31 23:35:00		1.60046	162.409	30.7672	0.365104	1004.12	1.16667	26.8095	17.1721	26.7533	43.9254	31.0501	2148.33	22.5836	109.888	80.741	68.359								
2016/07/31 23:40:00		1.57867	156.279	30.7182	0.363542	1004.07	1.225	27.0688	17.2547	27.2258	44.4805	30.2826	2116.04	22.3515	112.788	80.94	68.711								
2016/07/31 23:45:00		1.58077	155.853	30.7146	0.363021	1004.01	1.11563	27.1647	24.5064	30.0432	54.55	30.4924	2095.83	21.9693	113.448	82.675	70.367								
2016/07/31 23:50:00		1.70349	163.329	30.6208	0.365625	1003.98	1.19583	27.1633	17.6724	26.1782	43.8506	29.7774	2040.83	21.8622	107.525	83.106	71.302								
2016/07/31 23:55:00		2.21926	159.58	30.5141	0.360938	1003.98	1.15208	27.1392	21.4735	27.4791	48.9526	29.0433	1968.33	22.1979	110.855	83.118	71.113								
2016/08/01 00:00:00		2.29579	158.862	30.4385	0.363542	1003.92	1.17396	27.1435	18.4004	26.9622	45.3626	29.4199	1886.04	21.8122	103.823	80.144	69.182								
