-- 1st mean values --
Format: XTAB(V:1;HEAD:2;COL:TCFFFFFFFFFFFFFFFFFFFFFFFF)
StartTime: 2016/04/01 00:00:00
EndTime: 2016/04/02 00:00:00
Period: 24 h
Station: Gia Lam

Time	MeasPt	Wind Spd.	Wind Dir.	Temp	RH	Barometer	Radiation	InnerTemp	NO	NO2	NOx	SO2	CO	O3	PM-10	PM-2.5	PM-1	CH4	NMHC	THC	BENZEN	TOLUEN	ETHYL BENZEN	MP-XYLEN	O-XYLEN
		m/s	degree	°C	%	hPa	W/m²	°C	µg/m3	µg/m3	µg/m3	µg/m3	µg/m3	µg/m3	µg/m3	µg/m3	µg/m3	ppm	ppmC	ppmC	ug/m3	ug/m3	ug/m3	ug/m3	ug/m3
2016/04/01 00:05:00		0.55595	177.499	21.4026	0.63073	1012.09	1.06458	26.9177	69.164	15.7234	84.887		1056.04	4.98962	84.891	65.034	57.002								
2016/04/01 00:10:00		0.5298	126.779	21.401	0.7875	1011.96	1.07187	26.7966	73.751	17.0448	90.796		1054.58	16.7833	86.702	65.573	57.318								
2016/04/01 00:15:00		0.5142	78.119	21.4005	0.95052	1011.9	1.02813	26.603	80.717	15.6378	96.355		1042.71	6.2826	85.025	65.506	57.383								
2016/04/01 00:20:00		0.0	502.0	21.401	1.1026	1011.88	1.07187	26.4809	84.366	16.0794	100.446		1091.67	1.03578	83.462	65.517	57.605								
2016/04/01 00:25:00		0.73485	85.583	21.4026	1.23594	1011.78	1.04271	26.4857	89.452	14.467	103.919		1019.17	0.0	97.133	69.524	58.343								
2016/04/01 00:30:00		0.74364	97.844	21.3979	1.35104	1011.71	1.1375	26.5123	95.169	14.758	109.927		1121.25	0.0	99.55	69.581	58.54								
2016/04/01 00:35:00		0.69991	100.388	21.3969	1.45469	1011.5	1.03542	26.5219	94.16	14.4328	108.592		1090.0	25.2945	104.548	71.412	59.316								
2016/04/01 00:40:00		0.55823	98.288	21.337	1.55156	1011.44	1.07917	26.3896	93.514	14.8504	108.365		1039.17	28.7341	95.89	69.808	59.583								
2016/04/01 00:45:00		0.0	502.0	21.2969	1.58854	1011.42	1.10833	26.2215	91.73	14.3438	106.073		1072.08	6.7683	101.059	71.63	60.527								
2016/04/01 00:50:00		0.78137	70.714	21.3021	1.65417	1011.21	1.03542	26.2132	95.855	13.8405	109.695		1050.83	0.0	106.488	74.289	62.066								
2016/04/01 00:55:00		0.73791	64.827	21.299	1.66979	1011.08	1.15937	26.2492	96.844	14.1349	110.979		1038.13	16.4047	112.818	75.572	59.953								
2016/04/01 01:00:00		0.0	502.0	21.2974	1.76406	1010.96	1.02083	26.304	99.473	14.2171	113.69		1005.0	1.42509	102.173	71.758	60.056								
2016/04/01 01:05:00		0.0	502.0	21.3016	1.76406	1010.86	1.10833	26.3268	100.252	12.8649	113.117		1020.42	1.99656	100.921	72.434	61.922								
2016/04/01 01:10:00		0.61696	76.799	21.2938	1.86458	1010.72	1.05729	26.2258	97.63	13.4605	111.091		919.17	107.8	98.102	73.414	63.528								
2016/04/01 01:15:00		0.54524	87.234	21.3	1.87344	1010.59	1.1375	26.0991	94.334	14.4533	108.787		916.46	160.507	97.022	75.435	66.575								
2016/04/01 01:20:00		0.6404	94.308	21.2104	1.88698	1010.63	1.08646	26.1332	89.82	14.9634	104.784		882.71	164.265	109.7	77.973	67.66								
2016/04/01 01:25:00		0.67969	100.148	21.1974	1.96198	1010.68	1.11563	26.1979	86.823	15.2407	102.064		855.0	166.172	111.182	77.363	67.273								
2016/04/01 01:30:00		0.5852	106.309	21.2052	2.00052	1010.65	1.13021	26.2701	85.983	13.5461	99.529		854.58	166.943	110.35	79.32	68.208								
2016/04/01 01:35:00		0.64601	102.105	21.2036	2.06823	1010.59	1.10833	26.3104	85.342	12.5499	97.892		948.13	58.118	112.708	79.91	68.827								
2016/04/01 01:40:00		0.96553	93.686	21.2031	2.14271	1010.53	1.10833	26.2175	85.747	15.3879	101.134		1009.79	37.1203	121.248	82.7	69.477								
2016/04/01 01:45:00		0.83666	114.685	21.2021	2.16198	1010.47	1.14479	26.09	87.462	14.8162	102.278		977.08	8.1291	100.723	77.032	68.2								
2016/04/01 01:50:00		0.6143	123.694	21.1984	2.16615	1010.5	1.08646	26.0951	89.664	13.0634	102.727		917.71	0.0	100.395	78.095	68.658								
2016/04/01 01:55:00		0.62725	129.864	21.2031	2.20417	1010.49	1.06458	26.1528	88.896	11.8687	100.764		952.5	0.0	109.282	79.088	68.528								
2016/04/01 02:00:00		0.65364	124.431	21.1344	2.26406	1010.48	1.06458	26.2148	85.762	11.7489	97.511		958.33	0.0	113.973	79.395	68.316								
2016/04/01 02:05:00		0.6116	97.609	21.1115	2.26302	1010.42	1.05729	26.2758	83.922	12.6389	96.561		960.0	9.5792	108.328	78.103	68.112								
2016/04/01 02:10:00		0.96524	96.047	21.1031	2.36719	1010.33	1.05729	26.2146	78.571	13.0669	91.638		900.63	73.862	106.919	78.712	68.48								
2016/04/01 02:15:00		1.00485	91.802	21.1021	2.36927	1010.22	1.05	26.0902	76.871	14.402	91.273		871.46	15.3725	96.882	76.412	67.928								
2016/04/01 02:20:00		0.52871	77.99	21.0984	2.45365	1010.2	1.02813	26.0623	74.314	12.2658	86.58		879.58	0.335737	104.026	79.467	69.886								
2016/04/01 02:25:00		0.61985	90.32	21.0995	2.38802	1010.17	1.02813	26.1013	74.171	13.7686	87.94		778.54	0.0	99.149	76.508	67.654								
2016/04/01 02:30:00		0.87169	84.481	21.0042	2.36875	1010.14	1.07917	26.1627	69.095	14.0562	83.151		782.71	0.0	98.12	73.962	65.038								
2016/04/01 02:35:00		0.66164	74.56	20.9969	2.43542	1010.13	1.10104	26.2291	66.198	13.9501	80.148		732.08	0.93935	94.937	71.123	61.581								
2016/04/01 02:40:00		0.63649	72.168	20.9979	2.46406	1010.06	1.03542	26.2637	60.66	12.7896	73.449		643.96	52.818	87.068	67.49	59.514								
2016/04/01 02:45:00		0.0	502.0	20.9953	2.46198	1010.06	1.1375	26.163	53.872	14.0322	67.905		577.92	57.411	89.744	68.384	59.957								
2016/04/01 02:50:00		0.84065	72.682	21.0005	2.50312	1010.08	1.10833	26.05	50.134	14.3883	64.522		603.13	10.0507	97.872	69.721	60.292								
2016/04/01 02:55:00		0.53873	73.327	20.9943	2.56667	1010.11	1.06458	26.0626	46.8598	14.6553	61.515		567.29	0.0	100.429	70.347	60.6								
2016/04/01 03:00:00		0.0	502.0	21.0	2.56823	1010.08	1.07917	26.1045	44.66	14.2308	58.891		540.63	0.0	104.067	71.652	61.034								
2016/04/01 03:05:00		0.0	502.0	20.9953	2.56615	1010.16	1.09375	26.1582	49.3678	14.8983	64.266		575.0	0.0	101.468	71.64	61.352								
2016/04/01 03:10:00		0.62547	75.501	20.9964	2.57292	1010.02	1.13021	26.2111	63.025	14.7956	77.82		720.83	5.9504	107.164	73.397	61.642								
2016/04/01 03:15:00		0.55876	96.434	20.9995	2.65937	1009.98	1.10104	26.2049	65.624	13.8337	79.458		708.54	82.295	104.488	72.606	60.874								
2016/04/01 03:20:00		0.88784	96.666	21.0	2.66146	1010.06	1.15208	26.0658	64.637	14.3883	79.025		768.96	40.542	104.405	71.898	61.202								
2016/04/01 03:25:00		0.69356	116.757	20.9984	2.66458	1010.02	1.08646	25.9606	65.249	14.7066	79.956		750.21	6.2326	93.633	69.733	60.019								
2016/04/01 03:30:00		0.6255	104.06	21.0021	2.66302	1009.99	1.1375	25.9737	61.017	13.0771	74.094		784.17	0.0	98.005	70.604	60.194								
2016/04/01 03:35:00		0.7788	121.424	20.9958	2.66302	1009.9	1.10833	26.0046	63.516	14.669	78.185		824.38	0.0	102.195	72.701	62.535								
2016/04/01 03:40:00		0.70634	111.363	20.999	2.66615	1009.93	1.12292	26.04	62.938	14.087	77.025		810.42	0.67504	100.099	71.257	60.308								
2016/04/01 03:45:00		0.92592	108.108	21.0	2.66979	1009.89	1.07917	26.0685	63.215	13.8166	77.031		778.13	14.5224	99.661	69.993	59.418								
2016/04/01 03:50:00		0.8665	113.229	21.0016	2.66042	1009.89	1.11563	26.0685	63.646	13.9946	77.64		936.67	90.47	105.85	70.817	59.149								
2016/04/01 03:55:00		0.76576	134.315	20.999	2.74062	1009.91	1.07917	25.9469	61.397	14.8093	76.206		913.13	54.864	99.38	70.214	59.535								
2016/04/01 04:00:00		0.80741	129.136	20.9995	2.7625	1009.83	1.16667	25.8503	65.506	14.4157	79.922		913.54	7.847	102.834	71.21	60.699								
2016/04/01 04:05:00		0.79166	92.339	20.9953	2.76094	1009.77	1.07917	25.8911	63.748	14.0254	77.774		926.67	0.0	94.117	69.432	59.436								
2016/04/01 04:10:00		1.09825	92.853	20.9969	2.76198	1009.78	1.10833	25.9456	61.05	13.6694	74.72		1029.38	0.0	104.52	71.183	60.103								
2016/04/01 04:15:00		1.03332	100.868	20.999	2.76302	1009.72	1.07187	26.01	61.711	13.262	74.973		973.33	1.21437	93.829	69.083	59.456								
2016/04/01 04:20:00		1.22076	109.102	20.9016	2.76198	1009.7	1.14479	26.0618	57.513	12.4712	69.984		929.58	18.3691	95.873	68.695	58.959								
2016/04/01 04:25:00		0.74523	108.495	20.9021	2.82656	1009.85	1.10833	26.1088	60.095	14.063	74.158		1108.96	78.255	96.149	69.56	59.14								
2016/04/01 04:30:00		0.69288	113.551	20.901	2.87135	1009.89	1.11563	26.0264	59.661	14.8093	74.471		1133.54	80.202	87.643	67.953	59.023								
2016/04/01 04:35:00		0.65287	110.951	20.8995	2.86927	1009.95	1.07917	25.9238	61.912	13.036	74.949		1161.88	12.4758	89.932	68.03	59.686								
2016/04/01 04:40:00		0.82346	111.027	20.9047	2.87292	1010.01	1.11563	25.9415	60.287	13.7686	74.055		1126.25	0.0	87.083	67.522	58.994								
2016/04/01 04:45:00		0.80397	120.738	20.9	2.86979	1010.05	1.17396	25.9855	59.726	15.5385	75.265		1205.83	0.0	93.438	69.245	59.728								
2016/04/01 04:50:00		1.09293	134.121	20.8969	2.8724	1010.13	1.18125	26.0433	57.285	13.7823	71.067		1142.92	0.55004	84.033	67.535	60.115								
2016/04/01 04:55:00		1.08739	128.843	20.9	2.91927	1010.16	1.17396	26.0886	56.771	14.6245	71.396		1141.04	13.2045	89.995	68.967	60.822								
2016/04/01 05:00:00		1.17639	128.196	20.9026	2.96979	1010.22	1.07917	26.1458	56.146	13.0532	69.199		1140.83	47.5817	87.213	70.72	62.729								
2016/04/01 05:05:00		1.05078	126.257	20.9016	2.97187	1010.26	1.06458	26.0803	55.757	14.0288	69.786		1343.33	113.925	95.673	74.592	65.962								
2016/04/01 05:10:00		0.98949	130.012	20.9	2.97083	1010.33	1.10833	25.9641	53.513	14.8538	68.367		1360.83	22.4908	102.885	78.732	69.027								
2016/04/01 05:15:00		1.07132	117.978	20.9	2.97344	1010.39	1.10833	25.9499	52.841	16.1581	68.999		1493.33	0.0	106.392	81.685	71.39								
2016/04/01 05:20:00		0.79179	121.774	20.9219	2.96979	1010.54	1.12292	25.9834	59.422	15.7028	75.125		1532.92	0.0	109.664	82.486	71.759								
2016/04/01 05:25:00		0.70416	123.246	20.9958	2.96771	1010.64	1.07187	26.0358	61.691	15.2475	76.939		1479.17	0.0	105.822	84.42	74.091								
2016/04/01 05:30:00		1.06505	130.481	20.9969	2.96927	1010.7	1.11563	26.0825	64.117	13.909	78.026		1545.42	8.497	122.873	89.219	77.36								
2016/04/01 05:35:00		0.6739	142.402	20.9964	2.96979	1010.8	1.09375	26.2264	64.474	15.4598	79.934		1510.0	44.1315	119.035	91.844	80.343								
2016/04/01 05:40:00		0.86726	113.333	20.9974	2.9651	1010.84	1.1375	26.4626	68.93	15.5009	84.43		1834.17	44.0494	138.837	100.518	85.132								
2016/04/01 05:45:00		0.55792	145.244	20.9953	2.96927	1010.89	1.10104	26.5625	84.105	16.8805	100.986		1960.42	31.945	133.968	97.748	82.859								
2016/04/01 05:50:00		0.7633	124.39	20.9984	2.96823	1010.98	1.05	26.5931	90.521	17.5103	108.032		1951.88	24.423	122.617	94.74	81.486								
2016/04/01 05:55:00		0.61701	139.276	21.0005	2.96823	1011.01	1.05729	26.6425	90.7	16.4799	107.18		1867.29	20.6942	124.912	92.777	79.573								
2016/04/01 06:00:00		0.86759	131.859	20.9964	2.97083	1011.03	1.07917	26.701	85.519	18.7393	104.258		1846.88	17.8655	111.807	90.354	78.45								
2016/04/01 06:05:00		0.67824	144.967	20.9964	2.96979	1011.07	1.07917	26.7241	81.543	19.8177	101.361		1723.33	16.0582	111.756	87.517	76.028								
2016/04/01 06:10:00		0.64632	136.884	21.001	2.96667	1011.11	1.07917	26.7931	79.353	20.0128	99.365		1856.46	14.4795	111.924	87.948	76.277								
2016/04/01 06:15:00		0.95641	126.816	20.9995	2.97031	1011.13	1.10833	26.8154	76.418	20.3072	96.725		1733.54	14.1545	106.369	86.552	76.673								
2016/04/01 06:20:00		0.94623	120.983	21.0016	2.97292	1011.15	1.08646	26.8605	75.496	20.5948	96.09		1764.79	13.2795	117.535	87.996	76.884								
2016/04/01 06:25:00		0.93527	116.602	20.9984	2.97083	1011.16	1.13021	26.8871	75.375	20.0436	95.419		1936.46	13.0544	114.696	88.686	76.747								
2016/04/01 06:30:00		0.64859	116.917	20.9984	3.07292	1011.16	1.06458	26.9107	78.144	20.5126	98.657		1947.5	13.1152	112.255	86.351	76.281								
2016/04/01 06:35:00		0.96015	98.47	20.9974	3.0724	1011.17	1.1375	26.9534	87.33	21.033	108.363		2278.54	12.6294	115.55	90.328	79.569								
2016/04/01 06:40:00		0.76412	100.7	21.0005	3.0724	1011.38	1.07917	26.9902	100.509	19.1296	119.639		2512.08	12.1794	109.641	87.801	78.727								
2016/04/01 06:45:00		0.73067	139.756	21.0021	3.09583	1011.39	2.94583	27.0184	96.596	19.6088	116.205		2222.29	11.2079	109.1	86.788	77.526								
2016/04/01 06:50:00		0.79684	124.056	20.9995	3.16823	1011.3	6.3219	27.016	97.92	20.3757	118.296		2455.21	11.2793	112.851	89.697	80.101								
2016/04/01 06:55:00		1.00055	138.691	21.0599	3.17031	1011.34	5.9865	27.0463	100.23	20.1805	120.41		2430.83	11.2543	108.914	88.144	78.712								
2016/04/01 07:00:00		0.78848	126.512	21.0995	3.1625	1011.39	9.6323	27.0562	105.188	19.2015	124.389		2639.17	11.0865	115.35	89.695	78.91								
2016/04/01 07:05:00		0.63255	123.249	21.1042	3.23229	1011.47	7.7219	27.0858	109.232	19.9512	129.184		2844.79	11.1543	113.944	91.223	80.198								
2016/04/01 07:10:00		0.76384	110.759	21.1036	3.275	1011.61	3.46354	27.1314	118.324	17.928	136.252		3217.92	10.615	111.185	91.268	81.022								
2016/04/01 07:15:00		0.95354	141.607	21.101	3.27187	1011.7	3.55833	27.1953	129.772	19.3898	149.162		3652.71	11.1365	107.372	90.586	80.958								
2016/04/01 07:20:00		1.07054	101.565	21.1365	3.26615	1011.68	4.14896	27.2364	131.834	18.0923	149.926		3960.21	10.3578	106.056	90.318	81.311								
2016/04/01 07:25:00		0.98917	88.938	21.2031	3.27396	1011.87	1.225	27.2941	138.429	17.548	155.977		4442.5	10.2721	100.482	87.58	78.591								
2016/04/01 07:30:00		0.56882	126.273	21.2026	3.2724	1011.98	3.85	27.3303	143.293	18.8078	162.101		4675.21	10.615	99.19	86.249	78.407								
2016/04/01 07:35:00		0.59451	68.448	21.2042	3.27344	1012.1	5.7021	27.3507	137.721	17.7603	155.481		4272.08	10.8079	97.996	83.257	75.75								
2016/04/01 07:40:00		0.93867	78.295	21.2031	3.26927	1012.23	12.7385	27.395	131.465	18.7256	150.191		4576.04	10.8222	93.512	82.217	75.189								
2016/04/01 07:45:00		0.92552	96.924	21.199	3.27031	1012.28	13.9198	27.4345	131.624	20.0607	151.684		4531.88	10.6436	91.057	80.672	74.15								
2016/04/01 07:50:00		0.92225	90.138	21.201	3.27292	1012.25	17.6531	27.4562	121.922	18.7975	140.72		4407.5	9.5578	90.217	80.915	74.95								
2016/04/01 07:55:00		0.82607	85.8	21.2042	3.2724	1012.37	18.2365	27.4828	113.085	19.7252	132.81		4170.63	10.2935	85.555	78.828	73.565								
2016/04/01 08:00:00		1.08706	98.081	21.2031	3.27187	1012.47	22.1667	27.4979	105.487	20.6016	126.089		4056.46	9.7578	85.053	78.635	74.257								
2016/04/01 08:05:00		0.91351	98.438	21.2307	3.27552	1012.58	21.1021	27.5132	100.504	21.6629	122.167		4041.88	10.5578	80.077	76.059	72.349								
2016/04/01 08:10:00		0.73001	104.202	21.2161	3.2724	1012.54	25.0979	27.5365	98.841	22.0565	120.897		4329.58	10.0435	80.908	77.09	73.204								
2016/04/01 08:15:00		1.07739	90.171	21.3021	3.27187	1012.52	22.4802	27.5789	110.329	24.6446	134.973		5203.8	10.6721	84.42	78.608	74.247								
2016/04/01 08:20:00		0.93832	91.007	21.3036	3.2724	1012.53	18.8198	27.5988	117.426	23.8675	141.294		5027.3	10.3293	82.279	76.541	72.131								
2016/04/01 08:25:00		0.90781	99.662	21.3021	3.27187	1012.58	29.0938	27.6283	119.465	22.6659	142.131		4848.54	10.4864	82.918	75.55	71.087								
2016/04/01 08:30:00		0.63629	84.302	21.3031	3.27187	1012.64	41.8615	27.663	120.902	24.2235	145.125		5206.0	10.1864	80.783	73.713	69.287								
2016/04/01 08:35:00		0.61153	72.719	21.4	3.27708	1012.65	81.287	27.7032	136.655	24.1208	160.776		5910.8	9.4721	81.865	72.155	68.062								
2016/04/01 08:40:00		0.85493	121.663	21.4625	3.34948	1012.82	34.7667	27.7046	148.731	24.1174	172.848		5666.9	9.3578	78.456	71.35	67.75								
2016/04/01 08:45:00		0.7649	140.935	21.5036	3.37344	1012.88	41.6354	27.747	146.547	22.4365	168.983		5043.5	9.8721	74.468	68.323	65.081								
2016/04/01 08:50:00		0.57886	84.69	21.5042	3.37083	1012.89	45.8281	27.7857	139.137	24.7302	163.867		5191.5	9.8721	72.574	67.418	64.159								
2016/04/01 08:55:00		0.60857	33.6155	21.5583	3.36979	1012.87	50.189	27.8109	147.485	24.8397	172.325		5617.7	9.4149	71.863	66.238	63.457								
2016/04/01 09:00:00		0.51874	58.556	21.6099	3.36875	1012.86	39.2438	27.849	161.215	24.3912	185.607		5880.2	9.5292	68.357	63.319	60.675								
2016/04/01 09:05:00		0.59982	57.35	21.6078	3.35104	1012.9	34.9708	27.882	177.085	24.5008	201.586		6457.1	9.9007	71.26	63.75	60.464								
2016/04/01 09:10:00		0.66414	81.15	21.6323	3.2724	1012.97	29.9323	27.9164	183.236	25.9968	209.233		6227.5	9.8435	71.011	61.745	58.543								
2016/04/01 09:15:00		0.85172	102.368	21.7083	3.26042	1013.11	18.8344	27.9057	176.273	24.4871	200.76		5558.8	9.6435	63.702	58.734	56.087								
2016/04/01 09:20:00		1.18913	120.746	21.613	3.16094	1013.15	36.1521	27.9454	159.241	25.0588	184.3		5117.9	10.4721	61.564	56.715	54.427								
2016/04/01 09:25:00		0.78406	121.88	21.6125	3.07448	1013.13	40.5781	27.9556	147.532	25.1615	172.693		4674.17	9.8149	62.228	54.779	52.227								
2016/04/01 09:30:00		0.87854	95.546	21.6109	3.00208	1013.06	46.0469	27.9674	134.94	25.5518	160.492		4747.5	9.7578	58.433	54.451	52.573								
2016/04/01 09:35:00		0.8334	127.907	21.6401	2.96875	1013.08	44.4792	27.9693	130.585	26.3973	156.983		4628.33	9.9292	59.193	54.055	51.705								
2016/04/01 09:40:00		0.80983	120.039	21.712	2.97917	1013.08	58.027	27.9972	121.236	26.2775	147.514		4339.58	9.7006	57.502	52.227	50.19								
2016/04/01 09:45:00		1.29136	129.518	21.7109	2.9776	1013.07	56.153	28.0125	115.897	27.9207	143.817		4220.83	9.7864	55.836	50.942	48.7392								
2016/04/01 09:50:00		1.13671	135.253	21.7115	2.97604	1013.16	37.1729	28.0173	112.864	27.2086	140.072		4039.17	9.5578	52.054	49.0167	47.3192								
2016/04/01 09:55:00		1.40953	131.123	21.713	2.91615	1013.19	35.2479	28.0176	106.161	27.794	133.956		3725.0	9.9578	54.801	50.471	48.6208								
2016/04/01 10:00:00		0.9277	133.875	21.712	2.8875	1013.18	51.698	28.0504	104.882	28.1432	133.025		3676.04	9.8149	55.869	50.864	48.4458								
2016/04/01 10:05:00		1.33954	118.051	21.7125	2.97448	1013.05	87.624	28.0597	98.832	29.6324	128.464		3508.33	9.3863	57.273	51.947	49.6383								
2016/04/01 10:10:00		0.8121	128.762	21.7109	2.97344	1012.97	103.622	28.0761	96.598	28.8347	125.433		3224.17	9.5578	54.422	48.8458	46.445								
2016/04/01 10:15:00		1.24131	133.596	21.7896	3.02708	1012.9	171.872	28.1032	96.391	30.1288	126.519		3556.67	9.9578	57.343	49.85	46.975								
2016/04/01 10:20:00		1.20162	135.405	21.8953	3.08021	1012.88	148.772	28.1288	100.46	30.4745	130.934		3523.54	10.1578	58.299	51.998	49.3058								
2016/04/01 10:25:00		1.54953	132.302	21.9776	3.16771	1012.92	93.822	28.1763	105.103	29.9165	135.019		3446.46	9.9578	56.396	50.485	47.885								
2016/04/01 10:30:00		1.11315	141.117	22.0099	3.16875	1012.95	97.883	28.1945	105.851	30.2931	136.144		3349.38	9.5864	56.858	49.69	46.6908								
2016/04/01 10:35:00		1.34266	148.693	22.0526	3.07865	1012.97	111.169	28.2217	105.219	29.1394	134.358		3318.54	10.0721	57.434	49.6492	46.6883								
2016/04/01 10:40:00		1.28013	138.326	22.1182	3.08229	1013.04	83.803	28.2877	109.666	30.3444	140.01		3523.13	9.8435	55.664	48.9275	46.1017								
2016/04/01 10:45:00		0.96109	145.756	22.1484	2.99531	1013.06	90.373	28.3422	111.064	30.543	141.607		3555.83	10.8186	52.907	47.6442	45.5533								
2016/04/01 10:50:00		1.34622	158.391	22.212	2.88698	1012.97	121.217	28.379	103.683	29.6461	133.329		2934.79	9.8435	49.3592	46.5467	45.0633								
2016/04/01 10:55:00		1.22037	148.378	22.2161	2.76823	1012.78	179.397	28.4168	100.1	29.6153	129.715		3211.46	9.8721	48.6308	45.1617	43.4925								
2016/04/01 11:00:00		0.83303	149.665	22.3453	2.73333	1012.52	285.381	28.4762	102.774	30.1082	132.882		3316.25	10.5364	45.385	42.2725	40.6467								
2016/04/01 11:05:00		1.88304	148.896	22.474	2.6224	1012.4	228.331	28.5285	105.818	31.279	137.097		3494.38	9.9292	42.5408	39.4908	38.2942								
2016/04/01 11:10:00		1.36347	140.346	22.5688	2.39271	1012.21	172.36	28.5645	106.742	31.5357	138.278		3329.79	9.9007	42.0675	36.8567	35.4375								
2016/04/01 11:15:00		1.58077	135.955	22.6193	1.94792	1012.08	283.267	28.6185	105.677	31.2174	136.894		3186.04	10.1007	50.163	39.3483	36.4775								
2016/04/01 11:20:00		1.74641	134.185	22.688	1.57969	1011.94	199.536	28.6802	101.777	31.2516	133.029		3121.04	9.8721	62.035	43.7767	37.09								
2016/04/01 11:25:00		2.85188	145.625	22.8083	1.04062	1011.89	170.188	28.7374	101.507	33.1516	134.659		2930.83	10.3793	68.315	45.89	35.0475								
2016/04/01 11:30:00		2.49168	144.721	22.8234	0.444271	1011.76	174.643	28.7999	95.91	31.9123	127.823		2825.63	9.9042	73.525	49.195	35.685								
2016/04/01 11:35:00		2.55543	136.948	22.863	0.357812	1011.67	102.637	28.6773	91.79	29.9918	121.782		2758.33	23.9444	81.207	54.563	36.5775								
2016/04/01 11:40:00		2.00531	142.762	22.9182	0.357812	1011.74	83.147	28.4469	92.373	25.8735	118.246		2808.13	7.9577	85.447	57.052	38.3008								
2016/04/01 11:45:00		1.60411	139.528	22.9151	0.358333	1011.75	60.681	28.3897	91.953	23.7237	115.677		2889.79	0.0	89.195	59.462	37.8508								
2016/04/01 11:50:00		1.86468	135.251	22.9188	0.358854	1011.69	68.279	28.3867	96.208	23.6689	119.876		3094.58	0.0	88.643	59.132	37.7958								
2016/04/01 11:55:00		1.29969	143.188	22.9161	0.356771	1011.71	66.952	28.3945	100.064	23.0904	123.155		3096.04	0.0	97.119	64.758	38.875								
2016/04/01 12:00:00		1.01561	144.613	22.8818	0.360938	1011.66	77.875	28.4166	98.046	24.2988	122.344		3162.71	0.52503	91.915	61.271	38.3658								
2016/04/01 12:05:00		1.49727	142.069	22.8375	0.359375	1011.35	149.414	28.4278	102.135	25.6236	127.758		3164.58	8.5077	84.795	56.567	39.8542								
2016/04/01 12:10:00		1.7806	125.901	22.9208	0.354688	1011.03	139.409	28.4488	100.536	28.958	129.494		3110.0	18.2584	86.162	57.623	40.1783								
2016/04/01 12:15:00		1.80014	130.98	22.9604	0.355729	1010.88	142.107	28.4737	103.026	33.1652	136.191		3226.04	30.9449	92.547	61.709	40.2342								
2016/04/01 12:20:00		1.30086	122.441	23.0135	0.355729	1010.63	150.427	28.4853	102.729	36.6091	139.338		3158.96	42.0957	94.409	63.236	42.9417								
2016/04/01 12:25:00		1.65507	129.091	23.0307	0.353125	1010.5	161.16	28.492	101.297	43.0861	144.383		2993.13	50.275	94.759	63.343	41.4417								
2016/04/01 12:30:00		1.97291	130.768	23.1156	0.357812	1010.37	105.766	28.5001	100.502	46.4067	146.909		2833.75	50.278	90.043	60.268	42.4958								
2016/04/01 12:35:00		1.15435	122.677	23.1208	0.359896	1010.44	68.352	28.5124	96.766	52.22	148.985		2713.13	46.0888	89.886	60.05	41.1067								
2016/04/01 12:40:00		1.29908	120.28	23.1156	0.357812	1010.44	31.2594	28.5272	103.158	53.873	157.031		3210.83	41.0242	99.147	66.138	41.7708								
2016/04/01 12:45:00		1.12841	130.84	23.0182	0.354167	1010.4	48.0083	28.5468	109.708	55.28	164.988		3030.0	33.6808	72.437	50.157	38.605								
2016/04/01 12:50:00		1.04806	117.852	23.013	0.355729	1010.31	56.89	28.5586	102.217	54.482	156.7		2841.46	30.6378	80.821	54.443	40.0617								
2016/04/01 12:55:00		1.12269	116.926	23.0172	0.360417	1010.19	44.2313	28.5806	107.289	55.123	162.412		2958.75	25.7589	93.636	62.762	42.5017								
2016/04/01 13:00:00		1.20287	126.566	23.0182	0.358333	1010.23	45.6531	28.6128	107.933	53.767	161.699		3170.0	22.2086	93.721	62.489	41.3867								
2016/04/01 13:05:00		1.47547	128.728	23.0151	0.358333	1010.18	57.998	28.644	107.479	51.056	158.535		2951.67	20.4049	80.059	54.167	40.135								
2016/04/01 13:10:00		1.62647	141.297	23.0172	0.361458	1010.06	56.394	28.6807	100.165	46.8654	147.03		2657.92	17.544	67.917	46.9417	36.7308								
2016/04/01 13:15:00		2.33648	148.937	23.0177	0.361979	1009.89	102.9	28.7325	96.342	45.9959	142.337		2448.13	15.7761	65.603	45.985	36.125								
2016/04/01 13:20:00		1.826	146.944	23.013	0.354688	1009.76	124.68	28.7752	91.252	44.4314	135.683		2363.96	14.2509	75.664	51.368	36.8125								
2016/04/01 13:25:00		1.63646	138.77	23.0307	0.354688	1009.85	106.94	28.8072	95.147	44.6266	139.773		2567.29	13.1044	79.564	53.081	36.3917								
2016/04/01 13:30:00		1.73467	143.934	23.1193	0.355208	1009.73	119.664	28.8504	93.941	45.0511	138.992		2462.5	12.4294	63.394	42.7608	33.4608								
2016/04/01 13:35:00		1.02958	156.257	23.1464	0.358854	1009.64	125.03	28.892	90.982	45.0613	136.043		2475.42	12.4544	66.246	44.74	33.2617								
2016/04/01 13:40:00		1.1932	142.326	23.2505	0.357292	1009.63	97.439	28.9347	93.38	43.6852	137.065		2548.33	12.3044	66.978	44.9233	32.5692								
2016/04/01 13:45:00		1.21581	164.833	23.3203	0.358854	1009.54	58.333	28.9927	95.982	44.8422	140.824		2950.63	10.9043	70.84	47.2383	33.3133								
2016/04/01 13:50:00		1.16865	141.737	23.3797	0.355729	1009.42	71.83	29.0384	110.988	43.959	154.947		3386.25	11.5436	78.243	53.141	39.2033								
2016/04/01 13:55:00		1.16369	160.307	23.4193	0.35625	1009.33	84.438	28.9291	118.715	42.0522	160.767		3206.25	27.5482	69.172	46.9175	34.5592								
2016/04/01 14:00:00		1.4594	144.228	23.4203	0.357292	1009.28	84.78	28.7339	123.573	33.0043	156.577		3682.29	7.1898	72.825	48.875	34.8175								
2016/04/01 14:05:00		1.55703	151.626	23.3578	0.358854	1009.2	55.46	28.6928	121.346	29.1736	150.52		3726.46	0.0	66.338	44.7233	32.86								
2016/04/01 14:10:00		1.18055	143.939	23.3229	0.356771	1009.07	53.689	28.6797	118.992	27.0204	146.012		3553.75	0.0	60.758	41.6633	32.3658								
2016/04/01 14:15:00		1.09011	162.476	23.3214	0.35625	1009.01	64.05	28.6829	112.359	28.2391	140.598		3393.33	0.025002	59.78	41.4083	32.7783								
2016/04/01 14:20:00		1.54403	150.148	23.2953	0.358854	1008.94	68.418	28.7097	114.733	43.5174	158.25		3416.04	17.2512	70.4	47.385	34.2333								
2016/04/01 14:25:00		1.53765	128.762	23.2188	0.359896	1008.85	54.461	28.7505	118.95	45.9617	164.911		3421.67	22.1408	64.308	43.0083	31.73								
2016/04/01 14:30:00		1.591	130.293	23.2224	0.357812	1008.8	55.118	28.7946	119.235	42.7917	162.027		3400.83	17.844	64.512	43.5333	30.8033								
2016/04/01 14:35:00		1.96161	131.655	23.2208	0.358854	1008.77	60.091	28.8464	121.263	41.2991	162.562		3466.04	14.676	66.762	44.8317	32.2067								
2016/04/01 14:40:00		2.42667	133.919	23.2255	0.359896	1008.66	78.881	28.8848	121.614	40.2618	161.876		3270.42	13.5295	54.872	37.4267	29.1583								
2016/04/01 14:45:00		1.68461	146.013	23.2813	0.358854	1008.6	112.211	28.9363	114.141	39.2006	153.342		3373.33	12.7794	59.733	40.4233	30.1642								
2016/04/01 14:50:00		1.94683	147.101	23.3198	0.352083	1008.61	93.742	28.9941	111.448	38.7521	150.2		3409.58	11.3793	66.377	44.6233	31.6067								
2016/04/01 14:55:00		1.82222	157.616	23.4005	0.356771	1008.62	72.209	29.0357	112.698	40.2413	152.94		3455.42	11.0793	64.907	43.4317	30.5033								
2016/04/01 15:00:00		1.84499	161.951	23.4182	0.354688	1008.78	77.707	29.0582	112.687	41.9564	154.644		3370.42	17.7119	57.303	39.2458	29.6067								
2016/04/01 15:05:00		1.62224	143.468	23.4193	0.356771	1008.51	64.254	28.8974	73.396	59.854	133.25		2838.54	23.2194	59.765	41.1025	30.9958								
2016/04/01 15:10:00		2.45872	136.652	23.4615	0.355208	1008.48	43.3854	28.6845	82.984	55.003	137.987		3047.92	4.56459	60.271	40.6167	30.42								
2016/04/01 15:15:00		2.16088	139.641	23.4438	0.356771	1008.44	35.2552	28.6582	89.686	49.8882	139.574		2873.54	0.0	50.084	35.685	28.8517								
2016/04/01 15:20:00		1.78028	138.411	23.3958	0.356771	1008.43	37.7562	28.6587	86.801	41.0184	127.819		2921.46	0.0	48.0808	33.8283	27.5025								
2016/04/01 15:25:00		1.80586	145.48	23.3203	0.353125	1008.34	12.7094	28.6614	82.685	37.7012	120.386		2596.25	0.0	48.2467	34.0367	27.79								
2016/04/01 15:30:00		1.79209	133.706	23.3214	0.356771	1008.43	22.4948	28.6705	81.441	44.2021	125.643		2841.46	18.1155	56.97	38.3525	30.2217								
2016/04/01 15:35:00		1.47062	124.382	23.3219	0.351042	1008.45	24.2083	28.6797	82.024	46.4991	128.523		3147.08	25.9517	64.773	43.7258	32.9133								
2016/04/01 15:40:00		1.66557	134.772	23.2943	0.355729	1008.46	20.5625	28.7033	82.479	42.9252	125.404		3052.29	20.1656	63.795	43.1567	32.6233								
2016/04/01 15:45:00		2.17112	131.313	23.2177	0.357812	1008.49	25.4625	28.7406	85.327	41.2032	126.53		3112.29	16.9797	64.086	43.6333	33.0217								
2016/04/01 15:50:00		1.83028	120.59	23.2198	0.360417	1008.49	30.326	28.7626	87.037	40.2789	127.316		3187.5	14.6153	57.262	39.1067	29.5883								
2016/04/01 15:55:00		1.37048	97.894	23.2188	0.356771	1008.59	24.7698	28.7911	93.445	38.6186	132.064		3727.29	12.7794	70.603	47.3	33.3225								
2016/04/01 16:00:00		1.7077	123.145	23.1974	0.356771	1008.55	23.5521	28.8303	95.444	36.77	132.214		3366.67	12.0544	57.05	39.3117	31.505								
2016/04/01 16:05:00		1.36647	129.873	23.1167	0.358333	1008.58	24.8281	28.8668	99.401	38.0435	137.445		3655.63	11.5293	74.604	50.706	37.4667								
2016/04/01 16:10:00		2.38878	139.651	23.0693	0.35625	1008.58	25.5792	28.9003	106.557	35.9929	142.55		3805.42	11.2043	67.684	45.6225	34.6333								
2016/04/01 16:15:00		2.4437	136.111	23.0135	0.355208	1008.5	23.8875	28.9398	105.8	35.8149	141.615		3893.75	10.5043	59.461	40.7367	31.62								
2016/04/01 16:20:00		1.93732	136.996	23.0125	0.355208	1008.48	29.4219	28.9833	107.347	34.7913	142.139		3897.71	10.2043	61.409	42.375	31.9558								
2016/04/01 16:25:00		2.18139	131.357	22.9859	0.357292	1008.44	8.0208	29.008	105.331	37.1055	142.436		3980.63	10.9614	57.01	39.7817	31.8742								
2016/04/01 16:30:00		1.85484	130.322	22.9203	0.355208	1008.34	11.849	29.0426	103.667	37.5334	141.2		4089.79	9.7792	59.895	40.9367	31.6575								
2016/04/01 16:35:00		1.74509	138.421	22.8333	0.358854	1008.42	20.9417	29.0676	104.549	37.5779	142.127		4090.21	9.5792	64.131	43.3225	31.1667								
2016/04/01 16:40:00		2.13924	133.785	22.8208	0.356771	1008.5	19.3521	29.0888	107.289	35.4794	142.769		4035.21	9.6542	68.428	46.7425	33.9608								
2016/04/01 16:45:00		2.1462	130.321	22.8276	0.355729	1008.65	15.6187	29.1004	109.199	37.53	146.729		4245.21	14.1331	66.443	45.4283	35.3533								
2016/04/01 16:50:00		2.62085	134.709	22.8229	0.356771	1008.55	24.0698	28.9148	87.973	49.3302	137.303		4130.83	21.3907	65.775	45.1533	36.475								
2016/04/01 16:55:00		1.86512	131.632	22.8203	0.360417	1008.52	19.4542	28.7167	94.202	39.6593	133.861		4348.75	4.236	63.251	43.8983	34.8867								
2016/04/01 17:00:00		1.47296	136.873	22.8219	0.361458	1008.58	15.1594	28.673	97.637	33.3227	130.96		4327.5	0.0	66.197	44.6417	35.2125								
2016/04/01 17:05:00		2.4982	133.736	22.825	0.358333	1008.69	9.4865	28.6515	100.373	31.1729	131.546		4461.25	0.0	66.176	44.305	33.6942								
2016/04/01 17:10:00		2.0604	137.555	22.8219	0.359375	1008.77	1.43646	28.6442	103.68	39.6388	143.319		4293.13	9.5471	62.971	42.5442	32.7567								
2016/04/01 17:15:00		2.44312	126.656	22.7609	0.358854	1008.74	1.05	28.6579	100.125	39.4128	139.538		4308.96	16.294	64.161	43.5317	33.2508								
2016/04/01 17:20:00		2.14193	136.346	22.7141	0.356771	1008.7	1.13021	28.6856	96.739	36.616	133.355		4225.21	13.9116	61.248	41.8083	33.8717								
2016/04/01 17:25:00		1.57138	134.007	22.7156	0.359896	1008.7	1.79375	28.7156	96.04	35.3117	131.352		4388.33	11.8794	63.08	43.0667	34.875								
2016/04/01 17:30:00		1.88649	131.645	22.7151	0.357292	1008.71	1.21771	28.7548	93.166	34.3258	127.492		4322.08	11.1293	66.208	44.8792	35.5742								
2016/04/01 17:35:00		2.0972	136.81	22.7151	0.363021	1008.75	2.02708	28.7132	102.255	33.4905	135.746		4492.92	28.6698	71.335	47.9983	36.6817								
2016/04/01 17:40:00		2.34934	140.68	22.6714	0.353646	1008.85	1.23229	28.4155	98.787	27.3113	126.098		4235.42	12.1008	60.592	42.1533	34.725								
2016/04/01 17:45:00		1.89086	136.681	22.6125	0.359896	1008.89	1.15208	28.3312	96.413	22.9911	119.404		4104.38	0.082148	62.328	42.7233	33.9783								
2016/04/01 17:50:00		1.93864	130.899	22.6104	0.360417	1009.02	1.10104	28.3054	96.728	21.1767	117.905		4069.38	0.0	66.073	45.1008	34.8633								
2016/04/01 17:55:00		1.73526	133.978	22.5885	0.35625	1008.97	1.12292	28.3022	100.965	28.3349	129.299		4117.92	2.05371	69.493	47.1483	35.28								
2016/04/01 18:00:00		1.83246	132.6	22.5094	0.357812	1009.1	1.08646	28.3674	109.587	33.4768	143.064		4144.17	20.4156	65.369	44.4258	34.445								
2016/04/01 18:05:00		2.35566	139.336	22.5125	0.359896	1009.13	1.07917	28.3747	101.476	32.8469	134.323		3967.08	35.7381	58.242	39.9083	31.295								
2016/04/01 18:10:00		2.24949	136.13	22.5016	0.359375	1009.21	1.18125	28.1586	106.155	26.8526	133.007		3797.29	26.0232	67.235	45.3533	34.0125								
2016/04/01 18:15:00		2.48647	134.944	22.4141	0.355729	1009.18	1.12292	28.0984	101.547	25.2094	126.757		3565.21	0.0	60.933	42.4792	34.5267								
2016/04/01 18:20:00		1.8067	133.768	22.4109	0.35625	1009.33	1.15208	28.118	97.728	29.8891	127.618		3620.21	8.1363	63.394	45.095	37.3583								
2016/04/01 18:25:00		1.92142	138.837	22.4104	0.357812	1009.46	1.07917	28.165	98.99	32.6586	131.649		3745.63	18.1941	63.048	47.0875	40.365								
2016/04/01 18:30:00		1.56373	130.186	22.3208	0.358854	1009.45	1.13021	28.2233	110.977	31.2413	142.218		3886.67	15.8546	61.373	46.79	40.7142								
2016/04/01 18:35:00		1.49404	138.378	22.3135	0.457812	1009.46	1.09375	28.249	113.462	29.581	143.043		3579.79	13.7045	58.163	46.24	40.5867								
2016/04/01 18:40:00		1.09048	139.711	22.3115	0.61146	1009.47	1.09375	28.2652	116.017	30.2212	146.238		3903.33	12.4794	58.913	46.9908	41.2067								
2016/04/01 18:45:00		1.69939	136.675	22.2443	0.77031	1009.53	1.15208	28.0716	114.132	26.8013	140.934		3723.75	31.6307	54.427	43.185	37.7675								
2016/04/01 18:50:00		1.66541	129.284	22.2073	0.90781	1009.64	1.07917	27.9615	116.158	22.7344	138.892		3924.58	0.0	54.573	42.3433	37.47								
2016/04/01 18:55:00		1.55423	141.292	22.2062	1.0625	1009.74	1.05729	27.9808	114.592	28.6978	143.29		3957.08	8.647	56.458	42.4225	36.4392								
2016/04/01 19:00:00		1.64393	138.839	22.1583	1.18125	1009.77	1.00625	28.0506	111.314	28.4582	139.772		3718.54	14.5045	57.041	42.4292	35.8717								
2016/04/01 19:05:00		1.45981	136.433	22.1125	1.27292	1009.65	1.10104	28.0963	106.948	28.9614	135.909		3766.25	13.7545	58.538	43.2542	36.5767								
2016/04/01 19:10:00		1.85479	132.187	22.1135	1.40156	1009.71	1.12292	28.1331	108.171	28.1261	136.298		3757.5	12.7544	57.695	43.2942	37.3517								
2016/04/01 19:15:00		2.2782	131.279	22.1094	1.49375	1009.73	1.07917	28.168	111.423	27.7324	139.156		3879.38	11.9044	56.871	43.9758	38.6467								
2016/04/01 19:20:00		1.9317	128.791	22.1099	1.5625	1009.62	1.11563	28.1809	108.598	28.9135	137.512		3626.25	11.3293	51.566	40.9533	36.4925								
2016/04/01 19:25:00		1.58765	143.977	22.113	1.65469	1009.75	1.17396	28.2313	106.47	27.8762	134.346		3533.13	10.8043	46.0483	38.7608	35.6925								
2016/04/01 19:30:00		1.30391	142.605	22.1135	1.68906	1009.86	1.10833	28.1776	103.531	27.7666	131.297		3367.29	26.7768	44.3958	39.04	36.4542								
2016/04/01 19:35:00		1.67465	135.486	22.1146	1.76979	1009.95	1.10104	28.0109	102.313	23.0835	125.397		3218.75	5.2646	43.1333	39.5692	37.36								
2016/04/01 19:40:00		1.9074	136.423	22.1104	1.85677	1009.86	1.08646	27.9951	105.449	26.7739	132.223		3005.63	4.70746	44.2217	39.9317	37.8417								
2016/04/01 19:45:00		1.57625	130.422	22.1151	1.87083	1009.81	1.16667	28.0654	107.749	27.8009	135.55		3092.5	12.1294	41.5275	39.0892	36.9892								
2016/04/01 19:50:00		2.1804	133.675	22.0568	1.97031	1009.97	1.16667	28.1161	106.686	26.5069	133.193		2829.38	13.1294	38.9742	36.76	35.3425								
2016/04/01 19:55:00		1.58559	131.645	22.0063	1.96823	1010.04	1.20313	28.1462	103.589	26.7773	130.366		2685.0	12.2294	41.965	38.5892	36.7575								
2016/04/01 20:00:00		1.22001	126.732	22.0078	2.04688	1010.12	1.10833	28.1852	103.31	28.1535	131.463		2793.33	11.7294	46.1625	39.7942	37.0317								
2016/04/01 20:05:00		1.50171	131.459	22.0063	2.07292	1010.21	1.17396	28.2034	107.097	27.8762	134.973		2587.08	11.9044	45.2058	38.8433	35.9825								
2016/04/01 20:10:00		1.20198	133.747	22.0078	2.16823	1010.19	1.15208	28.2093	103.095	25.9215	129.017		2768.75	11.7294	47.6433	38.6825	35.11								
2016/04/01 20:15:00		1.75445	128.846	22.0109	2.16406	1010.18	1.15937	28.2294	102.077	26.8561	128.933		2654.38	11.6544	43.485	36.8192	34.0458								
2016/04/01 20:20:00		0.96613	128.326	22.1036	2.22292	1010.1	1.15208	28.0901	101.996	24.1276	126.124		2546.04	26.3053	43.5433	37.0217	34.6342								
2016/04/01 20:25:00		1.25891	139.081	22.1063	2.27083	1010.15	1.10833	28.0297	104.509	21.882	126.391		2597.5	0.67504	46.5242	38.4258	35.7133								
2016/04/01 20:30:00		1.30877	131.19	22.1125	2.26979	1010.25	1.05729	28.0678	108.506	26.9245	135.431		2506.88	11.6829	45.2567	38.5625	35.8133								
2016/04/01 20:35:00		1.76835	136.169	22.112	2.26615	1010.37	1.04271	28.1271	107.691	26.5856	134.277		2406.25	14.3795	43.3717	37.9133	35.6767								
2016/04/01 20:40:00		1.99281	140.913	22.1031	2.27187	1010.47	1.10104	28.1758	103.741	24.9116	128.652		2343.33	13.4045	38.85	35.995	34.3792								
2016/04/01 20:45:00		1.4964	134.697	22.0302	2.27135	1010.56	1.10833	28.198	103.481	25.0382	128.52		2184.58	12.4294	43.7	37.8367	36.0317								
2016/04/01 20:50:00		1.11146	136.837	22.0089	2.28229	1010.71	1.11563	28.1854	110.282	26.1235	136.405		2248.33	12.0794	43.1167	38.2133	36.3717								
2016/04/01 20:55:00		0.496242	142.51	22.0068	2.36875	1010.94	1.15937	28.2303	111.919	26.1885	138.108		2051.67	11.3258	44.7417	39.4583	37.0433								
2016/04/01 21:00:00		0.61246	118.439	22.0094	2.36979	1011.06	1.03542	28.2445	113.663	25.9626	139.626		2223.33	10.415	47.6392	40.13	37.0875								
2016/04/01 21:05:00		0.75999	122.375	22.0073	2.39479	1011.24	1.07187	28.1629	113.067	23.9325	136.999		2213.54	26.7054	47.6583	39.845	36.4483								
2016/04/01 21:10:00		0.71312	137.025	22.0125	2.46927	1011.33	1.12292	28.0466	108.745	22.5221	131.268		2198.75	0.025002	47.9675	40.37	36.8117								
2016/04/01 21:15:00		1.07088	115.027	22.0115	2.46563	1011.33	1.02813	28.0643	111.609	25.9626	137.571		2356.46	9.3363	47.2025	39.33	36.12								
2016/04/01 21:20:00		1.13127	133.673	22.0125	2.53281	1011.27	1.10104	28.0831	113.259	24.7918	138.051		2397.29	12.3294	42.2717	37.4242	35.2492								
2016/04/01 21:25:00		0.96916	118.778	22.0083	2.57448	1011.19	1.09375	28.1151	108.149	24.6035	132.753		2401.46	11.9294	46.9008	38.5075	35.7633								
2016/04/01 21:30:00		0.93947	128.842	22.0135	2.57135	1011.2	1.06458	28.1575	107.338	25.6271	132.966		2381.88	10.9686	44.9358	38.7275	36.1433								
2016/04/01 21:35:00		1.29468	116.697	22.0099	2.57135	1011.19	1.12292	28.1685	100.996	24.3331	125.329		2165.0	11.0043	42.7358	36.9008	34.22								
2016/04/01 21:40:00		0.90217	118.25	22.0099	2.65885	1011.23	1.10833	28.1768	99.499	24.85	124.349		2342.5	10.5793	44.1667	37.1917	34.4175								
2016/04/01 21:45:00		1.20342	133.516	22.0052	2.66146	1011.48	1.10833	28.1954	98.043	25.5449	123.588		2235.21	11.4043	41.4842	35.3842	32.8008								
2016/04/01 21:50:00		1.08848	137.577	21.9214	2.67656	1011.6	1.10833	28.1916	97.644	25.877	123.521		2299.38	10.5793	42.3925	36.6083	33.44								
2016/04/01 21:55:00		0.99532	133.111	21.913	2.76979	1011.65	1.05729	28.201	100.29	26.3665	126.657		2208.75	10.3471	39.5392	35.11	32.8042								
2016/04/01 22:00:00		0.82471	146.456	21.9099	2.75885	1011.81	1.12292	28.1967	101.697	26.3699	128.067		2312.92	10.6079	37.5283	34.1775	31.9725								
2016/04/01 22:05:00		1.12687	132.802	21.9115	2.85573	1011.69	1.08646	28.1994	97.358	26.1645	123.522		2119.79	14.1688	38.205	34.245	32.2367								
2016/04/01 22:10:00		1.37575	133.173	21.9078	2.87083	1011.58	1.08646	28.0394	96.058	22.7583	118.816		2145.0	18.2726	39.7817	36.235	34.0467								
2016/04/01 22:15:00		1.45996	132.317	21.9099	2.95417	1011.53	1.11563	28.009	91.265	23.1691	114.434		1964.17	2.08585	38.9658	36.07	33.965								
2016/04/01 22:20:00		1.6237	127.369	21.9078	2.97344	1011.43	1.10833	28.0815	90.251	26.3289	116.58		1862.92	10.9864	38.4242	35.4783	33.7617								
2016/04/01 22:25:00		1.37399	127.812	21.9115	3.02083	1011.42	1.11563	28.1121	86.973	26.0379	113.011		1914.58	12.3794	42.8483	37.1342	34.61								
2016/04/01 22:30:00		1.0646	128.72	21.9021	3.075	1011.47	1.15937	28.1336	85.329	26.3905	111.719		1908.96	11.8544	43.1975	37.8258	34.8808								
2016/04/01 22:35:00		1.1078	144.955	21.813	3.10104	1011.53	1.07917	28.1655	86.6	25.8359	112.436		1875.83	11.4793	43.1342	37.3375	34.5867								
2016/04/01 22:40:00		1.02302	131.887	21.8083	3.17135	1011.5	1.11563	28.1572	87.795	26.4076	114.202		1833.96	10.9257	41.8242	36.2925	33.6483								
2016/04/01 22:45:00		1.18537	134.054	21.876	3.20937	1011.4	1.13021	28.1664	86.595	26.1919	112.787		1767.29	11.2043	42.0367	36.1758	33.5617								
2016/04/01 22:50:00		1.53962	124.487	21.8719	3.27969	1011.13	1.10104	28.1954	89.525	26.2227	115.748		1821.88	11.1186	42.3792	36.615	32.9358								
2016/04/01 22:55:00		1.59082	132.74	21.8073	3.27604	1011.06	1.11563	28.2345	86.647	25.6716	112.318		1651.04	10.7293	42.6225	35.275	31.6								
2016/04/01 23:00:00		1.16429	132.637	21.8125	3.37083	1011.02	1.06458	28.2504	84.19	26.1611	110.351		1628.54	10.3293	44.7042	36.5425	32.3717								
2016/04/01 23:05:00		0.87017	138.843	21.813	3.37448	1011.11	1.05	28.2745	83.194	26.1474	109.341		1738.54	11.1543	45.2467	36.5558	32.5817								
2016/04/01 23:10:00		0.99702	140.794	21.8099	3.40625	1011.2	1.08646	28.266	78.421	27.0923	105.513		1573.13	18.762	43.7842	36.9392	32.7058								
2016/04/01 23:15:00		1.49585	135.004	21.8135	3.47187	1011.14	1.13021	28.096	74.18	24.2235	98.404		1604.58	13.4045	43.45	36.1292	32.815								
2016/04/01 23:20:00		1.34796	137.726	21.8099	3.4724	1011.13	1.15937	28.0681	72.242	24.3057	96.547		1482.29	3.18593	39.6483	35.015	32.035								
2016/04/01 23:25:00		1.5029	140.181	21.8109	3.54427	1011.11	1.12292	28.1137	71.25	27.284	98.534		1382.08	12.3008	36.8267	33.5783	31.4558								
2016/04/01 23:30:00		1.31772	137.081	21.7427	3.5849	1010.98	1.10833	28.1212	67.663	25.295	92.958		1272.5	12.8294	37.1842	34.1425	32.3083								
2016/04/01 23:35:00		1.18901	138.868	21.7057	3.57969	1011.08	1.13021	27.8917	65.999	25.0006	91.0		1172.71	38.0311	37.3033	33.855	31.8425								
2016/04/01 23:40:00		0.76222	159.554	21.7109	3.6599	1011.2	1.10833	27.5948	65.984	20.92	86.904		1108.13	8.1363	42.5925	36.0192	33.1933								
2016/04/01 23:45:00		1.23546	159.232	21.7078	3.67396	1011.31	1.10833	27.3585	72.999	19.1227	92.121		1120.21	5.3646	40.1758	35.3167	32.695								
2016/04/01 23:50:00		0.6054	149.298	21.7104	3.73802	1011.37	1.11563	27.0828	73.546	16.7264	90.272		1016.04	1.34652	40.1125	34.9933	32.0942								
2016/04/01 23:55:00		1.25652	156.554	21.7099	3.77969	1011.4	1.06458	26.8809	71.949	16.3841	88.333		1021.25	0.0	40.6075	34.59	31.6275								
2016/04/02 00:00:00		1.22931	140.659	21.7099	3.79635	1011.34	1.07917	26.875	69.948	16.0383	85.986		985.83	0.0	43.905	35.415	31.8233								
