-- 1st mean values --
Format: XTAB(V:1;HEAD:2;COL:TCFFFFFFFFFFFFFFFFFFFFFFFF)
StartTime: 2016/04/02 00:00:00
EndTime: 2016/04/03 00:00:00
Period: 24 h
Station: Gia Lam

Time	MeasPt	Wind Spd.	Wind Dir.	Temp	RH	Barometer	Radiation	InnerTemp	NO	NO2	NOx	SO2	CO	O3	PM-10	PM-2.5	PM-1	CH4	NMHC	THC	BENZEN	TOLUEN	ETHYL BENZEN	MP-XYLEN	O-XYLEN
		m/s	degree	°C	%	hPa	W/m²	°C	µg/m3	µg/m3	µg/m3	µg/m3	µg/m3	µg/m3	µg/m3	µg/m3	µg/m3	ppm	ppmC	ppmC	ug/m3	ug/m3	ug/m3	ug/m3	ug/m3
2016/04/02 00:05:00		1.04459	130.901	21.7083	3.8849	1011.3	1.12292	26.9048	66.77	15.2475	82.017		934.38	6.3754	44.7942	36.1958	32.1458								
2016/04/02 00:10:00		1.32056	146.91	21.7078	3.875	1011.27	1.05	26.799	62.839	14.0836	76.923		807.71	19.1191	40.3633	34.4233	31.545								
2016/04/02 00:15:00		1.87885	143.661	21.7109	3.925	1011.28	1.15937	26.6363	57.738	16.3464	74.085		765.42	8.1898	41.3058	34.6808	31.1725								
2016/04/02 00:20:00		1.65484	140.83	21.7109	3.975	1011.2	1.09375	26.4983	54.601	14.3438	68.944		687.71	1.36438	37.145	33.05	30.865								
2016/04/02 00:25:00		1.65478	135.402	21.7104	3.97604	1011.08	1.05	26.5182	50.603	12.4267	63.03		610.42	0.0	37.3833	34.2717	32.1917								
2016/04/02 00:30:00		1.3119	130.224	21.7115	4.08125	1010.96	1.10833	26.5528	47.7531	13.5359	61.289		586.25	0.0	37.9992	35.1642	33.1733								
2016/04/02 00:35:00		1.66291	144.105	21.6984	4.08437	1011.01	1.11563	26.5407	45.1223	12.5876	57.71		553.13	38.2525	38.5325	35.4183	33.5042								
2016/04/02 00:40:00		1.55401	141.774	21.7068	4.13125	1010.99	1.07187	26.399	42.7438	13.0463	55.79		516.04	23.2087	39.6383	36.4125	34.6858								
2016/04/02 00:45:00		1.34697	136.691	21.6995	4.17135	1010.94	1.12292	26.2508	41.8326	13.7858	55.618		492.292	6.0968	39.5567	35.8608	34.2375								
2016/04/02 00:50:00		1.54811	144.299	21.6187	4.18906	1010.93	1.1375	26.2548	40.3429	13.4811	53.824		438.333	0.0	39.1883	36.1325	33.3683								
2016/04/02 00:55:00		1.19347	140.361	21.6089	4.27344	1010.89	1.05	26.297	39.7757	11.5435	51.319		416.042	19.7835	39.4167	35.2333	33.1717								
2016/04/02 01:00:00		1.59091	148.095	21.7047	4.27865	1010.81	1.07187	26.3563	42.6924	13.238	55.93		408.958	1.30009	38.0883	35.0958	33.1483								
2016/04/02 01:05:00		1.87575	145.144	21.712	4.35417	1010.65	1.15937	26.3429	44.2289	11.9509	56.18		371.875	1.02507	37.1592	34.3033	32.49								
2016/04/02 01:10:00		1.94116	140.887	21.7104	4.37917	1010.5	1.10833	26.2505	41.8795	11.2491	53.129		319.167	106.868	34.3108	33.0017	31.5892								
2016/04/02 01:15:00		1.70365	143.551	21.7099	4.39531	1010.45	1.05729	26.1512	38.2592	11.4305	49.6897		296.875	158.354	35.0058	32.68	31.0058								
2016/04/02 01:20:00		1.39241	145.718	21.7083	4.47656	1010.49	1.10833	26.2122	38.228	8.9999	47.2279		261.875	161.818	37.8658	33.155	30.91								
2016/04/02 01:25:00		1.34763	143.988	21.7057	4.47604	1010.5	1.05729	26.2884	34.7105	10.0714	44.7819		247.292	163.757	35.99	32.7533	30.2167								
2016/04/02 01:30:00		1.78272	136.786	21.7078	4.53438	1010.44	1.19583	26.3673	32.9171	10.0578	42.9749		224.583	165.429	34.8117	32.0483	29.7908								
2016/04/02 01:35:00		1.39372	142.06	21.7089	4.58021	1010.24	1.09375	26.3289	30.4135	10.6192	41.0327		202.5	45.2173	35.5692	32.165	29.8525								
2016/04/02 01:40:00		1.31305	130.809	21.7094	4.58281	1010.14	1.13021	26.2154	29.0445	11.0334	40.0779		235.833	9.6364	35.5717	32.1742	30.0775								
2016/04/02 01:45:00		0.98294	144.948	21.7073	4.65521	1010.2	1.08646	26.1652	30.5341	10.4172	40.9513		210.417	1.18936	39.9192	34.1825	30.7658								
2016/04/02 01:50:00		1.31075	137.422	21.7083	4.67552	1010.15	1.15937	26.2234	30.7508	10.7595	41.5103		197.708	0.0	37.4533	32.465	29.4025								
2016/04/02 01:55:00		1.3343	136.534	21.7109	4.68021	1010.08	1.16667	26.2924	30.8825	9.8626	40.7452		234.375	0.0	41.1	33.7725	29.9742								
2016/04/02 02:00:00		1.00728	143.929	21.7073	4.73906	1010.07	1.18125	26.344	31.6262	10.4994	42.1256		223.75	20.0192	40.5333	32.9483	29.1925								
2016/04/02 02:05:00		1.37794	141.389	21.7146	4.775	1010.0	1.12292	26.2809	30.3577	11.7489	42.1066		233.125	57.407	43.8833	34.4358	29.97								
2016/04/02 02:10:00		1.25462	130.817	21.7125	4.77552	1009.86	1.10104	26.1619	29.174	11.3757	40.5498		207.917	11.0293	43.4658	34.9758	30.5608								
2016/04/02 02:15:00		1.47183	137.458	21.7057	4.81979	1009.76	1.04271	26.1515	30.4738	10.246	40.7199		248.958	0.0	47.8358	35.3008	30.3758								
2016/04/02 02:20:00		1.16237	133.492	21.7115	4.88906	1009.74	1.15937	26.21	27.8765	10.157	38.0335		188.542	0.0	40.0625	33.535	29.44								
2016/04/02 02:25:00		1.24849	135.06	21.7089	4.8849	1009.64	1.10833	26.2814	27.3539	10.1741	37.528		202.5	0.0	41.2225	33.0992	29.3458								
2016/04/02 02:30:00		1.32595	148.162	21.7094	4.88646	1009.61	1.10833	26.3308	28.9619	11.5846	40.5464		192.292	34.1666	43.6917	33.6742	29.4392								
2016/04/02 02:35:00		1.22814	145.295	21.7078	4.94063	1009.55	1.10104	26.2624	29.4688	10.3316	39.8004		194.583	52.825	39.1717	32.7017	29.5133								
2016/04/02 02:40:00		1.36814	147.242	21.7099	4.9875	1009.5	1.15208	26.1319	27.2891	10.7082	37.9973		194.375	9.2435	37.6467	31.9383	28.54								
2016/04/02 02:45:00		1.41588	147.241	21.712	4.99271	1009.53	1.1375	26.1367	24.9709	10.1023	35.0732		171.667	0.0	36.3283	31.2942	28.0775								
2016/04/02 02:50:00		1.19583	151.873	21.7099	4.98906	1009.65	1.14479	26.2036	23.8699	8.9041	32.774		140.833	0.0	34.6908	30.29	27.6575								
2016/04/02 02:55:00		1.12907	140.87	21.713	4.9901	1009.66	1.06458	26.2833	24.292	9.13	33.422		181.458	0.0	36.42	30.4233	27.6225								
2016/04/02 03:00:00		0.95987	125.092	21.7089	5.0651	1009.51	1.16667	26.3257	23.9279	8.8767	32.8046		152.083	43.585	35.3833	30.1233	27.8475								
2016/04/02 03:05:00		1.31618	139.959	21.7828	5.0896	1009.47	1.12292	26.2446	23.8676	10.0269	33.8946		158.958	47.7496	38.1883	31.005	28.49								
2016/04/02 03:10:00		1.32212	124.821	21.812	5.0885	1009.41	1.05729	26.1112	24.6873	10.1228	34.8101		210.0	8.0398	40.06	31.6883	28.8817								
2016/04/02 03:15:00		1.02687	117.64	21.8068	5.0859	1009.38	1.15208	26.1192	27.8966	9.777	37.6736		276.25	0.0	43.81	33.4217	29.72								
2016/04/02 03:20:00		0.92028	129.264	21.8099	5.088	1009.4	1.10833	26.1826	27.3784	11.6017	38.9801		304.583	0.0	46.5267	34.7233	30.3133								
2016/04/02 03:25:00		1.10822	129.248	21.8089	5.176	1009.43	1.14479	26.2425	29.1383	10.9033	40.0416		322.917	0.0	46.4367	34.5867	30.1683								
2016/04/02 03:30:00		0.95206	131.013	21.8068	5.1823	1009.47	1.10104	26.2763	28.1601	10.0714	38.2315		336.25	48.5068	45.6017	34.6683	29.8683								
2016/04/02 03:35:00		0.92112	143.136	21.8094	5.1786	1009.52	1.10104	26.1729	27.1328	11.9577	39.0905		394.583	48.9211	44.9083	33.5867	29.5067								
2016/04/02 03:40:00		0.79421	126.501	21.8068	5.3651	1009.53	1.10833	26.0465	27.2623	10.4309	37.6932		443.75	8.6327	45.2483	34.0675	29.6158								
2016/04/02 03:45:00		0.65191	122.757	21.8073	5.4875	1009.53	1.14479	26.0521	30.5252	10.246	40.7712		604.79	0.0	43.675	32.9383	29.2167								
2016/04/02 03:50:00		0.74212	146.884	21.8094	5.4865	1009.63	1.11563	26.0972	35.2777	10.5986	45.8764		565.83	0.0	48.0408	34.4675	29.9308								
2016/04/02 03:55:00		0.82993	143.466	21.8089	5.4849	1009.71	1.11563	26.1676	37.8461	10.1707	48.0168		559.38	0.0	51.96	35.9308	30.1575								
2016/04/02 04:00:00		0.70833	125.26	21.8047	5.5396	1009.66	1.05729	26.2135	40.8298	11.6907	52.52		625.63	53.289	57.76	39.1492	31.8867								
2016/04/02 04:05:00		1.19839	126.932	21.8953	5.5911	1009.58	1.13021	26.1257	44.2111	12.4267	56.638		787.08	44.8958	58.108	39.5758	32.845								
2016/04/02 04:10:00		1.07352	127.116	21.9089	5.5859	1009.56	1.07917	26.021	44.1262	11.8447	55.971		775.63	7.1398	54.057	38.5967	31.9625								
2016/04/02 04:15:00		1.1142	142.027	21.9104	5.6453	1009.61	1.07917	26.0607	41.8996	12.2658	54.165		705.83	0.0	51.742	37.7367	31.9892								
2016/04/02 04:20:00		1.18977	144.874	21.9104	5.6823	1009.59	1.10833	26.1362	41.2966	11.321	52.618		701.46	0.0	53.362	38.23	32.16								
2016/04/02 04:25:00		1.22111	137.409	21.9115	5.701	1009.64	1.11563	26.2267	39.6149	12.2521	51.867		649.79	0.0	46.2467	36.5308	31.4608								
2016/04/02 04:30:00		1.08727	124.363	21.9052	5.7865	1009.59	1.11563	26.246	39.903	11.3757	51.279		705.63	68.437	47.3567	36.3533	31.0208								
2016/04/02 04:35:00		0.8621	122.643	21.9099	5.8656	1009.46	1.14479	26.1496	39.7891	12.0946	51.884		761.25	28.3733	42.4092	34.5775	30.2658								
2016/04/02 04:40:00		0.85764	130.684	21.9115	6.0224	1009.64	1.11563	26.0588	39.5568	13.0395	52.596		719.17	4.24671	44.035	34.2075	29.8792								
2016/04/02 04:45:00		0.80569	104.5	21.9083	6.126	1009.71	1.09375	26.1144	42.5897	13.8371	56.427		789.38	0.0	42.2208	33.825	29.8292								
2016/04/02 04:50:00		0.75491	133.779	21.9042	6.2839	1009.72	1.13021	26.1982	49.1021	12.5431	61.645		879.38	0.0	40.2133	33.5225	29.8725								
2016/04/02 04:55:00		0.7355	131.916	21.9099	6.5563	1009.81	1.09375	26.2795	49.5889	12.324	61.913		943.96	2.10014	43.2075	34.0175	29.9292								
2016/04/02 05:00:00		1.04885	125.753	21.9052	6.7349	1009.84	1.08646	26.2516	49.6738	11.7352	61.409		1020.42	78.859	41.8342	33.8092	30.2217								
2016/04/02 05:05:00		0.93386	127.088	21.9109	7.3568	1009.93	1.10833	26.1362	50.583	12.9471	63.53		1074.17	17.7226	40.3375	33.6433	30.3883								
2016/04/02 05:10:00		1.23471	130.294	21.9042	7.9224	1009.97	1.13021	26.0827	56.331	11.3826	67.714		1177.29	1.57153	46.3233	35.9608	31.705								
2016/04/02 05:15:00		1.03059	129.577	21.9073	8.8229	1009.97	1.12292	26.152	61.294	10.9889	72.283		1201.04	0.0	46.0875	36.3292	32.2383								
2016/04/02 05:20:00		0.58608	104.935	21.9094	9.424	1010.01	1.13021	26.2293	63.46	10.537	73.997		1232.5	0.0	43.9208	38.0067	34.4842								
2016/04/02 05:25:00		0.91769	100.979	21.9188	9.6891	1010.03	1.14479	26.2967	65.388	10.8212	76.209		1415.83	22.6944	47.1108	38.5183	34.3067								
2016/04/02 05:30:00		0.77963	109.413	22.0073	9.7135	1010.04	1.10104	26.2414	69.709	11.0197	80.729		1465.83	64.858	46.2233	39.6492	35.4442								
2016/04/02 05:35:00		1.02787	97.55	22.0073	9.8188	1010.08	1.12292	26.3732	84.648	11.5264	96.174		1523.33	4.10742	46.8917	39.5158	35.7342								
2016/04/02 05:40:00		0.68304	112.367	22.013	9.8245	1010.14	1.13021	26.5834	83.973	13.0189	96.992		1714.58	1.5001	44.7975	39.5117	36.1258								
2016/04/02 05:45:00		0.9311	118.595	22.0099	9.912	1010.18	1.18125	26.7322	89.619	12.2418	101.861		1758.54	3.39665	42.5575	37.8367	35.1117								
2016/04/02 05:50:00		0.91107	128.807	22.0078	10.0042	1010.21	1.13021	26.7775	94.687	13.8234	108.51		1837.92	5.6397	43.25	39.3258	36.115								
2016/04/02 05:55:00		1.21273	123.627	22.0063	10.1104	1010.28	1.09375	26.8401	94.95	14.7032	109.653		1894.17	6.0897	46.1658	39.4792	36.3								
2016/04/02 06:00:00		1.23866	130.619	22.0104	10.1458	1010.35	1.09375	26.9325	96.489	13.9467	110.436		2053.54	6.4897	41.7742	36.3317	33.4258								
2016/04/02 06:05:00		0.85052	97.893	22.0083	10.2208	1010.36	1.07917	27.0221	105.987	14.5081	120.495		1973.13	6.8647	41.3208	35.6033	32.7383								
2016/04/02 06:10:00		0.7349	89.756	22.0073	10.2958	1010.4	1.08646	27.0737	99.866	13.5872	113.453		1963.13	6.4397	38.88	34.0808	31.38								
2016/04/02 06:15:00		0.78754	93.553	22.0115	10.3969	1010.44	1.12292	27.1233	96.478	13.9364	110.414		1947.71	7.9898	40.4317	34.12	31.245								
2016/04/02 06:20:00		1.14964	88.714	22.0734	10.5547	1010.48	1.13021	27.1749	98.117	13.9912	112.108		2217.5	8.3898	40.92	35.0575	32.1275								
2016/04/02 06:25:00		1.20889	87.255	22.1125	10.6255	1010.5	1.11563	27.2415	103.638	12.8101	116.448		2493.96	8.6649	41.925	35.9567	32.84								
2016/04/02 06:30:00		0.74571	94.919	22.1104	10.7469	1010.55	1.10833	27.297	105.521	13.9432	119.464		2394.58	8.9506	36.0167	32.4783	30.6467								
2016/04/02 06:35:00		1.04938	89.887	22.1125	11.1057	1010.67	1.05	27.3507	108.319	13.9398	122.259		2284.38	9.1113	35.0367	31.5333	29.6683								
2016/04/02 06:40:00		0.496091	63.6	22.1146	11.4865	1010.8	1.05	27.3824	106.146	12.3925	118.538		2428.13	9.7614	40.5117	33.5367	30.8417								
2016/04/02 06:45:00		0.0	502.0	22.1115	12.9193	1010.91	1.17396	27.4168	113.645	13.1182	126.764		2906.25	8.8613	40.4983	32.2417	29.435								
2016/04/02 06:50:00		0.66296	100.36	22.175	13.0771	1011.02	1.12292	27.4479	117.652	13.755	131.407		2663.75	9.5578	33.7583	29.78	27.98								
2016/04/02 06:55:00		0.62724	94.984	22.1141	13.212	1011.12	1.06458	27.4874	110.954	14.6005	125.555		2536.04	10.1007	33.5	28.8667	27.15								
2016/04/02 07:00:00		0.70365	107.483	22.1125	13.3099	1011.29	1.10833	27.5558	107.45	13.464	120.914		2474.38	10.5721	30.975	28.165	26.4167								
2016/04/02 07:05:00		0.74246	90.2	22.1146	13.3672	1011.36	1.12292	27.6291	106.528	15.6549	122.183		2595.63	10.9543	31.6183	28.02	26.2058								
2016/04/02 07:10:00		0.63539	72.011	22.1568	13.4104	1011.39	1.89583	27.6976	118.208	12.9642	131.172		2807.92	10.8329	33.6142	28.3258	26.1308								
2016/04/02 07:15:00		0.5321	67.858	22.2094	13.4109	1011.55	2.33333	27.7677	115.046	14.2684	129.314		2778.96	10.7293	33.2483	28.12	25.875								
2016/04/02 07:20:00		0.65957	106.511	22.2115	13.5068	1011.75	2.09271	27.8026	126.304	14.0904	140.394		3210.0	10.415	39.3683	34.2742	31.8208								
2016/04/02 07:25:00		0.65259	117.728	22.2104	13.5036	1011.95	1.60417	27.8458	120.772	13.8679	134.64		2793.33	10.3007	29.51	26.2983	25.0208								
2016/04/02 07:30:00		0.55736	71.77	22.2151	13.5729	1012.0	5.899	27.8788	115.571	13.8268	129.397		3072.92	10.89	34.655	29.6983	27.5825								
2016/04/02 07:35:00		0.69157	99.101	22.2089	13.9307	1012.15	4.06875	27.9207	115.798	15.1791	130.977		2982.08	11.3472	32.7533	29.7525	28.1758								
2016/04/02 07:40:00		0.65818	120.971	22.212	14.0938	1012.22	6.0375	27.9967	104.404	15.227	119.631		2508.54	11.1543	30.35	28.4592	27.29								
2016/04/02 07:45:00		0.57905	127.593	22.212	14.1021	1012.38	7.6563	28.0418	96.578	13.9398	110.518		2484.17	10.8722	31.0508	28.5317	27.4867								
2016/04/02 07:50:00		0.0	502.0	22.2078	14.2005	1012.47	7.5833	28.0839	88.074	15.3639	103.438		2255.42	10.8186	30.4817	27.84	26.7083								
2016/04/02 07:55:00		0.0	502.0	22.2068	14.1948	1012.55	9.8656	28.1196	80.047	16.5244	96.572		2107.08	11.1043	30.4825	28.1742	26.8575								
2016/04/02 08:00:00		0.0	502.0	22.2255	14.2151	1012.6	13.0958	28.1422	78.66	15.7097	94.37		2005.42	10.7257	29.3617	27.2625	26.0608								
2016/04/02 08:05:00		0.93236	100.848	22.3083	14.3057	1012.51	29.699	28.1935	76.311	16.0965	92.407		2096.04	11.2472	31.6042	28.7208	26.7775								
2016/04/02 08:10:00		0.83172	100.415	22.3109	14.4391	1012.48	39.2073	28.2343	86.749	16.99	103.739		2708.33	10.9257	34.6433	30.525	28.4033								
2016/04/02 08:15:00		0.64372	82.362	22.4104	14.5036	1012.55	35.9115	28.2756	91.267	16.0794	107.347		2930.21	10.1293	35.7217	30.9675	28.7058								
2016/04/02 08:20:00		0.62091	128.782	22.4089	14.6349	1012.66	34.6281	28.3043	94.361	16.1684	110.529		2758.33	10.3864	31.7067	29.3767	28.1225								
2016/04/02 08:25:00		0.0	502.0	22.4094	14.7573	1012.76	27.2344	28.3588	92.225	16.699	108.925		2755.42	10.9472	33.2508	29.8892	28.0733								
2016/04/02 08:30:00		0.0	502.0	22.4104	14.8094	1012.77	25.5135	28.3779	88.92	17.3392	106.259		2392.08	11.2543	31.6183	29.065	27.4808								
2016/04/02 08:35:00		0.0	502.0	22.4141	14.8891	1012.76	42.3646	28.4195	85.608	16.1444	101.753		2480.63	10.815	32.3517	29.6275	28.0042								
2016/04/02 08:40:00		0.0	502.0	22.4995	14.925	1012.8	41.3292	28.4719	82.895	17.1509	100.046		2490.42	11.1293	33.5617	30.5492	28.5283								
2016/04/02 08:45:00		0.0	502.0	22.5099	15.0604	1012.85	31.0406	28.5213	84.509	16.9489	101.458		2779.58	10.6721	34.67	31.5367	29.3425								
2016/04/02 08:50:00		0.64604	138.713	22.5135	15.2042	1012.84	45.1427	28.5473	83.766	17.394	101.16		2424.58	10.3007	35.0258	30.9933	28.7717								
2016/04/02 08:55:00		0.7302	144.259	22.5057	15.2042	1012.84	43.9615	28.5615	83.944	18.9379	102.882		2620.83	10.6829	34.3658	30.88	28.6833								
2016/04/02 09:00:00		0.62993	133.461	22.6047	15.3313	1012.84	49.5906	28.6037	84.449	18.8763	103.325		2741.25	10.3293	36.1142	31.9342	29.2825								
2016/04/02 09:05:00		0.60882	118.519	22.6172	15.4292	1012.86	36.8521	28.6386	85.492	19.044	104.536		2851.88	11.3972	35.0525	31.9208	29.8533								
2016/04/02 09:10:00		0.74478	134.561	22.6167	15.5323	1012.91	39.0833	28.6724	88.891	19.0988	107.99		2822.92	11.0793	36.7267	32.8733	30.805								
2016/04/02 09:15:00		0.64673	137.882	22.675	15.601	1012.95	39.3458	28.6942	93.59	18.7564	112.347		3026.25	10.7864	38.3208	33.4275	30.9833								
2016/04/02 09:20:00		1.02751	136.675	22.7167	15.6979	1012.92	44.3625	28.7379	97.087	18.9858	116.073		2940.83	10.2721	38.8425	34.2142	31.5825								
2016/04/02 09:25:00		1.02514	160.301	22.7682	15.8099	1012.88	41.6135	28.7599	97.186	18.5202	115.706		2971.67	10.8507	39.6167	34.1217	31.345								
2016/04/02 09:30:00		1.02577	152.366	22.8203	15.8896	1012.83	43.0281	28.7919	101.215	18.4312	119.646		3201.67	9.7435	37.4933	32.5717	30.2733								
2016/04/02 09:35:00		1.49518	167.521	22.8208	15.9979	1012.82	43.3052	28.7997	102.693	18.979	121.672		3257.29	10.265	39.3525	33.855	31.3367								
2016/04/02 09:40:00		1.00631	168.775	22.8766	16.0063	1012.75	60.463	28.8088	100.167	19.3521	119.519		2998.13	10.3793	37.5525	32.6958	30.3375								
2016/04/02 09:45:00		1.43498	171.977	22.9135	16.113	1012.77	55.971	28.8461	96.149	19.3555	115.505		2936.67	9.9292	34.9267	30.4633	28.755								
2016/04/02 09:50:00		1.33876	182.809	22.9188	16.2068	1012.88	34.8906	28.8676	95.055	20.2045	115.26		2836.67	10.1292	30.825	28.1733	26.8217								
2016/04/02 09:55:00		1.21073	167.561	22.8563	16.2089	1012.85	45.9083	28.8936	89.186	20.3654	109.551		2700.83	10.7257	31.2117	27.945	26.2867								
2016/04/02 10:00:00		0.87765	154.93	22.9203	16.2818	1012.76	51.815	28.9175	87.104	21.9607	109.065		2786.04	10.215	32.375	28.2117	26.2017								
2016/04/02 10:05:00		0.83559	147.99	22.9161	16.424	1012.73	65.202	28.9417	84.228	19.8211	104.049		2675.63	10.1578	32.5967	27.42	25.51								
2016/04/02 10:10:00		0.78087	172.453	23.0005	16.6536	1012.77	60.258	28.9814	81.068	21.0912	102.159		2614.38	9.7864	32.6683	27.8317	25.8983								
2016/04/02 10:15:00		1.13442	172.838	23.0146	16.8229	1012.82	57.108	29.0421	78.435	21.0261	99.461		2663.96	10.1864	37.4458	29.9742	27.5742								
2016/04/02 10:20:00		1.38892	164.764	23.0151	16.9755	1012.8	61.214	29.0507	78.14	21.2829	99.423		2488.75	10.1721	35.2175	28.4008	25.885								
2016/04/02 10:25:00		1.67595	162.275	23.0161	17.2411	1012.77	81.025	29.0866	84.864	21.6526	106.517		2690.63	10.4293	31.0867	26.4225	24.4233								
2016/04/02 10:30:00		1.87874	155.788	23.1151	17.4474	1012.68	68.031	29.1465	89.369	21.389	110.758		2725.0	10.2293	28.6025	24.5058	22.8617								
2016/04/02 10:35:00		1.49933	158.179	23.0943	17.6875	1012.55	120.626	29.1962	96.225	21.4164	117.642		2876.88	9.6756	30.9475	25.8992	23.8658								
2016/04/02 10:40:00		1.24701	161.433	23.1469	17.6953	1012.5	108.5	29.2319	107.149	21.7347	128.883		3416.67	9.8042	30.1308	25.1142	23.1733								
2016/04/02 10:45:00		1.12448	159.993	23.2214	17.8703	1012.5	104.387	29.2856	114.876	21.6457	136.522		3126.88	10.0042	28.0567	23.4008	21.23								
2016/04/02 10:50:00		1.94098	164.203	23.2214	18.0396	1012.44	160.154	29.317	112.442	20.3825	132.824		3112.71	9.4542	28.8642	23.7458	21.8425								
2016/04/02 10:55:00		1.60035	167.679	23.2849	18.2995	1012.34	145.075	29.35	109.031	21.0021	130.033		2951.67	10.1542	28.0967	23.6983	21.4042								
2016/04/02 11:00:00		1.61318	157.794	23.3135	18.8156	1012.34	103.928	29.382	106.173	21.187	127.36		3116.88	9.8542	28.3967	24.5242	22.6767								
2016/04/02 11:05:00		1.98599	171.211	23.2214	18.9245	1012.37	97.052	29.4513	110.09	21.478	131.568		3230.83	9.8042	27.2708	22.9775	20.8983								
2016/04/02 11:10:00		1.09509	139.512	23.2734	19.1969	1012.36	90.555	29.4094	107.115	21.9504	129.066		3395.42	26.3232	28.9733	24.3683	22.1475								
2016/04/02 11:15:00		1.22817	157.455	23.3266	19.313	1012.26	54.534	29.1189	112.089	19.5507	131.639		3349.38	11.1365	29.06	23.1358	21.1142								
2016/04/02 11:20:00		1.402	148.187	23.249	19.5245	1012.23	51.107	29.0322	108.641	15.987	124.627		3244.38	0.0	29.5842	25.5583	23.5658								
2016/04/02 11:25:00		1.86268	141.904	23.2208	19.6911	1012.22	65.705	29.0099	109.46	15.1346	124.595		3120.83	0.0	28.9675	24.4117	22.6								
2016/04/02 11:30:00		1.75332	147.059	23.2198	19.7552	1012.13	59.536	29.0676	107.716	20.047	127.763		3126.04	4.99676	27.4908	23.185	21.56								
2016/04/02 11:35:00		1.57382	151.739	23.2203	19.8667	1012.15	40.8187	28.9487	105.728	21.7861	127.514		3295.21	63.765	27.8858	24.1967	22.3783								
2016/04/02 11:40:00		2.06244	143.697	23.2203	19.9505	1012.07	44.0708	28.7404	101.961	16.8462	118.807		3310.83	15.4653	26.8	23.0325	21.5108								
2016/04/02 11:45:00		1.73436	149.905	23.1703	19.9776	1011.9	90.271	28.6276	100.985	13.6625	114.647		2954.58	1.24651	25.7042	22.4117	20.9833								
2016/04/02 11:50:00		1.09223	145.935	23.1682	20.0063	1011.8	73.959	28.6362	100.484	13.4366	113.921		3327.5	0.0	28.525	23.7158	21.935								
2016/04/02 11:55:00		1.47973	155.56	23.2193	20.5146	1011.8	64.065	28.6569	106.704	13.8713	120.576		3382.08	0.0	28.13	23.6367	22.0617								
2016/04/02 12:00:00		1.21903	151.881	23.2224	20.8016	1011.71	71.67	28.7033	111.126	11.2799	122.406		3360.21	0.0	28.2242	24.4608	22.9675								
2016/04/02 12:05:00		1.79046	143.898	23.2953	21.0031	1011.59	61.257	28.7524	114.807	11.7215	126.528		3317.5	3.8824	30.35	25.6767	23.9692								
2016/04/02 12:10:00		1.60975	139.828	23.2224	21.3948	1011.41	95.769	28.7889	112.987	11.6051	124.592		3002.92	21.3943	27.3825	24.435	23.0717								
2016/04/02 12:15:00		2.42749	144.946	23.2255	21.4896	1011.29	103.571	28.8168	112.719	11.7592	124.478		3067.71	53.318	24.845	22.6392	21.235								
2016/04/02 12:20:00		1.92861	148.605	23.2219	21.637	1011.16	116.236	28.8491	108.035	11.4545	119.49		2813.13	92.063	25.2317	23.0192	21.705								
2016/04/02 12:25:00		1.42241	158.984	23.224	21.9104	1011.14	100.02	28.8756	110.503	11.3175	121.821		2901.25	130.794	25.51	22.5217	21.0958								
2016/04/02 12:30:00		1.8841	156.85	23.2552	22.0135	1011.04	86.209	28.9011	112.853	11.8379	124.69		2891.46	164.336	27.0983	24.1375	22.5925								
2016/04/02 12:35:00		1.59364	157.472	23.326	22.0193	1010.85	101.784	28.9216	108.748	13.9672	122.715		2640.21	188.623	26.7908	23.595	21.9017								
2016/04/02 12:40:00		1.36269	159.705	23.3266	22.0161	1010.72	78.641	28.957	113.469	15.381	128.85		2753.33	208.364	28.3308	24.0483	22.515								
2016/04/02 12:45:00		1.18463	156.914	23.324	22.0531	1010.73	57.364	28.9863	119.474	17.0345	136.509		2703.96	224.608	26.53	23.83	22.2508								
2016/04/02 12:50:00		1.47673	163.411	23.3297	22.1167	1010.75	55.307	29.0077	119.943	19.6773	139.621		2831.25	228.033	25.5942	23.7467	22.4308								
2016/04/02 12:55:00		1.53471	173.798	23.324	22.1172	1010.75	46.8708	29.0212	116.616	21.0193	137.635		2558.96	233.776	23.7017	22.02	20.9333								
2016/04/02 13:00:00		1.26853	162.936	23.3281	22.1172	1010.66	38.4927	28.9065	110.211	20.8857	131.096		2393.13	202.596	25.8867	23.0617	21.5417								
2016/04/02 13:05:00		1.07586	156.304	23.3214	22.1156	1010.39	44.4938	28.7312	105.083	18.9892	124.072		2538.13	44.01	29.28	25.0925	23.42								
2016/04/02 13:10:00		1.91209	152.917	23.3234	22.1167	1010.31	61.549	28.6569	105.342	16.8017	122.144		2637.29	2.06085	28.6717	25.7917	24.4433								
2016/04/02 13:15:00		2.04378	163.227	23.3229	22.1786	1010.3	76.723	28.6805	103.452	15.0558	118.508		2457.08	0.0	25.3717	22.6267	21.46								
2016/04/02 13:20:00		1.85528	170.556	23.3229	22.2182	1010.22	69.854	28.7207	101.152	12.971	114.123		2461.88	0.0	24.3533	22.4533	21.5033								
2016/04/02 13:25:00		1.6518	164.222	23.3245	22.2188	1010.09	83.541	28.7597	101.192	12.259	113.451		2374.17	2.86448	24.6817	22.5992	21.5833								
2016/04/02 13:30:00		1.53905	160.553	23.325	22.274	1009.86	86.246	28.8128	99.982	11.9406	111.922		2206.04	35.3131	25.5008	23.4625	22.3225								
2016/04/02 13:35:00		1.3317	163.433	23.3245	22.3161	1009.85	47.5927	28.8531	100.705	13.1148	113.82		2419.17	87.977	25.0283	21.9275	20.625								
2016/04/02 13:40:00		1.38809	194.731	23.3245	22.3188	1009.85	42.6708	28.8915	94.734	12.2555	106.989		1976.25	140.845	22.6217	20.7858	19.5375								
2016/04/02 13:45:00		1.02985	162.154	23.2484	22.3188	1009.76	34.1906	28.9425	89.825	16.5313	106.356		2353.33	187.084	29.165	23.7775	21.9308								
2016/04/02 13:50:00		1.50557	169.931	23.3224	22.3188	1009.82	34.7156	28.9922	92.552	19.8485	112.4		2625.0	210.989	26.4258	23.6592	22.14								
2016/04/02 13:55:00		1.28513	159.313	23.325	22.3167	1009.81	31.3615	29.0271	91.79	27.3798	119.17		2661.25	213.775	26.47	22.7167	21.435								
2016/04/02 14:00:00		1.25142	158.642	23.3234	22.3172	1009.66	20.0667	29.0644	98.602	30.4848	129.086		2877.08	192.188	30.1342	25.2675	23.1042								
2016/04/02 14:05:00		1.15838	151.764	23.3245	22.3141	1009.6	20.701	29.0982	100.826	31.8301	132.656		2778.13	154.314	28.8133	24.0575	22.1575								
2016/04/02 14:10:00		0.94768	148.147	23.3255	22.3151	1009.53	34.7302	29.0182	102.921	30.3889	133.31		3097.5	197.081	29.8092	23.5133	21.0658								
2016/04/02 14:15:00		2.25592	143.14	23.3281	22.3146	1009.3	58.45	28.826	98.025	23.7648	121.79		2655.83	53.2	25.4092	21.3133	19.4092								
2016/04/02 14:20:00		1.64978	139.277	23.3245	22.3172	1009.22	53.382	28.7119	95.654	18.5031	114.157		2560.0	4.97533	25.22	20.9517	19.335								
2016/04/02 14:25:00		1.91239	154.733	23.249	22.3177	1009.28	43.1667	28.7175	91.848	16.6442	108.492		2540.0	0.0	26.8908	21.9233	20.0367								
2016/04/02 14:30:00		1.54883	161.944	23.287	22.3172	1009.31	41.1323	28.739	90.821	13.7823	104.603		2600.21	0.0	28.1258	22.3625	20.6025								
2016/04/02 14:35:00		1.89799	146.054	23.326	22.3193	1009.21	44.1365	28.7639	91.634	14.3814	106.015		2509.79	4.15742	27.7575	23.0742	21.1575								
2016/04/02 14:40:00		1.98736	143.165	23.324	22.3172	1009.02	56.306	28.8005	90.673	12.8238	103.497		2355.83	42.7564	29.5192	24.5867	22.9867								
2016/04/02 14:45:00		1.60531	157.942	23.3359	22.3188	1009.04	39.7031	28.8434	89.78	14.0151	103.795		2593.33	98.649	28.7158	23.885	21.945								
2016/04/02 14:50:00		2.32488	168.197	23.4203	22.4276	1009.07	32.5135	28.8735	93.702	18.4038	112.106		2607.08	153.282	31.0425	25.3342	23.325								
2016/04/02 14:55:00		1.90674	170.318	23.3849	22.5177	1009.29	26.3448	28.9114	92.138	25.7811	117.919		2289.17	196.149	24.6125	21.8775	20.29								
2016/04/02 15:00:00		2.31663	161.426	23.325	22.5141	1009.18	32.6594	28.9473	89.454	34.1786	123.632		2259.58	184.237	24.2133	22.4492	21.3217								
2016/04/02 15:05:00		2.58866	161.23	23.326	22.5156	1009.01	33.9865	28.9965	84.905	34.0827	118.987		2088.13	129.255	24.6992	19.8742	18.4875								
2016/04/02 15:10:00		1.96751	164.967	23.3229	22.549	1009.07	27.8906	29.0244	87.346	33.7198	121.066		2300.83	88.381	24.7292	20.1758	18.7133								
2016/04/02 15:15:00		2.08389	163.374	23.325	22.6156	1009.07	19.3958	29.048	85.682	32.8024	118.484		2355.21	66.858	25.665	21.435	19.1542								
2016/04/02 15:20:00		2.1025	161.266	23.3229	22.6167	1008.93	20.9125	29.0236	92.301	32.4772	124.779		2406.67	118.59	29.8033	23.3675	21.2992								
2016/04/02 15:25:00		2.17195	148.696	23.3255	22.6141	1008.67	29.4583	28.8337	88.992	27.0888	116.08		2185.83	71.605	21.4708	18.8167	17.3133								
2016/04/02 15:30:00		2.38861	148.054	23.3271	22.5349	1008.56	35.474	28.6442	87.196	21.3513	108.547		2016.67	12.0079	22.0342	19.5342	18.3783								
2016/04/02 15:35:00		2.12496	144.767	23.326	22.5208	1008.43	36.3781	28.6279	84.905	17.0961	102.001		1916.25	0.0	24.65	20.86	19.3308								
2016/04/02 15:40:00		1.80171	142.132	23.326	22.5995	1008.49	29.9104	28.6209	85.843	13.9638	99.806		2179.79	0.0	28.0142	23.0375	21.0267								
2016/04/02 15:45:00		2.21498	148.23	23.3375	22.612	1008.32	20.0594	28.63	82.832	12.3856	95.218		2061.88	0.47146	28.9517	23.0783	20.9325								
2016/04/02 15:50:00		2.66062	136.927	23.4214	22.6203	1008.41	14.4156	28.6445	81.749	13.2209	94.97		2077.71	24.3731	28.4217	22.935	20.7383								
2016/04/02 15:55:00		2.54542	137.923	23.3479	22.6167	1008.73	11.9073	28.6603	79.08	14.2924	93.373		1926.67	76.191	24.8817	20.7383	18.9217								
2016/04/02 16:00:00		2.9092	134.254	23.3234	22.6151	1008.83	12.0604	28.6867	77.077	19.5849	96.662		1915.63	130.966	24.9692	20.4158	18.3983								
2016/04/02 16:05:00		2.00419	149.751	23.237	22.5771	1008.98	11.0615	28.7288	75.31	30.81	106.12		1803.13	152.664	22.655	19.9033	18.5933								
2016/04/02 16:10:00		3.12001	145.018	23.149	22.5224	1009.0	13.0594	28.7725	71.737	32.3779	104.115		1702.71	104.75	21.9017	19.61	18.46								
2016/04/02 16:15:00		2.57719	162.148	23.051	22.5182	1009.15	9.4281	28.8077	68.566	30.4197	98.985		1713.75	69.723	23.875	20.1533	18.7483								
2016/04/02 16:20:00		2.81161	149.798	23.0193	22.5193	1009.11	5.3958	28.8482	66.602	29.7898	96.392		1697.71	52.218	26.1833	21.005	18.8583								
2016/04/02 16:25:00		3.15041	146.964	23.0187	22.4818	1008.97	6.9344	28.8708	66.026	31.012	97.038		1815.63	42.2314	24.8217	21.3383	19.335								
2016/04/02 16:30:00		2.4177	137.245	23.0135	22.4151	1008.97	2.47917	28.902	65.803	29.6563	95.459		1829.38	37.2275	25.5583	21.8917	19.9533								
2016/04/02 16:35:00		4.09871	146.455	22.9995	22.4125	1008.92	6.2344	28.9312	68.195	29.9199	98.115		1791.04	33.2987	24.5217	21.7867	20.5358								
2016/04/02 16:40:00		3.58482	142.802	22.8891	22.4146	1008.73	17.4125	28.9567	65.195	28.8792	94.075		1675.63	31.2735	23.7525	21.6575	20.5892								
2016/04/02 16:45:00		3.66691	146.566	22.824	22.4167	1008.72	18.149	28.9892	62.16	27.5852	89.746		1576.88	28.5233	24.7083	22.1892	20.8558								
2016/04/02 16:50:00		3.37365	141.517	22.7188	22.4193	1008.73	12.1115	29.0099	61.667	28.5266	90.193		1547.92	25.8874	26.8383	23.0892	21.3642								
2016/04/02 16:55:00		3.31543	133.592	22.7906	22.4146	1008.87	3.52187	28.954	63.934	26.6096	90.543		1606.25	83.398	28.4217	24.6442	22.9517								
2016/04/02 17:00:00		2.49757	135.034	22.7255	22.399	1008.91	5.8333	28.7417	62.138	23.7614	85.899		1660.42	35.956	28.7008	25.0458	23.1892								
2016/04/02 17:05:00		2.3415	133.53	22.7161	22.3214	1009.01	2.92396	28.6316	61.403	20.338	81.741		1891.46	0.489318	29.4	25.0758	22.9725								
2016/04/02 17:10:00		2.01971	133.814	22.7161	22.3208	1008.95	1.50208	28.6091	66.975	18.6298	85.605		2048.33	0.0	30.9933	26.2667	24.4792								
2016/04/02 17:15:00		2.54131	134.046	22.7156	22.3203	1008.98	1.77188	28.6053	66.973	16.4012	83.374		2164.58	0.0	37.9483	31.5042	28.8133								
2016/04/02 17:20:00		3.22104	133.315	22.6443	22.3188	1008.85	8.1156	28.6077	71.509	15.8466	87.356		2055.63	2.56803	37.0392	34.0792	31.8875								
2016/04/02 17:25:00		2.89551	144.145	22.5406	22.3177	1008.94	6.3729	28.6093	68.277	19.7971	88.075		1900.63	28.9734	37.725	35.4158	33.71								
2016/04/02 17:30:00		3.06064	139.335	22.5109	22.3203	1009.13	1.08646	28.6177	73.477	29.7316	103.208		2219.79	65.522	33.6483	29.7075	28.0533								
2016/04/02 17:35:00		3.31068	128.34	22.5083	22.3167	1009.1	1.29062	28.576	68.628	30.163	98.791		1824.79	139.077	26.1333	23.6942	22.6367								
2016/04/02 17:40:00		3.26195	136.852	22.4182	22.3214	1008.92	3.68958	28.3167	65.441	22.06	87.501		1781.88	48.9925	25.0133	23.565	22.45								
2016/04/02 17:45:00		3.46721	129.105	22.4208	22.3172	1008.93	2.34792	28.2235	62.866	17.8356	80.702		1805.0	2.27158	30.21	27.41	25.965								
2016/04/02 17:50:00		2.82653	137.315	22.4177	22.3182	1008.94	1.1375	28.23	62.471	16.8633	79.334		1805.0	0.0	32.4367	28.6008	26.5317								
2016/04/02 17:55:00		3.85083	137.831	22.413	22.3208	1008.95	1.1375	28.226	65.685	15.987	81.672		1733.13	0.0	31.8317	28.8758	26.905								
2016/04/02 18:00:00		3.81241	132.885	22.4141	22.3177	1008.97	1.14479	28.241	64.17	18.7838	82.954		1595.0	25.0695	41.1833	37.4967	35.5933								
2016/04/02 18:05:00		3.05982	136.035	22.4115	22.3161	1009.1	1.17396	28.2746	60.633	27.8146	88.447		1568.33	86.399	46.2242	42.7233	40.69								
2016/04/02 18:10:00		2.50741	135.699	22.412	22.3156	1009.33	1.1375	28.3529	60.273	28.0371	88.31		1628.75	82.82	41.23	34.9	31.9317								
2016/04/02 18:15:00		1.92003	133.224	22.412	22.3188	1009.44	1.06458	28.3046	64.709	28.1638	92.872		1714.17	116.951	41.3733	32.5008	29.265								
2016/04/02 18:20:00		1.38163	143.178	22.4172	22.313	1009.64	1.07917	28.0871	66.984	23.1794	90.164		2003.75	44.8887	41.6067	33.36	30.1								
2016/04/02 18:25:00		1.92794	143.29	22.5125	22.3193	1009.8	1.05	28.078	72.521	21.3034	93.824		2176.88	0.0	43.3425	34.1892	30.9967								
2016/04/02 18:30:00		1.69538	137.141	22.513	22.3198	1009.86	1.11563	28.1035	73.546	22.2414	95.787		2073.54	12.5365	36.0617	30.2758	27.9367								
2016/04/02 18:35:00		2.51968	138.411	22.5099	22.3188	1009.86	1.1375	28.1384	78.933	27.2908	106.224		2020.83	53.461	33.905	30.0358	28.0117								
2016/04/02 18:40:00		2.47671	130.786	22.5115	22.3198	1009.8	1.13021	28.1776	83.176	25.7606	108.937		2111.88	47.3996	32.2242	29.3667	27.6908								
2016/04/02 18:45:00		2.31432	139.078	22.4969	22.313	1009.66	1.14479	28.1309	80.597	24.7028	105.299		1960.42	87.442	31.3117	28.8692	27.1875								
2016/04/02 18:50:00		2.9534	134.889	22.4177	22.3193	1009.63	1.1375	27.9677	80.255	20.2422	100.497		1977.29	35.3666	31.5792	28.9983	27.245								
2016/04/02 18:55:00		2.82064	138.059	22.413	22.3188	1009.75	1.11563	27.9403	77.396	18.7291	96.125		1886.67	0.0	31.4583	28.6858	26.5067								
2016/04/02 19:00:00		2.68724	139.232	22.412	22.3161	1009.81	1.1375	28.0278	74.897	23.2821	98.179		1832.71	19.1191	31.755	28.405	26.2217								
2016/04/02 19:05:00		2.77798	137.795	22.4193	22.3172	1009.88	1.18854	28.1102	71.567	24.5419	96.109		1723.54	39.5562	30.02	27.9208	26.2183								
2016/04/02 19:10:00		2.14859	134.18	22.4125	22.3198	1009.93	1.10833	28.1599	70.698	24.6788	95.377		1765.21	34.9809	28.705	26.8383	25.5242								
2016/04/02 19:15:00		1.79225	131.48	22.413	22.3151	1009.99	1.15937	28.0906	66.752	23.1383	89.89		1695.63	82.134	28.3733	26.3	24.8567								
2016/04/02 19:20:00		1.68295	133.072	22.4937	22.3193	1010.03	1.16667	27.9368	69.381	18.3662	87.747		1770.63	23.9552	31.2667	28.7517	26.865								
2016/04/02 19:25:00		1.82038	125.823	22.5109	22.3203	1010.09	1.21771	27.9298	74.437	18.8489	93.286		1900.0	0.0	30.355	26.95	24.7233								
2016/04/02 19:30:00		1.79832	136.752	22.5094	22.3188	1010.11	1.11563	28.016	76.012	23.5183	99.53		1928.13	20.9335	30.5625	27.1158	24.975								
2016/04/02 19:35:00		1.46289	135.972	22.5141	22.3146	1009.96	1.15208	28.1032	78.973	24.2543	103.227		1993.54	34.238	31.1267	27.4308	25.2092								
2016/04/02 19:40:00		1.81999	135.122	22.512	22.3151	1009.95	1.18125	28.1664	86.81	22.7001	109.51		2063.33	31.8878	30.8283	27.4317	25.5183								
2016/04/02 19:45:00		2.18697	135.611	22.5057	22.3172	1009.99	1.14479	28.024	90.593	20.1155	110.708		2073.13	94.153	29.2475	26.8792	25.2642								
2016/04/02 19:50:00		1.47381	128.328	22.5875	22.3375	1010.13	1.20313	27.9475	90.162	16.5997	106.762		1987.5	0.025002	28.7167	26.32	24.8942								
2016/04/02 19:55:00		1.60847	125.222	22.6187	22.3771	1010.22	1.17396	27.9564	90.048	18.8181	108.866		2112.29	0.85363	33.7417	31.7542	30.5683								
2016/04/02 20:00:00		1.49916	124.152	22.6167	22.413	1010.23	1.13021	28.0528	87.518	22.8302	110.348		2028.54	29.8413	42.1333	37.6342	35.6683								
2016/04/02 20:05:00		1.32474	126.895	22.6193	22.4089	1010.26	1.20313	28.1207	91.013	22.6077	113.62		2083.75	34.5702	41.3875	35.1208	31.9875								
2016/04/02 20:10:00		1.38994	122.128	22.6167	22.3979	1010.45	1.1375	28.1854	94.671	21.4232	116.094		1996.25	30.1913	45.055	35.09	31.29								
2016/04/02 20:15:00		1.01665	116.903	22.6156	22.401	1010.69	1.12292	28.0756	91.386	20.7283	112.114		2072.08	88.884	46.0383	35.825	31.6308								
2016/04/02 20:20:00		1.52091	104.136	22.6151	22.4141	1010.8	1.07187	28.0018	97.326	16.5792	113.906		2105.21	0.360738	46.625	36.6758	32.7742								
2016/04/02 20:25:00		1.22951	103.866	22.6594	22.4177	1010.86	1.09375	28.0275	102.021	17.5891	119.61		2164.38	2.9752	43.1175	35.5608	32.5292								
2016/04/02 20:30:00		1.67445	99.129	22.7135	22.4146	1010.85	1.12292	28.1011	103.696	21.1665	124.862		2079.38	28.9376	44.1442	35.3467	32.435								
2016/04/02 20:35:00		1.61038	109.751	22.7135	22.3823	1011.01	1.16667	28.1639	104.004	20.4373	124.441		1927.71	31.5557	43.4825	36.4825	33.4508								
2016/04/02 20:40:00		1.46835	120.211	22.7146	22.3417	1011.18	1.13021	28.0855	105.925	20.0778	126.003		1968.96	89.574	45.5925	37.8992	34.6092								
2016/04/02 20:45:00		2.08146	121.084	22.7172	22.3349	1011.27	1.1375	27.9878	105.514	15.7302	121.244		1895.42	7.2683	44.2983	36.8867	33.9342								
2016/04/02 20:50:00		1.88232	123.868	22.7193	22.3375	1011.39	1.1375	27.9913	108.402	17.3768	125.778		1895.0	0.078577	44.8983	36.4417	33.4392								
2016/04/02 20:55:00		1.46804	142.749	22.7151	22.3776	1011.45	1.11563	28.0769	106.532	20.5058	127.038		1826.88	26.1625	45.9542	37.3383	32.9792								
2016/04/02 21:00:00		2.28746	132.291	22.7146	22.3708	1011.57	1.18125	28.1425	105.947	20.0984	126.046		1754.38	33.3379	51.613	39.4175	34.2467								
2016/04/02 21:05:00		2.69068	132.977	22.7203	22.3396	1011.74	1.06458	28.1516	100.668	20.5605	121.228		1580.21	59.918	50.407	38.7583	33.3067								
2016/04/02 21:10:00		2.56731	136.172	22.7125	22.3219	1011.85	1.13021	27.9722	94.479	16.6237	111.103		1505.21	52.436	51.458	40.1433	34.1725								
2016/04/02 21:15:00		1.62122	132.241	22.7635	22.3635	1011.94	1.08646	27.9639	92.326	13.6968	106.023		1508.33	0.0	53.792	40.0433	34.1642								
2016/04/02 21:20:00		1.60023	126.128	22.8151	22.3833	1011.97	1.07187	27.9991	96.527	20.516	117.043		1537.5	10.4471	53.169	40.0358	34.3408								
2016/04/02 21:25:00		1.74135	127.997	22.8161	22.3943	1011.92	1.09375	28.081	95.821	20.5263	116.347		1590.21	33.4237	59.037	44.845	38.0658								
2016/04/02 21:30:00		1.80315	128.141	22.8198	22.4141	1011.88	1.07917	28.1328	90.671	19.7869	110.458		1665.21	32.7236	55.121	41.575	34.0833								
2016/04/02 21:35:00		1.47317	128.559	22.8182	22.4151	1011.91	1.13021	28.0485	90.2	19.2391	109.439		1547.29	91.517	51.802	39.4067	32.6225								
2016/04/02 21:40:00		1.07332	119.097	22.8193	22.4182	1011.98	1.11563	27.9379	87.736	15.9219	103.658		1507.5	0.82148	51.289	39.98	34.95								
2016/04/02 21:45:00		1.65724	129.973	22.8193	22.4109	1012.1	1.14479	27.9585	85.11	18.5682	103.678		1627.5	4.336	50.41	40.2017	35.6275								
2016/04/02 21:50:00		1.93606	133.716	22.8182	22.3797	1012.1	1.07187	28.0334	86.756	20.1189	106.875		1546.67	30.2342	44.8658	37.1083	33.7317								
2016/04/02 21:55:00		2.14837	136.601	22.8224	22.3948	1012.11	1.11563	28.1089	85.977	20.0847	106.061		1501.04	32.6986	42.7533	35.7367	32.5542								
2016/04/02 22:00:00		1.70861	134.702	22.8198	22.4016	1012.11	1.21042	28.1674	85.302	20.6359	105.938		1437.92	30.2842	41.6183	35.525	32.3942								
2016/04/02 22:05:00		1.82087	131.131	22.7646	22.3188	1012.12	1.08646	28.0031	84.509	18.7667	103.276		1441.46	86.684	42.6025	36.4083	33.5567								
2016/04/02 22:10:00		1.62826	141.423	22.7135	22.3177	1012.09	1.14479	27.9556	87.468	14.8847	102.353		1436.67	0.0	39.3925	34.4392	32.055								
2016/04/02 22:15:00		2.05174	136.734	22.7161	22.3188	1012.03	1.16667	27.9916	85.293	18.4518	103.745		1393.33	4.83246	36.3883	32.2967	30.1383								
2016/04/02 22:20:00		2.26501	131.67	22.7188	22.3224	1011.97	1.13021	28.0767	82.921	21.7313	104.653		1367.92	31.4092	35.3333	31.4467	29.285								
2016/04/02 22:25:00		1.656	130.965	22.7141	22.3214	1012.0	1.09375	28.1519	78.015	21.0912	99.106		1352.92	33.1486	34.3917	30.31	28.08								
2016/04/02 22:30:00		1.17481	127.851	22.7094	22.3156	1012.03	1.15208	28.1712	73.374	20.7523	94.126		1488.13	30.6127	34.3883	30.0183	27.4983								
2016/04/02 22:35:00		1.92725	125.59	22.6172	22.3193	1012.09	1.09375	28.0206	71.511	17.8732	89.385		1457.5	84.198	33.0633	29.6183	27.5633								
2016/04/02 22:40:00		1.91297	126.324	22.6172	22.3167	1012.03	1.20313	27.9918	73.063	15.7234	88.787		1385.42	0.0	32.615	28.64	26.2333								
2016/04/02 22:45:00		1.9962	130.494	22.6172	22.3203	1012.04	1.15937	28.0216	71.735	19.2939	91.029		1298.96	6.6933	32.495	28.0683	25.895								
2016/04/02 22:50:00		2.2658	134.447	22.6151	22.3151	1012.06	1.11563	28.0922	70.513	21.5499	92.063		1222.08	31.5664	33.86	28.4075	26.0008								
2016/04/02 22:55:00		2.5248	141.356	22.6167	22.3188	1012.06	1.11563	28.1433	65.175	19.7492	84.925		1071.88	31.1949	39.4125	30.0542	25.8692								
2016/04/02 23:00:00		2.83009	136.35	22.6135	22.3177	1012.03	1.15937	28.1151	64.4	20.2045	84.605		959.79	79.902	40.8042	31.1692	26.0733								
2016/04/02 23:05:00		2.25161	134.438	22.6172	22.3177	1012.05	1.12292	27.9618	60.8	17.3392	78.139		878.96	24.2195	40.5267	30.86	25.6133								
2016/04/02 23:10:00		2.50517	138.431	22.6156	22.3151	1012.0	1.19583	27.9663	55.862	16.6579	72.52		774.17	0.0	41.8225	30.7133	25.2875								
2016/04/02 23:15:00		2.08613	134.439	22.612	22.3151	1011.99	1.12292	28.0305	53.129	19.6739	72.803		687.92	18.8191	42.7742	31.1317	25.04								
2016/04/02 23:20:00		1.9964	140.488	22.6135	22.3177	1011.95	1.10833	28.103	51.025	20.4339	71.459		635.21	32.9986	38.9308	29.4975	24.8617								
2016/04/02 23:25:00		2.29228	138.47	22.6151	22.3172	1011.85	1.12292	28.1629	48.7648	19.7937	68.559		568.13	30.8699	35.41	27.9092	24.0867								
2016/04/02 23:30:00		2.41103	146.755	22.5266	22.3188	1011.83	1.14479	28.1164	44.6466	19.9033	64.55		494.167	79.705	32.145	26.43	23.455								
2016/04/02 23:35:00		3.21837	146.494	22.5161	22.3177	1011.75	1.07917	27.7916	40.5663	15.9904	56.557		419.167	55.189	29.9633	25.5542	22.9117								
2016/04/02 23:40:00		2.6968	148.301	22.5094	22.3172	1011.6	1.11563	27.5454	36.6088	11.7112	48.32		383.333	10.3364	28.3892	24.3642	22.3883								
2016/04/02 23:45:00		2.64464	150.573	22.5125	22.3312	1011.43	1.12292	27.3413	33.4017	12.478	45.8798		345.0	6.9147	27.7125	23.9183	21.9317								
2016/04/02 23:50:00		2.51465	150.59	22.5125	22.3854	1011.39	1.15937	27.1083	30.7418	12.1699	42.9118		275.833	4.35743	25.7608	23.4892	21.6133								
2016/04/02 23:55:00		2.54462	143.333	22.5057	22.4005	1011.36	1.18854	26.8551	28.1132	10.9067	39.0199		269.375	0.496462	27.2508	23.4967	21.4042								
2016/04/03 00:00:00		2.44317	143.085	22.5099	22.4161	1011.29	1.11563	26.8331	25.6565	9.6812	35.3377		201.25	0.0	27.9517	23.6692	21.6275								
