-- 1st mean values --
Format: XTAB(V:1;HEAD:2;COL:TCFFFFFFFFFFFFFFFFFFFFFFFF)
StartTime: 2016/04/04 00:00:00
EndTime: 2016/04/05 00:00:00
Period: 24 h
Station: Gia Lam

Time	MeasPt	Wind Spd.	Wind Dir.	Temp	RH	Barometer	Radiation	InnerTemp	NO	NO2	NOx	SO2	CO	O3	PM-10	PM-2.5	PM-1	CH4	NMHC	THC	BENZEN	TOLUEN	ETHYL BENZEN	MP-XYLEN	O-XYLEN
		m/s	degree	°C	%	hPa	W/m²	°C	µg/m3	µg/m3	µg/m3	µg/m3	µg/m3	µg/m3	µg/m3	µg/m3	µg/m3	ppm	ppmC	ppmC	ug/m3	ug/m3	ug/m3	ug/m3	ug/m3
2016/04/04 00:05:00		1.20576	122.654	23.563	15.4766	1009.97	1.04271	27.2678	29.4085	11.4237	40.8322		438.75	0.0	55.531	38.785	30.4258								
2016/04/04 00:10:00		1.1746	123.733	23.5141	15.6021	1009.95	1.12292	27.2541	28.1757	10.5849	38.7607		488.542	11.265	59.307	40.7983	31.0125								
2016/04/04 00:15:00		1.15998	133.654	23.5141	15.7385	1009.93	1.13021	27.1378	29.3348	11.5503	40.8852		489.375	2.32158	58.082	40.4483	31.25								
2016/04/04 00:20:00		0.63491	133.099	23.5167	15.8562	1009.99	1.12292	26.9867	31.3694	13.149	44.5184		460.208	0.0	56.789	39.865	31.2842								
2016/04/04 00:25:00		0.0	502.0	23.4906	15.9656	1010.0	1.10104	26.8922	35.0276	12.4096	47.4372		550.83	0.0	53.779	39.5483	32.085								
2016/04/04 00:30:00		0.68585	139.235	23.4224	16.0792	1009.92	1.14479	26.9727	40.8834	11.4921	52.376		548.13	0.0	49.6633	38.3175	32.9175								
2016/04/04 00:35:00		1.06455	127.041	23.4151	16.2089	1009.77	1.15208	26.9859	41.6584	11.5229	53.181		512.29	17.644	56.61	39.4058	30.6117								
2016/04/04 00:40:00		0.67997	133.35	23.4172	16.3062	1009.8	1.15208	26.8817	40.8075	11.1806	51.988		499.375	8.2541	52.841	37.8808	30.0767								
2016/04/04 00:45:00		0.0	502.0	23.4146	16.4016	1009.94	1.10104	26.7322	40.7673	11.6667	52.434		505.63	0.30002	50.953	38.0333	30.4683								
2016/04/04 00:50:00		0.0	502.0	23.413	16.4646	1009.92	1.07187	26.6447	48.6018	12.1631	60.765		456.458	0.0	52.61	37.7483	30.4092								
2016/04/04 00:55:00		0.52109	102.77	23.4182	16.5036	1009.83	1.14479	26.7335	48.0546	10.561	58.616		384.167	2.67518	50.48	37.3667	29.8183								
2016/04/04 01:00:00		0.70035	99.572	23.4172	16.5953	1009.73	1.15937	26.8012	45.9307	11.0163	56.947		347.917	0.0	47.7592	36.3575	30.48								
2016/04/04 01:05:00		1.63493	127.043	23.4167	16.6953	1009.44	1.14479	26.7475	42.5271	10.6466	53.174		353.75	0.0	48.995	36.4925	30.5642								
2016/04/04 01:10:00		1.46208	152.754	23.4063	16.7547	1009.16	1.12292	26.6388	40.9392	10.1399	51.079		356.458	145.628	45.5308	36.105	30.8458								
2016/04/04 01:15:00		1.47134	148.448	23.3224	16.8104	1009.07	1.19583	26.5711	38.6746	9.1198	47.7944		301.042	204.303	41.7917	34.0725	29.3708								
2016/04/04 01:20:00		1.13437	142.793	23.3229	16.8276	1009.08	1.18125	26.6723	34.3062	10.0749	44.3811		251.875	208.61	42.645	33.9817	29.25								
2016/04/04 01:25:00		1.03031	134.224	23.3234	16.9099	1009.03	1.1375	26.7657	32.9059	9.2772	42.1832		196.458	210.853	41.2083	32.9442	28.5425								
2016/04/04 01:30:00		1.17821	137.773	23.3234	16.9271	1008.99	1.13021	26.7174	32.9015	9.445	42.3465		206.25	213.236	43.7117	34.1775	28.5242								
2016/04/04 01:35:00		1.46306	141.919	23.3208	16.9786	1008.85	1.12292	26.6106	32.4124	10.1023	42.5146		158.75	50.603	42.765	32.8283	27.6625								
2016/04/04 01:40:00		1.84682	133.548	23.3193	17.0187	1008.75	1.15208	26.5362	31.6955	9.3389	41.0343		158.542	0.0	38.1433	31.1067	26.8608								
2016/04/04 01:45:00		0.85048	132.994	23.2427	17.0781	1008.76	1.20313	26.6149	28.7966	8.9828	37.7794		159.583	0.0	44.8075	33.2633	27.1167								
2016/04/04 01:50:00		1.60245	135.092	23.2234	17.1063	1008.68	1.13021	26.718	26.7352	9.8524	36.5876		153.125	8.6827	41.5983	31.6375	26.3883								
2016/04/04 01:55:00		1.38368	148.245	23.2193	17.1849	1008.59	1.15937	26.6857	25.7794	8.2468	34.0262		88.125	27.9697	37.3042	29.9875	25.6733								
2016/04/04 02:00:00		1.10368	139.508	23.2182	17.187	1008.59	1.12292	26.5786	23.7202	9.1917	32.9119		113.125	4.71817	37.7708	29.6358	25.1508								
2016/04/04 02:05:00		0.91775	142.173	23.2193	17.2813	1008.56	1.18854	26.5026	23.6376	7.6683	31.3059		85.417	0.0	35.7467	28.7392	24.7292								
2016/04/04 02:10:00		0.9872	131.895	23.2182	17.2859	1008.48	1.17396	26.581	23.9748	8.4727	32.4476		121.667	0.0	33.1425	27.435	24.3192								
2016/04/04 02:15:00		1.13984	134.606	23.2182	17.2859	1008.34	1.06458	26.6828	25.02	8.7329	33.753		99.375	6.8397	31.4142	26.2058	23.4483								
2016/04/04 02:20:00		0.97802	129.112	23.2182	17.3521	1008.26	1.07917	26.6406	24.4036	9.6572	34.0609		118.333	33.3165	30.9833	26.0142	23.1433								
2016/04/04 02:25:00		1.30237	140.386	23.2182	17.3755	1008.14	1.03542	26.5536	23.3004	8.5652	31.8656		80.208	5.5897	32.815	26.1408	22.725								
2016/04/04 02:30:00		1.00824	125.683	23.2193	17.3828	1008.05	1.02813	26.4771	22.1055	7.165	29.2706		95.833	0.0	37.3558	28.0108	23.5417								
2016/04/04 02:35:00		0.90401	130.076	23.2177	17.3755	1008.06	1.04271	26.5641	23.0592	7.2814	30.3406		108.75	0.0	42.9617	30.0575	24.2825								
2016/04/04 02:40:00		0.97006	136.049	23.2198	17.3839	1008.07	1.11563	26.649	22.6125	9.1369	31.7494		80.208	6.3076	42.0175	30.485	24.4492								
2016/04/04 02:45:00		0.96132	128.395	23.2135	17.3859	1008.01	1.05729	26.6259	24.9575	8.3529	33.3104		127.292	36.5774	39.6383	29.2608	24.6792								
2016/04/04 02:50:00		0.87797	127.513	23.2177	17.4646	1007.98	1.03542	26.5362	25.766	8.5207	34.2866		108.75	5.8718	38.0433	29.7542	25.1025								
2016/04/04 02:55:00		0.74914	131.004	23.2208	17.4771	1007.94	1.00625	26.4444	26.3623	8.8185	35.1808		132.5	0.0	38.2783	29.3517	25.0917								
2016/04/04 03:00:00		0.79634	135.599	23.2177	17.4781	1007.94	1.04271	26.5195	27.2444	8.2468	35.4912		156.667	0.0	42.2267	30.7233	25.56								
2016/04/04 03:05:00		0.54711	99.332	23.2203	17.4771	1007.91	1.04271	26.6116	29.1026	8.6063	37.7088		181.25	2.49302	44.1383	31.8117	26.5717								
2016/04/04 03:10:00		0.57127	75.342	23.2146	17.475	1007.91	1.01354	26.595	29.9736	8.6781	38.6517		202.292	38.9205	42.7967	30.9417	26.045								
2016/04/04 03:15:00		0.52887	136.79	23.2161	17.4792	1007.91	0.99167	26.497	31.4699	8.5891	40.059		265.208	7.0719	42.9617	31.4058	26.3475								
2016/04/04 03:20:00		0.70733	90.01	23.2167	17.4755	1007.92	0.99167	26.3912	31.6865	9.6196	41.3061		304.792	0.025002	46.01	32.815	27.0367								
2016/04/04 03:25:00		0.95441	102.669	23.2182	17.4776	1007.89	1.09375	26.4551	33.8931	8.8699	42.7629		290.833	0.0	42.95	31.9425	27.4933								
2016/04/04 03:30:00		1.17953	95.462	23.2161	17.474	1007.87	1.02083	26.5448	33.1538	7.7504	40.9043		309.167	0.103578	47.53	34.345	28.9467								
2016/04/04 03:35:00		0.86493	87.41	23.2182	17.4807	1007.83	1.07917	26.5316	33.0734	7.5245	40.5979		358.958	43.7458	55.197	37.6158	30.7425								
2016/04/04 03:40:00		0.91445	115.979	23.2172	17.4729	1007.86	1.07187	26.424	32.5196	9.2293	41.7489		408.125	9.9899	55.995	38.4917	32.0633								
2016/04/04 03:45:00		0.88305	124.72	23.2219	17.4781	1007.88	1.07917	26.3107	31.3828	8.3119	39.6946		383.958	0.60004	47.9875	37.1058	32.7175								
2016/04/04 03:50:00		1.37595	93.671	23.2167	17.4745	1007.87	1.07187	26.3652	30.0004	7.2883	37.2886		363.958	0.0	47.225	37.9408	33.4408								
2016/04/04 03:55:00		0.99049	109.111	23.2151	17.4771	1007.91	1.00625	26.4586	28.0373	7.3499	35.3872		358.542	0.0	52.665	39.5183	34.05								
2016/04/04 04:00:00		0.87392	121.091	23.2182	17.4771	1007.88	1.05729	26.4811	29.1294	7.3704	36.4998		343.75	43.4672	50.884	39.1275	34.7008								
2016/04/04 04:05:00		1.27846	130.167	23.2188	17.4833	1007.83	1.03542	26.3952	28.1824	8.5618	36.7442		313.542	13.033	51.24	39.3375	34.3667								
2016/04/04 04:10:00		1.36874	140.834	23.2182	17.5807	1007.78	1.05	26.304	26.8916	7.8771	34.7687		330.0	0.96078	52.013	39.2158	34.3242								
2016/04/04 04:15:00		0.97405	124.61	23.2198	17.5828	1007.79	1.07187	26.3654	27.5482	7.2609	34.8091		286.458	0.0	51.652	39.3033	34.3167								
2016/04/04 04:20:00		0.68717	139.273	23.2161	17.5833	1007.85	1.08646	26.4774	25.5337	7.2712	32.8049		302.5	0.0	54.472	40.43	34.6842								
2016/04/04 04:25:00		1.26594	127.11	23.2234	17.5849	1007.92	1.07187	26.5134	26.3578	7.3191	33.6769		406.875	43.4636	58.252	42.065	34.9267								
2016/04/04 04:30:00		0.98048	135.416	23.2172	17.5844	1008.0	1.07187	26.4436	27.6978	7.9216	35.6194		447.917	15.6439	60.773	44.0725	35.7658								
2016/04/04 04:35:00		1.21283	134.969	23.2193	17.5943	1008.06	1.08646	26.3335	27.4253	6.5523	33.9776		474.375	1.11436	56.698	42.7983	36.3892								
2016/04/04 04:40:00		1.18574	128.556	23.2208	17.6833	1008.04	1.04271	26.3882	26.9295	7.1068	34.0364		523.75	0.0	61.759	45.3	37.9542								
2016/04/04 04:45:00		0.81265	114.125	23.2172	17.687	1008.01	1.05729	26.487	30.8133	7.8668	38.6801		626.46	0.0	73.467	50.028	40.0242								
2016/04/04 04:50:00		0.8711	133.008	23.2146	17.687	1008.13	1.11563	26.5271	33.5849	7.1822	40.767		688.13	40.8063	64.109	46.7375	38.9908								
2016/04/04 04:55:00		0.92861	129.282	23.2177	17.6875	1008.18	1.10104	26.4546	36.008	7.3225	43.3305		784.17	16.3439	65.147	47.3717	39.2667								
2016/04/04 05:00:00		0.77474	125.485	23.2167	17.6875	1008.19	1.11563	26.3413	39.1347	7.2027	46.3374		971.67	1.27151	74.278	50.152	39.7708								
2016/04/04 05:05:00		0.8775	98.631	23.2156	17.6865	1008.22	1.02083	26.3998	39.693	6.8946	46.5876		1228.54	0.0	73.937	50.419	40.7092								
2016/04/04 05:10:00		0.91064	149.125	23.2188	17.6875	1008.29	1.08646	26.4994	41.2988	6.8261	48.1249		1231.88	0.0	74.749	50.897	41.2492								
2016/04/04 05:15:00		1.00666	135.89	23.2198	17.6865	1008.37	1.10833	26.5397	42.7348	7.2643	49.9991		1203.75	39.1597	68.638	48.8484	39.8142								
2016/04/04 05:20:00		0.64987	134.354	23.2161	17.7026	1008.47	1.1375	26.4629	56.68	6.4324	63.112		1391.04	16.4368	72.501	50.103	40.3567								
2016/04/04 05:25:00		0.75067	125.402	23.2156	17.7885	1008.54	1.1375	26.3587	58.493	6.3434	64.837		1481.67	1.72154	71.651	50.411	40.285								
2016/04/04 05:30:00		0.74589	93.441	23.2776	17.7875	1008.65	1.12292	26.4062	62.752	6.4016	69.154		1475.0	0.0	73.554	50.721	40.2008								
2016/04/04 05:35:00		0.81174	114.179	23.3182	17.7891	1008.7	1.13021	26.6253	67.8	6.3263	74.126		1645.0	0.30002	77.622	52.763	41.1375								
2016/04/04 05:40:00		1.00497	103.58	23.3229	17.7839	1008.73	1.09375	26.8154	77.354	8.3701	85.724		1641.04	0.0	77.752	52.22	39.8742								
2016/04/04 05:45:00		0.7387	137.975	23.3208	17.7885	1008.67	1.12292	26.9397	83.084	12.0946	95.179		1533.33	5.1896	64.978	47.0492	38.6925								
2016/04/04 05:50:00		1.18153	136.197	23.3198	17.7896	1008.66	1.17396	27.0546	82.573	15.9117	98.485		1650.0	16.2511	72.821	49.1283	39.2633								
2016/04/04 05:55:00		1.21109	135.509	23.3219	17.7917	1008.65	1.15937	27.1566	82.345	18.3114	100.657		1716.25	28.5876	73.718	50.191	38.8833								
2016/04/04 06:00:00		1.0949	136.246	23.3193	17.7875	1008.7	1.21042	27.2508	80.291	19.7458	100.036		1581.46	33.7058	68.843	46.8	37.95								
2016/04/04 06:05:00		1.09067	144.417	23.3198	17.7875	1008.71	1.16667	27.3456	89.193	18.9995	108.192		4471.25	36.1738	74.557	50.58	39.2483								
2016/04/04 06:10:00		1.31119	132.455	23.3208	17.7896	1008.75	1.14479	27.4326	90.968	17.459	108.427		8352.1	33.7451	64.844	44.6892	36.2475								
2016/04/04 06:15:00		1.3828	131.959	23.3203	17.7891	1008.83	1.51667	27.5284	94.488	15.518	110.006		6553.8	32.3771	72.013	48.9	37.3283								
2016/04/04 06:20:00		0.71439	129.363	23.3813	17.7854	1008.89	4.31667	27.5972	90.95	15.3468	106.297		5358.5	31.2914	62.892	42.8567	33.7883								
2016/04/04 06:25:00		0.94812	124.762	23.4177	17.7844	1008.97	5.301	27.6713	86.352	13.5838	99.936		4877.71	29.0984	64.053	43.9583	33.9067								
2016/04/04 06:30:00		0.86686	134.581	23.4135	17.7844	1009.06	8.8885	27.7486	82.535	13.149	95.684		4296.88	28.6983	61.396	41.7642	32.5992								
2016/04/04 06:35:00		0.99456	134.487	23.4167	17.7854	1009.13	11.3313	27.816	78.493	12.8615	91.354		3720.21	28.7233	62.448	42.1392	31.8225								
2016/04/04 06:40:00		0.95775	141.722	23.4135	17.7865	1009.21	11.7833	27.8748	76.405	14.7614	91.166		3436.88	28.6983	64.493	44.74	33.1417								
2016/04/04 06:45:00		1.04068	134.412	23.4797	17.787	1009.24	14.1313	27.9599	81.36	12.5362	93.897		3363.33	28.2983	62.694	43.5258	32.2467								
2016/04/04 06:50:00		1.16131	131.452	23.513	17.7833	1009.32	21.5979	28.0308	79.536	12.5465	92.082		3016.88	26.5268	62.896	43.4625	32.3633								
2016/04/04 06:55:00		1.10202	133.601	23.5115	17.7911	1009.43	23.4427	28.1089	82.725	12.6663	95.391		2949.79	25.9767	64.768	43.8492	31.8525								
2016/04/04 07:00:00		1.27135	142.367	23.5797	17.7911	1009.47	28.7802	28.165	79.149	12.68	91.829		2719.79	26.3375	60.988	41.1567	31.2642								
2016/04/04 07:05:00		1.45699	130.754	23.625	17.7917	1009.55	34.074	28.2456	76.503	11.677	88.18		2484.79	25.6838	59.943	40.9758	30.3825								
2016/04/04 07:10:00		1.09083	137.099	23.6297	17.7786	1009.64	47.1406	28.3411	80.471	11.5914	92.063		2763.33	25.5981	53.763	39.2158	31.53								
2016/04/04 07:15:00		1.51721	134.244	23.7203	17.7031	1009.71	55.366	28.4093	84.701	13.1285	97.83		2876.88	25.5338	47.4042	35.5142	29.6583								
2016/04/04 07:20:00		1.11818	137.325	23.7573	17.6875	1009.76	61.41	28.5116	85.816	12.9607	98.777		2721.88	25.4981	54.683	37.5658	28.2575								
2016/04/04 07:25:00		1.501	131.307	23.826	17.6891	1009.78	71.466	28.5833	86.269	12.858	99.127		3100.42	25.2195	44.3008	33.4692	28.1833								
2016/04/04 07:30:00		1.02145	156.575	23.8896	17.5979	1009.85	73.77	28.6442	87.169	12.8238	99.993		3101.46	24.7124	59.638	41.0642	28.4258								
2016/04/04 07:35:00		1.19625	143.924	23.9505	17.5328	1009.91	83.271	28.7575	85.367	12.8238	98.191		2955.21	24.8338	48.5367	33.0875	25.2842								
2016/04/04 07:40:00		1.01575	145.997	24.0224	17.4203	1009.99	88.74	28.8295	84.029	14.0117	98.041		3232.29	25.3838	58.366	38.9158	25.6458								
2016/04/04 07:45:00		1.05245	146.68	24.1146	17.3057	1010.0	97.927	28.91	82.743	14.1897	96.932		3333.96	24.7838	60.268	40.1833	25.69								
2016/04/04 07:50:00		1.43885	143.071	24.1891	17.1193	1010.05	88.463	29.0153	84.168	15.1311	99.299		3652.71	24.9588	66.581	44.6917	28.9758								
2016/04/04 07:55:00		2.00336	139.073	24.2797	16.9234	1010.07	112.613	29.092	96.647	15.3091	111.957		3748.54	24.9338	68.478	45.67	28.7792								
2016/04/04 08:00:00		1.69243	139.559	24.3719	16.6589	1010.12	131.753	29.1763	96.23	14.8299	111.06		4177.92	24.1837	61.528	41.115	26.4958								
2016/04/04 08:05:00		1.42979	138.77	24.4906	16.3609	1010.14	146.789	29.2641	98.193	15.6104	113.803		4308.96	24.3838	68.752	45.8342	29.3808								
2016/04/04 08:10:00		1.59002	136.659	24.6281	15.9693	1010.18	175.766	29.339	106.698	13.3715	120.069		4706.04	24.4338	64.862	43.2675	26.0258								
2016/04/04 08:15:00		1.5029	143.1	24.7594	15.4516	1010.2	157.507	29.3506	106.892	14.6861	121.578		4509.17	44.0029	60.608	40.44	25.5833								
2016/04/04 08:20:00		2.08854	145.413	24.8823	14.8099	1010.2	162.925	29.0802	106.135	12.122	118.257		4427.92	18.0441	55.533	37.0117	24.0958								
2016/04/04 08:25:00		1.74733	140.532	24.9901	14.0146	1010.2	131.286	28.9613	106.957	9.0102	115.967		4671.46	0.51432	56.94	37.9892	24.1275								
2016/04/04 08:30:00		1.77831	143.045	25.0417	13.1781	1010.19	132.417	29.0241	105.308	10.2221	115.53		4604.38	0.0	53.177	35.4508	23.2858								
2016/04/04 08:35:00		1.62845	140.513	25.1297	12.4781	1010.22	102.397	29.1143	108.12	12.5123	120.632		4413.13	0.417885	51.707	34.5525	23.4025								
2016/04/04 08:40:00		1.41817	161.376	25.1734	11.7536	1010.28	107.304	29.2233	110.557	17.1338	127.69		4507.71	35.038	55.806	37.2042	24.4492								
2016/04/04 08:45:00		1.55771	136.717	25.2385	11.2703	1010.29	101.952	29.3557	114.322	17.2194	131.541		4538.33	47.1281	60.819	40.5292	25.7625								
2016/04/04 08:50:00		1.61272	144.273	25.2599	10.9292	1010.32	103.338	29.2252	121.216	15.939	137.155		4635.83	75.698	59.982	40.0492	25.9783								
2016/04/04 08:55:00		1.37547	143.963	25.3344	10.5693	1010.33	121.836	28.9755	121.728	11.2593	132.987		4765.21	11.9972	60.916	40.6508	27.03								
2016/04/04 09:00:00		1.57377	141.67	25.3854	10.3891	1010.31	144.958	28.9707	124.426	10.1331	134.559		4747.29	0.0	64.801	43.1992	27.1592								
2016/04/04 09:05:00		1.32341	147.611	25.4286	9.9349	1010.3	192.114	29.0805	121.956	11.1327	133.088		4601.67	0.0	53.545	35.8208	25.8508								
2016/04/04 09:10:00		1.28652	139.052	25.5292	9.4745	1010.31	216.431	29.1739	127.124	10.828	137.952		4382.29	4.63245	51.441	34.6992	25.3692								
2016/04/04 09:15:00		1.57938	142.03	25.5771	9.0547	1010.31	204.947	29.2856	121.127	15.939	137.066		4099.79	34.7702	51.087	34.1592	25.0608								
2016/04/04 09:20:00		1.75441	140.336	25.6698	8.4422	1010.3	192.668	29.3412	119.173	20.6975	139.87		3777.92	95.653	46.9317	31.605	23.6617								
2016/04/04 09:25:00		1.66271	164.65	25.7193	7.8276	1010.27	130.893	29.1423	109.849	17.3323	127.181		3648.33	55.304	52.745	35.2433	25.2233								
2016/04/04 09:30:00		2.24449	161.381	25.7203	7.6573	1010.27	142.581	28.9215	105.244	15.9801	121.224		3713.96	7.5362	49.255	33.2967	25.0733								
2016/04/04 09:35:00		1.98195	168.837	25.7813	7.4755	1010.22	126.569	28.9165	101.777	13.2586	115.036		3664.58	0.0	60.023	40.0683	27.12								
2016/04/04 09:40:00		1.86087	155.738	25.8182	7.4198	1010.17	137.565	29.0083	101.217	13.7789	114.996		3533.54	0.0	52.742	35.2633	26.2983								
2016/04/04 09:45:00		1.49736	158.55	25.8193	7.3625	1010.14	171.208	29.1336	97.485	12.3959	109.881		3380.83	1.70011	47.2833	32.605	25.5267								
2016/04/04 09:50:00		1.55626	148.18	25.824	7.4234	1010.13	141.67	29.2577	96.886	13.6694	110.556		3265.63	13.3545	55.538	37.2808	27.1617								
2016/04/04 09:55:00		1.2525	171.327	25.8948	7.299	1010.15	141.874	29.3737	99.937	19.715	119.652		3569.79	51.257	56.241	37.8308	27.2025								
2016/04/04 10:00:00		1.75498	175.54	25.9406	7.2464	1010.03	187.571	29.2859	91.58	23.1006	114.681		2900.63	137.634	45.0375	31.4492	25.635								
2016/04/04 10:05:00		1.49939	170.858	26.0156	7.1589	1009.98	200.864	29.0934	81.575	17.3734	98.948		2472.29	26.516	41.1783	29.805	25.1117								
2016/04/04 10:10:00		2.00778	180.279	26.1068	7.0057	1009.92	218.225	28.9589	75.062	13.8029	88.865		2423.96	2.02156	51.427	35.3967	26.5808								
2016/04/04 10:15:00		1.42642	155.791	26.1401	6.7042	1009.83	267.969	29.0531	80.159	15.7918	95.951		2233.13	0.0	46.82	32.9692	26.3067								
2016/04/04 10:20:00		1.27052	157.323	26.2406	6.476	1009.8	262.974	29.1779	82.466	16.2677	98.733		2248.75	0.66076	51.873	35.1325	26.5158								
2016/04/04 10:25:00		1.35102	147.381	26.375	6.2505	1009.69	363.234	29.3554	78.832	15.2064	94.039		2008.54	1.81083	41.905	30.0392	24.75								
2016/04/04 10:30:00		1.27404	141.037	26.5229	5.8099	1009.53	474.396	29.4853	76.657	15.9459	92.603		2315.42	44.4744	58.134	38.9633	27.1017								
2016/04/04 10:35:00		1.24519	167.531	26.6964	5.1479	1009.42	544.97	29.3777	75.889	19.1467	95.035		2253.13	104.568	47.5358	33.6042	25.0925								
2016/04/04 10:40:00		1.27401	154.413	26.8755	4.6026	1009.31	537.53	29.2381	73.345	17.4145	90.759		2452.92	18.1298	50.249	33.6225	25.1275								
2016/04/04 10:45:00		2.04605	166.906	27.125	3.8625	1009.28	536.47	29.1143	70.359	16.9934	87.352		2665.21	0.4286	52.606	35.2083	25.5367								
2016/04/04 10:50:00		1.1171	169.097	27.3505	2.79688	1009.21	607.19	29.2706	67.382	17.3118	84.694		2616.25	0.0	55.771	37.37	26.62								
2016/04/04 10:55:00		1.02889	146.81	27.5333	2.2401	1009.14	546.42	29.4561	66.915	18.1916	85.107		2510.21	0.210728	47.0533	32.2808	25.3742								
2016/04/04 11:00:00		1.84227	161.759	27.7922	1.4599	1009.09	605.14	29.6147	62.741	18.9892	81.73		2467.71	27.6411	52.27	35.4992	26.0717								
2016/04/04 11:05:00		1.06232	140.385	27.9682	0.392708	1009.02	348.25	29.6053	65.184	19.5507	84.735		2620.83	42.0564	51.279	34.2783	25.6908								
2016/04/04 11:10:00		1.63378	132.807	28.037	0.384896	1008.92	530.88	29.5911	65.575	20.7351	86.31		2707.92	7.3362	55.246	37.0458	27.3983								
2016/04/04 11:15:00		0.86379	218.843	28.2729	0.363021	1008.83	441.051	29.7087	71.322	22.8268	94.148		2700.0	0.0	49.9483	33.6358	24.7367								
2016/04/04 11:20:00		1.23279	190.044	28.4042	0.360417	1008.76	365.174	29.9012	70.241	21.3239	91.565		2564.17	7.1005	49.5467	33.435	24.3992								
2016/04/04 11:25:00		1.97454	190.584	28.4286	0.358854	1008.65	492.99	29.9549	66.471	22.036	88.507		2364.38	22.0836	42.1058	28.9567	23.6992								
2016/04/04 11:30:00		1.79361	195.511	28.501	0.3625	1008.49	476.612	29.9302	58.252	20.8344	79.086		2170.0	3.0002	37.9583	27.3217	22.4525								
2016/04/04 11:35:00		1.51856	202.547	28.5021	0.359375	1008.33	395.93	29.8854	53.178	20.8618	74.04		1950.63	0.0	37.6017	26.7075	22.2208								
2016/04/04 11:40:00		1.68584	205.288	28.5203	0.359896	1008.23	340.142	29.8612	49.4505	19.6807	69.131		1864.79	0.0	40.9108	28.535	23.6017								
2016/04/04 11:45:00		1.52014	200.128	28.5026	0.359896	1008.08	588.06	29.811	43.1815	18.551	61.733		1801.67	0.0	36.0592	26.005	22.6067								
2016/04/04 11:50:00		1.89539	116.216	28.6682	0.364583	1007.97	453.09	29.7074	41.6003	21.0946	62.695		2101.88	0.0	54.903	30.5167	23.8758								
2016/04/04 11:55:00		1.46128	108.736	28.7964	0.356771	1007.83	310.647	29.6024	44.6778	22.0326	66.71		2324.17	0.0	72.798	30.3608	23.4983								
2016/04/04 12:00:00		1.68187	120.1	28.7698	0.360938	1007.78	203.831	29.5933	46.929	22.4502	69.379		2055.0	0.0	49.3825	27.8792	21.91								
2016/04/04 12:05:00		1.18785	135.837	28.6167	0.361458	1007.7	182.117	29.808	45.2228	22.6864	67.909		2275.63	0.0	39.02	26.1208	20.3167								
2016/04/04 12:10:00		1.79898	132.944	28.4641	0.359375	1007.59	219.392	30.0295	45.5332	22.707	68.24		2224.17	8.4398	38.6075	26.0317	19.835								
2016/04/04 12:15:00		1.88238	124.575	28.4026	0.3625	1007.48	226.144	30.1039	46.364	22.2551	68.619		2095.42	9.7792	37.3275	25.0542	18.3767								
2016/04/04 12:20:00		1.06957	112.042	28.3156	0.357812	1007.36	245.656	30.0569	46.5404	21.4164	67.957		2085.42	0.15001	38.9025	26.0925	18.1475								
2016/04/04 12:25:00		1.54311	99.79	28.3094	0.360417	1007.28	352.195	29.9195	51.601	22.8644	74.466		2188.54	0.0	41.2217	27.5283	19.1383								
2016/04/04 12:30:00		1.12376	100.199	28.4073	0.359896	1007.19	305.601	29.7433	56.061	21.7484	77.81		2351.88	0.0	47.3967	31.68	21.1233								
2016/04/04 12:35:00		1.61696	89.676	28.5031	0.353646	1007.1	301.489	29.7914	59.098	22.214	81.312		2162.71	0.0	44.3733	29.7167	20.3983								
2016/04/04 12:40:00		1.20734	69.055	28.501	0.360938	1006.95	350.839	29.9721	65.651	22.5666	88.218		2188.96	0.0	39.3183	26.6167	20.095								
2016/04/04 12:45:00		1.75174	71.172	28.4417	0.357292	1006.83	121.158	30.1292	65.51	20.6359	86.146		2030.0	13.8474	37.535	25.4258	19.3717								
2016/04/04 12:50:00		2.0689	77.507	28.275	0.359375	1006.72	109.747	30.1428	66.582	22.0737	88.656		2189.58	6.4147	44.8483	30.3967	22.4233								
2016/04/04 12:55:00		2.14196	91.966	28.1411	0.360938	1006.59	156.749	30.0808	73.468	21.8169	95.285		2155.0	0.0	45.3942	30.3933	21.7192								
2016/04/04 13:00:00		1.13975	110.031	28.1026	0.357812	1006.44	260.451	29.9187	75.685	22.3167	98.002		2200.83	0.0	35.7583	24.3058	18.1892								
2016/04/04 13:05:00		1.13619	107.938	28.1714	0.361458	1006.32	363.861	29.7933	70.462	21.4198	91.881		2120.21	0.0	36.885	24.905	17.9917								
2016/04/04 13:10:00		1.36326	90.45	28.3641	0.352604	1006.2	307.351	29.9219	71.225	21.5191	92.745		2311.04	0.0	40.0942	26.7583	19.225								
2016/04/04 13:15:00		1.42434	93.475	28.4448	0.355208	1006.1	304.682	30.1095	68.284	21.6012	89.885		2234.58	0.157153	33.86	23.0342	18.025								
2016/04/04 13:20:00		2.0464	106.62	28.501	0.355729	1005.98	164.464	30.2145	64.72	20.8036	85.523		2113.13	17.1976	35.7092	24.0225	18.6383								
2016/04/04 13:25:00		1.49124	104.535	28.4922	0.357292	1005.88	113.305	30.2148	64.541	20.9953	85.536		2289.79	2.47874	39.42	26.9908	21.8225								
2016/04/04 13:30:00		1.73681	105.548	28.3661	0.35625	1005.76	126.955	30.1197	59.668	20.4578	80.126		2118.54	0.0	34.1842	23.4992	18.5875								
2016/04/04 13:35:00		1.86291	83.422	28.2719	0.356771	1005.7	169.954	29.9541	56.521	20.2867	76.808		2035.0	0.0	35.2875	23.81	18.8092								
2016/04/04 13:40:00		1.76782	84.065	28.2031	0.361458	1005.6	215.097	29.8719	61.66	22.0771	83.737		2237.08	0.0	40.5017	27.0642	18.685								
2016/04/04 13:45:00		1.20112	92.961	28.2062	0.356771	1005.45	253.502	30.0123	62.571	21.567	84.138		2319.79	0.0	35.715	23.9867	17.7908								
2016/04/04 13:50:00		1.72938	75.219	28.2594	0.361458	1005.32	288.189	30.174	60.99	20.9097	81.9		2485.63	3.43594	45.2417	30.2258	21.6533								
2016/04/04 13:55:00		2.14949	89.615	28.3161	0.358333	1005.21	298.82	30.2317	60.244	21.9299	82.174		2230.63	16.4047	30.2767	20.5483	16.3258								
2016/04/04 14:00:00		2.08369	88.784	28.4516	0.355729	1005.11	266.066	30.1764	56.856	22.7583	79.615		2425.0	0.91435	34.8092	23.41	16.9375								
2016/04/04 14:05:00		2.52418	95.812	28.6083	0.3625	1005.05	238.0	30.0679	58.212	23.087	81.299		2365.42	0.0	33.7825	22.6558	17.0875								
2016/04/04 14:10:00		2.40199	102.628	28.6094	0.363021	1004.98	270.601	29.9146	60.675	22.8165	83.492		2469.58	0.0	34.8958	23.3675	17.6267								
2016/04/04 14:15:00		2.47632	93.923	28.6797	0.359375	1004.89	258.22	29.9025	58.373	22.5118	80.884		2529.38	0.0	35.0658	23.5042	18.7108								
2016/04/04 14:20:00		1.90126	113.857	28.7161	0.361979	1004.8	232.575	30.0883	58.317	22.5426	80.859		2498.13	0.100007	38.8867	26.2225	19.7358								
2016/04/04 14:25:00		1.5153	114.722	28.6583	0.359375	1004.74	205.749	30.2599	62.741	21.3993	84.14		2498.54	9.2899	68.392	45.7425	23.6167								
2016/04/04 14:30:00		1.54833	102.207	28.5396	0.357292	1004.82	200.12	30.3017	84.824	34.9522	119.776		2778.33	9.7149	52.707	35.1392	21.8492								
2016/04/04 14:35:00		1.4142	116.679	28.5266	0.355208	1004.67	226.457	30.2373	84.23	35.6506	119.881		2783.54	0.475032	45.8233	30.5633	20.4983								
2016/04/04 14:40:00		3.47298	93.336	28.6109	0.358333	1004.61	235.958	30.1138	76.617	33.5932	110.21		2868.75	0.0	43.1167	28.795	20.9025								
2016/04/04 14:45:00		1.98415	107.551	28.4953	0.35625	1004.58	207.82	29.9415	72.952	29.6084	102.56		2815.42	0.0	47.62	31.8475	20.9533								
2016/04/04 14:50:00		1.57323	120.504	28.3557	0.358333	1004.52	172.375	29.935	75.953	27.3695	103.323		2700.42	0.0	45.97	31.0158	19.9942								
2016/04/04 14:55:00		2.36992	124.51	28.276	0.360938	1004.49	176.378	30.1069	70.946	25.2163	96.163		2574.17	0.075005	57.452	38.5167	22.7133								
2016/04/04 15:00:00		1.70012	112.87	28.1573	0.360417	1004.44	183.663	30.2588	65.993	24.3433	90.336		2448.33	10.1685	40.4525	27.2767	20.9092								
2016/04/04 15:05:00		2.35001	132.896	28.1052	0.360417	1004.51	180.163	30.2637	62.067	25.2129	87.279		2563.96	5.7397	42.3817	28.275	20.8283								
2016/04/04 15:10:00		1.87022	102.341	28.1063	0.359896	1004.47	186.623	30.221	40.305	41.9119	82.217		1924.58	9.0935	38.2558	25.595	19.6575								
2016/04/04 15:15:00		2.17709	94.64	28.0276	0.359375	1004.33	242.514	30.0811	45.0553	46.7764	91.832		2055.21	0.0	48.275	32.6033	21.3575								
2016/04/04 15:20:00		1.85067	109.879	28.1063	0.357812	1004.31	219.253	29.891	45.3054	41.7749	87.08		2042.5	0.0	38.16	25.705	19.6								
2016/04/04 15:25:00		1.80706	102.761	28.1573	0.357292	1004.3	215.666	29.9549	45.4394	35.969	81.408		2143.96	0.0	36.5658	25.06	19.1475								
2016/04/04 15:30:00		2.2805	96.449	28.2052	0.358333	1004.28	182.08	30.1112	47.1859	33.0386	80.224		1984.38	0.325022	36.7925	24.7825	18.2542								
2016/04/04 15:35:00		1.89617	106.33	28.2057	0.356771	1004.21	173.272	30.2094	48.7738	29.8823	78.656		2255.0	14.1438	43.0267	28.7683	19.79								
2016/04/04 15:40:00		2.4625	96.613	28.2734	0.355208	1004.14	161.897	30.1697	55.087	29.1291	84.217		2380.21	3.66453	41.8517	27.9233	19.26								
2016/04/04 15:45:00		2.79812	87.593	28.2828	0.361458	1004.15	139.315	30.0583	55.445	27.1025	82.547		2325.63	0.0	34.17	22.8767	17.9333								
2016/04/04 15:50:00		2.48931	97.39	28.1594	0.360417	1004.18	138.863	29.8784	55.76	25.2847	81.044		2417.71	0.0	38.9783	26.3383	19.6983								
2016/04/04 15:55:00		1.82933	106.242	28.062	0.357292	1004.16	153.891	29.8043	54.585	23.9086	78.493		2351.25	0.0	35.8558	24.29	18.1833								
2016/04/04 16:00:00		1.80653	108.822	27.9969	0.360417	1004.17	141.385	29.9353	52.899	25.0725	77.971		2483.75	0.15001	39.45	26.2967	18.9083								
2016/04/04 16:05:00		2.01746	117.93	28.001	0.382813	1004.15	131.804	30.1004	53.013	24.5453	77.558		2476.67	2.49302	38.3025	25.605	18.2433								
2016/04/04 16:10:00		2.58265	99.185	28.001	0.461458	1004.16	115.85	30.1453	55.454	23.039	78.493		2513.75	18.8441	40.0667	26.9383	20.1167								
2016/04/04 16:15:00		1.9854	109.739	28.0031	0.384375	1004.21	130.091	30.0811	55.862	24.4871	80.349		2790.63	1.40366	45.3675	30.3367	21.3192								
2016/04/04 16:20:00		1.82602	113.127	27.9281	0.369271	1004.25	122.456	29.9495	57.088	23.3506	80.439		2731.04	0.0	39.9133	26.8617	21.1242								
2016/04/04 16:25:00		2.555	106.122	27.8516	0.360938	1004.27	122.974	29.7817	56.072	22.3989	78.471		2672.5	0.0	36.3658	24.5158	20.0025								
2016/04/04 16:30:00		1.94894	94.112	27.6938	0.375	1004.23	105.656	29.818	52.157	22.0976	74.255		2626.04	0.0	40.0367	27.1375	20.8967								
2016/04/04 16:35:00		3.61245	97.892	27.5536	1.08281	1004.28	83.635	29.9455	53.354	23.1897	76.544		2725.0	0.30002	44.2708	29.9592	23.8233								
2016/04/04 16:40:00		4.02838	96.425	27.4271	1.97344	1004.3	70.773	30.0776	56.724	22.4057	79.13		2909.58	10.9364	44.8742	30.3025	23.3908								
2016/04/04 16:45:00		2.55619	102.874	27.3026	2.3401	1004.31	80.515	30.0607	58.087	23.3574	81.444		2809.17	14.1081	47.0	31.5892	22.6292								
2016/04/04 16:50:00		2.34511	97.717	27.2	2.90469	1004.34	66.456	29.9444	61.07	23.0253	84.096		3106.25	0.225015	50.056	33.535	24.6492								
2016/04/04 16:55:00		2.7487	131.339	27.1302	3.15937	1004.35	47.075	29.7788	61.745	22.3749	84.12		3048.75	0.0	45.1817	30.2858	22.92								
2016/04/04 17:00:00		3.19178	131.768	27.0568	3.32448	1004.33	48.3292	29.6606	64.429	20.6838	85.113		3118.75	0.0	46.3558	30.9442	23.0217								
2016/04/04 17:05:00		1.66939	112.917	26.9448	3.45781	1004.37	31.7479	29.7391	68.695	20.2559	88.951		3236.25	0.025002	46.2483	31.0825	22.8208								
2016/04/04 17:10:00		2.87732	113.38	26.8484	3.85469	1004.44	23.6177	29.8454	68.816	18.5819	87.398		2930.0	1.7894	40.0058	26.8733	21.1367								
2016/04/04 17:15:00		2.51383	106.501	26.6333	4.46615	1004.47	23.8948	29.9385	64.036	17.6712	81.708		2760.21	16.3439	37.6233	25.7342	21.18								
2016/04/04 17:20:00		3.37403	94.548	26.4443	5.3568	1004.49	24.4562	29.8835	63.353	17.4111	80.764		3009.17	21.1407	39.5042	26.9942	21.5917								
2016/04/04 17:25:00		2.26637	104.678	26.2839	5.8792	1004.58	28.9771	29.7433	63.554	15.7439	79.298		2919.38	0.81434	39.1533	26.48	20.6625								
2016/04/04 17:30:00		2.5595	107.057	26.1266	6.2646	1004.64	25.2073	29.5568	63.679	14.0973	77.776		2925.21	0.0	39.6333	26.7492	20.0608								
2016/04/04 17:35:00		2.65984	96.314	25.9656	6.6646	1004.67	18.7323	29.4666	64.997	14.1315	79.128		2959.17	0.0	42.1625	28.49	21.6783								
2016/04/04 17:40:00		2.60039	120.074	25.85	7.2125	1004.75	5.8698	29.2313	66.075	15.9048	81.98		3177.92	0.0	43.6858	29.2958	22.0717								
2016/04/04 17:45:00		2.1696	120.621	25.7911	7.6151	1004.79	2.47187	29.04	71.768	13.1593	84.927		3240.21	0.0	47.34	31.9083	24.4833								
2016/04/04 17:50:00		1.88569	126.623	25.7234	7.7786	1004.82	3.79167	29.0002	67.938	13.8474	81.785		3113.96	0.0	44.1175	30.8517	25.4483								
2016/04/04 17:55:00		2.30625	116.762	25.6448	7.9349	1004.86	1.45833	29.0292	69.899	13.9364	83.835		3148.13	2.3573	46.4458	31.5875	24.6875								
2016/04/04 18:00:00		2.99782	122.968	25.575	7.8578	1004.85	1.06458	28.8977	68.501	14.6519	83.153		3102.29	0.403598	46.5208	31.1975	23.9308								
2016/04/04 18:05:00		2.48335	124.529	25.5255	8.0052	1004.83	1.07917	28.8303	67.768	15.3537	83.122		2952.5	0.0	45.2883	30.715	24.7333								
2016/04/04 18:10:00		1.58998	123.895	25.5276	8.3042	1004.89	1.10104	28.9063	70.723	14.3951	85.118		3091.88	1.38581	48.475	33.0217	25.7067								
2016/04/04 18:15:00		2.18973	98.089	25.462	8.4224	1004.93	1.07187	28.9084	72.436	14.7751	87.211		2979.58	11.8544	51.809	35.6475	28.0333								
2016/04/04 18:20:00		1.90889	108.481	25.4141	8.4266	1005.0	1.09375	28.8622	69.874	13.7823	83.657		2897.71	1.24294	50.213	35.7358	29.41								
2016/04/04 18:25:00		2.62276	126.671	25.338	8.599	1005.06	1.10104	28.9232	71.822	13.5667	85.388		2887.08	3.06806	48.8208	34.0283	28.6925								
2016/04/04 18:30:00		3.26714	133.525	25.3344	8.7505	1005.17	1.02083	28.9535	72.201	14.5697	86.771		2889.58	17.4083	44.2367	30.25	24.5875								
2016/04/04 18:35:00		2.15797	128.601	25.2932	8.8062	1005.19	1.07187	28.903	69.524	13.3544	82.878		2684.38	2.53588	41.77	28.39	22.995								
2016/04/04 18:40:00		2.38057	106.861	25.2385	8.824	1005.2	1.05	28.9543	67.893	14.4157	82.309		2696.67	3.68239	47.36	32.6292	26.6617								
2016/04/04 18:45:00		2.62989	107.697	25.2333	8.9089	1005.26	1.08646	28.9543	69.296	13.4811	82.777		2608.75	17.6655	42.8983	30.225	25.1067								
2016/04/04 18:50:00		1.69231	118.18	25.1526	9.0469	1005.39	1.12292	28.9095	68.907	14.2582	83.165		2591.88	4.22171	46.5183	32.7883	27.235								
2016/04/04 18:55:00		1.86311	122.235	25.1016	9.1812	1005.43	1.07187	28.9605	69.622	12.4096	82.031		2417.08	5.0396	34.4067	24.9817	21.2717								
2016/04/04 19:00:00		2.08485	119.713	25.0146	9.2031	1005.52	1.12292	28.9844	65.236	11.7797	77.015		2253.13	21.23	37.5767	27.03	22.3817								
2016/04/04 19:05:00		1.78523	116.898	24.9286	9.3495	1005.53	1.03542	28.906	65.24	12.6492	77.889		2193.33	5.2253	39.07	28.0333	22.8783								
2016/04/04 19:10:00		2.06356	128.957	24.9281	9.5661	1005.52	1.10833	28.9844	67.036	11.4921	78.528		2121.67	4.1217	36.1317	25.4033	20.73								
2016/04/04 19:15:00		1.78255	119.844	24.9312	9.8125	1005.59	1.09375	29.0265	64.365	12.7177	77.082		2191.67	15.4117	37.595	26.0633	20.8933								
2016/04/04 19:20:00		1.39078	136.478	24.8599	9.9161	1005.67	1.04271	28.961	62.953	14.1144	77.068		2171.88	14.7081	39.685	27.6717	22.3533								
2016/04/04 19:25:00		1.4211	135.545	24.8286	9.9568	1005.77	1.06458	28.9839	60.463	13.0463	73.509		2084.38	2.84662	36.9817	26.0683	21.1867								
2016/04/04 19:30:00		1.4766	124.014	24.8276	10.0891	1005.82	1.08646	29.0464	60.863	12.7759	73.639		2174.79	8.8863	36.8608	25.9483	20.895								
2016/04/04 19:35:00		2.7988	138.132	24.8318	10.176	1005.91	1.05729	28.9911	59.217	13.4914	72.708		2039.79	23.7909	38.1025	26.4608	21.7717								
2016/04/04 19:40:00		3.26847	138.493	24.8031	10.2755	1005.93	1.02083	28.928	58.926	13.4434	72.37		2005.0	2.26444	36.6142	25.315	20.2058								
2016/04/04 19:45:00		4.29309	130.675	24.726	10.238	1005.95	1.05729	28.9951	57.406	12.0912	69.497		1831.04	5.6968	33.3292	23.1925	17.9192								
2016/04/04 19:50:00		3.23812	128.653	24.7286	10.3599	1006.03	1.05	29.0483	56.818	13.1798	69.998		1700.21	18.0155	31.3867	21.9917	17.6575								
2016/04/04 19:55:00		2.81225	135.034	24.7313	10.4479	1006.07	0.9625	28.9726	54.212	13.3989	67.611		1684.79	19.7835	34.2842	23.3942	18.2083								
2016/04/04 20:00:00		2.51293	128.728	24.6542	10.5865	1006.16	1.04271	29.0005	55.92	13.7755	69.696		1605.63	3.05378	35.6275	24.7275	20.1292								
2016/04/04 20:05:00		2.30369	135.739	24.624	10.7557	1006.2	1.00625	29.0491	55.413	13.06	68.473		1488.13	8.847	34.7433	24.655	20.0675								
2016/04/04 20:10:00		3.42089	132.312	24.6276	10.9104	1006.26	1.03542	29.0252	56.238	12.3719	68.609		1506.67	29.9663	31.6633	23.2692	20.2475								
2016/04/04 20:15:00		2.66082	134.097	24.6276	10.938	1006.3	1.06458	28.9839	51.224	12.6869	63.911		1312.92	4.99676	32.9125	24.4092	21.2217								
2016/04/04 20:20:00		3.03384	129.675	24.6271	11.0911	1006.28	1.07917	29.022	48.4231	12.8991	61.322		1243.96	7.1433	31.2367	23.9625	20.5242								
2016/04/04 20:25:00		3.27773	137.227	24.6104	11.2234	1006.4	1.06458	29.0483	48.3159	11.8892	60.205		1156.46	25.4374	31.8458	22.4242	18.645								
2016/04/04 20:30:00		2.88421	130.713	24.5984	11.3589	1006.48	1.09375	28.9044	47.704	13.149	60.853		1243.13	14.326	40.83	27.29	20.71								
2016/04/04 20:35:00		2.63342	133.421	24.6255	11.4276	1006.54	1.05729	28.8966	54.308	12.7382	67.046		1275.21	1.35366	34.5242	24.005	19.015								
2016/04/04 20:40:00		2.24137	129.887	24.625	11.4505	1006.61	1.06458	28.9414	52.209	12.5739	64.783		1143.75	7.1148	44.2242	29.8617	20.0458								
2016/04/04 20:45:00		2.92511	136.128	24.6255	11.5208	1006.71	1.05	28.9924	53.263	12.1426	65.405		1170.21	21.7193	40.2792	27.1867	20.7342								
2016/04/04 20:50:00		2.20291	132.332	24.6286	11.524	1006.83	1.07917	28.9036	59.489	14.1829	73.672		1188.54	17.7083	43.6158	29.7608	21.9783								
2016/04/04 20:55:00		2.66812	139.043	24.6255	11.5245	1006.88	1.10104	28.932	63.047	12.9505	75.997		1102.5	4.70389	51.096	34.1717	22.3058								
2016/04/04 21:00:00		3.32965	137.225	24.6266	11.5797	1007.01	1.01354	29.012	67.86	12.9368	80.797		1102.71	9.1649	44.0983	29.55	21.1783								
2016/04/04 21:05:00		2.58481	134.372	24.6266	11.5266	1007.1	1.05729	29.0029	63.078	13.1045	76.183		1022.5	34.6309	42.885	28.8575	20.8308								
2016/04/04 21:10:00		2.5557	139.534	24.6245	11.5036	1007.18	1.06458	28.9022	61.732	12.8717	74.603		1083.54	11.1543	43.7375	29.57	20.51								
2016/04/04 21:15:00		2.70679	138.584	24.6266	11.3958	1007.2	1.05	28.9441	56.767	12.9299	69.697		1001.25	5.7575	42.995	28.7225	20.915								
2016/04/04 21:20:00		2.69292	142.651	24.5464	11.3333	1007.28	1.01354	28.9761	53.537	12.8991	66.437		947.71	11.7579	44.405	29.6658	20.6975								
2016/04/04 21:25:00		2.86644	140.009	24.5182	11.3885	1007.42	1.05729	28.9395	51.179	12.3651	63.544		932.08	38.3525	50.223	33.9558	24.935								
2016/04/04 21:30:00		3.3001	134.758	24.5224	11.4255	1007.47	1.04271	28.8856	52.479	12.4301	64.909		1027.92	7.5541	46.635	31.1	21.25								
2016/04/04 21:35:00		3.84995	132.414	24.5214	11.3313	1007.56	1.06458	28.9205	50.199	10.6911	60.89		850.21	5.2932	31.57	21.3508	16.6167								
2016/04/04 21:40:00		2.67624	142.342	24.451	11.2255	1007.63	1.05729	28.9291	45.5086	9.2978	54.806		778.96	24.5302	29.7992	20.3583	16.9017								
2016/04/04 21:45:00		3.58263	134.521	24.4219	11.2276	1007.65	1.08646	28.8142	43.2172	10.9923	54.21		713.75	31.2985	31.8225	21.46	15.7667								
2016/04/04 21:50:00		3.1404	133.728	24.3786	11.2516	1007.68	1.06458	28.8171	39.1548	11.9817	51.136		670.42	4.22885	30.55	20.5808	15.6625								
2016/04/04 21:55:00		2.79049	136.84	24.3219	11.3328	1007.7	1.05729	28.8536	38.4491	11.3347	49.7837		672.29	10.6079	36.0833	24.3667	16.41								
2016/04/04 22:00:00		3.95873	137.279	24.324	11.3318	1007.78	1.09375	28.8926	35.5971	10.8349	46.4319		559.17	21.5693	28.8217	20.0533	16.0033								
2016/04/04 22:05:00		3.82315	138.205	24.2557	11.3917	1007.83	1.10833	28.8362	34.8422	12.3308	47.1731		536.04	47.071	32.1358	22.0825	16.5242								
2016/04/04 22:10:00		3.51237	142.219	24.2203	11.4302	1007.8	1.05	28.8278	32.5196	11.1327	43.6522		506.67	4.63602	33.3642	22.7133	16.8225								
2016/04/04 22:15:00		3.35933	140.394	24.2193	11.5406	1007.76	1.09375	28.8619	31.1103	11.9029	43.0133		480.208	10.3114	34.255	23.2483	17.3983								
2016/04/04 22:20:00		2.56538	151.793	24.1214	11.6224	1007.83	1.07917	28.8848	29.1941	11.0676	40.2618		481.25	31.3485	31.5733	21.94	17.14								
2016/04/04 22:25:00		3.42574	140.826	24.1255	11.7109	1007.79	1.02813	28.8023	27.6263	10.6603	38.2866		465.0	31.7271	32.965	23.055	17.805								
2016/04/04 22:30:00		2.88693	138.318	24.1255	11.7312	1007.79	1.03542	28.8233	26.0831	10.9821	37.0652		392.917	4.61102	31.455	21.975	17.42								
2016/04/04 22:35:00		3.47707	142.973	24.1234	11.7281	1007.85	1.05729	28.856	24.3456	10.5781	34.9237		352.917	11.9258	31.2267	21.8108	17.1833								
2016/04/04 22:40:00		4.63484	136.0	24.1234	11.7281	1007.87	1.00625	28.8813	22.273	10.1125	32.3856		277.5	37.9632	28.0717	20.8317	17.2167								
2016/04/04 22:45:00		3.50172	135.68	24.0396	11.737	1007.86	1.07187	28.8139	19.8141	9.8969	29.711		229.792	23.8623	30.5383	21.7417	17.6717								
2016/04/04 22:50:00		2.89845	137.069	24.0193	11.8839	1007.85	1.04271	28.8431	21.3574	10.7732	32.1306		238.75	7.9577	35.31	24.4642	19.0608								
2016/04/04 22:55:00		3.42479	138.788	24.0161	11.9479	1007.82	1.01354	28.8754	22.0765	11.5264	33.6029		215.417	14.4188	37.8767	26.35	19.4417								
2016/04/04 23:00:00		2.90216	135.09	24.0187	12.0505	1007.8	1.02813	28.7634	21.4824	11.0608	32.5432		178.542	48.3675	36.0925	24.94	19.2133								
2016/04/04 23:05:00		3.02517	130.715	24.0156	12.2188	1007.79	1.03542	28.7529	20.4998	11.3826	31.8823		200.417	5.1396	42.0742	28.5433	20.4167								
2016/04/04 23:10:00		2.86384	136.281	24.0151	12.4063	1007.76	1.08646	28.8064	19.5417	13.3681	32.9098		189.167	8.4291	43.1225	29.1317	20.6358								
2016/04/04 23:15:00		3.8853	144.724	24.013	12.4859	1007.75	0.98438	28.7825	19.1598	11.4613	30.6211		145.417	44.7244	39.1117	27.4	20.65								
2016/04/04 23:20:00		3.76614	137.69	23.9255	12.5849	1007.76	1.05729	28.6536	17.487	11.5195	29.0065		114.375	16.7618	39.9667	27.5808	20.7967								
2016/04/04 23:25:00		4.01914	130.492	23.9182	12.675	1007.77	1.05	28.6705	16.2207	10.7595	26.9802		64.583	3.61095	32.4625	24.5333	20.215								
2016/04/04 23:30:00		3.13473	137.019	23.924	12.7589	1007.76	1.04271	28.6896	15.9862	9.8079	25.7941		40.0	8.7934	33.0492	24.19	20.6658								
2016/04/04 23:35:00		2.63086	138.637	23.9224	12.9052	1007.73	0.99896	28.5296	15.4614	10.3214	25.7827		30.0	70.898	32.0333	24.7183	20.84								
2016/04/04 23:40:00		2.45619	146.066	23.9224	13.0932	1007.64	1.02083	28.2321	14.807	8.5241	23.3311		26.0417	2.60374	29.9125	24.845	22.7117								
2016/04/04 23:45:00		2.88332	149.75	23.9203	13.276	1007.54	1.06458	28.0552	14.2286	9.3354	23.564		25.4167	0.0	34.5867	26.5958	23.2933								
2016/04/04 23:50:00		2.6582	141.685	23.8281	13.451	1007.46	1.05	27.8869	14.7735	10.2152	24.9887		18.75	0.0	37.0567	30.6333	27.78								
2016/04/04 23:55:00		2.52527	144.398	23.8245	13.6219	1007.37	1.03542	27.6874	14.5077	9.2738	23.7815		6.0417	0.0	36.2642	30.6983	27.8508								
2016/04/05 00:00:00		1.90745	135.313	23.8234	13.7849	1007.39	1.06458	27.503	13.3442	9.6024	22.9466		33.3333	0.0	38.8358	31.2383	27.3658								
