-- 1st mean values --
Format: XTAB(V:1;HEAD:2;COL:TCFFFFFFFFFFFFFFFFFFFFFFFF)
StartTime: 2016/04/11 00:00:00
EndTime: 2016/04/12 00:00:00
Period: 24 h
Station: Gia Lam

Time	MeasPt	Wind Spd.	Wind Dir.	Temp	RH	Barometer	Radiation	InnerTemp	NO	NO2	NOx	SO2	CO	O3	PM-10	PM-2.5	PM-1	CH4	NMHC	THC	BENZEN	TOLUEN	ETHYL BENZEN	MP-XYLEN	O-XYLEN
		m/s	degree	°C	%	hPa	W/m²	°C	µg/m3	µg/m3	µg/m3	µg/m3	µg/m3	µg/m3	µg/m3	µg/m3	µg/m3	ppm	ppmC	ppmC	ug/m3	ug/m3	ug/m3	ug/m3	ug/m3
2016/04/11 00:05:00		1.93226	150.978	25.1307	0.353125	1005.15	1.05729	27.8659	14.7958	15.1277	29.9235	0.0	266.667	101.039	50.829	36.9333	28.6075								
2016/04/11 00:10:00		2.14329	144.128	25.1318	0.351563	1005.12	1.07187	27.783	13.3911	14.8436	28.2346	0.0	223.125	109.782	57.02	40.495	30.15								
2016/04/11 00:15:00		2.0667	141.939	25.1286	0.354167	1005.18	1.07187	27.6938	12.3995	14.1281	26.5276	0.0	211.25	111.872	54.785	39.4167	30.6808								
2016/04/11 00:20:00		2.54966	140.513	25.1917	0.354167	1005.18	1.07187	27.5902	11.8032	14.6827	26.4858	0.0	197.917	110.522	55.931	40.2008	31.395								
2016/04/11 00:25:00		2.39352	133.843	25.2302	0.352083	1005.15	1.05729	27.4995	10.5882	15.5727	26.161	0.0	189.167	115.122	55.64	40.9883	31.3833								
2016/04/11 00:30:00		1.95691	139.232	25.3026	0.355729	1005.19	1.05729	27.4179	11.1577	15.1106	26.2683	0.0	197.708	111.657	62.387	43.0917	31.335								
2016/04/11 00:35:00		1.63947	132.421	25.3354	0.359375	1005.1	1.13021	27.3432	11.0059	14.2445	25.2504	0.0	198.125	115.436	49.6967	37.72	30.1817								
2016/04/11 00:40:00		1.94729	137.959	25.3333	0.357812	1005.1	1.11563	27.2624	10.0768	15.987	26.0638	0.0	189.583	115.465	50.494	38.2333	30.34								
2016/04/11 00:45:00		1.78807	131.513	25.4141	0.354167	1005.12	1.06458	27.3043	10.1527	16.5005	26.6532	0.0	180.625	114.611	55.76	40.3867	31.0883								
2016/04/11 00:50:00		1.88162	143.866	25.4302	0.356771	1005.08	1.1375	27.4278	10.481	16.3807	26.8617	0.0	184.792	106.468	53.43	39.3733	31.1033								
2016/04/11 00:55:00		1.68952	136.593	25.4286	0.357812	1005.12	1.07917	27.471	12.5692	16.9832	29.5523	0.0	174.375	30.7485	66.847	45.675	31.9517								
2016/04/11 01:00:00		1.8236	135.368	25.4297	0.359375	1005.15	1.10104	27.4718	16.482	18.51	34.992	0.0	152.5	1.11793	52.597	38.9642	30.8033								
2016/04/11 01:05:00		2.01949	136.347	25.4339	0.358333	1005.17	1.14479	27.4093	16.4954	18.7633	35.2587	0.0	135.208	1.63582	53.579	39.605	30.91								
2016/04/11 01:10:00		1.87129	134.22	25.5266	0.35625	1005.16	1.11563	27.3131	16.4887	19.4753	35.964	0.0	128.958	228.087	50.764	39.4442	32.4617								
2016/04/11 01:15:00		2.13075	143.057	25.5271	0.356771	1005.1	1.1375	27.3781	15.879	18.51	34.389	0.0	92.5	264.35	48.9725	37.1317	30.4325								
2016/04/11 01:20:00		1.42064	148.779	25.5245	0.357292	1005.1	1.10833	27.5132	14.9767	20.1292	35.1059	0.0	68.333	263.014	54.821	40.2725	31.5958								
2016/04/11 01:25:00		1.94285	145.62	25.525	0.35	1005.1	1.09375	27.5582	18.3022	21.2144	39.5166	0.0	65.0	263.4	47.2492	36.9608	30.4292								
2016/04/11 01:30:00		1.15701	160.798	25.5573	0.360417	1005.01	1.13021	27.5336	16.1827	19.8485	36.0312	0.0	70.625	268.475	51.671	38.4792	31.2058								
2016/04/11 01:35:00		1.24508	134.029	25.6208	0.358854	1005.0	1.05729	27.4528	15.573	20.4065	35.9795	0.0	71.458	88.599	47.2408	35.965	30.0625								
2016/04/11 01:40:00		0.96386	157.833	25.6219	0.364062	1005.02	1.06458	27.3561	16.0108	19.6191	35.6299	0.0	77.083	80.173	51.218	38.3742	30.5008								
2016/04/11 01:45:00		1.03098	168.827	25.6198	0.358333	1004.99	1.05	27.4611	15.1956	20.4578	35.6534	0.0	71.458	97.574	44.9742	36.4925	30.3642								
2016/04/11 01:50:00		0.88338	169.933	25.624	0.359375	1004.95	1.07917	27.5612	15.3408	20.9885	36.3292	0.0	90.0	81.338	55.714	40.4742	31.8567								
2016/04/11 01:55:00		0.67849	77.884	25.6219	0.3625	1005.02	1.11563	27.5827	20.9263	20.9748	41.9011	0.0	89.792	71.791	54.842	39.215	31.1108								
2016/04/11 02:00:00		0.82724	84.07	25.6932	0.361979	1005.13	1.07187	27.5499	19.8454	20.9337	40.7791	0.0	149.792	80.898	50.849	38.6808	31.2767								
2016/04/11 02:05:00		1.03591	75.283	25.7229	0.366667	1005.12	1.06458	27.4332	18.5166	19.7458	38.2623	0.0	148.75	81.391	53.54	39.5583	31.7492								
2016/04/11 02:10:00		1.26598	61.498	25.7396	0.366146	1005.08	1.10104	27.3607	16.4128	21.3205	37.7333	0.0	117.292	87.574	48.5242	38.59	33.205								
2016/04/11 02:15:00		1.08688	56.373	25.6948	0.363021	1005.09	1.07187	27.4702	16.1269	20.9782	37.1051	0.0	139.167	89.902	53.701	41.8208	34.0808								
2016/04/11 02:20:00		1.15675	54.092	25.5953	0.359375	1005.05	1.05729	27.5617	15.6557	21.9881	37.6437	0.0	129.375	73.351	55.498	43.7642	35.7342								
2016/04/11 02:25:00		0.77107	56.016	25.5078	0.353125	1005.0	1.10104	27.5687	14.8852	22.9603	37.8455	0.0	179.792	65.662	70.481	51.12	39.3942								
2016/04/11 02:30:00		0.89513	62.118	25.4281	0.35	1005.0	1.11563	27.5196	16.8594	24.3331	41.1925	0.0	218.542	67.962	65.532	49.3817	38.9558								
2016/04/11 02:35:00		1.20891	64.152	25.4318	0.355208	1005.0	1.05	27.3983	17.7416	25.052	42.7936	0.0	261.042	73.941	58.088	45.7792	37.6567								
2016/04/11 02:40:00		1.23781	67.271	25.3354	0.351563	1005.05	1.09375	27.3942	18.5076	24.2851	42.7928	0.0	275.208	85.599	59.119	44.73	36.7283								
2016/04/11 02:45:00		0.70279	62.173	25.299	0.353125	1005.03	1.07917	27.5089	21.0335	24.3536	45.3871	0.0	304.375	84.263	65.206	46.8283	36.2083								
2016/04/11 02:50:00		0.90973	59.977	25.2344	0.353646	1005.03	1.03542	27.5569	25.3997	24.4358	49.8355	0.0	335.0	72.537	71.664	49.9842	36.4058								
2016/04/11 02:55:00		1.13941	88.733	25.3125	0.35625	1004.97	1.07187	27.532	29.3795	23.8846	53.264	0.0	340.0	68.812	63.658	46.1383	35.0908								
2016/04/11 03:00:00		0.81266	78.137	25.3333	0.35625	1005.0	1.12292	27.4452	35.7959	25.2813	61.077	0.0	370.417	72.062	67.196	46.6992	34.8975								
2016/04/11 03:05:00		1.03615	92.969	25.3281	0.357812	1005.03	1.05729	27.325	37.3279	23.6073	60.935	0.009533	358.958	77.316	77.302	53.303	34.4467								
2016/04/11 03:10:00		0.93039	71.161	25.3318	0.352604	1005.06	1.07187	27.3851	42.4624	23.7682	66.231	0.0715	433.125	94.399	71.927	48.9567	34.255								
2016/04/11 03:15:00		0.96364	96.175	25.3229	0.355729	1005.11	1.05729	27.4871	42.6924	23.9668	66.659	0.0	416.667	85.456	56.782	41.9525	32.965								
2016/04/11 03:20:00		0.8699	70.472	25.2943	0.35	1005.14	1.07917	27.4946	43.3691	23.6826	67.052	0.0	455.417	74.955	61.462	44.1583	33.18								
2016/04/11 03:25:00		0.60531	91.286	25.3339	0.351563	1005.1	1.02083	27.4447	40.9482	23.5286	64.477	0.0	434.167	74.362	52.77	40.3417	32.1433								
2016/04/11 03:30:00		0.93021	80.093	25.3302	0.352083	1005.07	1.05	27.3384	40.0861	23.443	63.529	0.0	454.375	81.22	57.6	41.6633	32.285								
2016/04/11 03:35:00		1.09712	82.552	25.3359	0.348437	1005.04	1.05729	27.249	37.9845	23.0664	61.051	0.0	431.875	89.599	52.407	40.025	32.1083								
2016/04/11 03:40:00		1.01253	80.313	25.3297	0.351563	1005.08	1.08646	27.3523	36.955	21.8751	58.83	0.0	452.292	103.721	54.217	41.65	33.3333								
2016/04/11 03:45:00		0.58358	90.616	25.3297	0.355729	1005.15	1.05	27.4251	33.8819	22.6043	56.486	0.0	412.292	80.234	51.666	41.0	32.5092								
2016/04/11 03:50:00		0.71837	93.726	25.3302	0.355729	1005.27	1.02083	27.413	32.3476	22.3064	54.654	0.0	477.917	74.701	52.148	40.5267	32.3767								
2016/04/11 03:55:00		0.76545	71.463	25.3333	0.354688	1005.36	1.05729	27.3526	30.4917	23.2855	53.777	0.0	460.625	77.241	50.302	39.9958	32.5442								
2016/04/11 04:00:00		1.15675	96.982	25.3391	0.353646	1005.44	1.05729	27.2345	33.9109	22.9363	56.847	0.0	513.96	84.298	59.2	43.3283	34.0008								
2016/04/11 04:05:00		1.15553	94.337	25.3318	0.360417	1005.5	1.09375	27.2578	40.2335	21.3068	61.54	0.0	553.96	103.91	61.2	43.7483	33.815								
2016/04/11 04:10:00		0.62888	73.234	25.3333	0.35625	1005.59	1.05	27.3856	40.8186	21.2623	62.081	0.0	620.63	100.06	60.492	44.255	34.28								
2016/04/11 04:15:00		0.442636	54.192	25.3339	0.355208	1005.69	1.10104	27.4257	41.5154	21.1151	62.631	0.0	689.38	85.174	57.993	42.8725	33.8867								
2016/04/11 04:20:00		0.5515	63.927	25.3354	0.35625	1005.74	1.03542	27.4117	41.9085	20.9063	62.815	0.0	739.79	86.859	57.702	43.2075	35.28								
2016/04/11 04:25:00		0.57867	59.806	25.3318	0.356771	1005.75	1.10104	27.3266	40.6936	20.8721	61.566	0.0	756.25	95.835	53.703	43.2225	36.2117								
2016/04/11 04:30:00		0.97243	56.273	25.3182	0.354167	1005.81	1.08646	27.2441	39.8114	19.5678	59.379	0.0	788.96	105.825	62.962	48.5925	39.6408								
2016/04/11 04:35:00		0.6495	357.453	25.2339	0.359375	1005.84	1.06458	27.3475	38.5205	19.9409	58.461	0.0	848.54	132.887	72.903	54.282	43.4267								
2016/04/11 04:40:00		0.86959	4.39032	25.1745	0.35625	1005.92	1.04271	27.4281	38.7081	20.5605	59.269	0.0	803.75	105.496	73.183	57.535	48.49								
2016/04/11 04:45:00		0.63691	23.6942	25.0615	0.353125	1005.96	1.10104	27.4087	38.0314	18.979	57.01	0.0	747.29	101.046	65.721	57.708	50.848								
2016/04/11 04:50:00		0.61445	16.4657	24.9448	0.353646	1006.04	1.06458	27.3384	36.0862	18.8352	54.921	0.0	747.71	109.829	64.171	56.656	50.447								
2016/04/11 04:55:00		0.55655	8.3833	24.8609	0.464063	1006.02	1.02083	27.195	33.9489	18.7359	52.685	0.0	730.63	122.644	66.358	59.559	52.538								
2016/04/11 05:00:00		0.68716	354.4	24.7833	0.91979	1006.02	1.08646	27.2197	32.9953	16.9421	49.9373	0.0	707.92	161.943	70.583	64.058	57.775								
2016/04/11 05:05:00		0.343451	2.30706	24.7057	1.32448	1005.98	1.10833	27.3352	32.0662	16.9832	49.0494	0.0	662.29	165.615	71.902	65.183	58.092								
2016/04/11 05:10:00		0.90219	54.782	24.6214	1.80469	1006.04	1.06458	27.3499	33.3012	16.0315	49.3327	0.0	803.54	130.68	72.621	64.776	57.3								
2016/04/11 05:15:00		0.51805	13.6258	24.6193	2.26771	1006.15	1.06458	27.3059	36.5641	17.4522	54.016	0.0	850.63	135.298	68.869	61.692	54.895								
2016/04/11 05:20:00		0.349828	22.2975	24.6229	2.59323	1006.2	1.05	27.1781	38.4491	16.1034	54.552	0.0	912.92	134.523	69.335	61.623	54.174								
2016/04/11 05:25:00		0.53717	41.9861	24.6229	2.93906	1006.16	1.07187	27.1115	42.9559	15.5385	58.494	0.0	998.33	178.29	69.668	62.03	55.222								
2016/04/11 05:30:00		0.476576	55.184	24.6276	3.15521	1006.19	1.06458	27.2323	46.3149	13.5495	59.864	0.0	989.58	219.172	67.158	60.522	54.285								
2016/04/11 05:35:00		0.67307	2.96573	24.6203	3.32396	1006.29	1.05729	27.3864	48.977	14.5286	63.506	0.0	1004.38	149.746	68.35	59.364	52.611								
2016/04/11 05:40:00		0.321602	13.1345	24.6193	3.46354	1006.32	1.09375	27.4984	57.222	13.5667	70.789	0.0	1117.29	122.437	66.158	57.512	50.773								
2016/04/11 05:45:00		0.53146	344.8	24.6182	3.60729	1006.43	1.08646	27.5899	62.073	13.4263	75.5	0.0	1159.17	104.4	65.597	55.493	48.66								
2016/04/11 05:50:00		0.356891	26.1179	24.626	3.68438	1006.51	1.10104	27.711	66.321	13.2038	79.525	0.0	1212.5	92.356	65.208	55.839	48.6708								
2016/04/11 05:55:00		0.435315	45.259	24.6208	3.77656	1006.52	1.05	27.8377	74.794	14.2445	89.039	0.0	1253.33	79.512	60.063	52.902	46.4433								
2016/04/11 06:00:00		0.58988	40.5311	24.6224	3.77448	1006.53	1.08646	27.9789	78.817	14.5423	93.359	0.0	1372.29	70.912	62.762	53.039	45.7192								
2016/04/11 06:05:00		0.417323	61.0	24.6208	3.76042	1006.56	0.99896	28.107	83.902	14.8983	98.8	0.0	1518.96	64.211	58.818	48.6408	42.6308								
2016/04/11 06:10:00		0.345528	15.7052	24.5708	3.61562	1006.64	1.11563	28.2536	82.341	15.1688	97.51	0.0	1493.96	57.561	55.95	47.4441	41.7658								
2016/04/11 06:15:00		0.59415	56.262	24.5167	3.39635	1006.73	1.07917	28.3473	81.95	14.4739	96.424	0.0	1651.88	51.55	53.736	45.6625	40.39								
2016/04/11 06:20:00		0.53596	49.7291	24.5547	3.0901	1006.82	1.00625	28.441	81.559	14.7614	96.321	0.0	1663.75	49.1247	53.627	44.5475	40.1133								
2016/04/11 06:25:00		0.459044	68.257	24.6224	2.69427	1006.85	2.68333	28.5419	78.265	15.696	93.961	0.0	1694.17	46.6745	51.628	44.8958	39.6408								
2016/04/11 06:30:00		0.52411	45.3978	24.6255	2.25677	1006.93	6.3875	28.6241	74.328	16.2334	90.561	0.0	1664.17	45.2994	50.587	43.8883	39.3175								
2016/04/11 06:35:00		0.411847	16.9279	24.6932	1.725	1006.96	9.1438	28.7027	71.268	17.281	88.549	0.0	1665.83	46.0495	50.278	42.595	38.1267								
2016/04/11 06:40:00		0.65864	43.7647	24.724	1.10052	1006.96	13.8615	28.7725	70.993	18.2532	89.246	0.0	1748.75	43.4422	49.5792	41.2633	36.6725								
2016/04/11 06:45:00		0.81052	14.9456	24.7229	0.413542	1007.01	19.6292	28.8501	63.771	18.0581	81.829	0.0	1598.54	46.5245	56.147	40.905	34.8217								
2016/04/11 06:50:00		0.67747	43.1554	24.7708	0.352083	1007.07	24.201	28.9259	62.261	20.1634	82.424	0.0	1760.63	38.074	66.778	46.8767	36.3033								
2016/04/11 06:55:00		0.62355	54.318	24.8318	0.354688	1007.23	24.9521	29.0174	66.209	20.5469	86.756	0.0	1920.63	37.7311	62.938	45.875	36.2767								
2016/04/11 07:00:00		0.63894	354.302	24.9089	0.35625	1007.33	30.4719	29.085	70.841	22.2722	93.114	0.0	2121.88	38.1954	79.432	53.69	35.2233								
2016/04/11 07:05:00		0.56638	36.9061	24.926	0.354167	1007.46	30.9677	29.164	74.124	23.1691	97.293	0.0	2213.13	36.3774	89.45	59.696	35.2717								
2016/04/11 07:10:00		0.91728	27.7852	25.0182	0.354167	1007.59	30.0781	29.2536	74.198	23.5354	97.733	0.038133	2315.42	33.8094	108.565	72.382	37.8033								
2016/04/11 07:15:00		0.63215	37.8635	25.0177	0.353646	1007.63	34.6646	29.3471	80.838	24.5761	105.414	0.038133	2745.63	34.2416	98.063	65.875	35.1017								
2016/04/11 07:20:00		0.437901	356.901	25.0828	0.353646	1007.62	50.181	29.1125	79.536	23.7237	103.259	0.0	2763.75	34.9666	99.097	66.093	35.3517								
2016/04/11 07:25:00		0.57208	350.351	25.1339	0.355729	1007.66	41.0302	28.7975	81.034	21.3719	102.406	0.0286	3161.46	35.7024	105.247	70.161	35.5417								
2016/04/11 07:30:00		0.84327	13.3045	25.2245	0.358333	1007.65	43.8667	28.7589	82.062	20.6495	102.711	0.0143	3412.71	36.7953	87.545	58.735	33.5358								
2016/04/11 07:35:00		0.53024	52.735	25.2365	0.358854	1007.63	69.213	28.8466	75.033	20.7933	95.827	0.0	3346.46	50.946	72.552	48.5025	31.7083								
2016/04/11 07:40:00		0.57366	8.7972	25.2453	0.356771	1007.61	117.206	28.9151	68.467	22.1455	90.613	0.0	3274.58	43.0243	75.715	50.703	31.5375								
2016/04/11 07:45:00		0.65271	51.219	25.337	0.360417	1007.62	127.714	29.0077	61.857	27.4928	89.349	0.0	3019.38	62.379	59.593	39.9433	29.0442								
2016/04/11 07:50:00		0.64657	31.9913	25.3901	0.359375	1007.65	130.834	29.0939	57.314	35.2706	92.585	0.0	3198.13	43.8993	87.226	58.162	32.3417								
2016/04/11 07:55:00		0.66398	51.907	25.5151	0.358333	1007.73	97.657	29.1801	58.868	37.9031	96.772	0.0	3172.92	44.8673	64.808	43.45	29.0								
2016/04/11 08:00:00		0.6865	28.9826	25.5828	0.361979	1007.8	89.644	29.2356	56.827	38.1017	94.929	0.0	3270.21	42.3635	79.3	53.251	31.7983								
2016/04/11 08:05:00		0.67674	13.37	25.6172	0.357812	1007.85	99.641	28.9693	53.428	34.6544	88.082	0.0	3084.38	50.121	66.616	44.4608	30.3192								
2016/04/11 08:10:00		0.67751	42.6168	25.6688	0.361979	1007.92	103.483	28.7371	47.0184	31.1523	78.171	0.081033	2909.79	60.922	61.97	41.975	30.89								
2016/04/11 08:15:00		0.94348	4.14331	25.7151	0.368229	1007.92	127.254	28.8109	43.1726	30.2451	73.418	0.143	2822.5	54.679	70.808	47.8625	33.3333								
2016/04/11 08:20:00		0.464907	20.0017	25.7729	0.368229	1007.98	143.762	28.9119	47.2573	32.7545	80.012	0.0572	3056.25	43.9172	75.61	50.443	32.5617								
2016/04/11 08:25:00		0.95659	36.3539	25.8974	0.365625	1008.07	142.012	29.0574	45.9017	34.2984	80.2	0.138233	3058.13	48.6747	66.252	44.8883	30.9758								
2016/04/11 08:30:00		0.489994	40.9218	25.9521	0.365625	1008.43	151.922	29.1296	39.5858	44.1336	83.719	0.0	2703.33	61.683	57.254	38.8167	28.6342								
2016/04/11 08:35:00		0.75014	38.5401	26.0177	0.3625	1008.63	155.852	29.172	14.2978	76.611	90.909	0.0	2037.08	58.89	60.794	40.9092	28.2083								
2016/04/11 08:40:00		1.03466	66.212	26.1047	0.365104	1008.64	158.134	29.1025	52.798	95.47	148.268	0.038133	3207.29	38.1311	68.526	45.6775	28.2508								
2016/04/11 08:45:00		0.90782	66.422	26.2146	0.3625	1008.26	182.182	28.8289	51.099	92.071	143.169	0.0143	3318.96	40.2348	62.016	41.465	26.96								
2016/04/11 08:50:00		0.88044	71.754	26.3016	0.363021	1008.27	193.382	28.6762	49.3723	74.683	124.056	0.0	3056.67	53.886	56.92	38.005	26.8342								
2016/04/11 08:55:00		1.16544	64.18	26.351	0.360938	1008.22	196.518	28.834	45.8615	61.955	107.817	0.0	2847.5	55.839	52.189	35.6392	25.0992								
2016/04/11 09:00:00		0.9899	63.04	26.4068	0.364062	1008.26	181.789	28.9967	42.2926	52.141	94.433	0.0	2611.67	51.293	49.4142	33.5967	25.0792								
2016/04/11 09:05:00		0.76637	64.617	26.4057	0.367188	1008.32	142.742	29.1616	40.6824	49.5151	90.198	0.0	2356.46	53.775	50.987	34.4367	25.5075								
2016/04/11 09:10:00		0.496189	50.264	26.413	0.363021	1008.39	121.173	29.1927	39.9811	51.74	91.721	0.0	2291.25	49.8212	50.288	33.9608	25.7558								
2016/04/11 09:15:00		0.797	46.4096	26.4906	0.364583	1008.42	119.277	28.9938	39.0387	42.7198	81.758	0.0	2182.71	46.5209	54.4	36.6617	26.875								
2016/04/11 09:20:00		0.56942	36.8548	26.4755	0.363542	1008.44	115.69	28.7838	37.3882	34.9557	72.344	0.0	2070.83	60.975	49.8008	34.1258	25.5808								
2016/04/11 09:25:00		0.60467	53.425	26.4083	0.359375	1008.46	107.384	28.6992	37.1314	32.306	69.437	0.0	1938.96	66.665	47.3525	33.3875	26.5525								
2016/04/11 09:30:00		0.62623	45.7587	26.4052	0.360417	1008.47	102.689	28.8534	33.0511	33.3501	66.401	0.0	1902.92	67.304	50.438	35.04	26.3008								
2016/04/11 09:35:00		0.85095	54.017	26.4063	0.3625	1008.52	85.677	29.0182	30.112	32.6244	62.736	0.0	1896.88	60.004	53.472	36.3792	26.58								
2016/04/11 09:40:00		1.09742	75.876	26.4057	0.361979	1008.59	84.664	29.1865	33.0734	34.0587	67.132	0.0	2046.25	33.8558	63.156	42.4225	28.7692								
2016/04/11 09:45:00		1.48924	69.072	26.4344	0.359896	1008.58	100.457	29.3184	40.9571	34.4319	75.389	0.0	2131.67	45.603	62.096	41.7108	28.0575								
2016/04/11 09:50:00		1.05911	52.746	26.4896	0.365625	1008.55	109.565	29.3656	42.7996	36.9069	79.707	0.0	2257.92	42.66	59.879	40.2167	28.1125								
2016/04/11 09:55:00		1.55996	58.839	26.4953	0.3625	1008.5	114.975	29.2117	43.3624	36.7289	80.091	0.0	2143.13	54.364	57.422	39.3917	28.825								
2016/04/11 10:00:00		1.15441	83.848	26.4885	0.365104	1008.47	100.188	29.0383	43.5991	32.7339	76.333	0.0	2154.17	40.7134	66.077	44.2183	29.7142								
2016/04/11 10:05:00		0.84569	70.385	26.5292	0.361979	1008.44	102.382	29.1164	44.4299	32.0287	76.459	0.0	2410.83	32.2307	67.905	45.3333	30.195								
2016/04/11 10:10:00		0.75423	79.879	26.5948	0.358333	1008.39	109.368	29.2886	46.7236	30.4951	77.219	0.0	2354.38	52.178	57.581	39.385	28.6075								
2016/04/11 10:15:00		0.65227	68.49	26.5943	0.364062	1008.37	112.051	29.4303	46.8687	31.0325	77.901	0.0	2462.08	36.1274	76.055	50.712	32.2133								
2016/04/11 10:20:00		1.68083	72.517	26.6807	0.357812	1008.3	126.088	29.5643	61.392	33.8465	95.239	0.0	2694.17	31.6128	65.307	43.8833	30.4933								
2016/04/11 10:25:00		0.84761	62.733	26.7443	0.359896	1008.25	145.768	29.4451	70.741	34.8564	105.597	0.0	2821.04	27.4375	68.267	45.5783	30.13								
2016/04/11 10:30:00		0.7489	49.4177	26.8	0.360417	1008.2	174.059	29.2749	69.401	31.9739	101.375	0.0	2783.75	47.871	60.977	41.3917	28.65								
2016/04/11 10:35:00		0.83322	73.028	26.8417	0.359896	1008.15	187.039	29.059	78.162	31.5357	109.698	0.0	2875.63	32.4772	74.19	49.74	32.0392								
2016/04/11 10:40:00		0.54995	155.865	26.9177	0.3625	1008.04	235.382	29.0496	71.442	30.6731	102.115	0.004767	2800.63	42.9564	66.261	44.17	30.7867								
2016/04/11 10:45:00		0.95613	90.742	27.0865	0.360938	1007.88	323.692	29.2472	73.285	31.2516	104.536	0.0	3106.67	36.4453	68.19	45.5058	31.3808								
2016/04/11 10:50:00		1.27495	101.149	27.3786	0.3625	1007.75	374.077	29.4451	79.176	32.5251	111.701	0.0	3156.04	32.6343	70.016	46.7217	31.9683								
2016/04/11 10:55:00		1.59425	64.667	27.7135	0.364062	1007.71	352.647	29.5667	80.777	30.9709	111.748	0.0	3037.71	50.725	66.576	44.5833	29.525								
2016/04/11 11:00:00		0.70059	84.657	27.9729	0.361979	1007.68	330.254	29.4757	79.022	32.0253	111.047	0.0	3122.71	37.7096	79.281	52.867	31.7833								
2016/04/11 11:05:00		0.64112	45.9536	28.1031	0.361979	1007.62	289.479	29.3739	80.61	33.333	113.943	0.0	3007.29	48.589	58.579	39.3517	29.8675								
2016/04/11 11:10:00		0.89592	85.696	28.1036	0.363542	1007.52	336.153	29.4094	74.575	33.8465	108.422	0.038133	2928.13	52.2	59.818	40.6183	30.1225								
2016/04/11 11:15:00		0.80767	41.3002	28.0969	0.361979	1007.49	332.405	29.6663	73.383	34.7366	108.119	0.0	2756.04	74.219	48.2242	32.9308	26.905								
2016/04/11 11:20:00		0.95983	65.443	27.988	0.366667	1007.45	290.106	29.7777	61.146	32.5182	93.665	0.0	2411.25	87.477	45.41	31.9525	26.0367								
2016/04/11 11:25:00		0.7652	90.318	27.9406	0.361458	1007.38	383.957	29.7235	51.333	34.7092	86.042	0.0	2235.21	77.669	48.9433	33.4458	25.4783								
2016/04/11 11:30:00		1.78821	85.263	28.1604	0.359375	1007.36	307.905	29.6174	44.7806	36.4003	81.181	0.009533	2159.79	60.029	49.1292	32.4167	24.0342								
2016/04/11 11:35:00		1.00247	61.274	28.3651	0.365104	1007.31	290.945	29.67	45.9843	37.9682	83.953	0.019067	2395.0	56.029	61.633	30.9958	22.2583								
2016/04/11 11:40:00		0.85842	62.633	28.412	0.360417	1007.18	384.781	29.7858	47.4248	37.7594	85.184	0.0	2363.96	59.04	60.46	29.7458	21.48								
2016/04/11 11:45:00		0.78007	70.356	28.5026	0.357812	1007.1	341.403	29.8277	48.5839	37.0576	85.642	0.0	2360.0	76.459	47.2508	26.5167	21.0283								
2016/04/11 11:50:00		0.82884	89.393	28.4698	0.361979	1007.03	331.341	29.7901	43.9587	34.6921	78.651	0.038133	2150.42	88.842	50.818	29.1758	21.8817								
2016/04/11 11:55:00		0.75249	47.1098	28.5	0.363542	1006.92	340.703	29.728	44.8833	38.2729	83.156	0.0	2205.83	75.294	55.588	28.4792	21.8667								
2016/04/11 12:00:00		0.682	75.944	28.5042	0.364583	1006.83	371.299	29.8464	39.1034	35.2329	74.336	0.0	2004.79	103.6	47.9133	28.9133	20.9483								
2016/04/11 12:05:00		0.7445	60.454	28.499	0.358854	1006.79	363.905	30.0674	33.6496	35.0378	68.687	0.0	1888.96	71.065	49.8883	29.0142	21.8992								
2016/04/11 12:10:00		0.98133	103.974	28.5573	0.361458	1006.73	406.693	30.2556	34.2593	37.7149	71.974	0.0	1867.29	71.201	56.873	28.515	21.5208								
2016/04/11 12:15:00		0.81059	87.351	28.7828	0.363542	1006.64	394.1	30.3474	37.3369	38.759	76.096	0.0	2260.63	50.953	63.042	30.8225	21.7325								
2016/04/11 12:20:00		1.23498	99.455	29.0604	0.358854	1006.56	413.612	30.356	37.7768	39.6045	77.381	0.224033	2298.96	57.504	62.24	29.6475	21.2217								
2016/04/11 12:25:00		1.43259	95.633	29.2906	0.358854	1006.49	502.67	30.2972	38.2927	39.5224	77.815	0.286	2208.33	67.94	72.207	31.8208	21.6792								
2016/04/11 12:30:00		1.06505	97.014	29.5932	0.359896	1006.41	483.007	30.1912	48.0613	40.4398	88.501	0.181133	2403.54	67.79	47.1967	27.7208	21.0817								
2016/04/11 12:35:00		1.26788	102.871	29.8281	0.361458	1006.31	558.46	30.1737	45.9843	38.557	84.541	0.1287	2400.83	63.251	79.742	31.9725	21.855								
2016/04/11 12:40:00		1.30788	131.075	30.0187	0.360417	1006.28	608.64	30.3726	45.886	40.2481	86.134	0.195433	2378.33	63.49	57.478	28.805	21.2158								
2016/04/11 12:45:00		1.41524	129.04	30.3062	0.363021	1006.16	501.59	30.5845	44.2021	40.3953	84.597	0.0	2320.42	79.823	49.8008	28.0058	21.4442								
2016/04/11 12:50:00		1.4214	120.677	30.4245	0.363542	1006.05	513.36	30.7262	44.3004	40.7171	85.018	0.0	2220.0	59.525	58.151	29.6208	21.3958								
2016/04/11 12:55:00		1.54516	106.886	30.5021	0.365625	1005.99	485.341	30.8263	39.903	40.2105	80.113	0.0	2124.58	76.594	55.302	27.8692	21.13								
2016/04/11 13:00:00		1.85599	129.411	30.6229	0.363021	1005.87	455.962	30.8454	40.2603	41.7989	82.059	0.052433	2204.17	59.29	48.1017	27.2683	20.2767								
2016/04/11 13:05:00		1.30669	132.119	30.7104	0.360417	1005.8	443.61	30.8132	38.4982	42.7677	81.266	0.004767	2069.79	83.495	50.988	26.3992	19.76								
2016/04/11 13:10:00		1.26628	102.435	30.7307	0.363021	1005.69	509.04	30.7619	38.6255	42.2987	80.924	0.081033	2067.71	70.53	61.41	29.3933	20.5833								
2016/04/11 13:15:00		1.26929	91.176	30.8458	0.360417	1005.58	732.99	30.724	42.516	44.3595	86.875	0.033367	2136.46	62.84	64.31	29.875	21.0333								
2016/04/11 13:20:00		1.61935	135.566	31.1052	0.3625	1005.5	557.01	30.7087	39.7801	44.6677	84.448	0.1573	2091.04	76.869	57.067	28.6533	21.1717								
2016/04/11 13:25:00		1.85941	159.094	31.2755	0.361458	1005.39	426.242	30.7128	39.7444	44.4965	84.241	0.019067	2090.42	93.838	46.6083	25.6817	20.1983								
2016/04/11 13:30:00		1.60179	119.204	31.1953	0.357292	1005.3	431.936	30.7737	35.0946	42.2713	77.366	0.0	1993.13	104.082	86.299	36.8725	22.3608								
2016/04/11 13:35:00		1.06449	88.922	31.1776	0.360938	1005.2	420.146	30.8484	34.7953	44.4246	79.22	0.0	2130.63	87.867	82.218	29.0967	21.7283								
2016/04/11 13:40:00		1.1617	76.691	30.9578	0.360938	1005.17	381.026	30.9262	35.6485	45.3489	80.997	0.2574	2038.96	95.803	54.491	27.4992	20.7225								
2016/04/11 13:45:00		1.36141	90.644	30.7406	0.361979	1005.0	477.874	31.0175	23.9614	62.086	86.047	0.033367	2189.79	83.584	65.76	29.6917	20.7683								
2016/04/11 13:50:00		1.65897	71.722	30.7297	0.3625	1004.88	504.08	31.0701	22.6728	66.279	88.952	0.076267	2420.42	72.437	84.909	34.4633	21.9833								
2016/04/11 13:55:00		1.38349	121.712	30.7646	0.361458	1004.78	522.95	31.1163	27.1238	64.704	91.828	0.147767	2521.04	75.219	56.216	30.0117	22.1892								
2016/04/11 14:00:00		2.12268	86.004	30.9807	0.365104	1004.69	583.66	31.1737	29.0088	62.168	91.177	0.224033	2581.67	85.52	74.92	31.9133	21.7167								
2016/04/11 14:05:00		1.46748	88.116	31.2437	0.361458	1004.63	611.84	31.2363	32.3364	60.501	92.837	0.0429	2625.0	75.451	54.711	29.16	22.3383								
2016/04/11 14:10:00		1.51591	93.988	31.3542	0.361458	1004.8	396.907	31.3536	27.6531	60.829	88.482	0.0	2570.0	100.975	63.258	29.895	22.435								
2016/04/11 14:15:00		1.98418	97.682	31.2188	0.358333	1004.93	356.876	31.6001	11.9349	78.261	90.196	0.0	3027.92	75.766	68.444	34.7192	22.9942								
2016/04/11 14:20:00		1.42147	140.636	31.174	0.359375	1004.88	396.317	31.8143	14.9321	86.035	100.967	0.0	2177.71	62.836	64.503	33.915	24.1425								
2016/04/11 14:25:00		1.85158	145.966	31.1714	0.364583	1004.83	582.87	32.0229	29.8284	112.35	142.179	0.0143	3005.0	63.554	205.866	80.173	30.255								
2016/04/11 14:30:00		1.87319	92.227	31.3245	0.358854	1004.79	420.43	32.1998	28.2785	101.399	129.678	0.286	2136.46	68.305	66.028	32.865	24.0725								
2016/04/11 14:35:00		1.85381	80.359	31.3917	0.356771	1004.75	389.521	32.3684	36.7919	117.054	153.846	0.286	3465.21	65.079	73.95	34.3175	24.0833								
2016/04/11 14:40:00		1.84094	127.802	31.2542	0.361979	1004.66	331.231	32.5159	35.4966	109.577	145.074	0.190667	2978.96	70.63	71.208	35.2758	25.9558								
2016/04/11 14:45:00		1.57467	146.501	31.2104	0.363542	1004.35	445.718	32.5862	26.5499	111.049	137.599	0.1716	2342.5	67.655	78.038	36.9575	27.0217								
2016/04/11 14:50:00		1.25324	157.637	31.3474	0.35625	1004.12	363.271	32.5432	23.2267	113.511	136.738	0.090567	2408.13	89.456	69.183	37.0417	28.2117								
2016/04/11 14:55:00		1.99475	135.29	31.3109	0.359896	1004.04	283.595	32.4976	25.5985	97.373	122.972	0.286	2531.88	72.68	70.974	37.2983	27.2942								
2016/04/11 15:00:00		0.97881	93.908	31.2109	0.360938	1004.0	408.333	32.4393	25.3774	86.744	112.121	0.286	2565.0	76.23	78.941	38.2975	27.5917								
2016/04/11 15:05:00		2.12233	127.508	31.2312	0.359896	1003.93	443.771	32.3886	28.0797	78.576	106.655	0.1716	2602.5	80.33	74.509	39.3858	28.5142								
2016/04/11 15:10:00		1.60963	127.135	31.3062	0.361458	1003.82	462.846	32.3537	28.9373	71.195	100.132	0.2574	2628.96	91.781	67.346	37.9808	28.4892								
2016/04/11 15:15:00		1.09055	134.202	31.4505	0.359375	1003.78	470.24	32.333	29.8887	67.351	97.239	0.286	2713.96	83.456	70.903	38.6208	29.0792								
2016/04/11 15:20:00		1.32276	133.414	31.7859	0.360938	1003.75	437.033	32.3209	26.7174	62.996	89.714	0.286	2810.42	88.356	89.601	39.0525	29.2433								
2016/04/11 15:25:00		1.60082	88.873	31.9953	0.359896	1003.7	412.14	32.318	28.3633	61.363	89.727	0.204967	2931.46	84.481	73.367	39.0875	28.6267								
2016/04/11 15:30:00		1.43982	90.134	31.987	0.364062	1003.63	404.389	32.3075	35.5569	62.007	97.564	0.266933	3091.88	49.3783	76.433	40.395	29.8342								
2016/04/11 15:35:00		1.66258	81.054	31.8974	0.356771	1003.54	366.428	32.2919	37.2006	59.833	97.034	0.286	3069.17	85.831	66.019	40.7967	31.7117								
2016/04/11 15:40:00		1.33033	109.072	31.7234	0.358333	1003.52	237.366	32.2688	36.218	60.299	96.517	0.195433	3099.17	85.856	83.252	42.4875	32.7417								
2016/04/11 15:45:00		1.77742	118.362	31.6094	0.359896	1003.51	363.205	32.2471	36.9349	58.898	95.833	0.004767	3210.0	79.505	81.353	45.0575	34.14								
2016/04/11 15:50:00		1.98003	134.039	31.5693	0.361458	1003.46	317.632	32.2238	37.4686	59.487	96.956	0.090567	3096.88	82.381	75.904	42.1175	33.5								
2016/04/11 15:55:00		1.41237	91.74	31.4979	0.356771	1003.45	233.209	32.198	35.5078	58.299	93.807	0.061967	3138.33	83.156	86.298	46.3167	34.5567								
2016/04/11 16:00:00		1.96284	102.328	31.4344	0.358854	1003.44	181.672	32.1604	36.3229	61.216	97.539	0.0	3278.75	83.256	81.071	44.8008	34.5725								
2016/04/11 16:05:00		2.28214	99.781	31.2656	0.358854	1003.43	196.649	32.1078	38.9248	59.58	98.504	0.0	3342.29	70.405	84.397	44.4967	34.7858								
2016/04/11 16:10:00		3.01461	94.824	31.0698	0.357812	1003.36	180.381	32.0525	49.8324	59.867	109.7	0.023833	3425.63	78.68	82.428	46.045	35.6683								
2016/04/11 16:15:00		2.12395	92.66	30.9479	0.361458	1003.28	149.654	31.9915	51.416	59.042	110.458	0.052433	3414.17	104.582	77.74	45.0717	35.3983								
2016/04/11 16:20:00		2.08498	100.055	30.8078	0.357812	1003.23	147.795	31.9298	48.1574	59.795	107.953	0.0	3554.58	89.106	87.235	46.21	35.89								
2016/04/11 16:25:00		2.42545	95.619	30.6036	0.361458	1003.2	143.084	31.872	51.083	61.148	112.231	0.0	3604.38	80.455	72.58	43.63	35.6133								
2016/04/11 16:30:00		2.32714	94.529	30.4901	0.358333	1003.15	137.9	31.7988	47.8827	59.559	107.442	0.0	3595.21	86.006	81.538	46.9083	37.71								
2016/04/11 16:35:00		2.8525	95.169	30.3745	0.361979	1003.16	89.702	31.7223	42.2837	59.148	101.432	0.0	3479.58	102.257	77.638	47.2575	37.7675								
2016/04/11 16:40:00		1.68195	101.133	30.2344	0.360417	1003.15	72.698	31.6441	40.8298	60.247	101.077	0.0	3597.71	78.63	76.492	46.1267	37.3667								
2016/04/11 16:45:00		1.80398	113.576	30.1286	0.358854	1003.2	76.891	31.5528	41.3301	60.908	102.238	0.0	3615.21	78.53	82.02	49.3775	38.075								
2016/04/11 16:50:00		1.45142	123.96	30.025	0.3625	1003.25	95.091	31.4554	41.0308	61.993	103.024	0.0	3746.04	78.955	93.498	50.348	38.1608								
2016/04/11 16:55:00		2.29312	98.248	30.0161	0.357292	1003.28	98.707	31.3692	41.2809	61.031	102.312	0.0	3991.67	75.655	84.477	50.691	40.0067								
2016/04/11 17:00:00		1.59927	126.649	29.9729	0.355729	1003.3	80.668	31.2782	43.3289	60.771	104.1	0.0	4093.54	77.33	84.861	50.923	39.5025								
2016/04/11 17:05:00		1.41074	128.957	29.9219	0.3625	1003.34	77.561	31.1815	40.3876	60.456	100.844	0.0	4248.54	95.156	97.678	50.527	39.2367								
2016/04/11 17:10:00		1.93153	131.394	29.9089	0.363021	1003.42	61.877	31.0961	43.1234	61.192	104.316	0.004767	4625.63	81.955	101.037	50.799	39.105								
2016/04/11 17:15:00		1.73378	118.082	29.8208	0.363021	1003.43	50.597	31.007	41.5668	59.278	100.845	0.0	5043.1	100.357	93.853	49.6433	39.22								
2016/04/11 17:20:00		1.42216	99.505	29.7661	0.361979	1003.51	33.7021	30.9158	40.6958	60.213	100.909	0.0	5414.4	73.955	92.196	51.523	40.9175								
2016/04/11 17:25:00		1.50473	132.758	29.725	0.361979	1003.61	21.6125	30.8293	37.2989	59.525	96.824	0.0	5386.7	74.955	82.903	53.621	41.5217								
2016/04/11 17:30:00		1.62375	125.251	29.6281	0.356771	1003.66	10.8062	30.7415	38.3687	59.2	97.568	0.0286	5402.9	73.905	78.283	52.258	40.1533								
2016/04/11 17:35:00		1.37942	115.131	29.4792	0.361458	1003.68	4.95104	30.6153	38.7774	58.303	97.08	0.0	5341.0	69.78	75.919	51.294	39.5967								
2016/04/11 17:40:00		1.98725	130.717	29.3516	0.356771	1003.71	1.26875	30.2516	39.894	54.657	94.551	0.0	5369.0	65.454	80.877	54.326	41.745								
2016/04/11 17:45:00		2.19606	141.562	29.2318	0.359896	1003.75	1.05729	29.9192	41.1938	53.045	94.238	0.0	5130.2	87.606	80.579	55.597	43.7483								
2016/04/11 17:50:00		2.22632	136.249	29.0911	0.357812	1003.8	1.08646	29.7522	40.2916	51.709	92.001	0.104867	4899.38	93.306	78.103	54.155	44.4817								
2016/04/11 17:55:00		2.62519	133.971	28.9708	0.355208	1003.85	1.07187	29.6075	37.2498	50.011	87.261	0.286	4392.08	97.642	77.702	53.885	45.0967								
2016/04/11 18:00:00		2.98494	143.047	28.8594	0.364583	1003.85	1.1375	29.4859	33.0712	47.1051	80.176	0.286	3998.33	111.465	79.087	55.583	46.55								
2016/04/11 18:05:00		2.1406	137.889	28.762	0.360938	1003.95	1.14479	29.3981	29.1115	46.5094	75.621	0.1716	3791.46	103.518	79.197	55.547	46.1242								
2016/04/11 18:10:00		2.81689	134.001	28.7073	0.361979	1003.99	1.06458	29.3189	25.527	46.9442	72.471	0.190667	3537.71	103.618	79.427	57.334	47.2992								
2016/04/11 18:15:00		1.99466	144.05	28.6083	0.359375	1004.01	1.08646	29.2109	27.9234	45.2804	73.204	0.238333	3319.17	92.281	84.716	58.838	48.1875								
2016/04/11 18:20:00		2.07333	140.943	28.6057	0.360417	1004.02	1.15208	29.1111	35.0008	46.328	81.329	0.038133	3266.67	82.277	85.778	59.683	47.605								
2016/04/11 18:25:00		2.13479	138.055	28.5714	0.360938	1004.15	1.11563	28.9994	33.2342	44.2192	77.453	0.0	3103.96	87.217	88.065	60.565	48.5875								
2016/04/11 18:30:00		1.78295	127.519	28.5026	0.359896	1004.16	1.15208	28.9079	35.9857	45.0168	81.003	0.2145	3139.79	86.442	86.457	59.428	47.9633								
2016/04/11 18:35:00		1.54455	122.101	28.501	0.363542	1004.16	1.12292	28.8429	40.1598	43.9077	84.067	0.0572	3357.92	76.791	93.546	63.532	49.5925								
2016/04/11 18:40:00		2.00145	130.569	28.5042	0.359375	1004.18	1.19583	29.0094	50.205	45.6022	95.808	0.138233	3534.38	79.091	90.927	61.322	48.1742								
2016/04/11 18:45:00		1.55103	142.211	28.4464	0.358854	1004.21	1.11563	29.0757	49.8212	44.0686	93.89	0.123933	3526.25	85.566	84.529	58.558	46.9842								
2016/04/11 18:50:00		1.59696	151.992	28.4063	0.363021	1004.33	1.10833	29.0367	45.12	44.9107	90.031	0.1144	3387.92	77.766	90.723	61.304	48.1858								
2016/04/11 18:55:00		1.97609	149.573	28.4	0.363542	1004.42	1.10104	29.1054	43.5813	43.8974	87.479	0.152533	3236.88	81.641	86.752	59.552	47.9375								
2016/04/11 19:00:00		2.18916	152.041	28.3411	0.355208	1004.46	1.13021	29.2214	39.6729	41.436	81.109	0.2574	3148.54	93.867	86.324	59.447	47.915								
2016/04/11 19:05:00		2.6053	145.52	28.3062	0.361458	1004.45	1.13021	29.1771	37.4195	41.5661	78.986	0.133467	3026.88	82.191	78.284	55.609	46.965								
2016/04/11 19:10:00		2.97924	157.269	28.3036	0.359375	1004.47	1.18854	29.0698	37.9778	39.8955	77.873	0.0286	2768.75	90.392	72.521	52.101	43.6758								
2016/04/11 19:15:00		2.69628	160.481	28.1984	0.366146	1004.58	1.07917	29.0048	32.7496	37.7422	70.492	0.0	2569.38	98.917	65.097	45.6725	38.1808								
2016/04/11 19:20:00		2.61467	151.446	28.0911	0.357812	1004.69	1.1375	29.1382	30.0294	35.3254	65.355	0.0	2393.75	95.192	60.843	42.7167	35.8325								
2016/04/11 19:25:00		2.89958	150.205	27.9906	0.35625	1004.75	1.13021	29.1315	30.0651	33.9937	64.059	0.0	2223.33	91.117	64.238	44.4333	36.0533								
2016/04/11 19:30:00		3.04251	143.442	27.876	0.363542	1004.78	1.1375	29.037	27.1529	31.1421	58.295	0.0	2000.42	109.418	58.231	41.5992	34.89								
2016/04/11 19:35:00		2.77981	137.846	27.763	0.364062	1004.86	1.13021	29.1119	28.877	31.6829	60.56	0.0	1933.96	84.991	60.072	41.615	34.18								
2016/04/11 19:40:00		2.54334	139.024	27.6906	0.365625	1004.94	1.07917	29.1419	29.7033	31.8815	61.585	0.119167	1794.17	92.567	57.997	41.815	34.87								
2016/04/11 19:45:00		2.58933	145.408	27.6016	0.361458	1005.04	1.04271	29.0625	27.7179	29.379	57.097	0.181133	1770.83	101.042	61.027	43.205	35.275								
2016/04/11 19:50:00		3.01018	145.185	27.5073	0.360417	1005.16	1.04271	29.1527	26.7196	29.6871	56.407	0.209733	1645.0	102.978	58.293	42.0083	35.16								
2016/04/11 19:55:00		2.55985	145.577	27.4151	0.363021	1005.31	1.10104	29.1248	24.7922	27.8214	52.614	0.247867	1544.17	105.561	58.378	41.9092	34.8017								
2016/04/11 20:00:00		3.20983	157.479	27.3438	0.358333	1005.44	1.12292	29.0252	26.3645	28.5848	54.949	0.2002	1515.83	90.795	59.693	42.945	35.885								
2016/04/11 20:05:00		2.7458	145.111	27.2875	0.358333	1005.52	1.05729	28.8509	27.1261	28.3041	55.43	0.0858	1477.08	96.36	57.036	40.9567	34.48								
2016/04/11 20:10:00		2.53424	150.366	27.1932	0.360417	1005.61	1.08646	28.9052	25.1228	28.1124	53.235	0.195433	1380.83	95.728	63.854	44.9833	34.7308								
2016/04/11 20:15:00		2.78393	150.502	27.1641	0.356771	1005.67	1.14479	29.004	21.7772	27.842	49.6192	0.266933	1306.04	108.868	56.772	40.7042	34.3425								
2016/04/11 20:20:00		2.56862	164.279	27.0984	0.358333	1005.81	1.02083	28.9258	20.7588	28.0337	48.7925	0.166833	1278.13	90.463	58.572	41.1183	34.2542								
2016/04/11 20:25:00		2.2279	146.635	27.0047	0.363542	1005.89	1.13021	28.8158	20.435	27.9584	48.3934	0.286	1277.08	89.152	54.803	39.2208	32.4067								
2016/04/11 20:30:00		2.90543	152.308	26.9344	0.361458	1005.96	1.09375	28.9315	19.8811	27.4688	47.35	0.0572	1197.08	104.857	47.2983	34.6942	29.5858								
2016/04/11 20:35:00		2.79843	149.519	26.837	0.358333	1006.08	1.09375	28.9932	18.8024	27.5031	46.3055	0.209733	1106.04	103.864	49.7292	34.185	28.4583								
2016/04/11 20:40:00		3.08961	143.23	26.7557	0.360417	1006.16	1.10104	28.8979	17.3508	26.1748	43.5256	0.286	1041.67	104.589	59.154	40.1783	28.8842								
2016/04/11 20:45:00		2.96641	151.826	26.6932	0.365625	1006.23	1.11563	28.8005	15.8611	24.0934	39.9546	0.2145	956.46	103.171	53.333	36.8925	28.7758								
2016/04/11 20:50:00		2.55712	156.431	26.5995	0.365625	1006.28	1.14479	28.9377	18.9833	25.764	44.7473	0.286	984.38	77.809	54.632	37.4867	29.5367								
2016/04/11 20:55:00		2.01465	161.165	26.599	0.363542	1006.38	1.07187	28.9022	18.3513	26.4897	44.8411	0.286	998.13	83.081	52.031	36.1125	29.6208								
2016/04/11 21:00:00		2.69452	170.936	26.5974	0.365104	1006.44	1.12292	28.8133	20.9241	26.969	47.8931	0.286	1033.54	70.626	55.3	38.91	30.9								
2016/04/11 21:05:00		3.43409	165.915	26.5521	0.361979	1006.53	1.03542	28.8939	23.1775	26.2433	49.4208	0.219267	1108.54	76.641	55.882	38.6058	31.6433								
2016/04/11 21:10:00		3.34656	163.834	26.4667	0.364583	1006.65	1.14479	29.0034	23.9681	27.0375	51.006	0.286	1075.63	76.584	55.465	38.3567	30.4517								
2016/04/11 21:15:00		2.77712	164.245	26.387	0.363542	1006.75	1.08646	28.9116	24.589	26.5651	51.154	0.2431	1066.25	76.277	55.365	37.5508	30.3442								
2016/04/11 21:20:00		3.13697	164.773	26.326	0.365104	1006.78	1.05	28.8904	27.3025	27.2292	54.532	0.286	1111.88	72.873	51.815	37.5792	30.04								
2016/04/11 21:25:00		2.66773	165.882	26.325	0.364583	1006.81	1.11563	29.0193	28.705	26.5925	55.297	0.286	1090.63	75.555	51.371	36.7883	30.0508								
2016/04/11 21:30:00		3.31464	173.393	26.2307	0.365104	1006.92	1.18854	28.9468	26.8938	26.5788	53.473	0.286	1086.46	79.166	54.872	39.0175	31.8317								
2016/04/11 21:35:00		2.88168	166.513	26.2229	0.363542	1006.96	1.08646	29.022	26.5097	27.1984	53.708	0.286	1095.42	80.241	52.127	37.4617	31.5883								
2016/04/11 21:40:00		2.95606	163.492	26.1411	0.363021	1006.99	1.13021	29.0872	26.9764	26.1577	53.134	0.286	1100.21	88.534	52.797	36.9442	30.3733								
2016/04/11 21:45:00		2.71999	167.616	26.1286	0.367188	1007.04	1.10104	28.9755	25.6476	28.1021	53.75	0.286	1157.71	79.377	52.886	36.8125	30.425								
2016/04/11 21:50:00		2.59112	161.963	26.0469	0.359896	1007.06	1.15208	28.9006	25.154	28.6601	53.814	0.286	1126.25	91.363	47.55	34.1358	29.2308								
2016/04/11 21:55:00		2.33994	171.473	26.0203	0.363542	1007.06	1.12292	29.0472	26.5655	27.842	54.407	0.286	1140.63	72.916	58.956	40.1608	30.5833								
2016/04/11 22:00:00		3.09093	169.117	26.0198	0.359375	1007.15	1.06458	29.0319	24.8034	29.3688	54.172	0.286	1104.79	83.02	50.779	35.6567	29.3								
2016/04/11 22:05:00		2.70053	163.717	25.9307	0.363542	1007.13	1.16667	28.8606	26.3154	29.1908	55.506	0.286	1084.17	75.951	52.32	36.2	29.6983								
2016/04/11 22:10:00		3.04556	161.731	25.9224	0.367708	1007.1	1.07187	28.863	24.0843	29.1839	53.268	0.1573	1119.17	82.213	50.963	36.8683	30.4175								
2016/04/11 22:15:00		2.32056	164.188	25.9229	0.364062	1007.15	1.09375	29.0206	23.622	28.2938	51.916	0.286	1119.38	87.927	55.543	38.7417	30.5808								
2016/04/11 22:20:00		2.74121	165.733	25.838	0.364062	1007.16	1.1375	29.0418	22.5567	26.3597	48.9163	0.143	1137.71	79.555	55.281	38.2308	30.5858								
2016/04/11 22:25:00		2.55304	166.527	25.8208	0.3625	1007.06	1.14479	28.9084	21.9246	28.4205	50.345	0.209733	1074.17	83.331	53.665	37.2283	30.2108								
2016/04/11 22:30:00		2.69701	163.31	25.8234	0.361458	1007.05	1.06458	28.9887	21.4556	26.6301	48.0857	0.286	1063.75	93.088	55.585	38.5125	30.3208								
2016/04/11 22:35:00		2.43675	162.313	25.7474	0.363021	1007.04	1.03542	29.0504	20.004	27.0238	47.0278	0.286	1059.58	85.999	54.617	38.2267	30.5517								
2016/04/11 22:40:00		2.82971	163.807	25.7224	0.365625	1007.13	1.1375	28.9401	18.5099	27.4757	45.9855	0.286	1029.58	87.467	52.19	36.4283	30.3708								
2016/04/11 22:45:00		2.75877	161.318	25.724	0.365625	1007.13	1.01354	29.0088	16.6048	26.0242	42.629	0.286	982.08	92.881	51.465	36.4117	30.1933								
2016/04/11 22:50:00		2.80912	161.788	25.7234	0.3625	1007.06	1.15208	29.066	15.9103	26.3254	42.2357	0.286	929.79	89.377	53.43	37.6567	30.8117								
2016/04/11 22:55:00		2.69277	162.409	25.7047	0.365104	1007.05	1.09375	28.9033	15.2648	24.9219	40.1867	0.252633	845.63	85.341	56.383	39.3583	31.2283								
2016/04/11 23:00:00		2.11711	167.395	25.6229	0.361979	1007.07	1.05729	28.9073	16.5959	25.6271	42.223	0.286	779.79	86.166	56.878	39.1483	31.365								
2016/04/11 23:05:00		3.18809	166.195	25.624	0.363021	1006.94	1.10833	29.0241	18.1146	24.2577	42.3723	0.219267	752.5	82.898	54.653	38.4333	31.6967								
2016/04/11 23:10:00		2.56197	163.581	25.6224	0.3625	1006.86	1.09375	28.957	17.8309	23.7887	41.6197	0.286	693.96	91.795	54.343	38.9367	31.9975								
2016/04/11 23:15:00		2.7271	163.499	25.6229	0.360417	1006.96	1.10104	28.8802	17.0113	24.3159	41.3272	0.1716	668.75	85.449	58.369	40.15	32.2717								
2016/04/11 23:20:00		2.30939	172.898	25.6234	0.361979	1007.05	1.03542	29.0281	14.9522	23.5012	38.4534	0.176367	663.33	91.538	57.17	39.7208	32.54								
2016/04/11 23:25:00		1.76043	172.82	25.6208	0.357812	1007.08	1.07187	28.9973	13.1476	22.9945	36.1422	0.1716	581.25	89.513	57.208	40.3967	32.4575								
2016/04/11 23:30:00		1.87882	161.256	25.6229	0.357812	1007.03	0.99896	28.8797	12.5893	22.2243	34.8136	0.2431	563.13	84.652	59.537	41.3767	32.7667								
2016/04/11 23:35:00		2.07185	167.818	25.6203	0.354688	1007.0	1.07187	28.8144	13.1119	22.4468	35.5587	0.162067	548.96	86.602	63.435	43.2058	32.7375								
2016/04/11 23:40:00		2.09962	172.781	25.6224	0.358854	1006.91	1.00625	28.5672	13.3196	22.06	35.3796	0.023833	577.29	87.663	63.768	44.0967	33.5533								
2016/04/11 23:45:00		2.56582	169.688	25.6203	0.360938	1006.89	1.02083	28.3068	13.9516	23.0151	36.9667	0.286	584.38	99.61	58.07	41.5317	33.5658								
2016/04/11 23:50:00		1.68754	179.255	25.6203	0.357812	1006.98	1.02813	28.1024	14.0343	21.3753	35.4096	0.1144	581.04	107.096	54.913	39.5525	32.0425								
2016/04/11 23:55:00		2.08527	169.408	25.6245	0.360417	1006.85	1.02083	27.9902	11.8456	21.971	33.8166	0.009533	511.67	117.994	59.408	41.5142	32.6692								
2016/04/12 00:00:00		2.2629	161.661	25.6229	0.364583	1006.59	1.07187	27.932	10.1282	21.6457	31.7739	0.0	508.33	114.5	63.401	43.155	32.13								
