-- 1st mean values --
Format: XTAB(V:1;HEAD:2;COL:TCFFFFFFFFFFFFFFFFFFFFFFFF)
StartTime: 2016/04/13 00:00:00
EndTime: 2016/04/14 00:00:00
Period: 24 h
Station: Gia Lam

Time	MeasPt	Wind Spd.	Wind Dir.	Temp	RH	Barometer	Radiation	InnerTemp	NO	NO2	NOx	SO2	CO	O3	PM-10	PM-2.5	PM-1	CH4	NMHC	THC	BENZEN	TOLUEN	ETHYL BENZEN	MP-XYLEN	O-XYLEN
		m/s	degree	°C	%	hPa	W/m²	°C	µg/m3	µg/m3	µg/m3	µg/m3	µg/m3	µg/m3	µg/m3	µg/m3	µg/m3	ppm	ppmC	ppmC	ug/m3	ug/m3	ug/m3	ug/m3	ug/m3
2016/04/13 00:05:00		2.14546	152.216	25.2354	0.360938	1001.47	1.06458	27.9805	7.2315	15.5659	22.7974	0.1144	235.833	120.937	45.74	34.385	29.72								
2016/04/13 00:10:00		2.7762	164.244	25.2365	0.356771	1001.38	1.13021	27.9137	8.1472	16.141	24.2882	0.0143	231.875	110.639	52.132	36.7433	29.6575								
2016/04/13 00:15:00		2.30007	156.306	25.2536	0.354167	1001.25	1.13021	27.8501	7.3432	17.4967	24.8399	0.009533	240.208	123.365	42.5967	33.5117	29.4667								
2016/04/13 00:20:00		2.19326	157.383	25.2349	0.356771	1001.25	1.1375	27.7835	6.9278	16.9797	23.9075	0.0	216.667	123.633	48.875	35.065	29.1583								
2016/04/13 00:25:00		3.44382	165.443	25.2344	0.355729	1001.2	1.13021	27.707	8.2209	16.8599	25.0808	0.0572	232.5	128.719	47.5867	34.9533	29.0133								
2016/04/13 00:30:00		1.9987	149.282	25.2172	0.357812	1001.17	1.13021	27.6254	7.9953	16.8599	24.8552	0.104867	204.583	131.244	51.038	37.28	29.5517								
2016/04/13 00:35:00		2.25789	148.238	25.1276	0.355208	1001.16	1.14479	27.5602	10.0388	17.394	27.4328	0.286	208.125	119.183	51.419	37.5217	30.405								
2016/04/13 00:40:00		2.96403	149.372	25.1318	0.354688	1001.17	1.14479	27.4847	10.4073	17.9417	28.349	0.286	173.333	146.842	46.9575	35.2517	29.8642								
2016/04/13 00:45:00		2.8481	143.022	25.0531	0.357812	1001.16	1.10104	27.4205	9.2237	16.028	25.2517	0.286	155.417	155.482	47.1408	34.4467	28.9175								
2016/04/13 00:50:00		1.96239	168.499	25.0255	0.356771	1001.15	1.09375	27.3569	10.2197	15.6515	25.8712	0.190667	153.75	154.41	39.8183	31.2442	27.5775								
2016/04/13 00:55:00		1.80457	157.751	25.0234	0.353125	1001.07	1.14479	27.3725	8.5291	15.6549	24.184	0.190667	144.167	38.9026	46.8558	34.6975	28.405								
2016/04/13 01:00:00		1.63787	151.975	25.025	0.35625	1000.99	1.10833	27.5233	9.0874	15.963	25.0504	0.0572	134.375	1.07507	51.186	36.5875	28.9633								
2016/04/13 01:05:00		1.63367	161.42	25.0245	0.358333	1000.97	1.15208	27.5886	16.8416	19.7013	36.5429	0.009533	154.375	0.19287	46.4708	34.7408	29.4408								
2016/04/13 01:10:00		1.63641	156.817	25.0469	0.354688	1000.91	1.11563	27.5942	19.0414	22.6008	41.6423	0.047667	153.542	243.827	49.7492	35.4083	29.2867								
2016/04/13 01:15:00		1.48408	160.079	25.0839	0.352604	1000.87	1.08646	27.5489	19.1665	21.8306	40.9971	0.090567	167.917	270.568	50.146	36.455	29.6308								
2016/04/13 01:20:00		2.06497	148.37	25.0234	0.357292	1000.86	1.10104	27.4431	24.1602	21.1562	45.3164	0.190667	138.542	271.197	49.5867	36.3942	30.1925								
2016/04/13 01:25:00		2.05818	143.217	25.026	0.354167	1000.77	1.14479	27.4823	20.9531	19.3795	40.3326	0.286	132.5	272.768	49.2875	36.4742	30.6767								
2016/04/13 01:30:00		2.41673	137.991	25.0234	0.35625	1000.83	1.11563	27.6256	18.023	19.2528	37.2758	0.286	121.667	266.836	44.0842	33.6617	29.9283								
2016/04/13 01:35:00		2.41297	140.635	24.9849	0.355729	1000.83	1.08646	27.6648	15.2358	17.9588	33.1946	0.286	107.708	113.983	39.0917	31.7958	28.1183								
2016/04/13 01:40:00		1.42208	153.34	24.9271	0.35625	1000.76	1.04271	27.646	13.2079	15.9801	29.1881	0.190667	104.375	114.229	42.3275	32.4958	27.935								
2016/04/13 01:45:00		1.90596	141.553	24.9245	0.354167	1000.66	1.10104	27.5669	10.6441	16.2574	26.9015	0.2431	78.333	126.098	39.9708	32.3058	28.3983								
2016/04/13 01:50:00		1.76236	162.005	24.9276	0.354167	1000.72	1.07917	27.46	9.0785	14.5629	23.6414	0.286	69.792	128.648	39.055	31.5917	28.0117								
2016/04/13 01:55:00		1.18753	152.668	24.8359	0.354167	1000.81	1.07187	27.5488	7.4035	13.9261	21.3296	0.286	73.75	141.767	42.3142	32.9158	28.32								
2016/04/13 02:00:00		0.861	130.115	24.8323	0.356771	1000.81	1.08646	27.6651	8.2164	14.9463	23.1627	0.195433	68.333	111.35	49.8575	35.42	28.7275								
2016/04/13 02:05:00		1.11666	157.807	24.8255	0.35625	1000.75	1.02083	27.6941	8.5112	16.1513	24.6625	0.266933	100.625	107.754	43.935	33.1725	28.2792								
2016/04/13 02:10:00		0.94234	173.136	24.8615	0.355729	1000.81	1.02813	27.6321	7.3544	15.1209	22.4752	0.152533	88.333	119.294	42.485	32.69	28.5775								
2016/04/13 02:15:00		0.92095	133.621	24.9266	0.358854	1000.72	1.04271	27.5287	5.6347	14.1486	19.7833	0.286	65.417	127.666	45.5408	33.8225	28.8517								
2016/04/13 02:20:00		1.15253	119.379	24.9281	0.354167	1000.67	1.05	27.4732	8.0378	16.4354	24.4732	0.286	137.292	110.082	51.327	36.9125	30.7133								
2016/04/13 02:25:00		0.89513	127.146	24.8875	0.35625	1000.63	1.10833	27.5977	7.8948	17.2365	25.1313	0.286	106.875	144.081	46.9717	35.5317	30.6342								
2016/04/13 02:30:00		1.15295	138.23	24.8328	0.353646	1000.6	1.13021	27.6576	8.6743	16.7812	25.4555	0.262167	148.75	109.875	52.836	38.5858	31.59								
2016/04/13 02:35:00		1.26242	156.624	24.8286	0.360417	1000.62	1.08646	27.6503	9.6793	17.0824	26.7617	0.286	143.333	120.676	48.8517	36.7442	31.3458								
2016/04/13 02:40:00		1.12349	141.378	24.8302	0.358333	1000.58	1.14479	27.5797	8.3571	16.2198	24.5769	0.286	156.667	125.651	56.159	38.9575	31.8192								
2016/04/13 02:45:00		0.74814	145.525	24.825	0.356771	1000.54	1.11563	27.4544	7.1668	16.0178	23.1845	0.286	165.833	142.756	50.508	36.9358	31.4158								
2016/04/13 02:50:00		1.17158	141.32	24.8255	0.357812	1000.61	1.06458	27.4879	6.5705	14.9976	21.5681	0.286	179.792	157.778	53.658	38.445	32.1492								
2016/04/13 02:55:00		1.36705	125.868	24.8286	0.357812	1000.62	1.1375	27.6157	6.6576	15.6652	22.3227	0.286	201.875	144.931	56.706	40.0533	32.8117								
2016/04/13 03:00:00		0.94093	129.818	24.825	0.355729	1000.58	1.15937	27.6374	6.0881	15.049	21.137	0.286	201.042	140.413	53.132	39.4533	33.93								
2016/04/13 03:05:00		0.8482	129.631	24.7328	0.357812	1000.58	1.07917	27.6028	7.5219	16.6819	24.2038	0.286	193.542	135.173	55.415	40.25	34.615								
2016/04/13 03:10:00		0.485041	123.428	24.7292	0.35625	1000.63	1.13021	27.5003	10.0299	16.7161	26.746	0.286	239.167	151.103	57.067	40.33	34.2367								
2016/04/13 03:15:00		0.69687	58.022	24.7302	0.354688	1000.72	1.05	27.3964	13.5541	17.1886	30.7427	0.286	268.333	177.951	52.771	40.0258	34.065								
2016/04/13 03:20:00		0.67792	54.788	24.6219	0.353646	1000.8	1.12292	27.4887	12.2364	16.9832	29.2196	0.286	275.833	246.306	53.132	39.905	34.3483								
2016/04/13 03:25:00		0.56622	80.346	24.6245	0.353125	1000.85	1.05729	27.5601	12.5469	16.9215	29.4684	0.286	322.083	183.059	55.507	40.075	34.0167								
2016/04/13 03:30:00		0.330725	59.033	24.625	0.35625	1000.76	1.12292	27.5298	13.5318	17.1646	30.6964	0.286	398.958	149.874	43.7517	36.045	31.995								
2016/04/13 03:35:00		0.79404	63.637	24.5974	0.355729	1000.78	1.12292	27.4458	17.0448	17.8972	34.942	0.252633	329.167	175.372	37.1658	33.2208	30.0342								
2016/04/13 03:40:00		0.50522	43.8064	24.5214	0.357812	1000.9	1.08646	27.3075	13.7037	16.6203	30.324	0.233567	322.708	191.377	38.14	33.6017	30.3358								
2016/04/13 03:45:00		0.52708	31.8496	24.4844	0.355729	1000.96	1.10104	27.311	12.7367	15.7918	28.5285	0.138233	301.875	243.466	36.0083	31.965	28.7783								
2016/04/13 03:50:00		0.68764	62.65	24.4203	0.357812	1000.92	1.07187	27.4149	11.5173	14.3848	25.9021	0.090567	273.542	229.683	37.945	31.515	28.1783								
2016/04/13 03:55:00		0.91419	82.299	24.4234	0.358854	1000.9	1.09375	27.4141	9.82	15.9904	25.8104	0.033367	279.167	171.344	36.19	31.5683	28.2558								
2016/04/13 04:00:00		0.8542	102.877	24.424	0.358333	1000.8	1.13021	27.3765	9.1098	13.6694	22.7791	0.209733	293.333	184.998	36.0842	31.0	27.4067								
2016/04/13 04:05:00		1.49377	94.043	24.4271	0.357292	1000.75	1.07917	27.2774	8.4643	14.6724	23.1367	0.286	330.833	203.278	37.6783	32.5508	28.5275								
2016/04/13 04:10:00		0.7403	97.139	24.4255	0.354167	1000.89	1.08646	27.2015	9.4894	14.3985	23.888	0.286	350.833	237.973	39.235	34.5533	30.8633								
2016/04/13 04:15:00		1.0602	137.451	24.3604	0.357292	1001.0	1.07187	27.3395	9.5899	14.9531	24.5431	0.176367	342.708	301.231	35.93	30.875	28.1533								
2016/04/13 04:20:00		0.78782	139.483	24.3229	0.35625	1001.05	1.1375	27.4111	9.2683	14.5697	23.838	0.0286	425.833	199.713	37.2708	30.9575	28.2492								
2016/04/13 04:25:00		0.61679	129.363	24.3245	0.354167	1001.12	1.06458	27.398	10.0723	16.0212	26.0935	0.286	547.71	169.093	41.2609	32.1208	29.2817								
2016/04/13 04:30:00		0.88789	129.21	24.3464	0.358854	1001.18	1.05729	27.3306	10.9947	15.7645	26.7591	0.286	647.92	195.27	41.0033	32.0933	29.1025								
2016/04/13 04:35:00		1.02206	90.364	24.4208	0.357292	1001.17	1.11563	27.2031	12.0734	15.8466	27.92	0.286	681.67	224.101	42.6358	32.7592	29.465								
2016/04/13 04:40:00		0.73091	114.059	24.3677	0.358333	1001.24	1.04271	27.2597	13.9784	16.2471	30.2256	0.286	761.67	301.099	41.0908	32.9658	29.81								
2016/04/13 04:45:00		0.83275	125.329	24.325	0.358333	1001.43	1.09375	27.3902	16.1492	17.1612	33.3104	0.286	835.63	248.356	38.895	32.71	29.74								
2016/04/13 04:50:00		0.7509	104.688	24.3245	0.358854	1001.55	1.05729	27.3988	18.6885	17.993	36.6816	0.286	986.88	172.001	45.8467	35.5792	31.2467								
2016/04/13 04:55:00		0.57855	160.422	24.4167	0.358854	1001.59	1.07187	27.3545	24.6605	21.0946	45.755	0.276467	1171.46	175.197	44.1083	34.8108	30.7567								
2016/04/13 05:00:00		0.83647	145.878	24.4188	0.354688	1001.78	1.12292	27.2524	23.9279	20.6769	44.6049	0.286	1325.63	221.386	42.8408	34.3292	30.5433								
2016/04/13 05:05:00		0.9692	143.921	24.4224	0.354688	1001.73	1.07917	27.2444	23.22	19.7047	42.9247	0.286	1372.71	260.682	45.5567	35.5017	31.4058								
2016/04/13 05:10:00		0.56893	136.233	24.3724	0.355208	1001.81	1.09375	27.3773	22.6706	20.8618	43.5324	0.286	1407.29	288.434	47.1258	36.3117	32.2225								
2016/04/13 05:15:00		0.62049	102.667	24.3234	0.355208	1001.81	1.05	27.405	23.0033	19.4103	42.4136	0.281233	1342.5	194.184	47.84	38.3242	34.2542								
2016/04/13 05:20:00		0.79374	102.757	24.3255	0.357812	1001.8	1.01354	27.376	26.9988	20.2593	47.258	0.262167	1559.17	157.686	52.044	41.2958	36.5442								
2016/04/13 05:25:00		1.07617	128.555	24.3266	0.356771	1001.84	1.06458	27.2833	35.5301	20.8584	56.388	0.286	1566.04	202.885	48.1408	39.7108	35.915								
2016/04/13 05:30:00		1.08001	101.711	24.3276	0.360938	1001.92	1.08646	27.206	40.1598	20.6461	60.806	0.286	1665.0	212.3	58.127	42.27	37.1208								
2016/04/13 05:35:00		0.9001	119.305	24.4115	0.359375	1001.91	1.15208	27.3389	52.166	22.9089	75.075	0.195433	1899.38	299.87	50.445	39.9808	35.4783								
2016/04/13 05:40:00		1.11081	135.435	24.424	0.361979	1001.92	1.1375	27.453	53.448	23.0835	76.532	0.0	1988.75	211.693	48.2675	39.7925	35.5								
2016/04/13 05:45:00		0.83603	118.386	24.424	0.359896	1001.96	1.09375	27.5856	62.661	22.8131	85.474	0.0	2130.83	147.449	51.082	41.8208	37.545								
2016/04/13 05:50:00		1.0963	128.569	24.425	0.357812	1002.05	1.09375	27.7427	66.138	24.114	90.252	0.0	2072.5	128.859	51.619	41.8567	37.1517								
2016/04/13 05:55:00		1.11093	122.924	24.4229	0.359896	1002.06	1.02813	27.8525	63.174	23.0116	86.186	0.0	2282.92	104.671	60.048	45.0708	39.1908								
2016/04/13 06:00:00		0.84514	120.16	24.426	0.358854	1002.12	1.39271	27.9862	75.835	23.1999	99.035	0.0	2461.67	91.267	71.335	49.8108	41.2492								
2016/04/13 06:05:00		0.91063	107.063	24.4339	0.358854	1002.23	1.43646	28.1314	87.783	23.3266	111.11	0.0	2498.13	80.93	73.099	50.188	40.2458								
2016/04/13 06:10:00		0.72965	100.908	24.5208	0.356771	1002.38	1.58229	28.271	88.708	22.7686	111.477	0.0	2695.83	73.058	75.268	51.412	41.52								
2016/04/13 06:15:00		0.87923	51.511	24.5214	0.357292	1002.44	4.65938	28.3859	95.66	23.2924	118.953	0.0	2815.83	65.915	79.03	53.53	41.725								
2016/04/13 06:20:00		0.89196	58.616	24.5234	0.35625	1002.53	7.5177	28.5277	102.916	22.3475	125.264	0.0	3039.79	62.065	89.168	59.912	45.0025								
2016/04/13 06:25:00		0.90888	85.722	24.524	0.352604	1002.48	14.6635	28.6332	98.273	22.974	121.247	0.0	2861.67	62.44	73.561	51.831	40.505								
2016/04/13 06:30:00		1.18576	121.951	24.5214	0.355729	1002.4	25.6156	28.7425	100.621	22.5495	123.17	0.0	2896.25	54.979	86.137	58.353	42.8967								
2016/04/13 06:35:00		1.04396	92.511	24.5724	0.35625	1002.4	29.4073	28.8354	116.94	22.505	139.445	0.0	3143.33	52.414	85.407	58.843	43.2542								
2016/04/13 06:40:00		1.05599	88.422	24.6313	0.358333	1002.42	34.7521	28.9385	119.229	21.0193	140.248	0.0	3283.96	51.343	78.908	55.867	43.4317								
2016/04/13 06:45:00		0.91468	76.916	24.6625	0.354688	1002.53	34.3875	29.033	114.807	21.543	136.35	0.0	3442.71	48.7354	60.398	47.7417	42.025								
2016/04/13 06:50:00		0.89315	62.394	24.7349	0.358854	1002.58	44.1948	29.1382	115.591	21.8237	137.414	0.0	3516.25	47.0531	57.654	46.7517	42.2283								
2016/04/13 06:55:00		0.8592	94.929	24.7354	0.358333	1002.7	46.7104	29.2123	126.054	24.1585	150.212	0.0	4010.63	44.4637	62.19	50.673	46.0667								
2016/04/13 07:00:00		0.74107	123.188	24.8312	0.355208	1002.77	41.9125	28.9565	125.554	21.5191	147.073	0.0	4000.0	46.9245	55.508	43.15	37.3733								
2016/04/13 07:05:00		0.65024	126.424	24.8937	0.355729	1002.81	42.9333	28.7012	118.44	17.9314	136.372	0.0	3910.0	53.918	59.638	44.305	36.865								
2016/04/13 07:10:00		0.87563	92.827	24.9323	0.354688	1003.0	39.2146	28.7484	107.231	17.4042	124.635	0.0	3934.17	55.482	56.99	46.4425	42.2158								
2016/04/13 07:15:00		0.64661	83.163	25.0271	0.355208	1002.98	57.706	28.8638	111.984	17.9314	129.915	0.0	4485.0	55.7	59.102	48.0292	43.5075								
2016/04/13 07:20:00		0.74512	66.864	25.025	0.354688	1003.14	38.3177	28.989	108.993	16.9626	125.956	0.0	4729.17	55.875	66.42	50.61	42.8417								
2016/04/13 07:25:00		0.447848	355.24	25.0297	0.354167	1003.39	31.026	29.0987	113.88	18.3285	132.208	0.0	5199.0	53.0	73.337	54.408	44.2233								
2016/04/13 07:30:00		0.58616	43.8846	25.026	0.356771	1003.35	31.201	29.1871	104.129	23.0698	127.199	0.0	4633.13	52.879	83.937	58.238	43.2883								
2016/04/13 07:35:00		0.53438	48.7125	25.0245	0.353646	1003.4	34.8323	29.2773	101.572	28.4171	129.989	0.0	5001.9	46.4138	74.821	56.752	46.525								
2016/04/13 07:40:00		0.66634	97.901	25.0245	0.354167	1003.37	58.537	29.2636	93.755	28.1569	121.912	0.0	4634.17	47.7567	75.026	54.963	43.4925								
2016/04/13 07:45:00		0.67238	87.694	25.137	0.35625	1003.31	99.152	28.9911	100.033	26.8834	126.917	0.0	5131.9	44.1422	60.143	49.01	44.5492								
2016/04/13 07:50:00		1.11312	60.337	25.2359	0.355729	1003.41	112.022	28.7283	106.081	23.7442	129.825	0.0	5841.7	49.9176	64.411	49.74	42.3167								
2016/04/13 07:55:00		0.74688	63.101	25.325	0.35625	1003.62	100.559	28.692	117.882	27.0854	144.967	0.0	7419.2	52.278	58.755	46.4642	40.6783								
2016/04/13 08:00:00		1.22711	97.655	25.412	0.356771	1003.49	125.541	28.8574	118.99	39.5292	158.519	0.0	9285.4	55.986	65.897	49.2042	39.3375								
2016/04/13 08:05:00		0.82292	71.839	25.5604	0.357292	1003.62	109.601	29.0086	108.906	33.915	142.821	0.0	8497.9	58.429	62.787	49.4308	44.0808								
2016/04/13 08:10:00		0.374437	21.6146	25.6906	0.360417	1003.75	96.826	29.1377	116.33	31.2311	147.561	0.0	8376.9	51.286	71.598	53.987	44.1217								
2016/04/13 08:15:00		0.83415	60.514	25.7896	0.359896	1003.78	125.796	29.284	110.056	29.516	139.572	0.0	7473.1	56.579	77.232	52.769	37.9092								
2016/04/13 08:20:00		0.73164	110.1	25.824	0.363542	1003.82	172.266	29.3876	104.457	30.7997	135.257	0.0	6834.8	56.118	92.055	62.087	40.2167								
2016/04/13 08:25:00		0.61979	81.918	25.9427	0.360417	1004.07	173.192	29.4164	70.571	90.544	161.115	0.0	5794.2	47.7389	86.407	57.598	38.5667								
2016/04/13 08:30:00		0.67907	70.93	26.1255	0.364062	1003.99	144.543	29.4217	43.3602	116.229	159.589	0.0	4903.13	48.3104	80.337	53.637	37.6208								
2016/04/13 08:35:00		1.40133	71.938	26.2813	0.367188	1003.65	158.63	29.2324	34.007	100.79	134.797	0.0	4011.04	47.0496	85.444	57.006	40.265								
2016/04/13 08:40:00		1.18192	76.81	26.4	0.361979	1003.72	204.422	29.0284	68.822	84.389	153.211	0.0	4411.25	49.2033	90.314	60.21	43.2983								
2016/04/13 08:45:00		1.88046	63.823	26.4068	0.360938	1003.68	141.13	28.9267	77.754	71.804	149.558	0.0	4385.0	58.015	73.257	51.622	40.6908								
2016/04/13 08:50:00		1.33167	63.039	26.4073	0.367708	1003.71	238.882	29.0915	72.335	57.58	129.916	0.0	3974.38	61.915	74.666	50.781	37.5417								
2016/04/13 08:55:00		1.14564	71.398	26.4063	0.359896	1003.73	342.606	29.2773	69.468	47.0708	116.539	0.0	3877.5	62.54	69.446	48.8658	36.5433								
2016/04/13 09:00:00		1.50031	83.261	26.4146	0.367188	1003.69	401.465	29.4351	72.8	39.9229	112.723	0.0	3960.83	49.3247	92.451	61.65	40.5683								
2016/04/13 09:05:00		1.31017	109.631	26.5609	0.365625	1003.63	382.346	29.4829	77.32	36.9378	114.258	0.0	4082.71	48.2711	83.978	55.995	38.3158								
2016/04/13 09:10:00		1.67048	123.756	26.7917	0.361979	1003.59	397.359	29.3226	83.344	35.1063	118.45	0.0	4246.04	51.521	67.927	45.89	34.135								
2016/04/13 09:15:00		1.83391	95.212	27.0323	0.364062	1003.63	370.417	29.2281	85.724	31.3132	117.038	0.0	4221.88	51.9	68.848	45.9092	32.2233								
2016/04/13 09:20:00		1.35639	96.18	27.199	0.363542	1003.65	346.515	29.4185	99.392	31.1831	130.575	0.0	4295.42	48.1568	64.02	42.8258	30.7025								
2016/04/13 09:25:00		1.16536	90.248	27.3578	0.360417	1003.59	378.051	29.5992	104.531	29.5536	134.085	0.0	4205.63	47.5532	60.275	41.13	29.75								
2016/04/13 09:30:00		1.38456	88.284	27.4266	0.359375	1003.52	313.17	29.5892	100.802	28.7183	129.52	0.0	4069.38	43.8351	61.502	41.635	29.9617								
2016/04/13 09:35:00		1.46885	97.866	27.5042	0.365625	1003.5	286.861	29.5213	101.045	29.9987	131.044	0.0	4211.88	42.86	59.457	40.185	29.5467								
2016/04/13 09:40:00		1.10846	119.171	27.6026	0.364062	1003.43	325.026	29.4842	100.265	28.3965	128.662	0.0	4188.75	44.9994	64.642	43.2258	30.3708								
2016/04/13 09:45:00		0.80331	154.218	27.7016	0.364062	1003.35	334.491	29.6931	103.37	27.7119	131.082	0.0	4368.75	45.2244	58.718	39.4617	29.5383								
2016/04/13 09:50:00		0.72512	154.358	27.7099	0.360938	1003.38	350.16	29.8357	101.174	26.6712	127.846	0.0	4249.38	48.5318	55.777	38.3533	28.2017								
2016/04/13 09:55:00		0.372194	154.411	27.8469	0.361458	1003.36	493.93	29.7664	86.289	27.3593	113.649	0.0	3729.17	58.422	49.98	34.6033	27.4033								
2016/04/13 10:00:00		1.12144	131.687	28.0688	0.364583	1003.28	256.295	29.6609	76.463	28.7149	105.178	0.0	3602.71	48.3425	62.571	41.8942	29.6117								
2016/04/13 10:05:00		1.3142	126.027	28.2615	0.360938	1003.21	292.228	29.7286	73.988	29.4099	103.398	0.0	3926.67	46.2388	60.053	40.3217	29.4333								
2016/04/13 10:10:00		1.0655	92.919	28.3755	0.357812	1003.23	261.742	29.9509	74.877	29.8378	104.715	0.0	3831.25	46.2031	58.75	40.5	30.355								
2016/04/13 10:15:00		0.86324	96.876	28.3172	0.3625	1003.26	173.009	29.9675	80.25	30.6491	110.899	0.0	3717.92	40.7348	58.426	39.885	30.105								
2016/04/13 10:20:00		0.85039	145.452	28.2344	0.360938	1003.17	187.024	29.8872	72.498	28.2699	100.768	0.0	3268.13	57.054	49.175	35.0492	28.145								
2016/04/13 10:25:00		0.65748	98.119	28.1604	0.3625	1003.12	153.183	29.7675	63.373	27.705	91.078	0.0	2993.33	55.397	53.936	38.3275	30.9617								
2016/04/13 10:30:00		0.84043	88.486	28.1005	0.364062	1003.09	172.842	29.8121	59.469	31.4228	90.892	0.0	3098.13	45.628	66.198	45.0425	33.4442								
2016/04/13 10:35:00		0.59675	113.342	28.15	0.361979	1003.01	283.084	30.0352	58.833	30.9024	89.735	0.0	3044.58	43.9351	68.891	46.6417	34.3								
2016/04/13 10:40:00		0.63729	108.768	28.2948	0.360417	1002.83	290.055	30.0384	63.192	34.6304	97.823	0.0	3553.96	39.4776	65.881	44.7383	35.22								
2016/04/13 10:45:00		1.26509	131.27	28.4052	0.364062	1002.68	489.606	29.9514	64.584	40.6486	105.232	0.0	3854.58	39.1276	77.459	51.832	37.5958								
2016/04/13 10:50:00		0.89685	115.216	28.725	0.360938	1002.68	448.117	29.8784	68.485	38.9952	107.48	0.0	4012.92	41.5028	74.439	50.217	38.8183								
2016/04/13 10:55:00		0.55979	313.925	28.9776	0.358333	1002.78	263.907	30.0432	66.817	38.9165	105.733	0.0	3755.21	65.687	62.497	44.8817	37.3								
2016/04/13 11:00:00		1.22812	306.575	28.9068	0.359896	1002.78	374.515	30.2277	55.865	36.3455	92.21	0.0	3156.04	83.977	66.713	46.5358	37.8692								
2016/04/13 11:05:00		0.85036	23.7499	28.8276	0.359896	1002.68	345.341	30.2108	43.847	37.0507	80.898	0.0	2752.29	85.499	71.523	49.58	39.2292								
2016/04/13 11:10:00		0.74326	31.1694	28.8078	0.360938	1002.47	491.728	30.1444	37.0443	38.7453	75.79	0.0	2482.71	83.759	64.808	47.6217	40.4517								
2016/04/13 11:15:00		0.82522	53.749	28.8849	0.358333	1002.29	339.041	30.0814	30.8401	39.8955	70.736	0.0	2228.54	84.441	57.029	44.66	38.9642								
2016/04/13 11:20:00		1.05321	319.503	28.9021	0.360938	1002.21	370.132	30.3243	24.953	38.1907	63.144	0.0	2065.63	88.063	60.406	46.33	40.4425								
2016/04/13 11:25:00		0.66437	23.3249	28.9828	0.359896	1002.24	363.577	30.4266	20.4998	37.7388	58.239	0.0	1859.17	85.631	64.356	46.64	39.8908								
2016/04/13 11:30:00		0.368441	46.1489	29.1302	0.357812	1002.23	555.25	30.4188	16.5155	38.1359	54.651	0.0	1741.67	100.382	66.38	47.505	39.7392								
2016/04/13 11:35:00		0.488537	357.426	29.3745	0.359896	1002.24	415.924	30.4481	16.5445	39.6354	56.18	0.0	1778.13	79.359	64.223	46.3383	39.8758								
2016/04/13 11:40:00		1.29782	313.473	29.6271	0.361979	1002.18	413.926	30.5066	14.4385	37.3417	51.78	0.0	1668.96	97.828	59.958	46.5642	40.425								
2016/04/13 11:45:00		0.80776	24.7283	29.6276	0.359896	1002.06	411.593	30.5552	12.3637	36.1744	48.5381	0.0	1571.88	102.282	64.634	47.1942	40.5967								
2016/04/13 11:50:00		0.91963	58.779	29.7104	0.363542	1001.94	435.261	30.5821	10.4096	36.3592	46.7688	0.0	1588.96	101.703	64.981	46.9367	40.5408								
2016/04/13 11:55:00		0.86885	46.85	29.7208	0.363542	1001.83	483.766	30.5931	9.1321	37.7902	46.9223	0.0	1527.5	110.65	60.951	46.0375	40.7225								
2016/04/13 12:00:00		0.59733	286.278	29.7208	0.364062	1001.74	417.958	30.5885	8.8328	34.5859	43.4188	0.0	1438.75	114.233	60.018	46.6042	41.6942								
2016/04/13 12:05:00		0.65384	89.596	29.7896	0.363542	1001.63	430.587	30.6006	9.5363	35.3117	44.848	0.0	1492.92	93.699	75.132	52.162	42.8658								
2016/04/13 12:10:00		0.68917	45.3044	29.9151	0.358333	1001.56	376.928	30.6124	19.124	39.1937	58.318	0.047667	1634.79	106.396	64.11	47.6242	41.9717								
2016/04/13 12:15:00		0.65016	5.3105	29.8438	0.3625	1001.5	567.14	30.6285	16.2341	38.3071	54.541	0.0286	1505.21	131.055	59.416	47.0167	42.39								
2016/04/13 12:20:00		0.69762	24.9866	29.9349	0.364062	1001.38	508.89	30.6604	13.4201	40.0256	53.446	0.0	1578.33	94.753	66.972	49.8783	42.8783								
2016/04/13 12:25:00		1.39994	58.281	30.0573	0.363021	1001.3	451.179	30.7104	11.8434	39.5806	51.424	0.0	1494.79	108.039	64.976	49.0792	42.5208								
2016/04/13 12:30:00		0.395077	55.361	30.1703	0.363021	1001.29	384.264	30.7646	13.228	41.1108	54.339	0.0	1572.71	89.249	73.117	51.698	42.4767								
2016/04/13 12:35:00		0.0	502.0	30.2807	0.361979	1001.25	377.65	30.8178	12.3526	41.6654	54.018	0.0	1458.13	132.362	65.057	47.0117	41.4867								
2016/04/13 12:40:00		0.63368	73.371	30.4354	0.363021	1001.13	324.873	30.8631	12.2967	41.5456	53.842	0.0	1462.5	93.146	77.647	50.585	42.6467								
2016/04/13 12:45:00		0.55196	112.17	30.6187	0.361979	1001.01	273.321	30.9096	10.3091	41.2272	51.536	0.0	1532.29	94.785	77.702	49.6783	41.84								
2016/04/13 12:50:00		1.18225	114.735	30.7437	0.361458	1001.11	245.066	30.9378	9.8155	44.9963	54.812	0.019067	1570.0	83.866	78.642	50.805	41.3767								
2016/04/13 12:55:00		0.97611	73.129	30.7786	0.360417	1001.33	217.591	31.0763	13.8511	77.984	91.835	0.0	2052.5	52.45	79.023	51.117	42.0833								
2016/04/13 13:00:00		1.05612	127.09	30.7302	0.361979	1000.78	223.475	31.1847	9.8267	97.538	107.364	0.023833	2617.71	60.975	80.95	53.087	42.7117								
2016/04/13 13:05:00		1.20026	132.356	30.7292	0.360417	1000.64	234.609	31.2237	8.9088	89.359	98.268	0.081033	2599.58	67.122	85.203	52.235	42.6333								
2016/04/13 13:10:00		1.19521	128.546	30.7318	0.364062	1000.58	246.407	31.2376	12.1806	79.569	91.749	0.143	2557.92	57.532	94.409	55.533	43.5292								
2016/04/13 13:15:00		1.0666	123.393	30.726	0.358854	1000.44	249.244	31.2328	16.6406	74.303	90.944	0.1573	2625.42	55.829	86.33	54.937	43.3817								
2016/04/13 13:20:00		0.99003	139.33	30.7255	0.361458	1000.32	277.419	31.225	19.095	69.634	88.729	0.166833	2637.92	54.354	86.882	53.865	44.0517								
2016/04/13 13:25:00		0.78114	130.609	30.8255	0.359375	1000.26	272.125	31.2062	26.6392	67.631	94.271	0.123933	2663.13	55.457	93.654	55.134	43.9742								
2016/04/13 13:30:00		0.95432	103.793	30.8271	0.359375	1000.18	304.741	31.1896	24.9731	62.185	87.158	0.0	2730.83	103.193	73.522	51.729	43.2075								
2016/04/13 13:35:00		1.10337	102.538	30.8245	0.360417	1000.12	299.833	31.1759	22.6036	59.806	82.409	0.0	2787.92	74.212	91.111	56.674	44.9108								
2016/04/13 13:40:00		0.97419	151.441	30.8234	0.361979	1000.11	233.851	31.1735	25.221	58.631	83.852	0.033367	2794.17	89.138	82.493	50.304	43.0625								
2016/04/13 13:45:00		1.13421	131.736	30.8234	0.3625	1000.07	185.427	31.1627	20.8906	56.375	77.266	0.0	2762.92	94.892	81.883	54.703	44.67								
2016/04/13 13:50:00		1.26352	163.351	30.8276	0.357812	999.97	188.964	31.1512	18.5277	58.262	76.789	0.0	2788.75	81.488	85.045	54.264	44.4492								
2016/04/13 13:55:00		1.08654	154.728	30.8271	0.359896	999.89	207.63	31.134	24.1557	59.443	83.598	0.0	2844.58	55.893	97.513	57.157	45.4375								
2016/04/13 14:00:00		0.49571	50.369	30.8224	0.359896	999.73	229.877	31.119	26.1166	59.056	85.173	0.0	2869.38	94.703	81.113	53.202	44.9483								
2016/04/13 14:05:00		0.87404	145.289	30.763	0.357812	999.6	241.318	31.0988	24.8682	58.217	83.085	0.033367	2980.83	83.848	83.051	55.445	46.3183								
2016/04/13 14:10:00		0.95403	147.39	30.7245	0.357292	999.61	252.109	31.0921	19.9638	62.51	82.474	0.004767	2575.21	102.014	73.112	52.284	45.0658								
2016/04/13 14:15:00		1.29469	143.195	30.8224	0.358854	999.41	284.193	31.0811	14.8919	65.865	80.757	0.0	2443.54	79.659	79.701	54.15	45.27								
2016/04/13 14:20:00		0.78549	106.95	30.9188	0.361458	999.35	307.796	31.072	23.3004	68.833	92.133	0.019067	2675.0	61.311	90.657	57.501	47.0633								
2016/04/13 14:25:00		0.81135	162.225	30.9901	0.356771	999.25	317.596	31.0607	27.4946	66.734	94.229	0.0	2774.58	84.431	81.5	55.417	45.7116								
2016/04/13 14:30:00		0.60265	124.084	31.0589	0.358333	999.24	293.511	31.047	23.986	64.745	88.731	0.0	2852.08	91.449	83.87	56.568	46.8083								
2016/04/13 14:35:00		0.75166	78.511	31.1547	0.355729	999.34	220.201	31.0513	27.9904	65.66	93.65	0.0	2865.63	75.137	88.413	57.733	47.1192								
2016/04/13 14:40:00		0.484476	117.491	31.1922	0.356771	999.33	225.349	31.0621	23.948	64.612	88.56	0.004767	2963.33	92.631	93.0	59.041	47.7075								
2016/04/13 14:45:00		1.00239	127.714	31.1948	0.359896	999.31	195.752	31.0763	20.8526	62.192	83.044	0.0	2863.54	88.913	92.923	58.209	47.0808								
2016/04/13 14:50:00		1.24132	123.846	31.2089	0.355208	999.28	163.946	31.0765	27.4633	65.338	92.801	0.0	3042.5	64.372	88.836	57.808	47.7425								
2016/04/13 14:55:00		0.64956	125.6	31.2641	0.359896	999.25	157.019	31.0771	22.2864	60.963	83.249	0.0	2754.17	118.947	83.893	56.326	47.3033								
2016/04/13 15:00:00		0.79118	123.534	31.1979	0.354167	999.14	143.814	31.0747	19.8744	59.912	79.786	0.052433	2925.0	77.844	105.257	62.552	48.9142								
2016/04/13 15:05:00		1.22601	132.267	31.1792	0.357812	999.03	155.283	31.0698	17.6031	60.97	78.573	0.052433	2771.67	98.335	83.118	56.037	46.8767								
2016/04/13 15:10:00		0.0	502.0	31.0646	0.364583	998.99	155.488	31.0527	15.1599	59.997	75.157	0.0	2758.33	104.082	83.136	57.213	47.0183								
2016/04/13 15:15:00		0.78434	68.307	30.9776	0.363542	998.82	174.497	31.0242	15.8589	61.777	77.636	0.0	2870.21	98.464	85.857	59.487	48.53								
2016/04/13 15:20:00		1.03858	96.619	30.9052	0.35625	998.82	165.747	30.9891	14.6551	60.148	74.803	0.047667	2757.92	94.674	111.248	65.878	49.8967								
2016/04/13 15:25:00		1.14787	104.676	30.9464	0.359375	998.77	169.692	30.9512	13.3955	61.617	75.012	0.019067	2842.71	69.801	98.766	60.086	48.9558								
2016/04/13 15:30:00		1.23482	119.703	30.9906	0.359375	998.71	171.981	30.9209	13.3933	58.69	72.083	0.047667	2813.54	107.629	100.082	60.277	49.03								
2016/04/13 15:35:00		1.55161	98.955	30.9958	0.354167	998.72	169.203	30.8849	14.0075	58.96	72.968	0.033367	3114.79	65.672	103.913	61.932	49.4783								
2016/04/13 15:40:00		1.50316	110.062	31.0526	0.35625	998.69	160.329	30.8476	20.7008	61.124	81.824	0.0	3219.17	62.593	95.177	58.642	48.2883								
2016/04/13 15:45:00		1.92743	102.907	31.1016	0.361979	998.57	164.31	30.822	21.4512	62.188	83.639	0.2431	3285.63	61.722	90.376	58.478	47.8608								
2016/04/13 15:50:00		2.28221	93.173	31.0859	0.361979	998.48	178.58	30.8049	34.0717	63.113	97.184	0.119167	3400.42	53.507	102.327	58.63	46.7967								
2016/04/13 15:55:00		2.17979	94.274	30.9943	0.360938	998.41	154.197	30.7794	40.3027	63.585	103.888	0.066733	3605.83	51.378	116.744	60.321	47.0208								
2016/04/13 16:00:00		2.15421	91.652	30.9943	0.360938	998.29	161.992	30.76	58.009	63.239	121.248	0.023833	3890.63	55.664	91.99	55.313	45.6233								
2016/04/13 16:05:00		1.56182	92.219	30.9958	0.357812	998.33	178.894	30.7568	62.482	62.014	124.496	0.276467	3978.75	52.193	123.31	60.33	46.3917								
2016/04/13 16:10:00		1.74629	86.398	30.9922	0.358333	998.86	111.132	30.807	57.747	100.896	158.643	0.1716	3753.33	44.4565	94.892	55.535	45.4733								
2016/04/13 16:15:00		1.48372	137.165	30.9531	0.353646	999.12	74.966	30.9464	36.4257	124.647	161.073	0.0	4542.92	43.4851	95.897	58.214	46.4725								
2016/04/13 16:20:00		1.20741	122.102	30.8823	0.359375	999.09	66.886	31.0929	31.4788	123.897	155.376	0.0	3966.46	38.9419	87.623	58.803	47.1683								
2016/04/13 16:25:00		1.54105	132.222	30.8047	0.35625	999.07	59.719	31.2465	33.1583	130.977	164.135	0.0	5221.7	35.9631	86.698	58.375	47.0883								
2016/04/13 16:30:00		1.21204	123.943	30.7109	0.357292	998.68	54.906	31.3174	17.4624	116.558	134.02	0.0	4129.79	48.6282	85.327	58.002	46.7492								
2016/04/13 16:35:00		1.18686	124.581	30.6292	0.360938	998.71	48.7302	31.3153	16.0733	107.999	124.073	0.0	4232.71	49.8855	93.171	62.499	48.5217								
2016/04/13 16:40:00		1.12528	127.625	30.5219	0.357292	998.66	52.464	31.2755	16.8617	95.576	112.438	0.0	4230.21	51.136	87.468	58.63	47.8258								
2016/04/13 16:45:00		1.00652	109.734	30.4656	0.360938	998.64	52.135	31.2215	20.0933	86.874	106.967	0.0	4182.92	44.2494	94.623	63.235	48.2467								
2016/04/13 16:50:00		1.25595	132.032	30.4198	0.358333	998.58	49.7219	31.1694	18.1146	85.309	103.424	0.0	4334.58	60.143	90.193	61.247	48.88								
2016/04/13 16:55:00		1.09209	139.496	30.3177	0.358854	998.6	47.6	31.1013	15.7874	74.903	90.69	0.0	4242.5	74.884	96.65	64.534	50.45								
2016/04/13 17:00:00		1.33236	138.786	30.2313	0.355208	998.6	46.5573	31.0358	15.1956	69.032	84.227	0.0	4055.42	59.575	91.804	61.92	49.535								
2016/04/13 17:05:00		1.5733	131.327	30.1766	0.35625	998.55	46.1271	30.9595	108.558	55.968	164.526	0.0	4516.88	45.7459	95.592	64.305	50.302								
2016/04/13 17:10:00		1.72524	141.348	30.124	0.361979	998.57	45.2448	30.8822	213.194	49.2344	262.428	0.0	5279.0	43.3886	104.398	69.777	54.083								
2016/04/13 17:15:00		2.13048	133.776	30.1286	0.359375	998.62	45.325	30.8145	192.732	52.045	244.777	0.0	5789.0	50.025	96.226	64.408	51.787								
2016/04/13 17:20:00		1.71195	139.165	30.087	0.358854	998.71	44.151	30.7461	182.186	51.319	233.506	0.0	5914.2	48.5425	93.649	62.966	52.116								
2016/04/13 17:25:00		1.59404	139.64	30.0167	0.360417	998.75	39.6448	30.6784	164.44	53.493	217.933	0.0	6057.3	51.828	97.016	65.365	51.682								
2016/04/13 17:30:00		2.03355	138.818	29.9641	0.361458	998.84	35.124	30.6167	135.554	52.63	188.185	0.0	5673.1	69.569	89.127	60.585	50.067								
2016/04/13 17:35:00		1.88054	142.591	29.8984	0.361979	998.82	30.3406	30.5036	115.3	55.099	170.399	0.0	5415.0	61.79	96.983	64.698	50.56								
2016/04/13 17:40:00		2.04767	144.467	29.8177	0.361458	998.85	24.8865	30.1423	135.324	50.997	186.322	0.0	5434.4	56.036	91.983	61.953	50.882								
2016/04/13 17:45:00		2.82995	139.859	29.7406	0.357292	998.92	21.0875	29.7178	127.32	49.2447	176.565	0.0	5028.3	68.405	89.969	62.324	51.068								
2016/04/13 17:50:00		2.39319	144.679	29.6464	0.361458	998.99	17.9375	29.4233	109.049	49.2789	158.328	0.1287	4650.83	74.723	95.501	64.942	52.604								
2016/04/13 17:55:00		2.75588	146.392	29.5292	0.357292	999.02	13.4385	29.3267	98.175	49.1933	147.368	0.190667	4499.79	82.805	89.993	62.99	52.432								
2016/04/13 18:00:00		2.79523	148.68	29.4115	0.358854	999.17	9.2896	29.2687	82.56	48.3409	130.901	0.247867	4160.21	104.661	82.667	57.558	49.78								
2016/04/13 18:05:00		1.80248	143.599	29.2922	0.358854	999.27	5.5854	29.2015	72.443	49.3884	121.831	0.209733	4097.92	93.32	92.233	62.432	50.712								
2016/04/13 18:10:00		1.64726	159.716	29.213	0.358854	999.31	2.29688	29.1291	65.106	50.515	115.621	0.076267	4162.71	91.263	97.327	66.122	53.568								
2016/04/13 18:15:00		1.94901	158.901	29.1318	0.35625	999.48	1.10833	29.0507	65.524	49.6452	115.169	0.004767	4203.13	83.952	101.028	68.5	55.262								
2016/04/13 18:20:00		1.26336	171.516	29.062	0.359896	999.6	1.13021	29.0064	62.448	48.6661	111.115	0.004767	4064.17	95.949	96.305	67.516	55.895								
2016/04/13 18:25:00		1.33066	150.502	28.9526	0.360938	999.6	1.18125	28.9054	58.442	46.4409	104.883	0.138233	4060.42	94.406	101.312	69.004	55.727								
2016/04/13 18:30:00		1.40053	143.783	28.9005	0.359375	999.57	1.1375	28.8184	58.442	47.735	106.177	0.0429	4307.92	89.106	104.822	70.738	56.257								
2016/04/13 18:35:00		1.27982	140.598	28.8115	0.361458	999.5	1.10104	28.7554	55.941	45.6159	101.556	0.162067	4298.75	95.146	104.547	71.143	57.666								
2016/04/13 18:40:00		1.33275	134.749	28.7578	0.363021	999.48	1.10104	28.9108	59.746	44.4109	104.157	0.166833	4183.75	99.51	107.02	72.529	59.141								
2016/04/13 18:45:00		1.49033	128.512	28.7109	0.3625	999.36	1.10833	28.9879	67.415	45.3626	112.778	0.0429	4186.88	86.224	105.463	72.082	58.463								
2016/04/13 18:50:00		1.61283	145.128	28.6167	0.360417	999.47	1.14479	28.9304	69.421	44.8388	114.26	0.047667	4151.25	79.427	104.445	71.427	57.67								
2016/04/13 18:55:00		1.28822	136.273	28.6115	0.3625	999.65	1.14479	28.8316	70.263	44.3219	114.585	0.0143	4081.25	77.562	100.037	69.367	55.385								
2016/04/13 19:00:00		2.1401	142.322	28.5047	0.361979	999.71	1.20313	28.7913	61.51	42.7369	104.247	0.009533	3861.25	91.656	99.68	68.25	54.233								
2016/04/13 19:05:00		1.74873	142.48	28.4839	0.358854	999.82	1.14479	28.9532	58.335	43.0176	101.352	0.0	3791.88	88.163	95.0	66.118	52.937								
2016/04/13 19:10:00		1.88663	137.01	28.4047	0.360417	1000.02	1.1375	28.9495	55.554	42.5452	98.099	0.0143	3728.96	78.03	99.042	68.127	53.805								
2016/04/13 19:15:00		3.04832	130.556	28.4005	0.364583	1000.12	1.13021	28.9143	52.557	41.9187	94.476	0.238333	3579.58	82.802	84.16	58.762	48.9967								
2016/04/13 19:20:00		2.61259	139.327	28.3021	0.364062	1000.05	1.1375	28.9052	48.9055	40.3748	89.28	0.038133	3408.96	83.438	74.59	53.045	44.2								
2016/04/13 19:25:00		2.85245	138.906	28.1854	0.363542	1000.05	1.16667	29.0732	50.936	39.2211	90.157	0.081033	3368.96	81.984	69.26	47.8	40.1517								
2016/04/13 19:30:00		2.92659	143.497	28.0479	0.358854	1000.24	1.15937	29.0749	46.1496	37.2733	83.423	0.147767	3034.58	82.366	74.908	50.578	41.0983								
2016/04/13 19:35:00		3.00357	125.445	27.9078	0.356771	1000.37	1.12292	29.0169	48.0859	35.5171	83.603	0.286	2854.79	69.612	67.02	46.0175	36.7775								
2016/04/13 19:40:00		2.03943	135.191	27.787	0.363542	1000.35	1.10104	29.1186	46.1183	35.4486	81.567	0.061967	2843.33	65.415	72.235	49.0417	38.455								
2016/04/13 19:45:00		2.53694	135.003	27.6891	0.365625	1000.37	1.08646	29.135	45.3233	33.9663	79.29	0.119167	2652.92	69.255	66.948	45.8575	36.8817								
2016/04/13 19:50:00		2.20106	127.379	27.6036	0.361979	1000.43	1.10104	29.0776	47.6258	32.9051	80.531	0.0429	2588.96	62.365	71.355	48.0425	38.1275								
2016/04/13 19:55:00		2.56349	140.801	27.5052	0.358333	1000.42	1.06458	29.0966	57.343	31.0976	88.441	0.2574	2596.88	55.543	72.524	48.8333	38.485								
2016/04/13 20:00:00		2.17123	143.476	27.4484	0.356771	1000.42	1.09375	29.2099	55.427	31.7275	87.154	0.1287	2438.54	68.419	70.986	48.7483	39.365								
2016/04/13 20:05:00		2.92491	137.226	27.3443	0.361979	1000.52	1.15937	29.1369	55.009	31.1592	86.168	0.0	2304.38	58.925	81.369	54.617	41.4542								
2016/04/13 20:10:00		2.12479	136.935	27.2823	0.359896	1000.62	1.07917	29.1159	53.964	29.7864	83.75	0.081033	2175.21	63.554	75.866	51.234	39.9683								
2016/04/13 20:15:00		2.46357	131.757	27.1896	0.360417	1000.63	1.01354	29.1822	48.7001	28.8553	77.555	0.1001	2002.5	67.022	70.75	47.8742	38.1258								
2016/04/13 20:20:00		2.79394	131.037	27.1005	0.364062	1000.65	1.06458	29.109	45.2741	29.0538	74.328	0.1144	1882.71	67.747	63.202	44.3408	36.8225								
2016/04/13 20:25:00		1.70473	143.654	26.9984	0.363542	1000.75	1.07187	28.9484	40.5707	28.3418	68.913	0.1859	1772.29	72.055	60.533	43.8608	36.3208								
2016/04/13 20:30:00		2.16796	157.967	26.9323	0.360417	1001.08	1.11563	28.9664	38.1208	29.3551	67.476	0.2288	1918.54	64.676	67.726	47.0342	37.9217								
2016/04/13 20:35:00		3.06437	147.27	26.8974	0.358333	1001.0	1.17396	29.0907	38.0381	28.1501	66.188	0.090567	1851.88	71.673	65.438	44.9117	36.8067								
2016/04/13 20:40:00		3.40377	147.922	26.824	0.359896	1000.95	1.12292	29.0523	34.4067	28.5266	62.933	0.023833	1668.75	79.155	61.066	42.3667	34.8958								
2016/04/13 20:45:00		3.30039	142.983	26.7052	0.363542	1001.05	1.12292	28.935	31.4476	26.2638	57.711	0.138233	1520.63	79.187	89.817	61.817	36.0375								
2016/04/13 20:50:00		2.42495	151.16	26.5984	0.359375	1001.12	1.15937	28.9997	30.7485	26.2844	57.033	0.1287	1433.96	69.915	82.416	55.731	37.4167								
2016/04/13 20:55:00		3.57895	141.756	26.5797	0.354688	1001.21	1.08646	29.0394	29.6944	26.0618	55.756	0.004767	1330.0	84.095	57.272	41.0717	34.5208								
2016/04/13 21:00:00		2.97672	147.798	26.4901	0.358333	1001.32	1.07917	28.935	29.4242	26.079	55.503	0.2717	1243.75	79.977	56.648	40.7558	33.365								
2016/04/13 21:05:00		3.27117	147.928	26.4896	0.357812	1001.4	1.09375	28.8539	27.9077	25.117	53.025	0.038133	1253.75	76.602	52.32	37.86	32.3675								
2016/04/13 21:10:00		2.74944	131.795	26.4917	0.359896	1001.47	1.15937	29.0069	27.0233	24.7678	51.791	0.0	1188.33	86.856	45.61	36.675	31.1183								
2016/04/13 21:15:00		2.85739	140.858	26.4896	0.360417	1001.59	1.1375	29.0679	26.9184	25.2265	52.145	0.0	1177.71	70.798	55.232	39.1583	31.7142								
2016/04/13 21:20:00		2.86066	144.201	26.4891	0.363021	1001.63	1.07917	28.99	28.9663	24.3604	53.327	0.033367	1134.17	75.469	56.407	39.8442	31.6008								
2016/04/13 21:25:00		3.07179	151.596	26.4927	0.359896	1001.56	1.07917	29.0018	26.3422	22.5495	48.8917	0.004767	1120.42	86.716	52.099	38.815	31.8283								
2016/04/13 21:30:00		3.29129	138.893	26.4651	0.361979	1001.56	1.09375	29.1339	23.7582	21.8272	45.5854	0.0	1055.63	89.174	52.433	37.9233	31.5492								
2016/04/13 21:35:00		2.65658	131.243	26.4063	0.358333	1001.74	1.09375	29.0781	23.6979	23.7648	47.4627	0.0	1041.46	72.016	60.675	41.9383	32.185								
2016/04/13 21:40:00		2.27979	130.092	26.4057	0.364062	1001.9	1.07917	28.99	24.0865	23.4293	47.5158	0.0	1076.25	75.955	59.544	40.4517	31.5225								
2016/04/13 21:45:00		2.93447	131.225	26.4094	0.359375	1001.92	1.1375	29.1017	23.6666	23.8469	47.5136	0.0	1068.96	75.462	53.607	38.4	31.0308								
2016/04/13 21:50:00		2.28163	133.672	26.4667	0.358854	1001.96	1.08646	29.1342	22.2351	23.8127	46.0478	0.0	1137.71	76.766	52.085	37.365	30.9892								
2016/04/13 21:55:00		2.41072	128.855	26.4927	0.361458	1002.02	1.09375	29.0563	23.7158	24.001	47.7168	0.0	1119.17	63.99	54.597	38.0608	31.2125								
2016/04/13 22:00:00		2.13816	137.804	26.4922	0.364583	1002.09	1.09375	29.1057	26.9831	26.1885	53.172	0.0	1133.33	65.076	52.498	37.8125	31.4475								
2016/04/13 22:05:00		2.94175	136.527	26.4948	0.361458	1002.01	1.12292	29.2287	27.8608	25.8051	53.666	0.0	1147.71	60.658	51.402	37.955	31.7867								
2016/04/13 22:10:00		3.09198	135.482	26.4911	0.364062	1002.03	1.07187	29.1701	28.2115	27.0614	55.273	0.0	1054.17	69.372	50.269	37.0267	32.0292								
2016/04/13 22:15:00		1.31423	126.904	26.4146	0.357812	1002.17	1.07917	29.1218	26.168	25.6168	51.785	0.0	1041.67	69.326	52.607	39.3317	32.8717								
2016/04/13 22:20:00		1.50925	137.006	26.4063	0.359896	1002.35	1.07187	29.2281	25.288	25.2984	50.586	0.0	1072.08	68.68	58.425	40.9533	32.37								
2016/04/13 22:25:00		2.47608	144.079	26.4063	0.361979	1002.34	1.15937	29.1932	29.3505	26.8424	56.193	0.0	1193.75	54.421	55.625	39.385	31.3983								
2016/04/13 22:30:00		3.12004	143.699	26.4063	0.361979	1002.22	1.10833	29.1368	27.3606	24.5967	51.957	0.0	1074.38	83.791	48.8983	36.6558	30.4508								
2016/04/13 22:35:00		3.0003	135.442	26.3771	0.361458	1002.25	1.10833	29.2808	25.8687	24.7438	50.613	0.0	1020.0	79.084	55.545	38.795	30.7583								
2016/04/13 22:40:00		2.51042	139.795	26.326	0.365104	1002.14	1.14479	29.2708	22.3557	22.6693	45.025	0.0	904.58	94.056	48.1608	35.2008	29.4783								
2016/04/13 22:45:00		2.46195	136.316	26.3255	0.363021	1002.05	1.14479	29.1578	20.3613	23.1725	43.5338	0.0	888.33	79.266	54.382	37.6975	30.2625								
2016/04/13 22:50:00		2.03008	140.939	26.3198	0.366146	1002.01	1.08646	29.2797	18.6796	22.6727	41.3523	0.0	880.21	76.069	62.138	42.7408	32.5867								
2016/04/13 22:55:00		2.75861	134.364	26.2505	0.363542	1001.89	1.11563	29.2225	19.9392	25.0656	45.0048	0.0	839.17	79.312	60.616	43.4758	34.49								
2016/04/13 23:00:00		2.30911	137.431	26.2229	0.3625	1001.85	1.07187	29.1578	18.8337	21.9436	40.7773	0.0	749.58	78.805	67.21	46.0408	35.2525								
2016/04/13 23:05:00		2.44508	125.291	26.2208	0.364583	1001.95	1.09375	29.2784	16.951	23.0493	40.0003	0.0	720.42	76.298	67.768	46.2858	35.2183								
2016/04/13 23:10:00		2.40648	143.666	26.2234	0.360938	1002.0	1.07917	29.2461	17.621	23.1725	40.7935	0.0	753.13	69.876	63.072	43.9258	33.735								
2016/04/13 23:15:00		2.04827	153.346	26.2198	0.360938	1002.01	1.09375	29.1168	16.051	22.4468	38.4978	0.0	753.13	83.684	61.03	42.79	33.0225								
2016/04/13 23:20:00		2.444	137.666	26.1323	0.364583	1001.99	1.07187	29.1814	14.4296	22.796	37.2255	0.0	729.58	86.452	56.564	40.37	31.5967								
2016/04/13 23:25:00		1.60649	137.041	26.1245	0.363021	1002.04	1.04271	29.2719	13.6568	21.0775	34.7343	0.0	685.83	91.628	46.8917	36.0167	30.5								
2016/04/13 23:30:00		1.75467	124.91	26.0187	0.366667	1002.07	1.09375	29.1946	12.3146	20.047	32.3616	0.0	626.46	95.946	42.8158	33.8725	29.1275								
2016/04/13 23:35:00		2.10417	141.745	26.0193	0.359896	1002.07	1.11563	29.0894	10.7513	20.0128	30.7641	0.0	564.17	95.996	41.6425	34.0675	29.2075								
2016/04/13 23:40:00		1.8933	137.67	26.0193	0.363542	1002.06	1.10833	28.8163	9.0964	19.578	28.6744	0.0	553.54	95.742	41.9883	34.265	29.71								
2016/04/13 23:45:00		1.21086	99.864	26.0198	0.360938	1002.07	1.02083	28.5401	8.5246	19.0543	27.5789	0.038133	554.38	104.621	53.092	38.9417	31.2133								
2016/04/13 23:50:00		1.45835	122.823	26.0203	0.360417	1002.14	1.04271	28.3433	9.4448	20.386	29.8307	0.0	531.67	104.718	49.9708	38.0625	31.795								
2016/04/13 23:55:00		1.56298	120.365	26.0198	0.358854	1002.15	1.03542	28.2246	8.2544	19.222	27.4764	0.1573	528.13	138.834	46.035	36.1675	30.9575								
2016/04/14 00:00:00		1.46541	123.748	25.9344	0.361979	1002.09	1.07187	28.1677	8.0154	17.8732	25.8887	0.286	487.917	152.607	47.6592	37.6708	31.3592								
