-- 1st mean values --
Format: XTAB(V:1;HEAD:2;COL:TCFFFFFFFFFFFFFFFFFFFFFFFF)
StartTime: 2016/01/11 00:00:00
EndTime: 2016/01/12 00:00:00
Period: 24 h
Station: Gia Lam

Time	MeasPt	Wind Spd.	Wind Dir.	Temp	RH	Barometer	Radiation	InnerTemp	NO	NO2	NOx	SO2	CO	O3	PM-10	PM-2.5	PM-1	CH4	NMHC	THC	BENZEN	TOLUEN	ETHYL BENZEN	MP-XYLEN	O-XYLEN
		m/s	degree	°C	%	hPa	W/m²	°C	µg/m3	µg/m3	µg/m3	µg/m3	µg/m3	µg/m3	µg/m3	µg/m3	µg/m3	ppm	ppmC	ppmC	ug/m3	ug/m3	ug/m3	ug/m3	ug/m3
2016/01/11 00:05:00		2.67717	143.486	23.5073	0.352604	1012.03	1.13021	27.0595	10.653	15.3502	26.0032	12.012	175.0	156.721	5.095	3.595	2.375								
2016/01/11 00:10:00		2.41117	142.053	23.5068	0.354167	1012.03	1.02083	27.1301	10.8093	15.7542	26.5635	12.012	138.75	136.902	4.42	3.02333	1.94								
2016/01/11 00:15:00		2.5204	138.834	23.5099	0.354167	1011.97	1.10833	27.1008	10.8853	17.5035	28.3888	12.012	140.833	131.498	4.26167	3.255	2.03833								
2016/01/11 00:20:00		3.18642	140.301	23.5073	0.356771	1011.95	1.05	27.0025	9.6971	15.1106	24.8077	12.012	129.375	150.424	1.68	1.22	0.765								
2016/01/11 00:25:00		2.90275	143.404	23.513	0.352604	1011.93	1.07917	26.8186	8.5135	15.9493	24.4628	12.012	113.125	172.869	0.625	0.416667	0.265								
2016/01/11 00:30:00		2.58677	144.533	23.5094	0.354688	1011.91	1.05729	26.803	8.5626	14.0425	22.6051	12.012	104.583	184.93	1.34167	0.895	0.53667								
2016/01/11 00:35:00		3.03432	142.618	23.449	0.354167	1011.88	1.04271	26.9257	8.7993	14.2205	23.0199	12.012	81.458	173.469	4.12	2.88	1.945								
2016/01/11 00:40:00		2.91891	145.252	23.4156	0.353646	1011.86	1.02083	26.9633	8.7189	14.4533	23.1722	12.012	78.75	147.992	5.805	3.86833	2.24								
2016/01/11 00:45:00		3.30345	143.037	23.4141	0.352604	1011.77	1.11563	26.9085	8.1986	13.7789	21.9775	12.012	65.833	154.303	7.68	5.115	2.665								
2016/01/11 00:50:00		2.83437	133.849	23.4146	0.351563	1011.74	1.07187	26.7733	7.705	13.4537	21.1587	12.012	51.667	170.026	5.4017	3.60333	2.16667								
2016/01/11 00:55:00		2.83206	146.862	23.4125	0.355729	1011.74	1.09375	26.6777	7.3521	12.7006	20.0527	12.0787	33.3333	6.2647	6.2	4.135	2.33								
2016/01/11 01:00:00		2.80993	149.598	23.4109	0.353646	1011.65	1.09375	26.7813	6.9903	13.2757	20.266	12.012	9.7917	2.3073	6.18	4.125	2.33								
2016/01/11 01:05:00		3.62355	146.41	23.3948	0.354688	1011.6	1.04271	26.868	7.5487	13.8029	21.3515	12.0311	4.58333	0.0	6.365	4.265	2.245								
2016/01/11 01:10:00		2.68746	149.245	23.3177	0.354167	1011.56	1.06458	26.8471	6.1327	13.06	19.1927	12.2122	0.0	215.418	4.11667	2.90833	1.755								
2016/01/11 01:15:00		2.92509	150.204	23.3177	0.354167	1011.54	1.05729	26.7644	4.92227	12.5876	17.5099	12.012	0.0	259.532	6.11	4.205	2.305								
2016/01/11 01:20:00		3.27746	145.118	23.3156	0.355729	1011.5	0.95521	26.6353	4.57163	11.8276	16.3993	12.0501	0.0	266.264	1.755	1.245	0.73833								
2016/01/11 01:25:00		3.94113	147.794	23.3198	0.350521	1011.45	1.05729	26.7212	4.29023	12.0399	16.3301	12.2837	0.0	269.096	1.71	1.14	0.75833								
2016/01/11 01:30:00		3.11028	163.702	23.3167	0.354688	1011.37	1.12292	26.8264	4.65203	12.348	17.0	12.298	0.0	265.946	1.535	1.04833	0.71								
2016/01/11 01:35:00		3.23839	159.326	23.3167	0.357292	1011.38	1.07917	26.8248	4.22993	10.8314	15.0614	12.0406	0.0	206.41	0.84167	0.60833	0.466667								
2016/01/11 01:40:00		2.29318	152.87	23.3141	0.354167	1011.35	1.02083	26.747	5.159	11.2936	16.4526	12.1741	0.0	163.586	1.74167	1.18167	0.72								
2016/01/11 01:45:00		3.06493	153.029	23.3182	0.354688	1011.37	1.02083	26.5867	4.87313	12.4952	17.3683	12.1407	0.0	180.83	1.15333	0.90333	0.7								
2016/01/11 01:50:00		2.34525	157.075	23.313	0.354167	1011.36	1.04271	26.6256	4.76147	11.1121	15.8736	12.2837	0.0	185.144	1.38333	1.00667	0.69167								
2016/01/11 01:55:00		1.68767	153.84	23.2672	0.351042	1011.36	1.02813	26.7464	5.867	12.4746	18.3416	12.298	0.0	152.367	1.60667	1.11667	0.77167								
2016/01/11 02:00:00		2.4234	152.298	23.3182	0.350521	1011.35	1.02813	26.77	8.2968	13.0189	21.3158	12.1264	0.0	138.034	1.62833	1.13333	0.71167								
2016/01/11 02:05:00		1.73666	149.95	23.3078	0.358854	1011.36	1.05	26.7075	6.8764	12.0672	18.9437	11.8166	0.0	163.111	1.28667	0.96167	0.75333								
2016/01/11 02:10:00		2.05684	139.152	23.2146	0.355729	1011.34	1.08646	26.5749	5.9295	10.9067	16.8362	11.9262	0.0	179.312	1.21417	0.913	0.71183								
2016/01/11 02:15:00		1.99888	138.783	23.2141	0.352604	1011.26	1.07187	26.5824	5.456	11.4408	16.8968	11.9643	0.0	189.88	1.65333	1.10333	0.71								
2016/01/11 02:20:00		2.59116	144.754	23.2141	0.355729	1011.23	1.00625	26.6989	5.4292	10.7424	16.1717	11.8166	0.0	169.226	1.255	0.94	0.755								
2016/01/11 02:25:00		2.21295	142.872	23.2156	0.35625	1011.23	1.07917	26.7504	5.0138	11.4545	16.4683	12.012	0.0	145.599	1.63883	1.12417	0.73967								
2016/01/11 02:30:00		1.22557	131.634	23.2151	0.352604	1011.27	1.03542	26.6916	5.7665	14.3369	20.1034	12.0025	0.0	151.853	1.62283	1.12917	0.73517								
2016/01/11 02:35:00		1.93749	128.336	23.2125	0.354167	1011.29	1.07917	26.5499	6.5883	11.6838	18.2722	12.0311	0.0	170.936	1.47867	1.06217	0.74217								
2016/01/11 02:40:00		0.93269	113.255	23.2151	0.359896	1011.29	1.13021	26.5193	7.2293	11.6907	18.92	11.8928	0.0	179.43	1.48967	1.0635	0.7435								
2016/01/11 02:45:00		0.6884	128.808	23.2115	0.355729	1011.35	1.03542	26.6194	8.6676	14.3746	23.0421	12.012	15.8333	147.899	1.57917	1.11317	0.7505								
2016/01/11 02:50:00		0.71169	122.073	23.2151	0.35625	1011.36	1.07187	26.697	12.9243	16.7504	29.6747	11.8499	56.667	113.583	1.7905	1.22817	0.76067								
2016/01/11 02:55:00		0.0	502.0	23.2115	0.354167	1011.35	1.02813	26.6388	11.5731	14.5115	26.0846	12.012	39.7917	144.267	1.3	0.865	0.54167								
2016/01/11 03:00:00		0.56908	320.729	23.2062	0.356771	1011.38	0.99896	26.5211	13.6434	16.5963	30.2398	12.012	42.5	124.501	0.0	0.0	0.0								
2016/01/11 03:05:00		0.8501	317.807	23.2099	0.355729	1011.42	1.05729	26.4347	12.0399	16.8531	28.893	12.012	71.667	159.539	1.6725	1.11417	0.67917								
2016/01/11 03:10:00		0.97067	321.014	23.2062	0.355208	1011.53	1.1375	26.5171	10.8808	16.0794	26.9602	12.0025	79.167	140.617	2.64083	1.76	1.0565								
2016/01/11 03:15:00		0.59305	36.5817	23.1755	0.35625	1011.49	1.08646	26.6025	9.9808	14.912	24.8928	12.012	89.792	111.604	2.79	1.85967	1.1185								
2016/01/11 03:20:00		1.16294	79.239	23.1141	0.352604	1011.33	1.01354	26.5945	9.2728	15.0216	24.2944	12.012	121.458	104.282	2.87583	1.91683	1.17633								
2016/01/11 03:25:00		1.53959	116.83	23.1115	0.357812	1011.18	1.05729	26.5182	8.94	14.6895	23.6296	12.012	152.083	118.104	2.91783	1.94467	1.214								
2016/01/11 03:30:00		1.63523	134.799	23.0849	0.352604	1011.06	1.06458	26.3917	8.9869	13.5461	22.5331	12.0168	194.583	139.17	2.92883	1.9555	1.23633								
2016/01/11 03:35:00		1.2369	127.914	23.0057	0.357812	1011.08	1.09375	26.4581	9.6391	12.9402	22.5793	12.0835	203.333	128.884	2.91083	1.9605	1.25233								
2016/01/11 03:40:00		1.81309	125.768	22.9141	0.357812	1011.07	1.05729	26.5732	10.3917	12.5602	22.9519	12.012	223.542	108.147	2.933	1.979	1.26683								
2016/01/11 03:45:00		1.45933	129.939	22.8458	0.354688	1011.11	1.06458	26.6025	10.3113	13.666	23.9772	12.012	229.375	99.61	2.94067	1.984	1.27333								
2016/01/11 03:50:00		1.26659	126.0	22.8135	0.357292	1011.12	1.07187	26.5397	9.552	13.731	23.283	12.012	273.75	103.328	3.01533	2.02833	1.32317								
2016/01/11 03:55:00		1.06947	133.386	22.8125	0.358333	1011.2	1.11563	26.4025	12.5379	14.1178	26.6558	12.012	332.083	109.343	3.03167	2.02167	1.35333								
2016/01/11 04:00:00		1.26813	126.928	22.7115	0.355208	1011.21	1.00625	26.4215	12.6786	13.8234	26.5021	12.074	322.708	114.322	3.10667	2.12167	1.325								
2016/01/11 04:05:00		0.97844	127.327	22.6984	0.35625	1011.18	1.05729	26.5131	12.1225	13.7002	25.8227	12.1216	335.417	100.96	3.33333	2.225	1.34								
2016/01/11 04:10:00		0.90374	131.294	22.6036	0.352604	1011.2	1.06458	26.5783	13.1387	14.5834	27.7221	12.074	396.458	77.027	3.18475	2.14915	1.35085								
2016/01/11 04:15:00		0.91545	131.179	22.5708	0.354688	1011.22	1.08646	26.5405	18.9878	14.9565	33.9444	12.012	459.375	71.508	3.76226	2.50943	1.61509								
2016/01/11 04:20:00		0.94988	106.562	22.5042	0.35625	1011.17	1.04271	26.4143	30.5587	16.6442	47.203	12.012	573.13	79.784	3.278	2.225	1.39183								
2016/01/11 04:25:00		1.21753	92.035	22.5052	0.35625	1011.2	1.05	26.3697	29.3817	16.8223	46.204	12.012	697.92	100.892	3.17433	2.16383	1.369								
2016/01/11 04:30:00		0.69901	101.11	22.4641	0.352604	1011.17	1.03542	26.4511	31.5347	14.0562	45.5909	12.012	760.83	90.892	3.03683	2.08833	1.35433								
2016/01/11 04:35:00		1.14382	99.719	22.4104	0.351563	1011.18	1.09375	26.5434	29.0021	14.6827	43.6847	12.012	776.67	80.791	2.608	1.81767	1.25167								
2016/01/11 04:40:00		0.99271	90.072	22.4099	0.355729	1011.19	1.03542	26.5316	28.1467	14.2753	42.422	12.012	871.88	72.944	2.7325	1.82417	1.26767								
2016/01/11 04:45:00		0.89328	68.677	22.4115	0.355208	1011.26	1.01354	26.4371	28.0529	15.1037	43.1566	12.012	923.13	76.016	2.7175	1.81967	1.2675								
2016/01/11 04:50:00		0.78166	78.74	22.4052	0.355208	1011.28	1.10833	26.3327	36.4413	16.3225	52.764	12.012	998.96	87.242	2.5725	1.717	1.24583								
2016/01/11 04:55:00		0.67484	125.116	22.4068	0.359375	1011.38	0.99896	26.3939	38.6009	16.343	54.944	12.012	1020.83	81.73	2.355	1.58833	1.18933								
2016/01/11 05:00:00		0.74931	115.91	22.4052	0.349479	1011.4	1.08646	26.483	45.665	16.1307	61.796	12.012	1102.08	69.923	2.49167	1.705	1.18								
2016/01/11 05:05:00		0.81915	126.092	22.4078	0.358333	1011.48	1.00625	26.53	50.723	15.1482	65.872	12.012	1336.04	60.961	2.55667	1.70333	1.205								
2016/01/11 05:10:00		1.25713	129.076	22.4073	0.352083	1011.53	1.11563	26.4567	49.8279	15.6994	65.527	12.012	1519.38	68.358	2.65667	1.77	1.24833								
2016/01/11 05:15:00		1.18862	130.297	22.4099	0.355729	1011.51	1.05729	26.3203	56.698	15.0661	71.764	12.012	1748.75	79.859	2.41333	1.69833	1.31167								
2016/01/11 05:20:00		1.214	134.143	22.4083	0.354167	1011.63	0.99896	26.3233	70.178	17.0105	87.189	12.012	1734.79	86.438	2.48333	1.74167	1.29167								
2016/01/11 05:25:00		1.24081	139.409	22.4057	0.358854	1011.7	1.10833	26.4081	71.761	16.2985	88.06	12.012	1719.38	71.769	2.29667	1.63833	1.26667								
2016/01/11 05:30:00		1.67226	138.81	22.4063	0.357812	1011.78	1.05	26.4951	77.528	14.8436	92.371	12.012	1670.0	60.64	2.155	1.62167	1.33167								
2016/01/11 05:35:00		1.29748	132.468	22.4068	0.359896	1011.81	1.02083	26.5464	72.916	17.0756	89.992	12.012	1735.0	57.372	2.85833	1.905	1.30167								
2016/01/11 05:40:00		0.84628	142.043	22.4083	0.355729	1011.84	1.04271	26.5829	84.498	21.9812	106.479	12.012	1895.63	48.1711	2.905	2.00583	1.4385								
2016/01/11 05:45:00		1.00473	127.074	22.4083	0.359375	1011.97	1.08646	26.6127	93.108	25.0006	118.108	12.012	1879.17	40.1027	3.36833	2.24667	1.59333								
2016/01/11 05:50:00		0.74368	66.503	22.4057	0.356771	1012.07	1.07187	26.6296	109.299	25.5552	134.854	12.012	2071.25	36.5024	3.19667	2.235	1.60833								
2016/01/11 05:55:00		0.67464	60.262	22.3609	0.356771	1012.17	1.07917	26.6334	115.222	26.9382	142.16	12.012	2286.46	30.2484	2.13667	1.615	1.39								
2016/01/11 06:00:00		0.76165	125.877	22.3068	0.358333	1012.26	1.06458	26.6686	110.552	25.6921	136.244	12.012	2252.92	25.6874	2.60667	1.895	1.43167								
2016/01/11 06:05:00		0.8596	148.192	22.212	0.357812	1012.27	1.08646	26.7206	111.079	25.3874	136.467	12.012	2310.21	23.6123	2.59667	1.82167	1.39667								
2016/01/11 06:10:00		0.53507	169.408	22.1646	0.357812	1012.37	1.05729	26.7756	108.716	24.1242	132.841	12.012	2264.17	21.6336	3.38814	2.25932	1.5661								
2016/01/11 06:15:00		0.0	502.0	22.1115	0.358854	1012.52	0.97708	26.8296	121.437	23.9668	145.404	12.012	2415.0	19.887	2.37759	1.84914	1.59914								
2016/01/11 06:20:00		0.58959	91.868	22.1063	0.354167	1012.54	1.03542	26.8865	134.753	21.3	156.053	12.012	2885.83	19.5942	2.41293	1.96466	1.78707								
2016/01/11 06:25:00		0.54713	28.6034	22.1016	0.355208	1012.65	0.99167	26.9504	161.825	22.5118	184.337	12.012	3493.33	18.7834	2.8715	2.19067	1.822								
2016/01/11 06:30:00		0.77732	49.7029	22.1052	0.35625	1012.71	0.99896	27.0103	182.28	21.6868	203.967	12.012	3658.33	17.019	3.3975	2.46817	1.879								
2016/01/11 06:35:00		0.7782	61.682	22.0844	0.359896	1012.88	1.05	27.0731	181.574	19.9888	201.563	12.012	3693.33	15.1796	3.16433	2.32483	1.8255								
2016/01/11 06:40:00		0.65271	59.739	22.0047	0.357292	1013.03	0.99167	27.1413	159.116	19.8348	178.951	12.012	3367.29	14.1009	3.16817	2.29433	1.7865								
2016/01/11 06:45:00		0.68377	84.054	22.0266	0.356771	1013.1	1.01354	27.2135	148.372	19.9888	168.36	12.012	3401.88	14.5331	3.19433	2.30533	1.77483								
2016/01/11 06:50:00		0.93544	76.539	22.1068	0.354167	1013.15	1.01354	27.2788	142.799	21.1973	163.997	12.012	3343.75	14.1045	3.08217	2.24433	1.75617								
2016/01/11 06:55:00		1.02945	64.49	22.1219	0.356771	1013.21	1.02813	27.3448	138.491	21.0466	159.538	12.012	3346.67	14.5224	2.98867	2.19717	1.74533								
2016/01/11 07:00:00		0.96385	61.685	22.2083	0.358854	1013.26	1.07187	27.4077	149.83	22.4605	172.29	12.012	3685.21	12.5758	2.92183	2.1715	1.75217								
2016/01/11 07:05:00		0.99888	73.49	22.2073	0.357292	1013.33	1.02083	27.46	158.578	21.3342	179.912	12.012	3667.92	11.9651	2.93167	2.17133	1.75333								
2016/01/11 07:10:00		0.88541	79.107	22.2068	0.358333	1013.41	1.04271	27.5188	167.163	21.7245	188.887	12.012	4030.63	12.2865	4.735	3.15667	1.80167								
2016/01/11 07:15:00		1.2522	92.663	22.2833	0.351563	1013.47	5.1188	27.5754	177.954	21.0364	198.991	12.012	5013.1	12.5365	4.89833	3.265	1.70333								
2016/01/11 07:20:00		1.06063	112.387	22.3698	0.357292	1013.55	31.4708	27.635	175.817	22.1216	197.939	12.012	5161.9	11.5222	4.47333	2.98083	1.60717								
2016/01/11 07:25:00		0.77518	93.879	22.4323	0.355208	1013.69	64.473	27.7099	154.359	21.0227	175.382	12.012	4680.83	12.0722	3.80926	2.54074	1.69444								
2016/01/11 07:30:00		1.14394	80.718	22.5099	0.355729	1013.79	54.578	27.7698	159.679	23.1999	182.879	12.012	5190.4	12.0437	5.2691	3.51091	1.79727								
2016/01/11 07:35:00		1.2426	87.75	22.6047	0.356771	1013.85	50.983	27.8286	188.565	24.1242	212.689	12.012	5850.8	10.6578	4.77533	3.18183	1.68483								
2016/01/11 07:40:00		1.19206	87.802	22.613	0.352083	1013.92	69.213	27.8794	193.411	23.6005	217.012	12.012	6384.2	9.9792	4.55367	3.03467	1.66017								
2016/01/11 07:45:00		1.62226	85.64	22.6609	0.358854	1013.98	71.043	27.9515	195.872	22.4913	218.364	12.012	6436.5	8.7756	4.3505	2.89917	1.616								
2016/01/11 07:50:00		1.63467	77.615	22.713	0.357812	1014.05	77.175	28.012	189.246	22.5392	211.785	12.012	6193.8	8.8292	4.26583	2.84267	1.595								
2016/01/11 07:55:00		1.15264	68.362	22.7109	0.353125	1014.12	79.428	28.0662	177.595	23.9257	201.52	12.012	5947.7	8.7292	4.23017	2.8195	1.5785								
2016/01/11 08:00:00		1.05628	65.767	22.7151	0.354688	1014.28	86.166	28.114	162.178	24.0421	186.22	12.012	5577.9	7.3112	4.028	2.68483	1.50033								
2016/01/11 08:05:00		1.09702	63.124	22.7099	0.354688	1014.44	81.988	28.1717	161.981	23.9941	185.976	12.012	5473.5	7.4291	3.99	2.66083	1.50583								
2016/01/11 08:10:00		1.1223	65.188	22.7089	0.357812	1014.51	74.747	28.2311	168.15	27.236	195.386	12.012	5316.7	6.7183	3.45	2.30167	1.63333								
2016/01/11 08:15:00		1.39562	63.711	22.7083	0.355729	1014.6	79.443	28.2831	157.863	26.6096	184.473	12.012	5081.0	6.0575	3.49667	2.33	1.66333								
2016/01/11 08:20:00		1.04317	89.406	22.7594	0.355208	1014.67	79.661	28.3363	185.795	26.7807	212.576	12.012	5234.4	6.979	4.18	2.78667	1.86667								
2016/01/11 08:25:00		1.47341	85.876	22.8589	0.35625	1014.7	74.907	28.3854	178.213	26.7362	204.95	12.012	5358.3	7.7255	4.22083	2.8125	1.67583								
2016/01/11 08:30:00		1.26405	107.994	22.9724	0.355729	1014.78	88.353	28.4431	177.798	26.7773	204.575	12.012	5339.6	5.9468	4.175	2.78167	1.63333								
2016/01/11 08:35:00		1.7187	98.297	23.1047	0.35	1014.8	107.917	28.5019	162.511	24.9903	187.501	12.012	4896.04	6.3183	3.82167	2.54833	1.52333								
2016/01/11 08:40:00		1.35398	67.009	23.2151	0.353646	1014.83	140.438	28.5586	156.49	26.9245	183.414	12.012	4792.29	6.5719	3.375	2.25	1.49833								
2016/01/11 08:45:00		1.46449	63.925	23.2635	0.357812	1014.91	88.995	28.6171	155.357	27.3935	182.751	12.012	4739.17	5.0789	3.54153	2.35932	1.49746								
2016/01/11 08:50:00		1.9307	66.097	23.2167	0.353646	1015.04	46.5938	28.6598	137.774	28.4137	166.188	12.012	4251.04	3.91098	3.04583	2.02917	1.43167								
2016/01/11 08:55:00		1.85981	70.319	23.0693	0.359375	1015.09	35.5542	28.7188	130.159	26.2638	156.423	12.012	3952.92	2.58946	3.14	2.0935	1.48667								
2016/01/11 09:00:00		1.25253	58.29	22.9698	0.358333	1015.16	43.05	28.7691	119.041	27.7975	146.839	12.012	3804.58	1.80369	2.91833	1.952	1.40667								
2016/01/11 09:05:00		1.99763	73.322	22.9161	0.358854	1015.25	48.6208	28.8064	107.133	26.4521	133.585	12.012	3615.83	3.46095	2.81717	1.8935	1.3245								
2016/01/11 09:10:00		2.32092	68.975	22.8974	0.358854	1015.35	79.851	28.8354	104.203	28.5985	132.801	12.012	3523.54	0.250017	2.78217	1.8665	1.2725								
2016/01/11 09:15:00		1.37631	82.872	22.899	0.358333	1015.38	98.102	28.8721	95.352	28.0166	123.369	12.012	3386.46	0.10715	2.66467	1.786	1.21333								
2016/01/11 09:20:00		1.17801	67.543	22.9625	0.358333	1015.44	231.532	28.8931	95.287	29.8241	125.111	12.012	3677.29	0.053575	2.60233	1.74017	1.1465								
2016/01/11 09:25:00		1.33195	68.822	23.0922	0.359896	1015.5	387.669	28.9248	96.373	30.4814	126.854	12.012	3835.83	2.21086	2.515	1.67833	1.17								
2016/01/11 09:30:00		1.97895	80.43	23.2385	0.352604	1015.49	438.288	29.0069	87.158	38.5912	125.749	12.012	3515.42	4.02527	2.74825	1.83246	1.2614								
2016/01/11 09:35:00		2.03583	74.66	23.4453	0.357812	1015.56	388.865	29.1022	95.209	44.5923	139.802	12.012	3615.0	0.160725	2.49383	1.662	1.18333								
2016/01/11 09:40:00		1.66997	66.741	23.5922	0.354688	1015.75	237.424	29.1699	99.256	46.1636	145.42	12.012	3747.92	1.75369	2.39183	1.5935	1.151								
2016/01/11 09:45:00		1.45452	49.7801	23.5969	0.359375	1015.85	158.616	29.2569	77.72	52.565	130.285	12.012	3441.46	6.5004	0.0	0.0	0.0								
2016/01/11 09:50:00		1.81591	62.395	23.4604	0.354688	1015.83	132.409	29.3385	68.327	48.4915	116.818	12.012	2900.83	12.6437	2.19917	1.46683	0.88933								
2016/01/11 09:55:00		1.68802	57.323	23.3396	0.354167	1015.96	99.75	29.2142	55.494	43.5825	99.076	12.012	2533.96	22.7265	1.65167	1.10167	0.87167								
2016/01/11 10:00:00		0.97348	60.018	23.2167	0.355208	1016.09	69.643	28.9822	43.2217	40.2481	83.47	12.012	2183.54	19.312	3.26667	2.17833	1.02167								
2016/01/11 10:05:00		0.6583	50.545	22.9953	0.355729	1016.08	140.087	28.8501	38.2994	37.9202	76.22	12.012	1970.21	22.9372	2.31833	1.545	1.02								
2016/01/11 10:10:00		0.76508	68.598	22.8552	0.357292	1016.22	197.444	28.7471	36.9818	46.6532	83.635	12.012	1963.75	11.3365	2.205	1.47	1.04667								
2016/01/11 10:15:00		1.1569	63.5	22.8156	0.354688	1015.93	267.13	28.6961	28.5911	57.738	86.329	12.012	1780.83	21.2086	2.06	1.37167	1.02667								
2016/01/11 10:20:00		1.72048	56.21	22.9021	0.356771	1015.89	494.331	28.725	31.8317	53.294	85.126	12.012	1822.5	15.4082	2.24167	1.49333	1.07333								
2016/01/11 10:25:00		1.97359	55.791	22.9229	0.358854	1015.77	550.65	28.7736	33.538	49.2104	82.748	12.012	1835.63	22.6015	2.75917	1.88333	1.39583								
2016/01/11 10:30:00		1.46413	58.15	23.0125	0.358333	1015.68	577.59	28.841	34.5229	46.3588	80.882	12.012	1847.5	22.4122	2.52217	1.72333	1.3185								
2016/01/11 10:35:00		1.47328	67.01	23.1052	0.360938	1015.66	545.96	28.9122	37.8371	43.5961	81.433	12.012	1876.04	21.0871	2.26909	1.51182	1.19091								
2016/01/11 10:40:00		1.11366	48.9111	23.113	0.357812	1015.59	464.465	28.9737	42.6053	43.49	86.095	12.012	1927.08	23.8909	2.43818	1.62364	1.11727								
2016/01/11 10:45:00		1.12405	65.251	23.1146	0.356771	1015.54	520.32	29.0322	40.1397	41.347	81.487	12.012	1846.25	23.6337	5.6767	3.78367	1.1605								
2016/01/11 10:50:00		1.19826	52.158	23.0818	0.359375	1015.44	504.79	29.0856	41.0375	40.5665	81.604	12.012	1827.08	25.9589	2.22417	1.48167	0.93517								
2016/01/11 10:55:00		1.93562	55.95	23.0104	0.355208	1015.41	477.072	29.1323	38.1453	37.9134	76.059	12.012	1709.79	33.5487	2.0165	1.34383	0.87567								
2016/01/11 11:00:00		1.30422	60.108	23.0104	0.355729	1015.37	446.79	29.1793	35.7356	39.5395	75.275	12.012	1655.83	28.5912	1.93183	1.28733	0.85783								
2016/01/11 11:05:00		1.38769	35.8211	22.9604	0.357292	1015.32	457.013	29.2316	33.0511	36.6331	69.684	12.012	1576.25	40.7849	1.92767	1.28433	0.83833								
2016/01/11 11:10:00		1.92109	53.326	22.9172	0.357812	1015.3	526.68	29.2668	31.5927	38.29	69.883	12.012	1531.04	33.5094	2.371	1.5825	1.101								
2016/01/11 11:15:00		1.98833	48.2514	22.9156	0.355729	1015.25	513.54	29.3012	31.3002	39.6456	70.946	12.012	1571.88	37.1489	1.62667	1.08667	0.73333								
2016/01/11 11:20:00		1.19337	47.3788	22.9161	0.360417	1015.13	507.81	29.3374	32.7965	38.9164	71.713	12.012	1597.71	26.2196	1.32333	0.88333	0.473333								
2016/01/11 11:25:00		1.6901	35.4162	23.0052	0.357292	1015.08	478.414	29.3758	32.4146	40.3303	72.745	12.012	1579.38	42.76	0.0	0.0	0.0								
2016/01/11 11:30:00		1.46529	47.7873	23.0104	0.354688	1015.0	602.02	29.3992	30.6681	39.5463	70.214	12.012	1553.33	47.2531	0.0	0.0	0.0								
2016/01/11 11:35:00		1.69951	40.4893	23.0094	0.359896	1014.92	569.84	29.3675	28.3187	37.0542	65.373	12.012	1531.67	44.9423	0.0	0.0	0.0								
2016/01/11 11:40:00		1.2593	45.4075	23.1021	0.355729	1014.92	518.63	29.2257	28.6983	35.7156	64.414	12.012	1570.21	35.3381	0.0	0.0	0.0								
2016/01/11 11:45:00		1.86648	54.62	23.2115	0.359375	1014.83	574.85	29.0432	30.1053	34.3531	64.458	12.012	1542.92	47.5567	0.0	0.0	0.0								
2016/01/11 11:50:00		1.6766	32.3709	23.2151	0.354167	1014.76	555.21	28.9771	30.8155	34.2402	65.056	12.012	1543.75	46.5781	0.0	0.0	0.0								
2016/01/11 11:55:00		1.8571	36.3637	23.1286	0.355729	1014.69	558.83	28.9632	26.9541	34.0142	60.968	12.012	1469.79	69.762	0.0	0.0	0.0								
2016/01/11 12:00:00		1.16806	37.8307	23.0406	0.358333	1014.63	561.75	28.9747	25.7146	37.8792	63.594	12.012	1410.21	69.451	0.0	0.0	0.0								
2016/01/11 12:05:00		1.05193	35.8939	23.0125	0.356771	1014.59	595.58	28.9782	24.0061	39.9229	63.929	12.012	1357.71	66.962	2.465	1.71	1.205								
2016/01/11 12:10:00		0.95087	29.282	23.0089	0.3625	1014.56	493.792	28.9941	24.3858	45.9685	70.354	12.012	1319.38	51.889	3.10667	2.07333	1.445								
2016/01/11 12:15:00		1.17836	61.185	23.0115	0.359375	1014.54	592.33	29.0088	22.483	46.7901	69.273	12.012	1258.75	75.651	3.27	2.18	1.41667								
2016/01/11 12:20:00		1.57352	45.4255	23.1042	0.358333	1014.47	511.58	29.0367	24.158	49.4227	73.581	11.9929	1280.63	49.7855	10.1717	1.98	1.61								
2016/01/11 12:25:00		1.2985	50.774	23.1161	0.353646	1014.42	504.22	29.0936	22.1859	50.898	73.084	12.012	1244.58	74.83	3.055	1.505	1.155								
2016/01/11 12:30:00		1.55014	49.3243	23.1599	0.357812	1014.34	519.39	29.1473	24.3858	50.72	75.106	12.012	1304.58	51.696	0.0	0.0	0.0								
2016/01/11 12:35:00		1.38484	46.1555	23.2224	0.357292	1014.28	552.41	29.1752	23.7895	48.2519	72.041	12.012	1302.71	65.611	0.0	0.0	0.0								
2016/01/11 12:40:00		0.97612	58.227	23.3214	0.359375	1014.29	600.72	29.0523	23.1373	42.9868	66.124	12.012	1288.13	62.733	0.0	0.0	0.0								
2016/01/11 12:45:00		1.52935	47.9632	23.3219	0.359375	1014.21	631.64	28.9148	21.5584	36.9651	58.524	12.012	1226.88	84.895	0.0	0.0	0.0								
2016/01/11 12:50:00		1.4556	63.19	23.2859	0.358333	1014.15	567.44	28.9028	20.8817	38.5638	59.446	12.012	1197.71	64.904	2.89	1.38	1.155								
2016/01/11 12:55:00		0.81298	50.482	23.3208	0.359375	1014.12	556.03	28.9323	19.4166	45.4858	64.902	12.012	1130.83	93.978	5.785	1.9	1.615								
2016/01/11 13:00:00		1.48036	66.604	23.3526	0.358333	1013.96	500.75	29.0158	19.8588	48.8099	68.669	12.012	1181.25	62.268	5.43	2.38	1.745								
2016/01/11 13:05:00		1.82367	63.687	23.4172	0.355729	1013.93	499.479	29.1097	21.4445	49.563	71.007	12.012	1257.29	65.897	5.8067	2.29333	1.77333								
2016/01/11 13:10:00		1.23381	44.5781	23.4255	0.359896	1013.93	595.31	29.1959	18.8538	48.1389	66.993	12.012	1197.5	83.116	5.105	2.39833	1.81167								
2016/01/11 13:15:00		1.83947	63.631	23.5677	0.3625	1013.85	594.54	29.1237	19.0213	44.8149	63.836	12.012	1230.21	64.069	9.7717	2.34833	1.53667								
2016/01/11 13:20:00		1.8912	63.824	23.638	0.361979	1013.76	602.17	28.9736	19.4546	40.255	59.71	12.012	1215.21	75.691	5.495	2.205	1.67833								
2016/01/11 13:25:00		1.82201	63.552	23.7854	0.359896	1013.69	643.03	28.9495	17.6523	39.5121	57.164	12.012	1192.5	88.577	6.55	2.21167	1.57333								
2016/01/11 13:30:00		1.28876	50.747	23.8224	0.360938	1013.62	618.59	29.0265	18.5188	45.6947	64.213	12.012	1187.71	99.567	4.76333	1.80333	1.44								
2016/01/11 13:35:00		1.15006	75.403	23.8417	0.358333	1013.56	635.43	29.1696	16.9577	48.7106	65.668	12.012	1185.0	78.534	5.075	2.03167	1.44667								
2016/01/11 13:40:00		1.95302	66.728	23.9214	0.357812	1013.5	537.21	29.2732	17.86	49.2515	67.111	12.012	1213.75	70.744	5.385	2.41667	1.68								
2016/01/11 13:45:00		1.464	66.684	23.9214	0.356771	1013.45	509.54	29.1884	17.7684	42.819	60.587	12.012	1237.29	74.437	2.985	1.34667	0.92833								
2016/01/11 13:50:00		1.27674	78.921	23.9891	0.359375	1013.44	605.89	29.0571	18.3133	43.1888	61.502	12.012	1293.96	76.952	2.67167	0.89167	0.57667								
2016/01/11 13:55:00		1.11701	82.464	23.9505	0.359375	1013.38	458.639	29.0652	18.5791	42.5726	61.152	12.012	1283.33	80.88	2.14667	1.06667	0.58667								
2016/01/11 14:00:00		1.95722	59.79	23.8057	0.358854	1013.26	448.474	29.1661	18.8449	49.5733	68.418	12.012	1308.33	93.556	1.93167	0.815	0.60667								
2016/01/11 14:05:00		1.39866	64.994	23.825	0.355208	1013.26	493.398	29.3525	18.3781	53.448	71.827	12.012	1370.83	53.636	2.93	0.81667	0.57167								
2016/01/11 14:10:00		1.88062	67.345	24.0438	0.354167	1013.2	502.53	29.3713	18.4697	52.586	71.056	12.012	1422.5	58.207	2.23333	0.84667	0.58667								
2016/01/11 14:15:00		1.25802	63.868	24.1182	0.357292	1013.2	509.75	29.2305	17.123	45.0374	62.16	12.012	1404.58	91.295	3.59167	0.74167	0.553								
2016/01/11 14:20:00		1.30119	64.404	24.0193	0.360938	1013.23	485.421	29.1288	17.0336	42.8327	59.866	12.012	1430.63	87.495	4.5175	0.66583	0.5155								
2016/01/11 14:25:00		1.49382	50.889	23.8792	0.356771	1013.18	392.386	29.164	17.0783	47.4611	64.539	12.012	1384.58	95.142	3.97917	0.6635	0.51033								
2016/01/11 14:30:00		1.45651	63.468	23.75	0.357812	1013.14	378.204	29.3237	15.6624	49.498	65.16	12.012	1342.5	93.971	3.51217	0.68333	0.51617								
2016/01/11 14:35:00		2.3012	55.047	23.7198	0.358854	1013.14	418.199	29.4695	14.9522	50.741	65.693	12.012	1353.33	76.891	2.72833	0.82	0.5675								
2016/01/11 14:40:00		1.87344	63.986	23.625	0.355208	1013.07	489.285	29.3989	14.6864	47.8274	62.514	12.012	1351.25	68.212	1.83833	0.86167	0.575								
2016/01/11 14:45:00		3.24399	68.559	23.7271	0.355729	1013.05	501.4	29.2069	21.239	47.6699	68.909	12.012	1458.13	46.6031	2.54667	0.85333	0.59333								
2016/01/11 14:50:00		2.70602	64.237	23.8016	0.355729	1012.98	365.232	29.1374	18.6305	43.3462	61.977	12.012	1376.88	101.878	2.085	0.855	0.55333								
2016/01/11 14:55:00		2.72845	58.957	23.7229	0.357812	1012.89	463.429	29.1887	20.0107	50.118	70.128	12.012	1363.96	92.87	2.07667	0.70833	0.555								
2016/01/11 15:00:00		1.85711	63.724	23.6323	0.355729	1012.83	371.241	29.32	19.267	48.6866	67.954	12.012	1366.25	80.27	3.73	1.25	0.99833								
2016/01/11 15:05:00		2.9452	60.483	23.5406	0.35625	1012.8	275.209	29.3836	19.3072	48.4196	67.727	12.012	1409.38	97.089	2.90833	1.295	0.95167								
2016/01/11 15:10:00		3.72689	66.144	23.3438	0.351563	1012.8	192.369	29.23	14.5971	41.5148	56.112	12.012	1249.17	123.365	10.2183	1.545	0.91333								
2016/01/11 15:15:00		2.80465	57.025	23.1042	0.352604	1012.84	188.577	29.052	12.0846	35.9347	48.0193	12.012	1198.13	119.919	15.995	4.38	0.73								
2016/01/11 15:20:00		1.85479	75.38	22.9406	0.355729	1012.83	202.694	29.012	10.8384	40.7034	51.542	12.012	1147.92	94.003	0.0	0.0	0.0								
2016/01/11 15:25:00		1.50512	63.842	22.9167	0.353125	1012.83	235.922	29.0483	15.9103	47.8821	63.792	12.012	1305.0	32.0843	7.73	2.54167	1.77167								
2016/01/11 15:30:00		1.89747	65.06	22.9146	0.358854	1012.86	254.632	29.1121	17.6366	47.218	64.855	12.012	1376.04	60.308	6.58	2.095	1.6								
2016/01/11 15:35:00		1.84017	65.608	22.8964	0.354167	1012.95	167.825	29.1667	17.6701	47.9506	65.621	12.012	1407.71	64.479	8.04	2.74	1.895								
2016/01/11 15:40:00		2.06479	62.302	22.8	0.352083	1013.01	141.735	29.2322	19.3273	47.6802	67.007	12.012	1425.21	74.298	6.635	2.67	2.195								
2016/01/11 15:45:00		1.94519	53.59	22.7156	0.356771	1013.03	160.541	29.1897	19.3898	47.0879	66.478	12.012	1497.08	48.1746	5.9	2.645	2.085								
2016/01/11 15:50:00		1.94645	66.666	22.6906	0.360938	1013.07	145.899	28.9836	19.7449	44.8388	64.584	12.012	1525.0	42.5243	8.225	2.71	1.94								
2016/01/11 15:55:00		2.64693	63.839	22.6109	0.355729	1013.11	125.912	28.884	20.0218	44.5923	64.614	12.012	1575.0	78.759	4.98333	1.65	1.34667								
2016/01/11 16:00:00		2.60903	69.351	22.5318	0.358333	1013.12	124.76	28.8904	18.3714	45.0442	63.416	12.012	1512.08	79.537	5.3317	2.13667	1.675								
2016/01/11 16:05:00		2.86094	64.959	22.5089	0.359896	1013.13	119.955	28.9245	17.65	45.4139	63.064	12.012	1440.0	65.74	7.3233	2.445	1.81833								
2016/01/11 16:10:00		2.08309	58.597	22.5063	0.357812	1013.2	91.693	28.9737	17.1029	45.5851	62.688	12.012	1451.04	59.854	5.85	2.725	2.22								
2016/01/11 16:15:00		2.45408	47.0141	22.45	0.353125	1013.22	88.791	29.0153	18.5612	46.8004	65.362	12.012	1552.5	48.8283	6.25	2.41833	1.81333								
2016/01/11 16:20:00		2.34848	64.33	22.3495	0.352604	1013.3	86.494	29.0453	16.4664	44.6848	61.151	12.012	1467.08	81.145	2.72833	1.38167	1.06								
2016/01/11 16:25:00		2.52309	62.329	22.2406	0.359896	1013.38	90.57	29.0757	17.9672	45.2804	63.248	12.012	1500.0	46.746	4.61	1.70667	1.145								
2016/01/11 16:30:00		1.82114	51.353	22.2083	0.353646	1013.4	79.516	29.1044	14.9879	42.4664	57.454	12.012	1427.71	83.002	1.49833	0.79667	0.66667								
2016/01/11 16:35:00		1.50259	70.783	22.1172	0.356771	1013.45	68.286	29.1221	22.2619	46.6532	68.915	12.012	1614.79	16.5547	2.65333	1.21667	0.80667								
2016/01/11 16:40:00		1.701	71.244	22.1552	0.360417	1013.47	64.065	29.136	29.5783	46.5265	76.105	12.012	1778.33	41.4385	4.67	1.735	1.44333								
2016/01/11 16:45:00		1.90354	74.565	22.0885	0.358854	1013.64	75.338	29.1363	25.9558	43.5653	69.521	12.012	1736.67	66.569	6.64	1.87167	1.63								
2016/01/11 16:50:00		2.31347	64.429	22.0135	0.358333	1013.72	70.853	29.1508	22.0832	41.9735	64.057	12.012	1714.58	63.351	7.375	2.41333	1.64333								
2016/01/11 16:55:00		2.43981	64.149	21.9927	0.359375	1013.75	38.7771	29.154	20.1625	42.4972	62.66	12.012	1728.54	61.651	4.71667	2.70167	2.07								
2016/01/11 17:00:00		1.99397	67.402	21.9125	0.359375	1013.86	12.8698	29.1589	21.4735	44.5205	65.994	11.9929	1921.88	25.7517	7.3067	2.835	2.08667								
2016/01/11 17:05:00		2.4755	63.896	21.8656	0.361458	1014.0	3.79167	29.1573	33.902	44.9689	78.871	12.012	2212.71	36.1524	2.12333	0.97	0.795								
2016/01/11 17:10:00		2.15106	68.012	21.7401	0.358854	1014.05	1.53854	29.1551	31.0701	40.5083	71.578	12.012	2130.21	54.475	2.31333	0.98833	0.74667								
2016/01/11 17:15:00		1.98418	67.057	21.6266	0.357292	1014.08	1.05729	29.1425	29.7368	41.4086	71.145	12.012	2194.38	32.9808	1.44667	0.66333	0.50333								
2016/01/11 17:20:00		2.18722	68.491	21.5286	0.352083	1014.17	1.07187	29.132	28.0261	41.0115	69.038	12.012	2176.67	38.9597	1.31333	0.71833	0.53667								
2016/01/11 17:25:00		2.36742	70.902	21.4786	0.35	1014.37	0.97708	29.1173	34.6636	44.5204	79.184	12.012	2746.04	4.7146	3.115	1.23167	0.86								
2016/01/11 17:30:00		1.83613	62.673	21.3708	0.353125	1014.47	1.06458	29.0937	35.4274	42.3466	77.774	12.012	2784.38	25.5053	4.37683	1.16517	0.856								
2016/01/11 17:35:00		1.38053	62.964	21.249	0.353646	1014.58	1.02083	28.9261	37.6741	41.0081	78.682	12.012	2778.54	7.8398	3.699	1.2225	0.88333								
2016/01/11 17:40:00		2.53199	65.803	21.1526	0.347917	1014.62	1.07187	28.4955	38.3396	39.2314	77.571	12.012	2769.38	28.9376	3.35233	1.1625	0.85717								
2016/01/11 17:45:00		1.78053	64.729	21.0281	0.356771	1014.68	1.03542	28.1825	36.8679	37.7286	74.596	12.012	2626.46	21.6872	2.71667	1.1325	0.819								
2016/01/11 17:50:00		1.75881	57.036	20.9255	0.351563	1014.73	1.10833	28.0431	34.8891	39.5772	74.466	12.012	2515.83	14.2938	2.14667	1.06333	0.84167								
2016/01/11 17:55:00		1.31724	73.214	20.8234	0.353646	1014.71	0.99896	27.973	37.2498	40.4775	77.727	12.012	2529.58	5.0718	2.775	1.06167	0.85								
2016/01/11 18:00:00		1.56392	53.274	20.7177	0.350521	1014.71	1.05	27.9143	45.0798	39.7689	84.849	12.012	2527.5	7.5862	2.605	1.19667	0.96								
2016/01/11 18:05:00		1.34277	62.506	20.6167	0.354688	1014.77	1.05	27.8845	46.8464	39.1561	86.002	12.012	2546.88	1.23222	3.395	1.435	1.05333								
2016/01/11 18:10:00		1.66182	56.339	20.5807	0.355208	1014.76	0.98438	27.8525	56.561	40.2139	96.775	12.012	2752.92	5.0503	2.79333	1.45333	1.08167								
2016/01/11 18:15:00		2.04434	48.7656	20.4656	0.353125	1014.76	1.04271	27.8251	56.479	39.7518	96.231	12.012	2753.13	3.81811	2.30833	1.15833	0.90167								
2016/01/11 18:20:00		1.77002	50.436	20.3531	0.353646	1014.8	1.08646	27.7959	55.485	38.266	93.751	12.012	2632.29	8.197	2.60833	1.465	0.905								
2016/01/11 18:25:00		1.66635	69.391	20.2469	0.355208	1014.84	1.02083	27.7564	53.808	37.0815	90.889	12.012	2567.92	9.9007	3.10333	1.43167	1.09333								
2016/01/11 18:30:00		2.2206	57.754	20.1453	0.357292	1014.94	1.01354	27.7389	49.676	35.7807	85.457	12.012	2404.58	26.1839	2.25667	1.455	1.205								
2016/01/11 18:35:00		1.93151	51.74	20.0208	0.356771	1015.0	1.02083	27.7191	42.1095	35.2329	77.342	12.012	2179.58	20.9835	3.07167	1.31333	1.11333								
2016/01/11 18:40:00		1.3304	61.799	19.924	0.353646	1014.98	1.02083	27.6922	39.664	35.2329	74.897	12.012	2027.71	16.1082	3.0625	1.47967	1.19933								
2016/01/11 18:45:00		1.88163	51.689	19.8839	0.352604	1015.05	1.00625	27.6592	47.9608	36.7871	84.748	12.012	2082.5	3.91455	2.95033	1.493	1.1485								
2016/01/11 18:50:00		1.53039	61.761	19.7828	0.353646	1015.09	1.06458	27.6213	44.6778	34.0964	78.774	12.012	1976.67	16.2904	2.57983	1.36533	1.0845								
2016/01/11 18:55:00		1.81289	58.649	19.7271	0.35625	1015.11	1.02813	27.5854	46.4489	36.2771	82.726	12.012	2118.96	2.71804	2.3705	1.31383	1.07417								
2016/01/11 19:00:00		1.90604	58.936	19.6568	0.359896	1015.11	1.06458	27.5497	39.8069	32.8674	72.674	12.012	1946.04	26.391	2.85167	1.24167	1.02								
2016/01/11 19:05:00		2.04	49.5659	19.5651	0.352604	1015.18	1.05729	27.5121	38.3687	33.1207	71.489	12.012	1840.83	14.6938	2.29583	1.24917	1.00717								
2016/01/11 19:10:00		2.32224	51.644	19.4714	0.355729	1015.22	1.07187	27.4713	35.4363	32.0184	67.455	12.012	1721.04	22.1693	1.96288	1.16525	0.91864								
2016/01/11 19:15:00		1.54972	62.032	19.4156	0.354688	1015.34	1.07917	27.4409	32.3677	33.2782	65.646	12.012	1649.79	11.8258	2.72617	1.22917	0.94667								
2016/01/11 19:20:00		1.8239	56.548	19.4151	0.350521	1015.4	1.07187	27.4079	32.4079	32.6654	65.073	12.012	1649.17	12.1865	2.52	1.27667	0.96								
2016/01/11 19:25:00		2.09943	63.053	19.3589	0.354688	1015.5	1.05	27.3674	27.6621	28.9751	56.637	12.012	1478.13	37.2703	1.89333	1.05333	0.85833								
2016/01/11 19:30:00		1.92147	60.577	19.3177	0.356771	1015.65	1.05729	27.3365	24.0463	29.8343	53.881	12.012	1395.83	27.1804	2.15167	1.01833	0.85833								
2016/01/11 19:35:00		1.44989	63.11	19.3229	0.351563	1015.67	0.97708	27.3094	25.5426	30.6799	56.223	12.012	1394.38	12.1258	3.19576	1.03305	0.81695								
2016/01/11 19:40:00		2.36728	61.801	19.3255	0.353646	1015.65	1.05	27.2849	29.2835	30.2417	59.525	12.012	1426.46	9.147	2.8315	1.00233	0.81433								
2016/01/11 19:45:00		2.15407	51.395	19.3375	0.351563	1015.78	1.01354	27.2568	28.9775	30.0706	59.048	12.012	1374.17	15.8011	2.3705	1.01883	0.82167								
2016/01/11 19:50:00		1.94733	57.684	19.3214	0.352083	1015.87	1.06458	27.2409	28.3231	30.2554	58.579	12.012	1328.54	20.0442	2.19567	0.991	0.809								
2016/01/11 19:55:00		1.68578	73.396	19.3828	0.357812	1015.96	0.99896	27.2192	28.2829	28.1398	56.423	12.012	1329.17	17.4297	3.12	1.19517	0.81833								
2016/01/11 20:00:00		2.0367	64.163	19.3365	0.356771	1016.05	1.07917	27.1966	26.6705	28.9066	55.577	12.012	1238.54	27.1697	2.93083	1.14517	0.8125								
2016/01/11 20:05:00		1.87932	52.169	19.2729	0.353125	1016.1	1.01354	27.1754	23.2624	27.2292	50.492	12.012	1136.46	31.4664	2.758	1.12233	0.81767								
2016/01/11 20:10:00		1.59945	63.823	19.226	0.356771	1016.14	0.99896	27.1494	22.5008	28.5129	51.014	11.9882	1137.5	18.1691	2.629	1.10167	0.82267								
2016/01/11 20:15:00		1.88943	41.5414	19.2193	0.355208	1016.22	1.01354	27.126	21.909	27.0067	48.9157	12.012	1108.33	18.8048	1.75636	1.05455	0.91273								
2016/01/11 20:20:00		1.84686	56.006	19.212	0.357812	1016.24	1.03542	27.1038	23.6287	28.6328	52.261	12.012	1087.71	25.7017	1.39821	0.95089	0.86786								
2016/01/11 20:25:00		1.56432	54.525	19.1193	0.355729	1016.32	1.05729	27.079	20.8057	26.8013	47.607	12.012	1062.29	28.9269	1.30217	0.88667	0.776								
2016/01/11 20:30:00		1.36749	56.055	19.1255	0.354167	1016.47	0.99896	27.0589	21.842	27.8488	49.6908	12.012	1067.71	14.1831	1.77567	1.03133	0.84083								
2016/01/11 20:35:00		1.18302	62.313	19.1229	0.354688	1016.54	1.02813	27.0433	33.5759	29.8891	63.465	12.012	1158.54	0.0	2.31833	1.285	0.94667								
2016/01/11 20:40:00		0.84433	64.054	19.174	0.353646	1016.57	1.05729	27.0125	41.674	30.1767	71.851	12.012	1261.67	1.2858	1.94	1.11333	0.9075								
2016/01/11 20:45:00		1.62985	63.911	19.2208	0.354688	1016.6	1.02813	26.9816	45.6449	31.1558	76.801	12.012	1340.21	1.08221	1.98267	1.10783	0.90183								
2016/01/11 20:50:00		1.79056	50.887	19.1734	0.356771	1016.61	1.03542	26.9488	40.3809	28.4582	68.839	12.012	1264.58	25.2124	1.91367	1.04933	0.87783								
2016/01/11 20:55:00		1.25903	59.33	19.1224	0.353646	1016.63	1.02813	26.9193	38.094	28.5335	66.627	12.0072	1238.96	7.3148	1.93583	1.0535	0.8745								
2016/01/11 21:00:00		0.92403	41.3617	19.076	0.354167	1016.7	0.99167	26.8693	38.3463	30.0124	68.359	12.012	1209.38	4.30743	2.36083	1.1925	0.93333								
2016/01/11 21:05:00		1.6209	54.135	19.0151	0.353125	1016.75	0.99167	26.8393	39.7891	29.3551	69.144	12.012	1202.71	4.20028	2.20667	1.335	0.95167								
2016/01/11 21:10:00		1.11915	43.9553	18.9646	0.355729	1016.8	0.99167	26.8173	36.5574	27.3867	63.944	12.012	1143.96	25.6338	1.53833	0.93833	0.80833								
2016/01/11 21:15:00		1.55086	55.897	18.9161	0.35625	1016.84	1.02083	26.7859	31.7558	28.0405	59.796	11.9167	1089.17	18.3762	1.543	1.013	0.86433								
2016/01/11 21:20:00		0.75254	69.571	18.8781	0.355208	1016.87	1.03542	26.7606	29.2656	27.9789	57.244	12.012	1075.63	9.8721	2.805	1.18667	0.91								
2016/01/11 21:25:00		1.49718	52.639	18.9214	0.359896	1016.92	0.97708	26.7461	31.787	28.1295	59.917	12.012	1129.17	9.8149	2.14	1.16	0.86833								
2016/01/11 21:30:00		1.48041	54.889	18.8708	0.355208	1016.91	1.00625	26.7225	29.183	28.0884	57.271	12.012	1107.71	17.5547	2.355	1.115	0.89833								
2016/01/11 21:35:00		1.28496	51.063	18.8323	0.359375	1016.91	1.07917	26.7072	27.6933	27.9549	55.648	12.012	1068.54	7.1398	2.5675	1.17917	0.9575								
2016/01/11 21:40:00		1.42428	62.443	18.9188	0.355208	1016.94	1.04271	26.6954	28.8614	29.3482	58.21	12.012	1089.79	1.96442	2.43967	1.205	0.93517								
2016/01/11 21:45:00		1.89787	53.97	18.9005	0.356771	1016.94	0.98438	26.6734	27.633	27.1573	54.79	12.012	1026.25	21.9336	2.13417	1.09883	0.88733								
2016/01/11 21:50:00		0.90711	41.7579	18.8167	0.359375	1017.0	0.97708	26.6514	25.6632	28.0303	53.693	12.012	982.5	13.6045	2.19433	1.10217	0.873								
2016/01/11 21:55:00		1.4715	52.069	18.7719	0.357812	1017.04	1.00625	26.6329	23.2066	27.1368	50.343	12.012	933.13	28.384	2.21133	1.09	0.86333								
2016/01/11 22:00:00		1.33154	56.958	18.7229	0.35625	1017.06	1.01354	26.6197	23.7962	28.6704	52.467	12.012	987.29	13.5223	2.19333	1.07733	0.85317								
2016/01/11 22:05:00		1.05955	67.263	18.6948	0.35625	1017.11	1.02083	26.592	25.1607	27.527	52.688	12.012	947.08	16.9833	2.10417	1.05467	0.84567								
2016/01/11 22:10:00		1.41053	55.525	18.6214	0.359896	1017.2	0.91875	26.5743	24.2719	27.6742	51.946	12.012	939.38	13.5759	1.90417	0.97883	0.82267								
2016/01/11 22:15:00		0.98679	53.628	18.6161	0.358333	1017.3	1.02083	26.5671	24.4818	26.9006	51.382	12.012	944.58	10.7007	1.845	1.08667	0.83333								
2016/01/11 22:20:00		0.63125	65.593	18.6187	0.360417	1017.26	1.01354	26.5493	26.1925	27.2771	53.47	12.012	987.5	6.6433	1.59917	1.03	0.83917								
2016/01/11 22:25:00		1.41507	58.592	18.6172	0.356771	1017.23	1.05	26.5338	25.0468	28.6293	53.676	12.012	988.33	18.3584	1.45136	0.99	0.82966								
2016/01/11 22:30:00		0.84146	55.402	18.5203	0.354167	1017.21	0.95521	26.5056	24.2406	28.6807	52.921	12.012	962.5	15.0331	1.54217	0.95567	0.80417								
2016/01/11 22:35:00		0.83026	66.265	18.5115	0.357292	1017.14	1.02083	26.4876	25.5806	29.1976	54.778	12.012	1017.5	7.0183	1.581	0.98067	0.81183								
2016/01/11 22:40:00		1.08197	62.041	18.5115	0.355729	1017.16	0.99167	26.472	26.3064	27.6948	54.001	12.012	1029.58	13.3259	1.62683	1.0095	0.81883								
2016/01/11 22:45:00		1.07994	61.669	18.5125	0.358854	1017.25	1.07187	26.4508	23.1239	27.325	50.449	12.012	962.08	28.0804	1.59333	1.00317	0.82467								
2016/01/11 22:50:00		0.65989	59.476	18.4557	0.359896	1017.28	1.01354	26.4425	20.7365	25.8153	46.5519	12.012	896.67	25.091	1.585	1.0055	0.83717								
2016/01/11 22:55:00		0.7861	42.1151	18.4094	0.357812	1017.31	1.01354	26.4288	19.6198	26.0379	45.6577	12.012	856.88	27.0518	0.86833	0.66383	0.59267								
2016/01/11 23:00:00		0.65969	50.564	18.3927	0.355729	1017.34	1.02083	26.3998	17.9828	27.1505	45.1333	12.012	811.67	21.3086	0.0	0.0	0.0								
2016/01/11 23:05:00		0.70017	53.492	18.312	0.35625	1017.35	1.02813	26.3687	17.0426	26.4247	43.4673	12.012	744.17	29.2841	0.0	0.0	0.0								
2016/01/11 23:10:00		0.6638	56.544	18.2719	0.353125	1017.42	0.99896	26.3386	17.0671	26.5069	43.574	12.012	702.08	23.248	0.0	0.0	0.0								
2016/01/11 23:15:00		0.97021	58.4	18.2755	0.359375	1017.46	1.00625	26.3222	19.3407	27.3113	46.652	12.012	697.92	6.7112	1.2175	0.87833	0.81083								
2016/01/11 23:20:00		0.84298	61.96	18.3099	0.358333	1017.44	0.99167	26.2948	19.9526	28.6156	48.5682	12.012	704.38	21.2836	1.9635	1.30183	1.15083								
2016/01/11 23:25:00		0.9449	67.731	18.3151	0.353646	1017.43	0.94792	26.2744	16.8773	26.7225	43.5998	12.012	689.79	40.8491	1.39167	1.17833	1.0								
2016/01/11 23:30:00		1.29471	69.113	18.3161	0.357292	1017.34	0.99896	26.2473	14.7355	25.6613	40.3968	12.012	659.17	34.5773	2.05603	1.24397	1.08759								
2016/01/11 23:35:00		1.04245	60.653	18.3734	0.35625	1017.36	1.04271	26.1891	14.9633	26.1508	41.1142	12.012	671.46	24.4981	2.17217	1.2555	1.03183								
2016/01/11 23:40:00		1.40034	62.95	18.4104	0.355729	1017.36	0.98438	26.0339	15.7517	23.6278	39.3796	12.012	677.71	32.8308	1.755	1.1	0.88667								
2016/01/11 23:45:00		1.67823	57.583	18.3984	0.357812	1017.34	1.00625	25.9609	13.5653	24.3331	37.8983	12.012	627.29	57.9	1.19667	0.85	0.78333								
2016/01/11 23:50:00		1.1553	55.213	18.3172	0.357292	1017.41	1.04271	25.9743	13.094	24.9356	38.0296	12.012	620.0	31.8878	1.53	1.05833	0.80667								
2016/01/11 23:55:00		1.60436	59.192	18.3109	0.352083	1017.44	0.9625	26.0011	12.8461	23.5423	36.3884	12.012	582.08	42.8386	0.96	0.78667	0.715								
2016/01/12 00:00:00		1.83178	63.849	18.3104	0.351563	1017.36	0.99896	26.0223	11.0706	23.8846	34.9552	12.012	550.21	49.1711	1.36	0.79	0.70167								
