-- 1st mean values --
Format: XTAB(V:1;HEAD:2;COL:TCFFFFFFFFFFFFFFFFFFFFFFFF)
StartTime: 2016/01/17 00:00:00
EndTime: 2016/01/18 00:00:00
Period: 24 h
Station: Gia Lam

Time	MeasPt	Wind Spd.	Wind Dir.	Temp	RH	Barometer	Radiation	InnerTemp	NO	NO2	NOx	SO2	CO	O3	PM-10	PM-2.5	PM-1	CH4	NMHC	THC	BENZEN	TOLUEN	ETHYL BENZEN	MP-XYLEN	O-XYLEN
		m/s	degree	°C	%	hPa	W/m²	°C	µg/m3	µg/m3	µg/m3	µg/m3	µg/m3	µg/m3	µg/m3	µg/m3	µg/m3	ppm	ppmC	ppmC	ug/m3	ug/m3	ug/m3	ug/m3	ug/m3
2016/01/17 00:05:00		1.1189	316.479	17.3073	6.1229	1010.24	1.13021	25.3439	123.141	0.0	123.141	12.012	1384.79	4.87533	2.12833	1.81833	1.35833								
2016/01/17 00:10:00		1.19664	314.986	17.3021	6.3016	1010.16	1.13021	25.3452	121.634	0.034233	121.668	12.012	1380.0	4.94676	2.35167	2.01833	1.49167								
2016/01/17 00:15:00		1.11559	320.624	17.3062	6.5323	1010.11	1.13021	25.3463	121.23	0.01027	121.24	12.012	1371.88	4.5003	2.27333	1.73667	1.38667								
2016/01/17 00:20:00		1.0037	324.689	17.2839	6.9214	1010.06	1.1375	25.3493	120.272	0.0	120.272	12.1073	1361.67	4.25028	2.18667	1.69333	1.405								
2016/01/17 00:25:00		0.86343	323.988	17.2156	7.0479	1010.01	1.16667	25.3538	121.091	0.0	121.091	12.012	1356.04	4.286	2.09183	1.843	1.50083								
2016/01/17 00:30:00		1.3774	313.326	17.2125	7.1641	1009.99	1.15208	25.356	120.104	0.0	120.104	12.1979	1337.5	4.75032	2.172	1.82317	1.51067								
2016/01/17 00:35:00		1.07459	314.669	17.2411	7.2255	1009.94	1.15208	25.3568	118.838	0.0	118.838	12.1979	1337.08	4.62531	2.252	1.87833	1.56667								
2016/01/17 00:40:00		1.22749	313.693	17.3094	7.2281	1009.87	1.15208	25.3541	118.86	0.0	118.86	12.0835	1329.38	4.37529	2.342	1.94317	1.62983								
2016/01/17 00:45:00		0.469436	325.721	17.2943	7.2417	1009.85	1.09375	25.3606	118.673	0.0	118.673	12.2027	1318.13	4.12527	2.4415	1.99633	1.69333								
2016/01/17 00:50:00		0.65349	315.257	17.2646	7.3359	1009.88	1.10104	25.3595	118.333	0.0	118.333	12.2122	1316.88	4.05384	2.88333	2.225	1.87								
2016/01/17 00:55:00		1.09314	317.101	17.2078	7.3818	1009.86	1.15208	25.3581	117.663	0.0	117.663	12.1502	1308.54	0.0	2.41542	2.1539	1.84203								
2016/01/17 01:00:00		0.5571	309.125	17.2104	7.5823	1009.81	1.1375	25.3544	117.212	0.0	117.212	12.2599	1303.54	0.125008	2.34086	2.13224	1.84086								
2016/01/17 01:05:00		0.83807	306.348	17.2109	7.6359	1009.8	1.14479	25.3589	117.141	0.0	117.141	12.1359	1288.33	4.57888	2.2585	2.04883	1.78183								
2016/01/17 01:10:00		1.14908	311.941	17.2078	7.7214	1009.79	1.10833	25.3557	115.276	0.0	115.276	12.012	1288.96	231.205	2.25467	2.04983	1.7845								
2016/01/17 01:15:00		1.23569	305.175	17.2104	7.8531	1009.7	1.10833	25.3549	115.669	0.0	115.669	12.012	1282.92	252.974	2.303	2.094	1.82367								
2016/01/17 01:20:00		1.01137	309.383	17.2078	7.9484	1009.67	1.1375	25.3514	115.385	0.0	115.385	12.0263	1271.04	257.121	1.65967	1.4955	1.285								
2016/01/17 01:25:00		1.07135	310.584	17.2073	8.1026	1009.69	1.13021	25.3509	114.027	0.0	114.027	12.236	1266.04	260.292	0.0	0.0	0.0								
2016/01/17 01:30:00		1.12505	307.902	17.2109	8.3245	1009.71	1.06458	25.3522	113.511	0.0	113.511	12.1645	1256.88	264.828	1.93833	1.80083	1.495								
2016/01/17 01:35:00		0.91319	315.246	17.2099	8.4344	1009.72	1.12292	25.349	113.476	0.006847	113.482	12.4887	1255.83	26.6268	3.05933	2.78933	2.2915								
2016/01/17 01:40:00		0.54576	321.767	17.2099	8.5042	1009.65	1.09375	25.3487	111.997	0.0	111.997	12.4124	1245.63	8.1791	3.3145	2.8705	2.353								
2016/01/17 01:45:00		0.83271	326.586	17.213	8.6438	1009.64	1.08646	25.3431	112.093	0.0	112.093	12.4219	1239.17	7.8219	3.40767	2.86267	2.35917								
2016/01/17 01:50:00		1.06982	315.044	17.2099	8.7141	1009.67	1.09375	25.3399	112.055	0.0	112.055	12.1741	1227.5	7.2862	3.56617	2.85967	2.3535								
2016/01/17 01:55:00		2.02832	313.092	17.2068	8.8276	1009.68	1.10104	25.3187	111.917	0.0	111.917	12.0883	1222.92	6.3933	3.58783	2.827	2.33133								
2016/01/17 02:00:00		1.22792	316.644	17.1469	8.9589	1009.69	1.10833	25.3074	111.356	0.0	111.356	12.012	1219.17	6.9469	3.47067	2.735	2.2695								
2016/01/17 02:05:00		0.69377	312.172	17.1099	9.0073	1009.61	1.07187	25.2977	109.949	0.01027	109.96	12.012	1207.92	6.304	2.75667	2.25833	1.89833								
2016/01/17 02:10:00		0.87473	326.658	17.1021	9.0068	1009.58	1.11563	25.2835	110.211	0.17459	110.385	12.0644	1213.13	6.1075	2.39333	2.24	1.945								
2016/01/17 02:15:00		1.15379	312.742	17.1	9.0068	1009.56	1.13021	25.2599	110.575	0.0	110.575	12.0501	1205.21	6.2683	2.49167	2.255	1.89333								
2016/01/17 02:20:00		1.41834	300.231	17.1057	9.0047	1009.55	1.1375	25.2462	109.165	0.0	109.165	12.0549	1191.25	6.679	2.225	2.145	1.86167								
2016/01/17 02:25:00		1.20637	316.59	17.1021	9.0052	1009.6	1.09375	25.2341	108.406	0.0	108.406	12.1359	1191.46	7.3755	2.3	2.165	1.86167								
2016/01/17 02:30:00		0.81724	321.858	17.1036	9.0036	1009.54	1.10833	25.2212	108.609	0.017117	108.626	12.2217	1182.08	6.804	2.6	2.19167	1.875								
2016/01/17 02:35:00		0.81554	328.654	17.1031	9.0135	1009.51	1.14479	25.2129	108.254	0.02054	108.275	12.1598	1179.38	7.3755	2.28083	2.11833	1.85917								
2016/01/17 02:40:00		1.02195	319.438	17.1984	9.1984	1009.51	1.07917	25.2083	107.318	0.013693	107.332	12.2932	1174.17	7.4826	2.37383	2.07417	1.81117								
2016/01/17 02:45:00		0.93124	317.43	17.2062	9.2781	1009.53	1.12292	25.2126	107.338	0.29783	107.636	12.298	1166.67	7.6791	2.45883	2.09117	1.81617								
2016/01/17 02:50:00		0.67749	325.312	17.212	9.3167	1009.52	1.17396	25.222	107.604	0.0	107.604	12.1598	1160.63	7.1969	2.42	2.17833	1.85667								
2016/01/17 02:55:00		1.40837	324.984	17.2104	9.4214	1009.55	1.11563	25.2266	106.307	0.003423	106.31	12.298	1150.42	7.5719	2.14667	2.03333	1.77833								
2016/01/17 03:00:00		0.98212	323.514	17.2073	9.5151	1009.55	1.15937	25.2341	106.628	0.0	106.628	12.298	1148.33	7.6255	2.215	1.955	1.70333								
2016/01/17 03:05:00		0.82514	317.728	17.1078	9.5115	1009.57	1.1375	25.2416	106.398	0.0	106.398	12.1979	1142.29	7.5541	2.17333	1.9	1.64333								
2016/01/17 03:10:00		1.1355	308.933	17.1052	9.5932	1009.53	1.10104	25.2494	105.78	0.0	105.78	12.2789	1135.63	7.1969	1.92333	1.77	1.56667								
2016/01/17 03:15:00		0.88954	331.152	17.1016	9.6068	1009.65	1.11563	25.2609	105.337	0.0	105.337	12.2313	1130.42	7.0362	1.905	1.78833	1.58167								
2016/01/17 03:20:00		1.22197	320.715	17.1031	9.726	1009.62	1.06458	25.2687	104.272	0.0	104.272	12.2646	1121.46	6.804	2.15333	1.79667	1.55167								
2016/01/17 03:25:00		0.8006	316.981	17.1021	10.2906	1009.65	1.10104	25.2792	104.375	0.0	104.375	12.093	1120.21	6.6969	2.29	1.91333	1.595								
2016/01/17 03:30:00		1.03018	306.6	17.1068	10.324	1009.64	1.18854	25.2784	104.122	0.01027	104.133	12.1884	1110.83	6.3397	2.08833	1.81833	1.5525								
2016/01/17 03:35:00		1.08414	322.297	17.101	10.387	1009.62	1.07187	25.2883	103.957	0.0	103.957	12.0692	1110.63	6.3576	2.175	1.84817	1.56433								
2016/01/17 03:40:00		1.18121	316.226	17.1078	10.4177	1009.63	1.15208	25.2937	102.711	0.027387	102.738	12.2408	1098.33	6.0718	2.27683	1.895	1.575								
2016/01/17 03:45:00		1.19569	310.595	17.1068	10.4312	1009.64	1.10833	25.2972	103.814	0.0	103.814	12.1645	1092.08	6.4469	0.0	0.0	0.0								
2016/01/17 03:50:00		1.04078	313.917	17.1078	10.5135	1009.62	1.16667	25.3001	102.615	0.0	102.615	12.2837	1090.42	6.2147	0.0	0.0	0.0								
2016/01/17 03:55:00		1.0238	312.965	17.1068	10.5151	1009.65	1.13021	25.302	101.686	0.02054	101.706	12.1979	1087.29	5.7147	2.3155	1.91333	1.63033								
2016/01/17 04:00:00		1.89802	296.606	17.1047	10.513	1009.68	1.09375	25.3095	101.82	0.0	101.82	12.1598	1086.25	5.5004	2.292	1.92367	1.62017								
2016/01/17 04:05:00		0.70684	304.83	17.1083	10.513	1009.62	1.12292	25.3036	101.268	0.60935	101.878	12.0787	1074.79	5.8575	2.67833	2.1	1.70667								
2016/01/17 04:10:00		1.18263	318.657	17.1156	10.5151	1009.6	1.18854	25.3077	100.969	0.0	100.969	12.0835	1063.13	5.6075	2.64167	2.01333	1.705								
2016/01/17 04:15:00		0.84341	315.147	17.2094	10.5245	1009.61	1.10833	25.3111	101.212	0.0	101.212	12.1979	1064.38	6.0004	2.77759	2.14138	1.75862								
2016/01/17 04:20:00		1.65404	300.983	17.2078	10.5719	1009.65	1.12292	25.3144	100.58	0.0	100.58	12.298	1063.75	5.679	2.76417	2.08683	1.73383								
2016/01/17 04:25:00		0.482332	319.839	17.2078	10.6062	1009.66	1.13021	25.3162	100.413	0.188283	100.601	12.2503	1058.54	5.5897	2.65	2.277	1.911								
2016/01/17 04:30:00		0.477776	303.678	17.2083	10.538	1009.7	1.10833	25.3111	99.805	0.178013	99.983	12.1884	1048.13	5.5182	0.0	0.0	0.0								
2016/01/17 04:35:00		1.31405	308.18	17.2115	10.5234	1009.78	1.07917	25.3192	99.296	0.006847	99.303	12.3409	1054.38	5.2861	0.0	0.0	0.0								
2016/01/17 04:40:00		1.15986	303.312	17.2078	10.5167	1009.88	1.11563	25.3189	98.258	0.0	98.258	12.2027	1041.46	5.6432	0.0	0.0	0.0								
2016/01/17 04:45:00		1.23503	306.275	17.2089	10.5156	1009.93	1.14479	25.3232	98.403	0.01027	98.413	12.298	1040.0	5.7504	0.0	0.0	0.0								
2016/01/17 04:50:00		0.91709	300.618	17.2109	10.5167	1009.9	1.07187	25.3216	97.954	0.0	97.954	12.2742	1040.83	5.4289	1.11333	0.80167	0.68833								
2016/01/17 04:55:00		0.70665	292.311	17.2104	10.5151	1009.91	1.12292	25.3119	97.684	0.01027	97.694	12.2789	1033.75	5.0361	1.84667	1.55333	1.31667								
2016/01/17 05:00:00		1.13046	305.898	17.2104	10.4781	1010.01	1.07187	25.3044	96.746	0.222517	96.968	12.2885	1026.88	5.4825	2.67833	2.18	1.92667								
2016/01/17 05:05:00		1.0599	302.077	17.2062	10.4193	1010.11	1.16667	25.2926	97.079	0.0	97.079	12.298	1023.75	5.1253	2.86667	2.14667	1.88333								
2016/01/17 05:10:00		1.28923	299.677	17.2057	10.4203	1010.16	1.13021	25.2835	96.748	0.003423	96.751	12.298	1024.58	5.5897	2.13083	1.90083	1.73667								
2016/01/17 05:15:00		1.47494	299.806	17.2109	10.4104	1010.22	1.1375	25.2628	95.962	0.0	95.962	12.2599	1017.29	5.2325	2.2635	1.89317	1.723								
2016/01/17 05:20:00		0.77097	307.341	17.2984	10.3521	1010.25	1.21042	25.2561	95.948	0.058197	96.007	12.2265	1019.17	5.4289	2.4825	1.93467	1.70133								
2016/01/17 05:25:00		1.36956	304.396	17.3068	10.3927	1010.32	1.09375	25.2467	94.629	0.273867	94.902	12.298	1009.38	5.679	2.425	1.92333	1.69833								
2016/01/17 05:30:00		1.15183	306.11	17.3057	10.3214	1010.39	1.03542	25.2285	95.667	0.068467	95.736	12.298	1013.33	5.4646	2.645	1.86167	1.63								
2016/01/17 05:35:00		0.77357	304.723	17.3083	10.2255	1010.43	1.09375	25.2231	94.995	0.130087	95.125	12.298	1008.96	5.3396	2.20667	1.84667	1.68								
2016/01/17 05:40:00		0.81678	306.895	17.3036	10.213	1010.49	1.07917	25.2247	94.74	0.095853	94.836	12.236	1005.63	5.3039	2.25333	1.87833	1.66833								
2016/01/17 05:45:00		1.21951	309.412	17.3057	10.0807	1010.54	1.12292	25.2207	94.273	0.013693	94.287	12.2551	1001.04	5.1432	2.30667	1.84833	1.68								
2016/01/17 05:50:00		1.26166	305.46	17.3042	9.9911	1010.64	1.02813	25.2344	94.048	0.006847	94.055	12.298	997.92	5.3932	2.11	1.88167	1.64167								
2016/01/17 05:55:00		0.95417	323.814	17.3031	9.9172	1010.7	1.11563	25.2354	93.827	0.126663	93.953	12.298	995.83	5.2504	2.37833	1.89333	1.62								
2016/01/17 06:00:00		0.82414	322.277	17.3052	9.85	1010.71	1.05729	25.247	93.146	0.006847	93.152	12.2932	996.04	4.94676	2.49833	1.93	1.64667								
2016/01/17 06:05:00		1.01301	321.672	17.3068	9.8208	1010.78	1.07187	25.2515	92.48	0.51008	92.99	12.2742	990.0	5.4646	0.66667	0.60667	0.53667								
2016/01/17 06:10:00		1.05172	325.989	17.3078	9.7193	1010.83	1.12292	25.2515	92.536	0.53746	93.073	12.1788	995.42	4.9289	0.0	0.0	0.0								
2016/01/17 06:15:00		0.6488	305.685	17.3057	9.7057	1010.94	1.10833	25.2588	92.527	0.099277	92.626	12.298	989.38	5.0003	0.0	0.0	0.0								
2016/01/17 06:20:00		0.87276	312.838	17.3078	9.6094	1010.95	1.08646	25.2588	91.864	0.59908	92.463	12.298	988.54	4.98248	0.0	0.0	0.0								
2016/01/17 06:25:00		0.84199	319.798	17.3057	9.5766	1011.05	1.13021	25.2626	91.654	0.003423	91.657	12.093	989.37	5.4289	0.0	0.0	0.0								
2016/01/17 06:30:00		1.29435	309.778	17.3062	9.5099	1011.09	1.13021	25.2609	91.475	0.085583	91.561	12.2122	987.92	5.2861	0.0	0.0	0.0								
2016/01/17 06:35:00		1.73262	304.164	17.3083	9.4219	1011.18	1.10833	25.2575	90.975	0.219093	91.194	12.1502	986.67	5.3575	0.0	0.0	0.0								
2016/01/17 06:40:00		0.93327	319.278	17.3052	9.3979	1011.31	1.13021	25.2593	91.325	0.17459	91.5	12.012	989.17	5.3754	2.55333	1.74	1.46								
2016/01/17 06:45:00		0.88516	309.51	17.3099	9.3198	1011.42	1.10104	25.2588	90.588	0.67097	91.259	12.236	986.46	5.0718	2.52	1.68833	1.40167								
2016/01/17 06:50:00		1.04059	309.572	17.3089	9.2323	1011.48	1.12292	25.2564	90.854	0.27729	91.132	12.298	988.96	5.0539	2.68467	1.90333	1.47083								
2016/01/17 06:55:00		0.81103	310.075	17.3052	9.1911	1011.59	1.15208	25.2505	91.321	0.11297	91.434	12.298	979.58	5.4289	2.95483	2.01783	1.49433								
2016/01/17 07:00:00		0.94525	309.204	17.3062	9.1068	1011.64	1.09375	25.2384	91.241	0.11297	91.354	12.2027	995.62	5.2504	0.96517	0.6545	0.4985								
2016/01/17 07:05:00		1.11255	324.872	17.3047	9.0573	1011.73	1.575	25.2336	90.256	0.006847	90.263	12.2837	990.21	5.6254	0.0	0.0	0.0								
2016/01/17 07:10:00		1.08368	308.679	17.3031	9.0089	1011.86	11.6156	25.2301	90.705	0.068467	90.773	12.298	998.75	5.5897	0.0	0.0	0.0								
2016/01/17 07:15:00		0.7421	312.244	17.3083	9.0016	1011.94	18.3167	25.2271	90.964	0.243057	91.207	12.2837	998.54	5.9111	0.0	0.0	0.0								
2016/01/17 07:20:00		1.16599	310.667	17.3568	8.912	1011.98	27.5917	25.2215	90.245	0.201977	90.447	12.155	999.38	6.554	0.0	0.0	0.0								
2016/01/17 07:25:00		0.98455	313.404	17.4083	8.913	1012.06	32.7906	25.2199	89.979	0.29783	90.277	12.1026	995.42	6.429	0.0	0.0	0.0								
2016/01/17 07:30:00		1.09803	310.568	17.4057	8.8323	1012.15	28.5542	25.2225	90.075	0.260173	90.335	12.298	997.29	6.2861	0.0	0.0	0.0								
2016/01/17 07:35:00		0.52899	279.455	17.4911	8.7911	1012.26	34.6792	25.225	90.182	0.208823	90.391	12.298	998.75	6.804	0.0	0.0	0.0								
2016/01/17 07:40:00		0.82974	314.807	17.5245	8.7047	1012.36	51.37	25.2217	89.7	0.095853	89.795	12.298	1001.67	7.2683	0.0	0.0	0.0								
2016/01/17 07:45:00		1.03163	310.433	17.6083	8.6599	1012.34	105.54	25.2266	89.371	0.006847	89.378	12.298	1003.96	8.3577	7.345	4.9	3.27								
2016/01/17 07:50:00		0.98037	308.199	17.6781	8.5786	1012.35	128.997	25.2354	89.755	0.448457	90.204	12.2027	1012.29	7.5719	8.57	5.86	4.695								
2016/01/17 07:55:00		1.31395	320.555	17.712	8.4589	1012.5	118.985	25.2397	89.974	0.16432	90.139	12.2027	1006.88	7.4112	2.9	1.935	1.655								
2016/01/17 08:00:00		1.22761	319.356	17.7859	8.3474	1012.63	148.932	25.2424	89.499	0.6162	90.115	12.298	1012.71	6.9469	0.0	0.0	0.0								
2016/01/17 08:05:00		0.84087	314.584	17.8427	8.237	1012.67	192.186	25.2583	90.026	0.0	90.026	12.1979	1014.79	7.7505	1.52167	1.01333	0.57167								
2016/01/17 08:10:00		1.18042	318.62	17.9031	8.1094	1012.82	151.893	25.2733	89.516	0.02054	89.537	12.298	1015.63	9.072	1.97167	1.315	1.06667								
2016/01/17 08:15:00		1.01948	311.917	17.9865	7.9417	1012.99	87.383	25.2771	89.441	0.017117	89.458	12.2122	1020.63	8.3934	2.80667	1.95833	1.615								
2016/01/17 08:20:00		0.88243	309.211	18.0026	7.749	1013.09	61.695	25.2916	88.969	0.058197	89.027	12.2694	1014.58	7.5719	3.19167	2.12833	1.69								
2016/01/17 08:25:00		0.97701	313.867	18.0042	7.5245	1013.18	65.158	25.3026	88.712	0.17459	88.887	12.2313	1020.63	7.0719	3.3	2.2	1.80167								
2016/01/17 08:30:00		1.51869	307.74	18.0417	7.3078	1013.21	96.527	25.3173	88.194	0.73259	88.927	12.2408	1016.46	6.7862	3.64167	2.49167	1.90333								
2016/01/17 08:35:00		0.77958	315.28	18.1125	7.1943	1013.2	114.523	25.3388	89.034	0.44161	89.476	12.298	1021.46	7.8755	3.72833	2.52833	1.96667								
2016/01/17 08:40:00		1.04705	313.841	18.1854	6.9198	1013.3	90.679	25.374	89.003	0.33891	89.342	12.298	1020.0	7.5362	7.955	5.395	4.12								
2016/01/17 08:45:00		1.21367	318.781	18.2141	6.3573	1013.33	179.783	25.4153	88.701	0.198553	88.9	12.0787	1016.25	6.6433	8.0217	6.4383	5.4083								
2016/01/17 08:50:00		1.13724	326.668	18.2234	6.1151	1013.43	176.837	25.4459	89.286	0.0	89.286	12.1169	1011.88	6.8933	9.2233	6.8933	5.42								
2016/01/17 08:55:00		1.1498	314.926	18.3109	5.9375	1013.44	223.249	25.4868	88.404	0.054773	88.459	12.2742	1021.67	6.4469	12.465	8.31	6.27								
2016/01/17 09:00:00		1.55639	317.245	18.3953	5.738	1013.5	262.945	25.5233	88.317	0.314947	88.632	12.236	1010.83	6.9826	2.37333	1.63	1.36333								
2016/01/17 09:05:00		1.17799	319.029	18.4104	5.3641	1013.54	280.365	25.5595	87.406	0.93457	88.341	12.2074	1008.96	6.0361	0.0	0.0	0.0								
2016/01/17 09:10:00		0.92395	325.013	18.4672	5.076	1013.59	317.144	25.596	87.944	0.047927	87.992	12.1693	1005.83	5.5539	3.71333	2.47667	2.01333								
2016/01/17 09:15:00		0.92	324.683	18.5516	4.87396	1013.6	419.366	25.6422	87.942	0.09243	88.034	12.2027	1008.96	5.7504	3.43333	2.43667	1.93167								
2016/01/17 09:20:00		0.88268	326.961	18.7188	4.58594	1013.64	428.735	25.6768	86.881	0.496383	87.378	12.1598	1011.88	6.2504	3.35633	2.29667	1.85967								
2016/01/17 09:25:00		0.88099	311.697	18.8646	3.97708	1013.69	420.788	25.7184	87.801	0.75656	88.558	12.0978	1007.29	6.5719	3.68167	2.46	1.80667								
2016/01/17 09:30:00		1.37272	318.085	18.9161	2.97396	1013.74	422.968	25.7627	86.801	0.27729	87.078	12.0644	1007.5	6.4647	2.49	1.96833	1.655								
2016/01/17 09:35:00		1.57658	323.236	18.9917	2.36354	1013.76	543.65	25.7992	86.883	0.11297	86.996	12.1741	1002.71	6.0897	3.225	2.15667	1.77333								
2016/01/17 09:40:00		1.42854	315.806	19.0917	1.71771	1013.75	464.545	25.8333	86.501	0.60251	87.104	12.1598	998.13	7.4112	2.97333	2.16833	1.78167								
2016/01/17 09:45:00		1.70499	318.05	19.174	1.30573	1013.73	519.44	25.8669	86.752	0.24648	86.998	12.0597	995.83	8.8042	3.02333	2.015	1.72167								
2016/01/17 09:50:00		1.35137	322.47	19.301	0.73333	1013.72	446.06	25.9198	86.45	0.150627	86.601	12.0358	991.25	9.6792	2.76167	1.96167	1.67333								
2016/01/17 09:55:00		1.45468	322.439	19.3906	0.3625	1013.71	474.571	25.9552	85.657	1.11258	86.77	12.0978	982.08	11.09	2.92833	2.08667	1.75333								
2016/01/17 10:00:00		0.77282	335.635	19.5615	0.361458	1013.68	343.394	26.0019	84.889	0.43134	85.32	12.2646	979.58	11.1615	2.615	1.90333	1.57333								
2016/01/17 10:05:00		0.83422	28.6318	19.625	0.359896	1013.66	486.464	26.0462	86.037	0.140357	86.177	12.0597	981.67	14.1617	2.47833	1.77333	1.47167								
2016/01/17 10:10:00		1.11651	350.084	19.724	0.367188	1013.62	581.58	26.0897	84.809	0.61962	85.428	12.012	980.42	18.1548	2.44333	1.655	1.445								
2016/01/17 10:15:00		0.96026	338.032	19.749	0.367708	1013.56	564.09	26.1383	84.969	0.53404	85.503	12.012	977.5	20.0763	2.24167	1.53667	1.29333								
2016/01/17 10:20:00		1.39274	311.93	19.837	0.358854	1013.57	573.59	26.1869	83.647	0.52035	84.168	12.0454	975.42	17.5726	2.19	1.58333	1.29333								
2016/01/17 10:25:00		0.95751	321.972	19.95	0.361979	1013.56	620.57	26.2275	84.067	0.178013	84.245	12.012	971.67	15.6439	2.14167	1.53	1.185								
2016/01/17 10:30:00		0.92979	342.638	20.126	0.360938	1013.5	618.71	26.2669	83.274	0.85241	84.127	12.0549	961.88	16.0154	2.34533	1.60017	1.11633								
2016/01/17 10:35:00		0.7981	35.4902	20.2453	0.358333	1013.49	493.464	26.3056	82.816	0.42107	83.238	12.1121	961.88	18.8798	2.13567	1.442	0.979								
2016/01/17 10:40:00		1.24008	14.5081	20.3667	0.364583	1013.47	574.5	26.3386	82.298	1.19132	83.49	12.0454	965.0	28.4055	1.33667	0.98917	0.82333								
2016/01/17 10:45:00		0.728	48.1742	20.4292	0.357292	1013.38	650.5	26.3735	82.004	0.96196	82.965	12.012	956.04	29.0877	1.61186	1.07712	0.78559								
2016/01/17 10:50:00		1.09476	18.5531	20.5589	0.359375	1013.33	692.75	26.4167	81.284	2.29706	83.581	12.1836	960.63	23.4123	1.31441	0.94746	0.73305								
2016/01/17 10:55:00		0.88263	359.453	20.7193	0.3625	1013.25	670.96	26.4403	80.382	1.96157	82.344	12.0501	954.58	29.6448	1.01333	0.78667	0.64333								
2016/01/17 11:00:00		0.63556	39.1191	20.8354	0.360938	1013.11	660.73	26.4591	80.313	1.30771	81.621	12.1169	945.21	34.5023	1.29833	0.9	0.665								
2016/01/17 11:05:00		0.93331	69.406	20.9516	0.357292	1013.09	532.09	26.4868	79.652	2.61543	82.267	12.0406	942.08	18.7155	2.135	1.425	0.83167								
2016/01/17 11:10:00		0.76022	356.954	21.0672	0.355729	1013.02	314.635	26.5263	79.185	2.13274	81.318	12.0692	940.42	31.0056	1.59	1.07	0.77333								
2016/01/17 11:15:00		0.87112	317.576	21.0979	0.360417	1012.97	484.91	26.5676	79.491	1.48915	80.98	12.012	934.38	15.1867	1.53667	1.025	0.73583								
2016/01/17 11:20:00		0.73117	80.867	21.1635	0.361458	1012.85	440.548	26.6133	79.038	1.74248	80.78	12.012	927.5	32.0164	1.43917	0.9815	0.69417								
2016/01/17 11:25:00		0.64515	41.1566	21.2	0.356771	1012.77	645.25	26.6712	79.303	1.36933	80.673	12.0215	938.96	37.7525	1.47767	1.01167	0.697								
2016/01/17 11:30:00		0.91537	49.2641	21.2453	0.358854	1012.68	640.7	26.7335	78.662	1.29402	79.956	12.012	940.63	30.9949	1.45667	0.99417	0.69017								
2016/01/17 11:35:00		0.54525	39.0875	21.3307	0.359896	1012.57	697.62	26.7926	77.823	2.27309	80.096	12.0215	923.13	48.2461	1.40183	0.958	0.67967								
2016/01/17 11:40:00		1.18192	42.7321	21.4422	0.357292	1012.5	661.05	26.8575	77.695	2.69416	80.39	12.012	920.83	46.7531	1.352	0.92617	0.66967								
2016/01/17 11:45:00		0.61297	33.3393	21.4979	0.358854	1012.43	506.79	26.9373	77.865	3.64927	81.514	12.0883	922.08	44.5922	1.30767	0.90067	0.66433								
2016/01/17 11:50:00		0.8635	41.5649	21.599	0.35625	1012.31	384.402	27.0033	77.349	2.42714	79.776	12.0311	916.46	30.3127	1.81929	1.22268	0.77964								
2016/01/17 11:55:00		1.11308	22.6482	21.7	0.361979	1012.18	323.56	27.0839	75.985	3.30694	79.292	12.012	916.04	19.412	1.16545	0.82182	0.69818								
2016/01/17 12:00:00		0.54885	339.668	21.6047	0.360417	1012.07	174.686	27.166	76.914	1.57131	78.485	12.0549	912.08	34.5309	1.1531	0.77	0.65017								
2016/01/17 12:05:00		1.23469	326.885	21.5005	0.354167	1011.99	277.579	27.2479	76.4	2.57435	78.974	12.1645	901.25	44.0351	1.13667	0.77333	0.64467								
2016/01/17 12:10:00		0.493999	330.679	21.4094	0.357292	1011.88	662.83	27.3145	76.679	2.24913	78.928	12.298	891.25	17.7548	1.20267	0.8115	0.64483								
2016/01/17 12:15:00		0.8398	334.027	21.5375	0.357292	1011.71	633.78	27.377	75.752	2.02319	77.776	12.298	889.79	20.1085	1.18967	0.8095	0.642								
2016/01/17 12:20:00		1.23689	356.185	21.6839	0.360938	1011.61	391.847	27.4359	75.263	3.25901	78.522	12.298	883.13	31.4842	1.20383	0.80483	0.6405								
2016/01/17 12:25:00		1.50974	30.3429	21.7479	0.358333	1011.5	543.45	27.4903	75.051	2.61543	77.667	12.298	863.75	55.772	1.2675	0.80917	0.63883								
2016/01/17 12:30:00		1.02004	11.5397	21.8026	0.361458	1011.38	422.997	27.5531	74.799	2.73182	77.531	12.298	864.58	58.772	1.34283	0.8115	0.63517								
2016/01/17 12:35:00		1.19232	46.9811	21.8609	0.355729	1011.25	436.939	27.6085	74.555	2.64624	77.202	12.298	868.75	24.8588	1.40617	0.81367	0.63383								
2016/01/17 12:40:00		0.9663	61.041	21.9099	0.360938	1011.15	344.641	27.6772	74.89	1.60212	76.492	12.298	861.25	42.4207	1.4235	0.85433	0.61833								
2016/01/17 12:45:00		0.86397	35.1664	21.9016	0.360417	1011.03	312.623	27.7451	74.482	2.59489	77.077	12.298	864.17	32.2772	1.73333	0.81	0.63833								
2016/01/17 12:50:00		1.22999	343.106	21.9422	0.359896	1010.94	760.13	27.8063	74.832	1.94788	76.78	12.298	852.71	27.9661	1.165	0.825	0.65333								
2016/01/17 12:55:00		1.04986	355.427	22.0693	0.361979	1010.85	450.355	27.859	73.499	2.7729	76.272	12.298	847.5	44.5494	1.09333	0.66833	0.59167								
2016/01/17 13:00:00		1.20662	46.4002	22.1083	0.358854	1010.84	398.563	27.9266	72.798	3.43018	76.228	12.298	840.42	62.326	1.21833	0.795	0.61333								
2016/01/17 13:05:00		0.70614	24.7899	22.1151	0.363021	1010.77	308.919	27.9983	73.361	4.04638	77.407	12.298	836.04	41.8421	1.415	0.70167	0.595								
2016/01/17 13:10:00		0.90726	332.089	22.1583	0.363021	1010.7	645.39	28.0686	73.3	4.15935	77.46	12.298	827.5	34.4487	1.67667	0.82167	0.65667								
2016/01/17 13:15:00		0.87353	39.3354	22.4766	0.357812	1010.61	541.36	28.1274	73.575	2.32102	75.896	12.298	825.63	23.6623	1.8775	0.81417	0.63167								
2016/01/17 13:20:00		1.07225	304.942	22.613	0.360938	1010.57	442.371	28.2112	73.47	1.67401	75.144	12.298	813.75	26.4482	1.04333	0.70167	0.62333								
2016/01/17 13:25:00		0.89019	29.3735	22.6245	0.359896	1010.47	561.04	28.3164	72.831	3.33775	76.169	12.298	813.33	60.754	1.575	0.80333	0.66333								
2016/01/17 13:30:00		0.51162	7.8784	22.712	0.359896	1010.4	303.632	28.3999	73.046	2.60516	75.651	12.298	806.25	37.181	2.14333	0.94667	0.68333								
2016/01/17 13:35:00		0.474299	34.3908	22.7109	0.359896	1010.33	268.683	28.5046	72.291	3.34802	75.639	12.298	801.46	18.7834	1.25017	0.80729	0.67169								
2016/01/17 13:40:00		0.73037	29.5559	22.6828	0.359375	1010.27	243.25	28.5911	72.364	3.93341	76.298	12.298	791.67	35.7774	1.38683	0.7635	0.65333								
2016/01/17 13:45:00		0.455725	39.6444	22.5677	0.359896	1010.25	218.91	28.6687	72.376	2.57777	74.953	12.298	792.08	38.074	1.27783	0.75267	0.64883								
2016/01/17 13:50:00		1.08711	54.393	22.4964	0.355729	1010.22	236.914	28.7387	72.333	3.12893	75.462	12.298	783.96	38.3061	1.98667	0.925	0.69167								
2016/01/17 13:55:00		0.74567	331.236	22.4094	0.359375	1010.17	270.032	28.7862	72.088	3.76567	75.853	12.298	781.04	65.054	2.15085	0.87797	0.68475								
2016/01/17 14:00:00		0.68924	22.937	22.4458	0.358333	1010.13	284.528	28.8211	71.415	3.44387	74.859	12.298	776.04	29.702	2.32373	0.87203	0.69746								
2016/01/17 14:05:00		0.318295	20.3471	22.5281	0.359896	1010.09	494.783	28.8477	72.134	2.26282	74.397	12.298	780.63	32.4486	1.70085	0.97729	0.69966								
2016/01/17 14:10:00		1.13124	47.5619	22.6667	0.360417	1010.01	319.579	28.8732	71.893	3.17343	75.067	12.298	774.17	18.7905	2.37667	1.00833	0.69467								
2016/01/17 14:15:00		1.09057	58.092	22.7729	0.358333	1009.96	344.196	28.9033	71.835	2.62912	74.464	12.298	771.88	16.3725	2.5145	1.02483	0.7045								
2016/01/17 14:20:00		0.56751	60.631	22.8193	0.358854	1009.94	195.81	28.942	72.168	2.48876	74.657	12.298	767.29	26.2375	2.55617	1.01333	0.69767								
2016/01/17 14:25:00		0.79411	49.733	22.7109	0.359375	1009.9	205.545	28.9876	71.578	3.61162	75.19	12.298	765.42	33.2451	2.40333	0.99883	0.68917								
2016/01/17 14:30:00		1.05125	51.986	22.6396	0.359896	1009.86	258.73	29.022	71.793	2.87902	74.672	12.298	760.21	21.3586	2.66117	0.96683	0.69683								
2016/01/17 14:35:00		0.91183	8.5742	22.6104	0.351563	1009.9	153.351	29.0472	71.837	3.23847	75.076	12.298	766.88	10.8936	0.0	0.0	0.0								
2016/01/17 14:40:00		0.69361	33.6864	22.6099	0.358854	1009.88	395.106	29.0749	71.395	4.16962	75.565	12.298	765.0	30.052	1.36333	0.845	0.67								
2016/01/17 14:45:00		0.83079	353.337	22.649	0.359375	1009.87	367.237	29.1081	72.148	3.26586	75.414	12.298	756.46	30.6128	1.54167	0.92167	0.72167								
2016/01/17 14:50:00		1.29112	29.8009	22.749	0.356771	1009.81	398.307	29.1352	71.701	3.15974	74.861	12.298	755.0	41.6063	1.20167	0.80167	0.68833								
2016/01/17 14:55:00		0.239301	52.103	22.812	0.359375	1009.79	271.126	29.1672	72.134	2.94407	75.079	12.298	751.88	37.3132	1.73833	0.9195	0.66667								
2016/01/17 15:00:00		0.70036	6.835	22.8115	0.355729	1009.78	180.79	29.2123	71.587	3.63558	75.223	12.298	748.96	16.7333	2.29724	1.04259	0.72517								
2016/01/17 15:05:00		0.74036	5.7225	22.7797	0.358854	1009.74	177.691	29.255	72.445	2.67362	75.118	12.298	736.46	12.2865	2.7025	1.28833	0.90354								
2016/01/17 15:10:00		0.72617	5.5676	22.7094	0.354688	1009.73	185.617	29.2864	72.155	3.31379	75.468	12.298	743.96	15.001	2.68362	1.15914	0.81293								
2016/01/17 15:15:00		0.66289	4.17585	22.7073	0.360938	1009.72	246.145	29.3012	71.489	3.85467	75.344	12.298	742.71	14.6081	2.76483	1.19917	0.83533								
2016/01/17 15:20:00		0.58419	43.8971	22.7594	0.352604	1009.75	267.276	29.3119	72.007	2.86191	74.869	12.298	741.67	13.7509	2.69833	1.1595	0.8165								
2016/01/17 15:25:00		0.683	39.0183	22.8161	0.359896	1009.78	205.61	29.3253	71.194	2.79686	73.991	12.298	741.46	12.9294	2.64783	1.12133	0.78167								
2016/01/17 15:30:00		0.82738	42.906	22.8141	0.35625	1009.81	223.409	29.3329	72.0	2.84479	74.845	12.298	733.54	8.072	2.67833	0.94667	0.69								
2016/01/17 15:35:00		1.09088	59.077	22.8172	0.355729	1009.81	190.028	29.3503	72.119	2.63254	74.751	12.298	735.42	19.162	2.31833	0.98333	0.705								
2016/01/17 15:40:00		1.58064	62.25	22.8203	0.363021	1009.87	178.959	29.3519	71.639	3.81017	75.449	12.298	731.88	13.1259	2.69667	1.03833	0.70333								
2016/01/17 15:45:00		1.37074	61.063	22.8219	0.35625	1009.93	157.15	29.3594	71.92	3.31036	75.23	12.298	740.42	28.9841	1.68333	0.82167	0.66167								
2016/01/17 15:50:00		1.66179	68.613	22.8198	0.357812	1009.97	132.847	29.3705	72.315	2.18409	74.499	12.298	742.08	32.5522	2.49667	1.035	0.74667								
2016/01/17 15:55:00		0.41445	35.1833	22.8104	0.354688	1010.02	119.744	29.3715	72.204	2.79002	74.994	12.298	736.87	10.215	1.99167	0.94167	0.71167								
2016/01/17 16:00:00		0.417411	58.565	22.7146	0.358333	1010.03	103.381	29.3702	71.835	3.17685	75.012	12.298	742.08	13.5366	2.735	1.08	0.76								
2016/01/17 16:05:00		0.7066	43.6761	22.7151	0.354688	1010.07	103.695	29.3718	71.717	3.32748	75.044	12.298	740.42	3.21093	4.71	1.2	0.82								
2016/01/17 16:10:00		1.18616	55.994	22.7109	0.357812	1010.08	89.374	29.3702	72.405	2.2012	74.606	12.298	737.71	0.410742	3.08333	1.09167	0.745								
2016/01/17 16:15:00		0.482958	65.013	22.6474	0.360938	1010.12	73.478	29.3635	72.309	2.42372	74.732	12.298	735.62	7.0326	2.38833	0.97333	0.69667								
2016/01/17 16:20:00		1.1291	64.269	22.6005	0.35625	1010.17	79.29	29.3573	72.458	2.55038	75.009	12.298	745.0	10.8007	4.65167	1.51	0.93167								
2016/01/17 16:25:00		1.10715	64.319	22.5083	0.355208	1010.19	82.542	29.353	72.923	2.34841	75.271	12.298	745.42	10.4364	2.81	1.12167	0.78333								
2016/01/17 16:30:00		1.0249	64.83	22.4411	0.355208	1010.25	71.181	29.3404	73.104	2.6257	75.729	12.298	738.33	31.1128	2.43883	0.99917	0.73967								
2016/01/17 16:35:00		0.83513	73.33	22.413	0.35625	1010.27	64.553	29.3296	73.249	2.92695	76.176	12.298	741.46	22.8765	3.33333	1.1625	0.775								
2016/01/17 16:40:00		1.07526	63.477	22.4167	0.358854	1010.32	67.725	29.3216	72.434	2.80713	75.241	12.298	746.88	1.33937	3.42917	1.24533	0.79417								
2016/01/17 16:45:00		1.03553	63.242	22.4167	0.360417	1010.36	61.564	29.3049	73.175	2.25255	75.428	12.298	742.71	0.77862	3.206	1.186	0.779								
2016/01/17 16:50:00		0.98281	78.712	22.4141	0.357292	1010.42	45.6896	29.2926	73.863	1.85202	75.715	12.298	742.29	13.0187	3.30633	1.14933	0.76933								
2016/01/17 16:55:00		0.83845	58.591	22.3984	0.35625	1010.5	38.1719	29.2751	72.59	2.99542	75.585	12.298	746.25	11.3222	1.01667	0.316667	0.246667								
2016/01/17 17:00:00		1.00362	66.257	22.3854	0.359375	1010.58	19.0167	29.251	73.588	1.53708	75.125	12.298	754.37	1.2358	0.0	0.0	0.0								
2016/01/17 17:05:00		1.12094	63.246	22.3021	0.35625	1010.63	8.1667	29.2225	74.028	2.523	76.551	12.298	748.33	0.32145	0.0	0.0	0.0								
2016/01/17 17:10:00		0.88225	62.936	22.2057	0.35625	1010.69	1.23958	29.1841	74.202	2.71813	76.921	12.298	747.29	12.2508	0.0	0.0	0.0								
2016/01/17 17:15:00		0.97075	63.155	22.1208	0.355208	1010.75	1.07917	29.1559	73.809	2.65308	76.463	12.298	751.25	22.13	1.7475	0.67083	0.53583								
2016/01/17 17:20:00		0.97421	66.246	22.0161	0.35625	1010.8	1.05	29.1285	73.769	2.55723	76.326	12.298	751.88	28.0233	3.1215	1.05817	0.81533								
2016/01/17 17:25:00		1.01259	67.719	21.8823	0.359375	1010.87	1.05	29.0931	73.642	2.97488	76.617	12.298	748.33	26.6625	3.19067	1.10333	0.83367								
2016/01/17 17:30:00		0.8042	62.26	21.7917	0.360417	1010.92	1.04271	29.0502	72.932	2.92695	75.859	12.298	744.37	23.5016	3.2425	1.17667	0.872								
2016/01/17 17:35:00		0.69717	78.981	21.6943	0.353646	1010.93	1.00625	29.0209	73.704	3.32406	77.029	12.298	745.62	12.0544	3.38067	1.25383	0.90167								
2016/01/17 17:40:00		0.63917	83.59	21.6083	0.354167	1010.97	1.03542	28.9932	72.985	3.62873	76.614	12.298	745.42	6.4647	1.16667	0.51833	0.33								
2016/01/17 17:45:00		0.76104	71.271	21.5042	0.346875	1011.03	1.06458	28.9634	73.503	1.34537	74.849	12.298	743.12	3.66096	2.575	0.925	0.68								
2016/01/17 17:50:00		0.88795	71.826	21.4302	0.35	1011.07	1.02813	28.9312	73.039	2.92353	75.962	12.298	745.21	1.80012	4.56833	1.63167	1.09								
2016/01/17 17:55:00		0.64425	115.836	21.3396	0.35625	1011.16	1.00625	28.9057	72.318	3.05704	75.375	12.298	742.08	0.053575	4.48167	1.50167	1.02833								
2016/01/17 18:00:00		0.78742	99.168	21.249	0.354688	1011.2	1.07187	28.8821	73.03	2.04031	75.07	12.298	739.37	2.62518	3.17167	1.56667	1.13								
2016/01/17 18:05:00		0.93051	81.307	21.1161	0.353125	1011.18	1.02813	28.8662	72.704	2.86875	75.573	12.298	737.92	4.32172	3.39667	1.64333	1.23833								
2016/01/17 18:10:00		0.67858	104.332	20.976	0.351563	1011.28	1.07917	28.8372	73.173	1.99923	75.172	12.298	738.75	2.18943	3.62667	1.77667	1.40333								
2016/01/17 18:15:00		1.08971	117.698	20.901	0.351042	1011.42	1.03542	28.8112	73.363	1.93418	75.297	12.298	740.42	2.13586	3.61	1.84	1.48833								
2016/01/17 18:20:00		1.16364	102.473	20.8026	0.351563	1011.44	1.07187	28.7854	73.008	3.07758	76.085	12.298	739.37	0.55004	3.78333	1.45333	1.105								
2016/01/17 18:25:00		0.80557	114.583	20.7323	0.355208	1011.57	1.05	28.7672	71.875	2.68047	74.556	12.298	743.12	0.0	12.2517	6.0	4.22333								
2016/01/17 18:30:00		1.21135	108.557	20.6578	0.356771	1011.64	1.05	28.7414	72.813	2.05058	74.864	12.298	740.21	0.0	8.6933	4.40833	3.58167								
2016/01/17 18:35:00		1.01269	105.35	20.5849	0.353646	1011.72	1.02083	28.7189	73.24	2.36552	75.605	12.298	740.42	0.0	4.35	2.54333	1.94333								
2016/01/17 18:40:00		0.84997	101.073	20.5005	0.352083	1011.88	1.05	28.6848	72.273	2.28679	74.56	12.298	746.87	0.0	0.0	0.0	0.0								
2016/01/17 18:45:00		1.26354	87.231	20.4354	0.354688	1011.97	1.02083	28.6552	71.998	3.23163	75.23	12.298	746.04	0.0	1.79667	1.09	0.93333								
2016/01/17 18:50:00		1.08546	102.539	20.399	0.355208	1012.09	1.03542	28.637	72.449	2.12247	74.572	12.298	742.29	0.0	3.226	1.74433	1.43417								
2016/01/17 18:55:00		1.24446	101.256	20.3974	0.357292	1012.21	1.01354	28.6163	72.0	2.75578	74.756	12.298	747.5	0.025002	3.44317	1.81117	1.44033								
2016/01/17 19:00:00		1.41629	100.959	20.3089	0.355729	1012.28	1.10104	28.5951	72.452	2.73182	75.183	12.298	745.42	0.55004	3.183	1.762	1.42017								
2016/01/17 19:05:00		1.20706	85.582	20.2964	0.360417	1012.36	1.05	28.5591	72.657	3.3446	76.002	12.298	745.83	2.37516	3.83333	1.76	1.35333								
2016/01/17 19:10:00		1.45291	93.213	20.2573	0.358333	1012.47	1.10833	28.5288	71.958	2.96118	74.919	12.298	747.5	2.96448	3.29333	1.51333	1.32667								
2016/01/17 19:15:00		1.54076	88.192	20.2026	0.355729	1012.58	1.05729	28.5041	72.666	2.13958	74.806	12.298	746.04	1.37509	2.83333	1.60167	1.1975								
2016/01/17 19:20:00		1.0327	95.398	20.1604	0.355208	1012.71	1.05	28.4775	72.874	1.85545	74.729	12.298	743.75	2.92877	2.9	1.54833	1.14333								
2016/01/17 19:25:00		1.38449	83.72	20.1031	0.354688	1012.8	1.05	28.4472	72.043	2.98857	75.031	12.298	738.33	3.0002	2.61667	1.37	1.08667								
2016/01/17 19:30:00		1.52509	85.812	20.0979	0.35625	1012.91	1.04271	28.4219	72.38	2.57435	74.954	12.298	737.92	6.2326	2.53167	1.28833	1.05833								
2016/01/17 19:35:00		1.21041	84.312	20.026	0.355208	1013.05	1.04271	28.3924	72.498	2.28679	74.785	12.298	735.83	2.03228	3.72667	1.44667	1.06167								
2016/01/17 19:40:00		1.11494	76.969	20.0964	0.353125	1013.13	1.05729	28.3714	71.916	2.32444	74.24	12.298	738.12	0.0	5.3483	1.76333	1.14333								
2016/01/17 19:45:00		1.83925	72.186	20.1021	0.357812	1013.22	1.08646	28.3454	72.38	3.04677	75.427	12.298	738.33	0.0	5.0158	1.86767	1.19117								
2016/01/17 19:50:00		1.77824	67.604	20.0995	0.355729	1013.3	1.05729	28.3215	72.938	1.42753	74.366	12.298	737.5	0.007143	3.68667	1.45417	1.12667								
2016/01/17 19:55:00		1.65992	66.943	20.1005	0.357812	1013.35	1.05729	28.2797	71.951	3.23847	75.19	12.298	736.87	3.52881	2.965	1.57	1.11167								
2016/01/17 20:00:00		1.32042	69.946	20.1042	0.360938	1013.46	1.09375	28.2292	73.108	2.61885	75.727	12.298	742.92	0.34288	3.24667	1.44	1.0125								
2016/01/17 20:05:00		1.31035	70.4	20.0958	0.357812	1013.52	1.07187	28.1865	73.454	1.32141	74.776	12.298	734.17	0.98578	4.022	1.4935	1.0255								
2016/01/17 20:10:00		1.50812	69.379	20.1016	0.354167	1013.61	1.03542	28.1376	73.497	1.7014	75.198	12.298	737.29	0.0	3.60783	1.45517	1.02517								
2016/01/17 20:15:00		2.3576	65.531	20.0833	0.356771	1013.69	1.05729	28.1016	73.265	1.49257	74.757	12.298	744.37	1.55725	2.25	1.13167	0.915								
2016/01/17 20:20:00		2.00539	68.408	20.0005	0.358854	1013.76	1.07187	28.0646	73.271	1.02358	74.295	12.298	742.29	6.0361	2.32897	1.14845	0.96897								
2016/01/17 20:25:00		2.08612	65.89	19.9964	0.351563	1013.85	1.07917	28.0259	73.048	3.00569	76.054	12.298	742.71	0.167868	3.00508	1.41898	1.03305								
2016/01/17 20:30:00		2.03075	66.68	20.0005	0.359896	1013.92	1.05	27.9961	74.636	1.24609	75.882	12.298	746.25	2.64303	2.43417	1.27083	0.96								
2016/01/17 20:35:00		1.94398	68.503	19.9948	0.354688	1013.96	1.03542	27.9717	73.874	2.4203	76.295	12.298	739.58	6.5469	2.31917	1.23483	0.952								
2016/01/17 20:40:00		1.79074	66.076	19.9984	0.35625	1014.06	1.00625	27.9416	73.499	2.20463	75.704	12.298	736.04	0.75719	2.36867	1.25383	0.95433								
2016/01/17 20:45:00		1.19404	62.21	19.9948	0.357812	1014.05	0.96979	27.9199	73.841	1.53023	75.371	12.298	738.33	0.85363	2.14217	0.93833	0.7225								
2016/01/17 20:50:00		1.69097	54.258	19.9969	0.356771	1014.12	1.09375	27.9067	73.396	1.93076	75.327	12.298	731.04	3.14664	0.0	0.0	0.0								
2016/01/17 20:55:00		0.93058	59.987	19.9948	0.355208	1014.22	0.99896	27.8831	74.017	2.07454	76.092	12.298	728.13	11.7651	1.895	1.01	0.825								
2016/01/17 21:00:00		1.37514	57.362	19.9906	0.357292	1014.2	1.05	27.8732	74.022	1.59185	75.613	12.298	740.0	1.86441	4.05067	1.75533	1.257								
2016/01/17 21:05:00		1.14309	50.616	19.9932	0.358333	1014.22	1.00625	27.8547	74.412	1.69455	76.107	12.298	742.5	1.49653	3.882	1.62483	1.19933								
2016/01/17 21:10:00		1.29184	73.907	19.9495	0.356771	1014.41	1.04271	27.8442	73.928	2.23201	76.16	12.298	750.42	3.17878	3.82733	1.53217	1.15433								
2016/01/17 21:15:00		1.16745	83.909	19.8943	0.359375	1014.52	1.03542	27.8273	74.625	0.93115	75.556	12.298	737.71	1.06793	3.46483	1.4715	1.124								
2016/01/17 21:20:00		1.57595	92.737	19.8917	0.359375	1014.58	1.06458	27.8114	74.783	2.08481	76.868	12.298	737.29	0.56432	3.358	1.46233	1.11333								
2016/01/17 21:25:00		1.96632	92.918	19.8	0.356771	1014.61	1.02813	27.7994	73.751	1.99923	75.751	12.298	741.04	0.007143	3.21333	1.32333	1.09833								
2016/01/17 21:30:00		2.08921	94.045	19.7776	0.35625	1014.62	1.07187	27.7819	74.52	1.78698	76.307	12.298	732.08	1.70726	5.3208	1.64083	1.23583								
2016/01/17 21:35:00		1.20831	93.859	19.7292	0.352604	1014.67	1.05729	27.7701	75.007	1.07835	76.085	12.298	728.75	0.06429	3.095	1.465	1.13667								
2016/01/17 21:40:00		1.78902	98.419	19.7089	0.356771	1014.72	0.98438	27.7556	74.897	1.22898	76.126	12.298	730.62	0.0	2.23333	1.26667	1.06333								
2016/01/17 21:45:00		1.35296	103.551	19.6271	0.355729	1014.75	0.99896	27.7483	74.223	1.53708	75.76	12.298	729.17	0.110722	3.17167	1.3635	1.0455								
2016/01/17 21:50:00		1.10711	71.486	19.5698	0.353646	1014.78	1.06458	27.7363	74.575	2.02661	76.602	12.298	727.08	0.157153	3.147	1.25633	0.993								
2016/01/17 21:55:00		1.28265	88.63	19.5193	0.356771	1014.78	1.05729	27.7263	74.283	2.48876	76.772	12.298	721.88	0.489318	3.00367	1.24717	0.97867								
2016/01/17 22:00:00		1.41132	66.043	19.4214	0.353646	1014.74	1.07187	27.7199	74.43	2.0095	76.44	12.298	718.54	0.57504	3.145	1.31733	0.99317								
2016/01/17 22:05:00		1.3429	77.251	19.4063	0.35625	1014.75	1.02083	27.7038	74.538	2.69759	77.235	12.298	720.63	0.0	3.29867	1.32817	0.99033								
2016/01/17 22:10:00		0.83658	77.223	19.325	0.360417	1014.78	1.11563	27.6868	75.027	1.08862	76.115	12.298	715.0	0.0	3.54717	1.36183	0.98683								
2016/01/17 22:15:00		1.24479	59.815	19.3266	0.357292	1014.78	1.05	27.6627	74.542	2.17039	76.712	12.298	716.04	0.0	3.97	1.48333	1.04333								
2016/01/17 22:20:00		0.90445	65.036	19.3188	0.355729	1014.77	1.05	27.6471	75.069	1.44465	76.514	12.298	718.13	0.0	4.80833	2.32	1.81167								
2016/01/17 22:25:00		1.14204	67.061	19.2266	0.357292	1014.78	1.02083	27.6374	74.446	2.62227	77.068	12.298	716.67	1.22508	2.15333	1.25167	1.02833								
2016/01/17 22:30:00		0.90714	61.286	19.2161	0.358333	1014.78	1.05	27.624	75.228	1.21528	76.443	12.298	714.38	7.8648	2.20333	1.22	1.07333								
2016/01/17 22:35:00		0.77622	53.674	19.1266	0.357292	1014.82	0.99896	27.602	74.75	1.58158	76.331	12.298	712.92	8.0434	4.20167	1.57667	1.24								
2016/01/17 22:40:00		0.96485	71.044	19.1271	0.359896	1014.87	1.10104	27.5862	74.207	1.25979	75.467	12.298	708.54	0.210728	2.58333	1.34833	1.24								
2016/01/17 22:45:00		0.89807	60.355	19.0479	0.358333	1014.85	1.05	27.5636	74.558	1.41041	75.968	12.298	700.0	7.9934	5.3	2.37333	2.09								
2016/01/17 22:50:00		1.15498	63.908	19.025	0.359375	1014.78	0.99167	27.533	74.649	1.37276	76.022	12.298	703.96	17.8226	2.61667	1.55167	1.32167								
2016/01/17 22:55:00		0.79541	49.8563	19.0203	0.357292	1014.83	1.03542	27.5022	74.29	1.96157	76.251	12.298	702.08	19.5906	7.975	4.74	4.065								
2016/01/17 23:00:00		0.87396	53.904	19.0208	0.357292	1014.85	1.04271	27.4651	74.484	1.37618	75.86	12.298	699.58	6.4076	7.665	3.39	2.47								
2016/01/17 23:05:00		0.58369	68.521	19.0193	0.354688	1014.83	1.04271	27.4337	74.752	1.05096	75.803	12.298	690.63	0.0	8.4367	4.34	3.03667								
2016/01/17 23:10:00		0.57081	46.4939	19.0172	0.35625	1014.85	1.03542	27.4009	74.732	1.82806	76.56	12.298	689.58	0.010715	4.275	1.885	1.23								
2016/01/17 23:15:00		0.73507	53.216	19.0193	0.355208	1014.81	1.03542	27.3658	74.263	2.30733	76.57	12.298	690.83	1.7144	6.44	2.465	1.80833								
2016/01/17 23:20:00		0.87383	66.779	19.0219	0.356771	1014.8	0.99167	27.3378	74.33	1.61239	75.942	12.298	689.58	3.23236	4.01	1.74333	1.26167								
2016/01/17 23:25:00		1.62231	52.874	19.0234	0.361979	1014.84	1.10833	27.3086	74.506	2.27994	76.786	12.298	681.46	9.3042	2.51667	1.48667	1.23								
2016/01/17 23:30:00		0.68824	52.205	18.9734	0.356771	1014.83	1.04271	27.2723	74.821	1.39672	76.218	12.298	682.5	24.7731	7.465	4.06833	3.115								
2016/01/17 23:35:00		0.469408	59.057	18.9198	0.358333	1014.83	1.05729	27.2511	74.37	1.50969	75.88	12.298	679.58	8.822	10.555	6.535	5.475								
2016/01/17 23:40:00		0.85403	61.932	18.9208	0.35625	1014.79	1.07917	27.2326	74.091	1.63293	75.724	12.298	673.33	8.5006	10.81	7.075	5.795								
2016/01/17 23:45:00		0.88669	56.032	18.8865	0.355729	1014.78	1.12292	27.2092	75.123	1.12285	76.245	12.1741	675.0	9.2506	9.23	6.795	5.765								
2016/01/17 23:50:00		0.81006	56.84	18.8214	0.356771	1014.75	1.09375	27.1864	74.334	2.1567	76.491	12.2837	674.17	9.8935	7.9233	5.3867	4.55167								
2016/01/17 23:55:00		0.53697	61.611	18.8073	0.356771	1014.78	1.05	27.1636	74.39	1.95472	76.345	12.1884	672.71	5.679	3.24	2.035	1.805								
2016/01/18 00:00:00		0.87919	66.247	18.7208	0.358854	1014.73	1.02083	27.1467	73.631	1.53708	75.168	12.2837	673.33	9.9292	3.13833	2.125	1.84167								
