-- 1st mean values --
Format: XTAB(V:1;HEAD:2;COL:TCFFFFFFFFFFFFFFFFFFFFFFFF)
StartTime: 2016/01/24 00:00:00
EndTime: 2016/01/25 00:00:00
Period: 24 h
Station: Gia Lam

Time	MeasPt	Wind Spd.	Wind Dir.	Temp	RH	Barometer	Radiation	InnerTemp	NO	NO2	NOx	SO2	CO	O3	PM-10	PM-2.5	PM-1	CH4	NMHC	THC	BENZEN	TOLUEN	ETHYL BENZEN	MP-XYLEN	O-XYLEN
		m/s	degree	°C	%	hPa	W/m²	°C	µg/m3	µg/m3	µg/m3	µg/m3	µg/m3	µg/m3	µg/m3	µg/m3	µg/m3	ppm	ppmC	ppmC	ug/m3	ug/m3	ug/m3	ug/m3	ug/m3
2016/01/24 00:05:00		1.04709	59.398	7.5734	0.353125	1032.69	1.13021	17.6681	35.5815	0.05135	35.6328	12.4887	414.792	25.4445	8.2533	7.8817	7.42								
2016/01/24 00:10:00		0.83796	36.9951	7.613	0.354688	1032.78	1.11563	17.6549	35.137	0.058197	35.1952	12.584	410.0	18.8691	5.9433	5.54	4.96833								
2016/01/24 00:15:00		0.71454	39.37	7.6469	0.356771	1032.83	1.1375	17.6367	34.8735	0.43134	35.3048	12.4553	399.167	42.5171	3.40167	2.84833	2.62167								
2016/01/24 00:20:00		1.41582	35.0309	7.7208	0.358333	1032.87	1.07917	17.6128	34.7976	0.99619	35.7938	12.4648	403.958	46.0031	2.445	2.16667	2.08667								
2016/01/24 00:25:00		1.53961	32.696	7.8182	0.352083	1032.84	1.13021	17.5671	34.0271	0.72575	34.7528	12.584	390.625	54.764	1.96833	1.945	1.875								
2016/01/24 00:30:00		1.37183	22.1593	7.8766	0.354167	1032.87	1.02813	17.5507	34.3755	0.116393	34.4919	12.584	389.375	59.629	2.00667	1.86	1.80167								
2016/01/24 00:35:00		1.62836	32.5146	7.9214	0.351042	1032.79	1.09375	17.5346	34.036	0.54773	34.5837	12.4744	391.875	73.18	1.84833	1.83667	1.77167								
2016/01/24 00:40:00		1.22635	43.903	7.9229	0.348958	1032.77	1.09375	17.5126	33.1226	0.4108	33.5334	12.4458	385.625	73.683	2.43333	2.165	2.05167								
2016/01/24 00:45:00		1.07595	69.609	7.924	0.355208	1032.8	1.10104	17.463	33.4129	0.61962	34.0325	12.5459	379.792	56.147	3.96833	3.64	3.49833								
2016/01/24 00:50:00		1.30503	48.8836	7.9208	0.357292	1032.76	1.15937	17.4275	32.3387	1.25294	33.5916	12.522	385.208	58.654	2.02667	1.87667	1.79667								
2016/01/24 00:55:00		1.127	28.7527	7.9234	0.354167	1032.77	1.10833	17.4117	32.3275	1.40014	33.7276	12.4172	371.667	18.1405	1.135	1.04667	0.97333								
2016/01/24 01:00:00		0.95763	56.164	7.9245	0.355208	1032.82	1.03542	17.394	32.0774	1.33168	33.409	12.3123	374.167	0.04286	3.17833	2.73333	2.58833								
2016/01/24 01:05:00		1.77325	31.2245	7.9214	0.358333	1032.92	1.14479	17.3545	31.0098	2.83452	33.8444	12.5745	373.958	0.232158	2.10167	2.09833	2.06								
2016/01/24 01:10:00		1.08914	38.8733	7.9193	0.355729	1032.85	1.07917	17.3325	30.5855	2.09508	32.6806	12.5173	370.833	242.316	2.03	1.95333	1.89333								
2016/01/24 01:15:00		0.89291	30.8557	7.925	0.355729	1033.06	1.09375	17.3249	30.7329	1.88283	32.6157	12.5506	360.833	292.627	2.16333	1.99667	1.9								
2016/01/24 01:20:00		1.2695	20.5648	7.9182	0.355208	1032.83	1.10833	17.3182	30.3845	1.16051	31.545	12.5125	363.333	291.627	0.0	0.0	0.0								
2016/01/24 01:25:00		0.93633	36.4541	7.8234	0.354167	1032.8	1.10104	17.2879	29.7994	2.44084	32.2402	12.36	355.0	291.941	0.0	0.0	0.0								
2016/01/24 01:30:00		1.27254	24.8234	7.7828	0.359896	1032.97	1.16667	17.2452	29.2299	1.30087	30.5307	12.441	351.042	268.932	0.0	0.0	0.0								
2016/01/24 01:35:00		1.1503	45.7403	7.7271	0.359375	1032.93	1.09375	17.2331	28.9016	1.54735	30.4489	12.4458	348.542	101.564	0.0	0.0	0.0								
2016/01/24 01:40:00		0.92521	21.8247	7.7078	0.348958	1033.05	1.07917	17.2168	28.7631	0.84556	29.6087	12.3695	342.083	72.398	0.0	0.0	0.0								
2016/01/24 01:45:00		0.86847	54.005	7.6151	0.350521	1032.72	1.13021	17.1703	28.4862	1.00304	29.4892	12.298	335.0	76.509	0.0	0.0	0.0								
2016/01/24 01:50:00		1.23753	35.6965	7.6146	0.355208	1032.82	1.13021	17.1354	27.9502	1.91707	29.8672	12.3933	338.333	68.851	0.0	0.0	0.0								
2016/01/24 01:55:00		1.19701	32.9273	7.6125	0.353125	1032.97	1.15937	17.1233	27.2958	2.92353	30.2193	12.3647	330.0	60.204	0.0	0.0	0.0								
2016/01/24 02:00:00		1.12409	38.1074	7.5932	0.353646	1032.87	1.12292	17.096	27.4544	1.71167	29.166	12.298	330.417	59.825	0.0	0.0	0.0								
2016/01/24 02:05:00		0.80133	42.7529	7.5146	0.35625	1032.9	1.11563	17.0549	27.8407	2.01292	29.8537	12.4362	325.0	59.322	0.0	0.0	0.0								
2016/01/24 02:10:00		0.34864	28.8553	7.5099	0.351563	1032.9	1.09375	17.038	26.3154	2.47507	28.7904	12.3028	322.083	50.489	0.0	0.0	0.0								
2016/01/24 02:15:00		0.65594	49.3799	7.512	0.35	1032.88	1.1375	17.0224	26.8357	1.5405	28.3762	12.298	311.875	41.5742	0.0	0.0	0.0								
2016/01/24 02:20:00		0.54924	12.1125	7.5135	0.354167	1032.96	1.06458	16.9988	26.6839	1.73905	28.4229	12.298	312.708	53.779	0.0	0.0	0.0								
2016/01/24 02:25:00		0.73104	37.3467	7.5104	0.355729	1033.08	1.09375	16.966	26.2774	1.29744	27.5748	12.298	312.917	68.572	0.0	0.0	0.0								
2016/01/24 02:30:00		0.80769	35.2198	7.5109	0.349479	1033.16	1.10833	16.9563	26.5878	2.11562	28.7035	12.3266	302.5	63.797	0.0	0.0	0.0								
2016/01/24 02:35:00		0.83874	67.449	7.4557	0.355208	1033.14	1.07917	16.9577	26.025	1.30429	27.3293	12.4124	303.542	63.919	0.0	0.0	0.0								
2016/01/24 02:40:00		0.426906	21.1613	7.4125	0.354688	1033.24	1.1375	16.9287	25.4935	1.2769	26.7704	12.298	303.75	61.361	0.0	0.0	0.0								
2016/01/24 02:45:00		0.88482	5.7405	7.4156	0.353646	1033.14	1.13021	16.912	25.8017	0.98934	26.791	12.298	303.542	56.154	0.0	0.0	0.0								
2016/01/24 02:50:00		0.427374	52.005	7.3891	0.353125	1032.97	1.09375	16.9257	25.9603	1.75275	27.713	12.298	295.625	63.997	7.6317	5.3	4.82667								
2016/01/24 02:55:00		0.499522	41.4449	7.3182	0.352083	1033.12	1.10104	16.9171	25.4176	1.51654	26.9341	12.3075	284.167	44.8851	6.29	4.195	3.635								
2016/01/24 03:00:00		0.94264	47.2157	7.2755	0.353646	1033.23	1.10104	16.908	24.9419	1.02358	25.9654	12.298	287.708	61.551	0.0	0.0	0.0								
2016/01/24 03:05:00		0.84345	42.2398	7.1698	0.351042	1033.11	1.10833	16.9174	25.1674	0.60593	25.7734	12.3504	292.708	63.269	0.0	0.0	0.0								
2016/01/24 03:10:00		0.81686	38.6079	7.0536	0.357812	1033.18	1.12292	16.9276	24.7677	1.46519	26.2328	12.3361	285.833	60.229	0.0	0.0	0.0								
2016/01/24 03:15:00		0.386788	31.0056	6.9313	0.355208	1033.17	1.09375	16.8978	23.9011	2.12589	26.027	12.298	269.167	52.679	0.0	0.0	0.0								
2016/01/24 03:20:00		1.16732	25.4608	6.8479	0.355208	1033.25	1.14479	16.8863	24.5198	1.7904	26.3102	12.298	279.375	47.4996	4.255	4.025	3.73								
2016/01/24 03:25:00		1.75732	29.8624	6.7927	0.348958	1033.08	1.07917	16.8925	23.7202	1.50284	25.2231	12.3981	284.583	44.6922	5.9	5.795	5.555								
2016/01/24 03:30:00		0.86957	15.5505	6.7109	0.355208	1033.02	1.12292	16.8809	23.7292	1.70482	25.434	12.4029	268.542	57.586	4.74	4.54667	4.245								
2016/01/24 03:35:00		0.82762	22.0333	6.7115	0.353646	1033.08	1.07917	16.8527	23.7247	0.67097	24.3957	12.3171	267.917	51.721	4.99	4.42833	4.22833								
2016/01/24 03:40:00		1.41374	17.8119	6.713	0.356771	1033.15	1.08646	16.8613	23.6711	1.19132	24.8624	12.298	263.542	63.836	4.84	3.925	3.565								
2016/01/24 03:45:00		1.02736	25.1959	6.7109	0.357292	1033.09	1.15937	16.8479	23.4411	0.301253	23.7423	12.298	263.125	66.308	2.49167	1.98667	1.77167								
2016/01/24 03:50:00		1.10009	0.66618	6.7135	0.353125	1033.44	1.10833	16.8176	23.5572	1.06123	24.6184	12.298	254.792	63.394	2.57333	1.955	1.76								
2016/01/24 03:55:00		1.79864	9.4661	6.7104	0.359375	1033.47	1.15208	16.8028	22.7733	0.59224	23.3655	12.3838	250.0	71.755	2.22667	1.88833	1.74667								
2016/01/24 04:00:00		0.91762	348.47	6.7417	0.354167	1033.39	1.09375	16.7993	22.0184	2.01634	24.0348	12.3123	249.583	72.133	2.06833	1.95667	1.8								
2016/01/24 04:05:00		1.19769	29.1372	6.8224	0.353646	1033.56	1.06458	16.7569	22.3668	0.65043	23.0173	12.3457	257.5	74.58	0.0	0.0	0.0								
2016/01/24 04:10:00		1.31512	24.5912	6.8141	0.353125	1033.79	1.09375	16.7413	22.0542	0.70863	22.7628	12.3409	256.458	73.212	0.0	0.0	0.0								
2016/01/24 04:15:00		0.99281	29.7862	6.8193	0.356771	1033.99	1.09375	16.7375	21.9537	0.67097	22.6246	12.298	238.75	74.43	0.0	0.0	0.0								
2016/01/24 04:20:00		1.4303	14.6411	6.8182	0.356771	1034.09	1.16667	16.7185	22.3199	1.027	23.3469	12.3838	240.625	75.991	0.0	0.0	0.0								
2016/01/24 04:25:00		1.20262	18.5044	6.8182	0.35625	1034.11	1.05	16.6919	20.7253	1.25294	21.9783	12.3171	252.083	73.637	0.0	0.0	0.0								
2016/01/24 04:30:00		0.59357	358.176	6.7271	0.354688	1034.14	1.10833	16.6927	21.0335	1.05096	22.0845	12.3171	237.708	68.751	0.0	0.0	0.0								
2016/01/24 04:35:00		1.0222	45.8024	6.6255	0.356771	1034.09	1.05729	16.6801	20.1871	0.97907	21.1662	12.3743	233.75	59.818	0.0	0.0	0.0								
2016/01/24 04:40:00		1.38259	28.3886	6.5193	0.355208	1033.99	1.10833	16.6328	20.6941	0.82845	21.5225	12.3075	233.958	69.955	0.0	0.0	0.0								
2016/01/24 04:45:00		0.83157	15.6402	6.4198	0.353646	1034.39	1.09375	16.5987	21.2993	0.260173	21.5595	12.298	234.792	68.194	0.0	0.0	0.0								
2016/01/24 04:50:00		1.37112	24.3563	6.412	0.353646	1034.53	1.10104	16.5832	20.866	0.37999	21.246	12.298	228.333	62.429	0.0	0.0	0.0								
2016/01/24 04:55:00		1.11556	17.8969	6.4099	0.356771	1034.55	1.08646	16.5362	19.9057	1.40699	21.3127	12.298	226.875	57.157	0.0	0.0	0.0								
2016/01/24 05:00:00		0.55977	24.6881	6.4083	0.355208	1034.49	1.06458	16.4908	20.4238	0.51692	20.9408	12.3075	224.583	51.878	0.0	0.0	0.0								
2016/01/24 05:05:00		0.76005	48.5188	6.4094	0.353646	1034.42	1.07187	16.4707	19.7717	0.50323	20.2749	12.298	221.667	59.983	0.0	0.0	0.0								
2016/01/24 05:10:00		0.76019	73.848	6.4281	0.356771	1034.39	1.10104	16.4342	19.7918	0.82502	20.6168	12.298	222.083	62.279	0.0	0.0	0.0								
2016/01/24 05:15:00		0.491234	34.8686	6.5031	0.355208	1034.48	1.14479	16.3829	20.0464	0.106123	20.1525	12.298	220.417	52.725	0.0	0.0	0.0								
2016/01/24 05:20:00		1.07618	7.7983	6.5104	0.355208	1034.76	1.06458	16.366	19.6712	1.00988	20.6811	12.298	221.458	30.8735	1.905	1.79	1.71								
2016/01/24 05:25:00		1.38355	20.5083	6.5557	0.351563	1034.86	1.10833	16.3295	19.7025	1.1297	20.8322	12.298	209.583	56.122	4.58333	4.39167	4.06333								
2016/01/24 05:30:00		0.71029	34.3054	6.6068	0.357292	1034.94	1.16667	16.2962	19.6087	0.147203	19.7559	12.298	216.042	61.486	2.5	2.43	2.28								
2016/01/24 05:35:00		0.70229	48.3598	6.601	0.355729	1034.65	1.09375	16.2803	18.9789	0.55116	19.53	12.298	213.333	33.9523	0.0	0.0	0.0								
2016/01/24 05:40:00		0.75685	23.6025	6.6047	0.351042	1034.68	1.09375	16.265	18.8761	2.12931	21.0055	12.298	217.5	30.1056	0.0	0.0	0.0								
2016/01/24 05:45:00		0.57834	9.0832	6.601	0.355208	1034.86	1.03542	16.2307	19.1508	1.04754	20.1984	12.298	210.625	34.2737	0.0	0.0	0.0								
2016/01/24 05:50:00		0.92159	33.4437	6.6021	0.355208	1035.02	1.07917	16.2428	18.4071	0.62989	19.037	12.298	210.417	29.4162	0.0	0.0	0.0								
2016/01/24 05:55:00		0.93214	36.6317	6.5135	0.353125	1035.17	1.12292	16.2441	19.2781	0.85926	20.1374	12.298	209.167	56.689	4.68333	4.205	3.95167								
2016/01/24 06:00:00		0.87641	38.5063	6.5099	0.354688	1035.25	1.10104	16.2261	18.7019	1.13997	19.8419	12.298	206.458	45.8245	5.86	5.545	5.065								
2016/01/24 06:05:00		0.431116	352.124	6.4932	0.354167	1035.47	1.07917	16.2221	19.4903	0.458727	19.949	12.298	201.042	29.5163	5.3433	4.86333	4.46667								
2016/01/24 06:10:00		0.76302	5.8264	6.4089	0.35625	1035.58	1.11563	16.2317	19.3094	1.13655	20.4459	12.298	202.5	18.5155	5.545	5.42	5.175								
2016/01/24 06:15:00		0.91078	36.9472	6.3745	0.352604	1035.73	1.04271	16.207	19.9481	0.54431	20.4924	12.298	203.542	16.8761	3.16167	3.04333	2.855								
2016/01/24 06:20:00		1.17933	11.8123	6.2911	0.358333	1035.78	1.05729	16.2006	18.8203	0.75656	19.5769	12.298	201.667	29.8948	0.0	0.0	0.0								
2016/01/24 06:25:00		1.11044	33.5822	6.2099	0.350521	1035.79	1.06458	16.2121	19.2424	1.30087	20.5433	12.298	200.0	17.9762	0.0	0.0	0.0								
2016/01/24 06:30:00		0.74763	28.5542	6.1443	0.357812	1036.07	1.04271	16.1904	18.1592	1.34879	19.508	12.298	200.417	25.1624	5.585	4.915	4.535								
2016/01/24 06:35:00		0.499907	63.649	6.1042	0.353125	1036.06	1.03542	16.167	19.267	0.70521	19.9722	12.298	202.292	12.3615	5.925	5.405	5.025								
2016/01/24 06:40:00		0.5692	14.4462	6.0693	0.353646	1036.15	1.03542	16.1821	19.1977	0.60935	19.8071	12.298	195.833	8.7613	5.4867	5.0667	4.53167								
2016/01/24 06:45:00		0.66791	14.8823	6.0099	0.355208	1036.39	1.06458	16.1555	19.258	0.75656	20.0146	12.298	201.458	6.929	6.325	5.76	5.33								
2016/01/24 06:50:00		1.21372	25.872	5.9719	0.354167	1036.42	1.05729	16.1235	19.0392	1.40014	20.4393	12.298	199.792	19.3906	5.1433	4.83	4.53167								
2016/01/24 06:55:00		1.35322	23.337	5.9089	0.357292	1036.84	1.04271	16.1303	19.7672	0.397107	20.1643	12.298	202.708	28.6591	5.01	4.55333	4.28667								
2016/01/24 07:00:00		0.9346	12.7772	5.9094	0.358333	1036.87	1.07917	16.1088	19.0749	0.89349	19.9684	12.298	198.333	15.2046	6.895	5.755	5.325								
2016/01/24 07:05:00		1.10674	48.7005	5.913	0.363021	1036.82	1.04271	16.0768	20.3591	0.455303	20.8144	12.298	197.5	0.028573	5.345	4.95333	4.67333								
2016/01/24 07:10:00		0.90985	45.4218	5.9135	0.354167	1036.89	1.02813	16.079	20.1737	0.178013	20.3517	12.298	196.042	8.9899	5.16	4.805	4.55167								
2016/01/24 07:15:00		0.67991	3.26359	5.837	0.358333	1037.16	1.10104	16.0562	19.4389	0.366297	19.8052	12.2027	191.875	3.95383	5.97	5.455	5.01								
2016/01/24 07:20:00		1.12075	28.2609	5.812	0.354688	1037.39	1.07917	16.0291	19.9504	0.63332	20.5837	12.2027	196.458	6.754	5.95	5.48	5.055								
2016/01/24 07:25:00		1.37867	22.798	5.8109	0.35625	1037.6	1.10833	16.0333	20.3903	0.047927	20.4383	12.2456	201.458	20.5799	5.5	5.125	4.865								
2016/01/24 07:30:00		0.76288	3.16375	5.7411	0.359896	1037.75	1.08646	16.018	20.7566	0.84899	21.6056	12.298	202.292	17.2297	4.435	4.045	3.82167								
2016/01/24 07:35:00		0.96926	5.4447	5.7036	0.354167	1037.92	1.02083	15.9829	19.8677	1.56446	21.4322	12.3409	208.958	5.8682	2.56667	2.53	2.34333								
2016/01/24 07:40:00		0.74194	15.8729	5.7865	0.352604	1038.03	1.05	15.9796	20.2586	0.65386	20.9124	12.298	202.083	2.03585	1.35333	1.34333	1.24333								
2016/01/24 07:45:00		0.86344	50.489	5.813	0.356771	1038.16	0.99167	15.9673	20.6874	0.59908	21.2864	12.298	214.375	3.58952	4.555	4.03333	3.67667								
2016/01/24 07:50:00		0.54413	25.5311	5.8109	0.354167	1038.22	1.04271	15.9335	21.0782	0.02054	21.0987	12.298	203.75	6.3326	3.49667	3.20167	2.91								
2016/01/24 07:55:00		0.61028	54.579	5.7479	0.353125	1038.21	1.15208	15.9192	20.531	0.43134	20.9624	12.298	206.458	13.3545	1.93	1.8	1.69								
2016/01/24 08:00:00		0.82543	23.5545	5.7005	0.354167	1038.34	2.11458	15.8841	21.2345	0.53746	21.772	12.298	213.333	24.0695	0.0	0.0	0.0								
2016/01/24 08:05:00		1.04539	18.4005	5.7042	0.356771	1038.34	11.0031	15.8347	20.6248	0.362873	20.9877	12.298	214.167	11.24	0.0	0.0	0.0								
2016/01/24 08:10:00		0.55769	29.9834	5.8016	0.358333	1038.46	14.2552	15.8129	21.5517	0.19513	21.7468	12.298	208.125	1.32866	0.0	0.0	0.0								
2016/01/24 08:15:00		0.82671	32.4159	5.8234	0.356771	1038.61	15.4	15.8	21.3596	0.54089	21.9005	12.298	214.792	0.54646	0.0	0.0	0.0								
2016/01/24 08:20:00		0.90208	21.9434	5.9057	0.359896	1038.78	10.0188	15.763	22.1792	0.047927	22.2272	12.298	205.0	7.0862	0.0	0.0	0.0								
2016/01/24 08:25:00		1.04217	18.7796	5.9094	0.354688	1038.92	5.4542	15.7402	21.2837	0.70178	21.9855	12.5077	212.292	18.2048	0.0	0.0	0.0								
2016/01/24 08:30:00		0.57915	13.018	5.9083	0.351563	1039.13	1.07917	15.716	21.3886	0.301253	21.6899	12.3075	217.083	1.67868	6.6567	5.6267	4.96333								
2016/01/24 08:35:00		0.85912	344.614	5.9563	0.361458	1039.14	2.625	15.6884	21.9604	0.376567	22.3369	12.4029	211.875	0.0	5.4683	4.725	4.23667								
2016/01/24 08:40:00		0.75289	346.617	6.0068	0.360938	1039.24	3.5875	15.6943	21.6656	0.80448	22.4701	12.4601	216.042	0.100007	4.38333	3.96667	3.61667								
2016/01/24 08:45:00		0.89491	46.1098	5.9844	0.351563	1039.38	6.1177	15.6916	21.7951	0.98592	22.781	12.4029	221.042	32.145	4.08667	3.91333	3.63								
2016/01/24 08:50:00		0.56863	349.819	5.9125	0.353646	1039.42	11.2365	15.6723	22.3199	0.078737	22.3987	12.584	216.25	26.1732	1.11	1.08	1.0								
2016/01/24 08:55:00		0.338878	14.6853	5.9073	0.35625	1039.5	17.5729	15.676	22.4271	0.74629	23.1734	12.4839	226.042	7.3791	0.0	0.0	0.0								
2016/01/24 09:00:00		0.37486	46.5607	5.9104	0.355729	1039.64	11.601	15.6846	22.2395	0.499807	22.7393	12.4172	225.833	28.4376	1.94	1.71	1.49								
2016/01/24 09:05:00		0.52473	12.343	5.9068	0.358333	1039.71	26.4323	15.6642	22.3132	0.345757	22.659	12.4267	226.042	27.0482	5.285	5.02	4.595								
2016/01/24 09:10:00		0.76745	23.1097	5.9094	0.351563	1039.95	29.8083	15.6658	22.4316	0.70178	23.1334	12.3266	224.583	35.4024	5.065	4.44	4.165								
2016/01/24 09:15:00		0.71366	35.4725	5.8464	0.354688	1040.11	42.9188	15.6527	23.0904	0.19513	23.2856	12.298	222.292	47.3282	3.81167	3.61	3.325								
2016/01/24 09:20:00		1.13989	26.2246	5.8104	0.355208	1040.05	22.1448	15.618	22.7152	0.486113	23.2013	12.3123	225.833	35.5024	4.23	3.75333	3.41								
2016/01/24 09:25:00		0.50441	350.94	5.7578	0.354167	1040.13	20.526	15.621	22.1256	1.05781	23.1834	12.3075	229.375	27.4018	4.405	3.965	3.68								
2016/01/24 09:30:00		1.17817	9.0662	5.7031	0.354167	1040.16	23.6833	15.6062	21.9425	0.18486	22.1274	12.298	226.875	35.1345	3.835	3.5	3.38								
2016/01/24 09:35:00		1.1862	28.5662	5.7057	0.353125	1040.31	28.226	15.5775	22.5433	0.393683	22.937	12.3123	232.917	21.3479	4.585	4.35	3.985								
2016/01/24 09:40:00		1.67903	28.0895	5.6651	0.348958	1040.27	42.0292	15.5683	22.8157	1.15024	23.966	12.4362	225.417	36.5524	4.23833	3.62	3.28833								
2016/01/24 09:45:00		0.99638	31.4754	5.6526	0.351563	1040.2	67.061	15.5737	22.9631	0.294407	23.2575	12.298	228.125	19.6227	5.58	4.83	4.415								
2016/01/24 09:50:00		1.10146	35.7751	5.7078	0.351563	1040.18	61.053	15.5466	22.9855	0.188283	23.1737	12.3504	225.417	12.1044	4.555	4.27833	3.995								
2016/01/24 09:55:00		1.07736	10.1869	5.7021	0.351042	1040.18	38.4927	15.5501	23.1128	1.03727	24.15	12.4076	223.958	36.0774	4.25	4.08667	3.88667								
2016/01/24 10:00:00		0.86678	30.888	5.7042	0.353125	1040.13	48.5479	15.5453	23.4857	0.6744	24.1601	12.4219	228.542	17.894	5.105	4.54	4.215								
2016/01/24 10:05:00		1.29148	31.9657	5.7057	0.353646	1040.18	69.526	15.5208	22.9832	0.53746	23.5207	12.3171	228.125	16.7297	3.66833	3.47667	3.3								
2016/01/24 10:10:00		1.25685	17.5816	5.7078	0.357292	1040.21	93.917	15.5318	22.9788	0.314947	23.2937	12.236	228.333	16.3332	4.68	4.095	3.73167								
2016/01/24 10:15:00		0.64755	15.9339	5.7036	0.352604	1040.27	78.706	15.5198	23.5952	0.4108	24.006	12.298	233.125	3.4288	4.29	3.67	3.245								
2016/01/24 10:20:00		0.58541	19.9751	5.7479	0.355208	1040.22	77.656	15.5002	23.0368	1.36933	24.4062	12.298	235.625	8.7363	1.64833	1.36667	1.25667								
2016/01/24 10:25:00		0.86922	38.624	5.8089	0.359375	1040.19	78.342	15.5071	22.6661	1.1879	23.854	12.3361	231.25	11.8722	1.31	1.26833	1.205								
2016/01/24 10:30:00		0.77507	55.929	5.812	0.356771	1040.16	73.412	15.5071	22.9028	0.119817	23.0226	12.298	236.667	26.9661	3.74667	3.25167	3.01167								
2016/01/24 10:35:00		1.05417	25.9589	5.8094	0.357812	1040.14	54.921	15.4948	23.0458	0.383413	23.4292	12.3409	226.25	27.2197	4.21	3.495	3.19167								
2016/01/24 10:40:00		0.8618	18.256	5.8083	0.357292	1040.04	38.9958	15.5144	23.0592	0.499807	23.559	12.441	233.958	31.895	3.52167	3.285	3.09833								
2016/01/24 10:45:00		0.69958	12.8884	5.8083	0.356771	1039.99	26.7969	15.5034	23.3897	0.39026	23.78	12.584	232.708	30.9913	2.31667	2.135	2.01								
2016/01/24 10:50:00		1.10629	16.7075	5.7583	0.355729	1039.92	30.3552	15.4908	23.555	0.475844	24.0308	12.584	234.583	39.6991	2.00333	1.78167	1.69833								
2016/01/24 10:55:00		0.90986	338.937	5.7031	0.357292	1039.94	50.969	15.4881	22.7621	1.05781	23.8199	12.584	233.333	32.9058	1.47667	1.35	1.25								
2016/01/24 11:00:00		1.03198	16.2796	5.6792	0.352083	1040.05	36.05	15.4698	22.9207	0.7634	23.6841	12.584	237.5	67.222	0.68667	0.63333	0.59667								
2016/01/24 11:05:00		0.92913	349.402	5.5969	0.348437	1039.93	19.5562	15.4392	22.5433	1.027	23.5703	12.3504	230.417	56.689	1.53833	1.41833	1.25167								
2016/01/24 11:10:00		0.9596	15.9247	5.599	0.351042	1039.77	50.684	15.4435	23.3182	0.81475	24.133	12.298	230.833	35.4381	1.49667	1.19	1.01833								
2016/01/24 11:15:00		0.89393	352.186	5.6547	0.351042	1039.69	61.338	15.3973	22.8157	0.79421	23.61	12.3743	229.375	30.8949	1.72833	1.41667	1.32667								
2016/01/24 11:20:00		0.83739	345.36	5.7036	0.357812	1039.67	64.028	15.3667	22.9654	0.52719	23.4926	12.5745	220.417	31.595	1.05333	1.04	0.985								
2016/01/24 11:25:00		0.75227	351.501	5.7042	0.354167	1039.76	63.875	15.3603	22.9832	0.208823	23.1921	12.3409	230.625	29.2698	1.035	1.03	1.01								
2016/01/24 11:30:00		0.73916	14.0617	5.7161	0.355729	1039.7	101.434	15.3294	23.1396	0.147203	23.2868	12.298	222.083	57.465	0.0	0.0	0.0								
2016/01/24 11:35:00		0.76058	21.4213	5.8339	0.35625	1039.63	84.634	15.3155	22.3601	0.352604	22.7127	12.298	232.083	29.727	2.59	2.41	2.155								
2016/01/24 11:40:00		0.487523	64.47	5.9057	0.355729	1039.55	50.925	15.331	23.0703	0.43134	23.5017	12.298	227.292	19.4942	2.74	2.63667	2.43								
2016/01/24 11:45:00		0.90313	52.953	5.9036	0.35625	1039.5	88.047	15.3318	22.4897	0.356027	22.8457	12.298	229.167	37.7954	2.87667	2.57	2.46								
2016/01/24 11:50:00		0.6405	335.867	5.9089	0.357292	1039.28	94.274	15.3439	22.6683	0.77025	23.4386	12.298	222.708	41.6135	3.57167	2.74	2.47								
2016/01/24 11:55:00		1.00175	45.5242	6.0016	0.355729	1039.22	95.652	15.3635	22.9676	0.5717	23.5393	12.298	218.333	40.8349	2.82833	2.37833	2.09333								
2016/01/24 12:00:00		0.398248	76.239	6.0047	0.352604	1039.02	91.926	15.375	22.4852	0.342333	22.8275	12.298	215.417	61.426	2.77833	2.69167	2.48167								
2016/01/24 12:05:00		0.53565	15.3884	6.0349	0.355208	1038.95	74.455	15.4	22.7041	0.29783	23.0019	12.298	217.292	42.235	2.53333	2.46167	2.25833								
2016/01/24 12:10:00		0.429524	29.2109	6.1052	0.353646	1038.75	54.768	15.4427	22.0631	0.61962	22.6827	12.298	214.167	44.1637	2.765	2.53167	2.205								
2016/01/24 12:15:00		0.62239	15.8111	6.1057	0.359375	1038.72	38.6604	15.4432	22.5209	0.72232	23.2433	12.298	215.0	49.0282	3.5	3.18	2.72								
2016/01/24 12:20:00		0.59048	20.2113	6.1031	0.351563	1038.57	46.1344	15.4572	21.7795	1.10574	22.8852	12.298	207.917	57.879	2.825	2.705	2.525								
2016/01/24 12:25:00		0.377314	331.276	6.1865	0.357292	1038.45	45.5073	15.4846	22.2529	1.0852	23.3381	12.298	206.25	40.8527	2.36	2.26167	2.13								
2016/01/24 12:30:00		0.73746	16.6029	6.262	0.354167	1038.4	75.928	15.4808	22.34	0.160897	22.5009	12.298	206.875	31.2128	3.87	3.17	2.79								
2016/01/24 12:35:00		0.92935	23.9314	6.3193	0.361458	1038.38	89.702	15.5117	22.2663	0.373143	22.6395	12.298	208.542	40.5491	2.955	2.44	2.21667								
2016/01/24 12:40:00		1.06841	20.6455	6.4073	0.353646	1038.2	100.632	15.5302	22.2038	1.87941	24.0832	12.298	209.375	74.355	3.225	3.045	2.47								
2016/01/24 12:45:00		0.46925	352.631	6.449	0.355729	1037.97	128.946	15.5171	22.4584	0.386837	22.8452	12.298	203.125	61.229	2.425	2.375	2.16								
2016/01/24 12:50:00		1.10542	15.464	6.5068	0.356771	1037.88	116.966	15.5329	21.8867	1.47546	23.3621	12.298	213.125	49.8604	2.635	2.4	2.11								
2016/01/24 12:55:00		0.96014	17.9474	6.5281	0.353125	1037.82	110.782	15.549	21.6254	1.15366	22.779	12.298	199.167	71.269	0.91333	0.8	0.72167								
2016/01/24 13:00:00		0.60088	327.79	6.6109	0.354167	1037.71	71.575	15.5509	21.6611	1.36591	23.027	12.298	203.333	34.2487	2.25167	1.51	1.31833								
2016/01/24 13:05:00		0.98575	4.15402	6.7104	0.352083	1037.67	55.898	15.5756	22.1413	0.84899	22.9903	12.298	195.0	61.426	3.95	2.78	2.32								
2016/01/24 13:10:00		1.88061	20.0048	6.6302	0.351042	1037.65	53.193	15.596	21.2926	1.65347	22.9461	12.298	203.75	79.795	3.73	2.74333	1.91667								
2016/01/24 13:15:00		1.35244	32.8147	6.599	0.347396	1037.61	64.56	15.5952	21.4824	1.12285	22.6053	12.298	198.125	56.575	1.62167	1.10167	0.76167								
2016/01/24 13:20:00		1.01472	18.5215	6.601	0.351563	1037.48	75.833	15.6089	21.2368	1.47888	22.7156	12.298	196.25	47.2317	2.44167	1.62833	0.82833								
2016/01/24 13:25:00		1.52302	32.6654	6.6031	0.358333	1037.33	70.022	15.6161	21.2189	1.91022	23.1291	12.2646	195.417	60.097	2.525	1.68333	1.20833								
2016/01/24 13:30:00		0.63718	348.007	6.6	0.35	1037.18	52.004	15.6164	20.9375	1.49942	22.4369	12.298	192.917	53.329	4.78	3.18333	2.02167								
2016/01/24 13:35:00		1.84624	16.7606	6.5979	0.351563	1037.21	48.8469	15.6314	21.0425	1.46176	22.5042	12.298	186.667	64.711	4.35667	2.90167	2.07								
2016/01/24 13:40:00		1.21511	3.5994	6.6005	0.355729	1037.18	69.417	15.6537	20.3926	1.94103	22.3336	12.298	189.583	58.936	5.23	3.485	2.31								
2016/01/24 13:45:00		1.18291	20.87	6.6969	0.353125	1037.05	88.171	15.6331	21.268	0.79079	22.0588	12.298	191.875	39.7705	4.17833	2.78667	1.87167								
2016/01/24 13:50:00		1.61036	10.1476	6.7073	0.352083	1036.91	100.793	15.6559	20.7164	0.94484	21.6612	12.298	188.958	49.6533	4.29333	2.86	2.04333								
2016/01/24 13:55:00		0.75396	33.5299	6.726	0.357812	1036.74	107.99	15.6596	20.3546	1.45834	21.8129	12.298	187.083	47.6639	0.0	0.0	0.0								
2016/01/24 14:00:00		0.74725	42.9293	6.8208	0.355208	1036.58	117.855	15.6497	20.1804	1.1742	21.3546	12.298	185.0	52.311	1.74167	1.16167	0.79667								
2016/01/24 14:05:00		1.11532	42.4215	6.8802	0.35	1036.32	116.798	15.657	21.0067	0.60593	21.6127	12.298	182.5	54.054	2.19333	1.46167	0.88								
2016/01/24 14:10:00		0.75132	357.956	6.9437	0.354167	1036.17	132.351	15.665	20.3591	1.71167	22.0707	12.298	187.708	29.8591	0.0	0.0	0.0								
2016/01/24 14:15:00		1.03278	12.569	7.0245	0.357292	1036.02	130.747	15.6604	20.607	2.53327	23.1402	12.298	182.708	43.1172	0.0	0.0	0.0								
2016/01/24 14:20:00		1.44731	36.7381	7.1078	0.355208	1035.9	120.108	15.676	20.9263	1.04412	21.9705	12.298	178.125	51.296	0.0	0.0	0.0								
2016/01/24 14:25:00		0.597	47.8395	7.1854	0.355208	1035.89	116.397	15.6943	20.4819	0.52719	21.0091	12.298	179.583	44.5566	0.0	0.0	0.0								
2016/01/24 14:30:00		0.80676	20.7633	7.3047	0.355208	1035.89	120.444	15.7029	20.33	1.51654	21.8466	12.298	182.083	21.3943	0.0	0.0	0.0								
2016/01/24 14:35:00		0.99048	41.489	7.4318	0.354688	1035.88	121.727	15.7308	20.9755	0.83529	21.8108	12.298	179.583	13.1152	0.0	0.0	0.0								
2016/01/24 14:40:00		0.93279	53.709	7.512	0.35	1035.9	116.091	15.7625	20.5377	1.93076	22.4685	12.298	178.125	33.1772	0.0	0.0	0.0								
2016/01/24 14:45:00		0.89307	26.9302	7.513	0.35625	1035.72	112.941	15.7947	20.6003	1.68086	22.2811	12.298	176.042	48.4889	0.0	0.0	0.0								
2016/01/24 14:50:00		1.00692	47.2606	7.5599	0.353646	1035.63	117.666	15.8395	20.3032	2.8756	23.1788	12.298	182.083	41.5278	0.0	0.0	0.0								
2016/01/24 14:55:00		1.05559	36.5475	7.6078	0.348958	1035.56	114.348	15.8897	20.7566	0.95511	21.7117	12.298	177.917	70.426	0.0	0.0	0.0								
2016/01/24 15:00:00		0.75358	25.7447	7.6125	0.350521	1035.61	107.071	15.92	21.3931	1.73221	23.1253	12.298	170.833	69.412	0.0	0.0	0.0								
2016/01/24 15:05:00		1.10178	65.852	7.7094	0.35625	1035.65	93.654	15.966	20.7923	1.29744	22.0898	12.298	176.458	25.2481	0.0	0.0	0.0								
2016/01/24 15:10:00		1.03483	59.019	7.7854	0.350521	1035.68	107.363	15.9966	21.2926	0.427917	21.7205	12.298	183.958	28.9734	0.0	0.0	0.0								
2016/01/24 15:15:00		1.00672	68.743	7.7609	0.354688	1035.52	84.591	16.0151	20.3032	2.10535	22.4086	12.298	178.958	48.3997	0.0	0.0	0.0								
2016/01/24 15:20:00		0.469653	46.9085	7.7193	0.35625	1035.48	67.061	16.075	20.339	2.34841	22.6874	12.298	176.042	67.815	0.0	0.0	0.0								
2016/01/24 15:25:00		0.95155	36.0884	7.7214	0.352604	1035.54	61.884	16.1174	20.4685	1.94445	22.413	12.3123	183.125	35.7809	0.0	0.0	0.0								
2016/01/24 15:30:00		0.78631	54.742	7.7464	0.353646	1035.59	82.527	16.1303	20.5623	1.30771	21.87	12.298	179.167	37.4168	0.0	0.0	0.0								
2016/01/24 15:35:00		0.8647	72.086	7.8255	0.360938	1035.6	84.459	16.1713	20.3032	2.82425	23.1275	12.298	183.75	18.862	0.0	0.0	0.0								
2016/01/24 15:40:00		0.74291	66.667	7.8792	0.355729	1035.58	75.87	16.2116	20.7968	1.7014	22.4982	12.298	189.792	15.7439	11.165	4.025	2.45								
2016/01/24 15:45:00		1.18366	55.511	7.9224	0.356771	1035.55	72.173	16.2199	20.7231	1.38303	22.1061	12.298	188.75	29.1412	7.7233	3.1	2.09667								
2016/01/24 15:50:00		1.53384	33.0984	7.9167	0.352604	1035.65	71.502	16.2637	20.8392	1.61924	22.4585	12.298	185.417	22.9515	0.0	0.0	0.0								
2016/01/24 15:55:00		1.11434	34.8472	7.976	0.35625	1035.54	80.223	16.3007	20.837	1.5405	22.3775	12.298	186.458	45.4137	0.0	0.0	0.0								
2016/01/24 16:00:00		1.27771	59.281	8.0182	0.350521	1035.42	98.911	16.3209	20.4886	2.27309	22.7617	12.298	196.667	18.4191	0.0	0.0	0.0								
2016/01/24 16:05:00		1.25945	61.902	8.0724	0.35	1035.34	91.204	16.3485	21.0023	1.58158	22.5838	12.298	189.167	23.0694	0.0	0.0	0.0								
2016/01/24 16:10:00		0.95085	43.5758	8.1161	0.352604	1035.25	97.861	16.381	21.1742	1.95815	23.1324	12.3266	186.875	19.5049	5.685	2.72	1.71								
2016/01/24 16:15:00		0.82475	36.6322	8.1135	0.353646	1035.33	77.197	16.3974	20.7544	2.08481	22.8392	12.4553	190.417	25.2695	3.755	1.125	0.81								
2016/01/24 16:20:00		1.23149	33.3624	8.1125	0.353646	1035.43	49.1969	16.4318	21.1385	1.38987	22.5284	12.441	192.083	27.8947	1.53	0.465	0.308333								
2016/01/24 16:25:00		1.07484	33.8219	8.2083	0.353125	1035.48	36.1521	16.4677	20.8705	3.19055	24.061	12.5125	195.208	28.9591	4.58	1.4775	0.92083								
2016/01/24 16:30:00		0.91242	31.7623	8.2203	0.357292	1035.52	22.9979	16.4795	21.3886	1.19474	22.5834	12.4362	193.125	6.9469	3.8625	1.49196	0.94375								
2016/01/24 16:35:00		0.71737	21.0428	8.2182	0.350521	1035.55	21.999	16.5034	21.3909	1.47203	22.8629	12.4267	193.125	38.8526	2.505	1.11833	0.86667								
2016/01/24 16:40:00		1.88309	20.8372	8.2156	0.352604	1035.71	19.5125	16.5485	21.5048	1.61581	23.1206	12.4267	197.708	37.0918	2.34667	1.145	0.825								
2016/01/24 16:45:00		1.38349	27.8016	8.2167	0.35625	1035.7	14.3646	16.5681	21.1229	1.25979	22.3827	12.584	198.542	38.4133	3.90167	1.26667	0.84167								
2016/01/24 16:50:00		1.10691	19.7372	8.2188	0.351042	1035.74	13.0302	16.5727	21.3953	2.39976	23.7951	12.5459	201.667	30.2984	5.2517	1.59667	1.02667								
2016/01/24 16:55:00		0.60416	36.8986	8.2188	0.352083	1035.71	5.9865	16.5893	21.402	1.7459	23.1479	12.5649	200.625	24.3088	2.87167	1.1675	0.82								
2016/01/24 17:00:00		0.77953	26.003	8.2891	0.351563	1035.71	2.88021	16.5955	21.507	2.22517	23.7322	12.584	202.917	9.3256	4.0595	1.4365	0.91217								
2016/01/24 17:05:00		0.79733	44.5686	8.3255	0.35625	1035.67	4.47708	16.5824	20.8348	2.22174	23.0565	12.584	201.667	14.3938	3.74933	1.38533	0.91033								
2016/01/24 17:10:00		0.80354	39.5162	8.3276	0.351563	1035.69	1.48021	16.5966	21.9023	1.05439	22.9567	12.584	198.75	10.9079	3.50717	1.38567	0.91783								
2016/01/24 17:15:00		0.71069	53.643	8.3234	0.354167	1035.78	1.06458	16.6025	22.0318	1.51311	23.5449	12.584	196.875	4.4503	3.35067	1.43717	0.9755								
2016/01/24 17:20:00		0.6812	6.0131	8.3656	0.35625	1035.83	1.09375	16.5936	22.005	1.38645	23.3915	12.584	202.292	0.0	4.79833	1.50833	1.075								
2016/01/24 17:25:00		0.63096	355.344	8.4193	0.353646	1036.0	1.05	16.5969	21.507	1.55077	23.0578	12.584	202.292	0.0	5.4217	1.42333	1.05								
2016/01/24 17:30:00		0.67396	337.081	8.3974	0.351563	1036.16	1.07917	16.6138	22.1011	1.20159	23.3027	12.584	203.75	4.17885	3.57833	1.34833	0.99333								
2016/01/24 17:35:00		0.90018	359.129	8.3198	0.355208	1036.21	1.10104	16.6245	22.4495	0.81475	23.2642	12.584	205.417	35.9738	2.59667	1.24333	0.90167								
2016/01/24 17:40:00		1.05859	1.12487	8.3177	0.353646	1036.22	1.12292	16.6465	21.9849	1.9513	23.9362	12.584	212.5	27.9483	3.01333	1.29167	0.925								
2016/01/24 17:45:00		0.7549	15.9106	8.3198	0.354688	1036.22	1.10104	16.6761	22.4517	0.65043	23.1021	12.584	214.375	23.2337	3.87667	1.50833	0.96167								
2016/01/24 17:50:00		0.83614	11.6233	8.3141	0.353125	1036.28	1.05	16.6882	22.5879	1.20501	23.7929	12.584	212.5	23.0515	2.65833	1.335	0.965								
2016/01/24 17:55:00		0.81388	19.1526	8.3172	0.354688	1036.38	1.02813	16.6946	22.1636	1.2324	23.396	12.5602	205.208	22.7658	8.8867	4.04833	2.59167								
2016/01/24 18:00:00		0.73802	12.5963	8.3151	0.353646	1036.49	1.02813	16.7147	23.1083	1.61239	24.7207	12.5697	212.917	9.6399	8.61	4.0	2.925								
2016/01/24 18:05:00		0.70635	340.632	8.3177	0.351042	1036.68	1.07187	16.7346	22.8381	1.70824	24.5463	12.584	214.792	12.8973	7.8533	3.55167	2.55667								
2016/01/24 18:10:00		0.65533	25.2313	8.3203	0.354167	1036.54	1.01354	16.7263	23.2535	0.90034	24.1538	12.584	221.042	3.40737	5.0583	2.745	1.88833								
2016/01/24 18:15:00		0.85225	18.696	8.3188	0.35625	1036.59	1.05729	16.7483	23.8855	0.90034	24.7858	12.584	222.708	5.0539	5.0033	2.53167	1.83667								
2016/01/24 18:20:00		0.414282	40.2898	8.3167	0.353125	1036.75	1.07187	16.7676	23.2445	0.68467	23.9292	12.584	220.208	8.722	2.46333	1.41833	1.07333								
2016/01/24 18:25:00		0.499063	18.2236	8.3177	0.354688	1036.72	1.04271	16.7689	23.4165	1.04069	24.4572	12.584	220.625	4.45744	8.155	3.84167	2.89333								
2016/01/24 18:30:00		0.61361	18.1287	8.3161	0.351042	1036.69	1.04271	16.7797	23.8565	0.80448	24.6609	12.584	224.583	11.7008	7.1433	3.44	2.51667								
2016/01/24 18:35:00		0.69726	354.751	8.3188	0.357292	1036.7	1.12292	16.8049	23.9905	0.63674	24.6272	12.584	223.75	1.29652	12.035	5.17	3.59333								
2016/01/24 18:40:00		0.55287	5.7605	8.3172	0.353125	1036.81	1.04271	16.8114	23.4098	0.98934	24.3991	12.584	225.417	0.0	9.705	5.335	3.88								
2016/01/24 18:45:00		0.78146	22.0501	8.3156	0.355729	1036.79	1.03542	16.8165	23.4902	0.93457	24.4248	12.584	224.167	0.0	3.88333	2.20167	1.36667								
2016/01/24 18:50:00		0.72754	23.388	8.3229	0.354688	1036.76	1.05729	16.8329	24.6136	0.486113	25.0997	12.584	227.083	0.0	4.23667	1.93	1.40167								
2016/01/24 18:55:00		0.98727	26.027	8.3208	0.355208	1036.81	1.05729	16.8573	24.2562	1.09547	25.3517	12.584	228.958	0.0	6.7817	2.18667	1.445								
2016/01/24 19:00:00		0.66992	21.0774	8.3182	0.352604	1036.9	1.08646	16.8605	24.5019	0.458727	24.9606	12.584	238.542	3.24665	4.155	1.91667	1.32833								
2016/01/24 19:05:00		0.452648	21.8859	8.3219	0.353646	1037.0	1.01354	16.8753	23.7939	1.77671	25.5706	12.584	237.083	0.328593	6.8133	3.03333	2.30167								
2016/01/24 19:10:00		0.445527	24.7099	8.3229	0.353646	1037.07	1.09375	16.9096	25.1027	0.56143	25.6641	12.584	232.083	0.232158	5.1167	1.79667	1.30667								
2016/01/24 19:15:00		0.67784	348.067	8.3177	0.352083	1037.18	1.06458	16.9241	25.8709	0.044503	25.9154	12.584	243.333	1.62511	6.49	3.275	2.42333								
2016/01/24 19:20:00		0.62073	15.6836	8.3214	0.357292	1037.23	1.03542	16.9346	25.2389	0.82845	26.0674	12.584	243.958	0.5036	10.895	5.835	4.335								
2016/01/24 19:25:00		0.50357	6.3836	8.3214	0.354167	1037.22	1.03542	16.962	25.0625	1.12285	26.1853	12.584	241.875	0.81791	12.585	6.3	4.505								
2016/01/24 19:30:00		1.18604	335.435	8.3182	0.356771	1037.28	1.08646	16.9886	25.297	0.98592	26.2829	12.584	241.042	0.0	6.98	2.845	1.98167								
2016/01/24 19:35:00		0.82399	331.29	8.3182	0.354167	1037.38	1.07917	16.9963	25.2121	1.15709	26.3692	12.584	251.042	0.0	3.49667	1.71833	1.38667								
2016/01/24 19:40:00		0.63931	2.08592	8.3177	0.358854	1037.43	1.07187	17.0189	25.6275	0.448457	26.076	12.584	245.0	1.13936	5.3733	3.16167	2.35333								
2016/01/24 19:45:00		1.00442	7.6776	8.2667	0.355208	1037.41	1.12292	17.0484	26.4851	0.243057	26.7282	12.584	251.25	15.5868	3.53333	1.82667	1.39667								
2016/01/24 19:50:00		0.66248	3.97396	8.2203	0.357292	1037.45	1.03542	17.0369	26.226	0.106123	26.3322	12.584	238.125	17.3654	3.03333	1.84167	1.40833								
2016/01/24 19:55:00		0.96267	327.58	8.2141	0.352604	1037.45	1.09375	17.0423	25.8799	0.63674	26.5166	12.584	246.667	18.737	2.98	1.735	1.31								
2016/01/24 20:00:00		0.77657	332.307	8.2172	0.355729	1037.45	1.06458	17.0517	26.2506	0.64359	26.8942	12.584	244.792	9.6899	3.02833	1.93	1.33667								
2016/01/24 20:05:00		0.95158	12.5527	8.2214	0.354688	1037.39	1.10104	17.0484	26.1434	0.332063	26.4755	12.584	245.208	6.504	3.50167	1.85	1.32333								
2016/01/24 20:10:00		0.71573	5.3325	8.2193	0.353646	1037.38	1.04271	17.0294	25.9469	0.57854	26.5254	12.584	243.125	4.18956	3.73333	1.94167	1.345								
2016/01/24 20:15:00		0.63369	345.191	8.2161	0.352604	1037.49	1.08646	17.0364	25.9781	1.30771	27.2858	12.584	244.167	1.36438	3.52167	1.82667	1.41								
2016/01/24 20:20:00		0.85568	330.228	8.2203	0.354688	1037.56	1.02083	17.0455	26.3556	0.25675	26.6123	12.584	247.292	0.04286	7.26	3.125	2.37667								
2016/01/24 20:25:00		0.76992	350.571	8.2198	0.353646	1037.54	1.05	17.0385	25.8129	1.16393	26.9768	12.584	241.458	0.0	3.01667	1.70333	1.34667								
2016/01/24 20:30:00		0.84218	19.9953	8.2146	0.355208	1037.46	1.11563	17.0272	26.3645	0.50323	26.8677	12.584	242.083	0.0	2.79	1.57833	1.25333								
2016/01/24 20:35:00		0.67487	344.709	8.2167	0.353646	1037.52	1.06458	17.0398	26.5186	0.62647	27.1451	12.4887	243.542	0.99649	5.2017	2.945	2.15167								
2016/01/24 20:40:00		0.76492	340.521	8.2151	0.359896	1037.53	1.02083	17.0535	27.1037	0.66413	27.7679	12.584	238.333	5.8397	0.0	0.0	0.0								
2016/01/24 20:45:00		0.87422	351.121	8.2167	0.355729	1037.54	1.07187	17.0594	26.9831	0.97565	27.9588	12.584	248.958	4.54673	4.525	2.79333	2.14167								
2016/01/24 20:50:00		0.77219	327.594	8.2203	0.357292	1037.6	1.02813	17.078	26.7218	0.61278	27.3346	12.584	234.792	0.23573	4.35667	2.07167	1.45667								
2016/01/24 20:55:00		0.6411	338.505	8.213	0.353646	1037.58	1.07187	17.1	26.963	0.414223	27.3773	12.522	240.833	0.0	5.05	1.91	1.40667								
2016/01/24 21:00:00		0.56104	340.874	8.2188	0.353125	1037.59	1.02083	17.1078	26.771	0.22594	26.9969	12.5077	236.458	0.0	4.21	2.06	1.41333								
2016/01/24 21:05:00		0.87082	359.099	8.2177	0.355208	1037.62	1.07917	17.1182	27.9703	0.037657	28.0079	12.584	243.542	0.0	4.67	1.60167	0.96833								
2016/01/24 21:10:00		0.77265	11.6284	8.2208	0.352604	1037.63	1.12292	17.1424	27.3918	0.89349	28.2853	12.584	242.708	1.4501	0.0	0.0	0.0								
2016/01/24 21:15:00		0.67963	11.3052	8.2208	0.351563	1037.57	1.04271	17.1593	27.4253	0.67782	28.1032	12.584	236.667	3.95026	0.0	0.0	0.0								
2016/01/24 21:20:00		0.66806	15.7322	8.2146	0.35625	1037.59	1.04271	17.1641	27.9368	0.51008	28.4468	12.584	243.75	3.97527	11.055	5.685	3.705								
2016/01/24 21:25:00		0.68534	336.206	8.2214	0.352083	1037.63	1.06458	17.1929	27.8363	0.314947	28.1512	12.584	236.042	0.23573	9.1933	5.1283	3.36333								
2016/01/24 21:30:00		0.58338	332.268	8.2229	0.359896	1037.64	1.10104	17.2101	27.1171	1.3796	28.4967	12.584	231.667	4.07884	9.56	5.155	3.57								
2016/01/24 21:35:00		0.483117	355.334	8.2224	0.355208	1037.59	1.05	17.2135	27.3606	1.16393	28.5245	12.584	236.25	3.84669	12.735	5.165	3.65								
2016/01/24 21:40:00		0.5404	32.8584	8.2188	0.357292	1037.59	1.03542	17.2111	27.5124	0.150627	27.6631	12.5697	234.792	2.64303	9.6683	4.47	3.165								
2016/01/24 21:45:00		0.61855	15.8776	8.2177	0.351042	1037.49	1.02083	17.2342	27.5482	0.62989	28.1781	12.584	234.375	8.4148	9.2383	4.31167	3.175								
2016/01/24 21:50:00		0.330947	29.7528	8.2161	0.353646	1037.42	1.11563	17.2527	27.7134	0.448457	28.1619	12.584	227.5	4.67531	8.02	4.295	2.99333								
2016/01/24 21:55:00		0.66865	1.30272	8.2146	0.350521	1037.49	1.04271	17.2519	27.8698	0.59224	28.462	12.503	227.708	1.41081	9.8267	4.57	3.48667								
2016/01/24 22:00:00		0.61181	16.0262	8.2141	0.354167	1037.54	1.02813	17.2565	27.5839	0.98592	28.5698	12.584	228.125	6.8362	13.4433	3.43	2.36								
2016/01/24 22:05:00		0.489786	15.5684	8.2146	0.353125	1037.58	1.07917	17.2723	27.6129	1.00988	28.6228	12.5363	226.875	1.68225	0.0	0.0	0.0								
2016/01/24 22:10:00		0.386889	4.8321	8.2177	0.353125	1037.63	1.07187	17.2922	27.8028	1.42411	29.2269	12.5697	230.625	1.66797	0.0	0.0	0.0								
2016/01/24 22:15:00		0.51882	7.2241	8.2172	0.354688	1037.61	1.05729	17.2933	28.5576	0.28756	28.8452	12.584	218.542	0.0	0.0	0.0	0.0								
2016/01/24 22:20:00		0.340814	0.6409	8.2172	0.349479	1037.67	1.09375	17.2986	28.1869	0.74629	28.9332	12.584	222.708	0.0	0.0	0.0	0.0								
2016/01/24 22:25:00		0.75048	5.9607	8.2172	0.353125	1037.67	1.02813	17.318	28.37	0.140357	28.5104	12.4458	221.667	0.0	0.0	0.0	0.0								
2016/01/24 22:30:00		0.85861	314.827	8.2557	0.355208	1037.7	1.15208	17.3327	28.3946	0.94484	29.3394	12.4887	217.292	0.0	0.0	0.0	0.0								
2016/01/24 22:35:00		0.95128	301.085	8.2599	0.35625	1037.66	1.10833	17.3317	28.6246	0.099277	28.7239	12.584	210.0	2.193	3.94833	2.67333	2.315								
2016/01/24 22:40:00		0.94392	328.166	8.2193	0.352604	1037.64	1.10104	17.3322	28.5286	0.198553	28.7271	12.584	214.583	0.85363	13.5	5.5767	3.92833								
2016/01/24 22:45:00		1.03252	323.055	8.2312	0.35625	1037.59	1.04271	17.3454	28.4772	0.80791	29.2851	12.584	219.375	0.0	7.0967	3.41833	2.43167								
2016/01/24 22:50:00		1.08376	322.657	8.2203	0.349479	1037.42	1.03542	17.3497	27.9747	1.30087	29.2756	12.5792	207.5	1.43224	0.0	0.0	0.0								
2016/01/24 22:55:00		1.01953	321.926	8.2161	0.357812	1037.38	1.12292	17.3411	28.5174	0.058197	28.5756	12.5697	210.625	0.73219	1.46167	0.59	0.455								
2016/01/24 23:00:00		0.95566	322.437	8.2182	0.355208	1037.33	1.11563	17.3432	27.8273	0.80448	28.6318	12.4267	208.958	1.98942	3.73833	0.91	0.473333								
2016/01/24 23:05:00		1.09598	318.025	8.2198	0.352604	1037.29	1.1375	17.3429	28.1735	0.70178	28.8753	12.503	211.042	14.0116	2.065	0.79333	0.475								
2016/01/24 23:10:00		0.88958	329.661	8.2193	0.356771	1037.32	1.07917	17.3354	28.9552	0.373143	29.3283	12.4601	208.125	0.0	4.71333	1.835	1.37								
2016/01/24 23:15:00		1.00017	321.604	8.2214	0.352083	1037.29	1.09375	17.3306	28.5777	0.6162	29.1939	12.584	203.125	0.0	4.615	1.83667	1.33								
2016/01/24 23:20:00		1.06713	324.337	8.2156	0.355729	1037.28	1.06458	17.3389	28.2226	0.119817	28.3425	12.584	211.458	5.1253	6.2717	2.02017	1.35								
2016/01/24 23:25:00		0.74847	305.842	8.2177	0.353125	1037.24	1.07187	17.3384	27.1931	0.362873	27.5559	12.584	191.875	0.94649	6.0533	1.94967	1.35867								
2016/01/24 23:30:00		0.71343	326.113	8.2177	0.355729	1037.17	1.04271	17.3309	27.9814	0.53404	28.5155	12.584	202.708	10.7114	5.7533	1.87533	1.36183								
2016/01/24 23:35:00		0.96621	331.037	8.2172	0.352604	1037.13	1.13021	17.3309	27.8117	0.253327	28.065	12.5602	200.0	15.4439	5.1283	1.8115	1.36217								
2016/01/24 23:40:00		1.10002	323.39	8.2177	0.352604	1037.04	1.05729	17.347	27.3963	0.70863	28.1049	12.5554	195.0	0.425028	4.0325	1.82417	1.348								
2016/01/24 23:45:00		0.84958	321.387	8.2193	0.357292	1037.06	1.06458	17.358	27.8854	1.04069	28.9261	12.5173	188.75	4.81103	2.94833	1.66167	1.33333								
2016/01/24 23:50:00		0.93707	316.733	8.2135	0.353646	1036.95	1.07917	17.3612	28.4951	0.475843	28.9709	12.5459	192.292	16.0046	1.815	1.48667	1.28833								
2016/01/24 23:55:00		0.79329	324.739	8.2078	0.354688	1036.76	1.05729	17.3684	27.3494	0.160897	27.5103	12.584	186.042	22.9658	2.855	1.61667	1.32833								
2016/01/25 00:00:00		0.93051	331.652	8.1177	0.353125	1036.71	1.10833	17.3934	28.0015	0.51008	28.5116	12.584	177.5	17.244	2.54333	1.65	1.32833								
