-- 1st mean values --
Format: XTAB(V:1;HEAD:2;COL:TCFFFFFFFFFFFFFFFFFFFFFFFF)
StartTime: 2015/06/15 00:00:00
EndTime: 2015/06/16 00:00:00
Period: 24 h
Station: Gia Lam

Time	MeasPt	Wind Spd.	Wind Dir.	Temp	RH	Barometer	Radiation	InnerTemp	NO	NO2	NOx	SO2	CO	O3	PM-10	PM-2.5	PM-1	CH4	NMHC	THC	BENZEN	TOLUEN	ETHYL BENZEN	MP-XYLEN	O-XYLEN
		m/s	degree	°C	%	hPa	W/m²	°C	µg/m3	µg/m3	µg/m3	µg/m3	µg/m3	µg/m3	µg/m3	µg/m3	µg/m3	ppm	ppmC	ppmC	ug/m3	ug/m3	ug/m3	ug/m3	ug/m3
2015/06/15 00:05:00		1.21677	308.917	25.7104	76.87	1006.28	1.23958	26.4766	20.6941	11.3483	32.0424	51.804	1197.29	14.6796							0.0	0.0	0.0	0.0	0.0
2015/06/15 00:10:00		0.56331	330.218	25.7198	76.869	1006.34	1.1375	26.2022	19.267	8.1681	27.435	51.213	1193.33	11.4901							0.0	0.0	0.0	0.0	0.0
2015/06/15 00:15:00		0.95457	137.875	25.8141	76.859	1006.4	1.225	25.9227	12.2186	6.3606	18.5791	50.331	1189.17	10.6543							0.0	0.0	0.0	0.0	0.0
2015/06/15 00:20:00		1.04703	120.734	25.838	76.869	1006.3	1.12292	25.6647	0.062533	0.0	0.062533	49.397	1188.75	10.2221							0.0	0.0	0.0	0.0	0.0
2015/06/15 00:25:00		1.05762	77.267	25.9484	76.964	1006.18	1.15208	25.4569	0.319367	0.01027	0.329637	46.7753	1187.29	10.5221							0.0	0.0	0.0	0.0	0.0
2015/06/15 00:30:00		0.59501	82.704	25.9151	76.959	1006.07	1.23958	25.3017	88.272	0.54773	88.82	45.2881	1177.08	10.6293							0.0	0.0	0.0	0.0	0.0
2015/06/15 00:35:00		0.384175	18.8186	25.9109	76.934	1005.96	1.15208	25.1863	214.603	0.65386	215.257	43.8772	1174.38	11.015							0.0	0.0	0.0	0.0	0.0
2015/06/15 00:40:00		0.54476	31.779	25.9125	76.861	1005.91	1.14479	25.0924	215.872	0.82845	216.7	43.5244	1160.21	11.7151							0.0	0.0	0.0	0.0	0.0
2015/06/15 00:45:00		0.58736	61.032	25.912	76.859	1005.89	1.18854	25.0285	217.636	0.499807	218.136	42.6426	1155.42	11.0222							0.0	0.0	0.0	0.0	0.0
2015/06/15 00:50:00		0.70313	82.238	25.9146	76.874	1005.88	1.15937	24.9503	142.857	4.88167	147.739	41.7274	1148.54	11.6544							0.0	0.0	0.0	0.0	0.0
2015/06/15 00:55:00		1.28195	62.231	25.9203	76.957	1005.81	1.1375	24.8937	27.8229	9.6675	37.4904	41.5558	1139.17	11.6794							0.0	0.0	0.0	0.0	0.0
2015/06/15 01:00:00		1.07246	67.867	25.9109	76.873	1005.8	1.225	24.8298	27.6554	10.4857	38.141	41.4032	1136.67	12.0865							0.0	0.0	0.0	0.0	0.0
2015/06/15 01:05:00		0.71389	70.539	25.9047	76.864	1005.78	1.16667	24.7627	24.2763	9.9208	34.1972	41.0076	1124.38	12.2151							0.0	0.0	0.0	0.0	0.0
2015/06/15 01:10:00		0.95886	88.602	25.8286	76.863	1005.76	1.19583	24.6956	23.421	8.5549	31.9759	41.6321	1116.25	11.2936							0.0	0.0	0.0	0.0	0.0
2015/06/15 01:15:00		1.34203	62.028	25.8156	76.863	1005.77	1.15937	24.651	23.3473	9.534	32.8812	41.2793	1103.75	11.3579							0.0	0.0	0.0	0.0	0.0
2015/06/15 01:20:00		1.39605	64.623	25.8135	76.848	1005.71	1.16667	24.593	23.3785	8.5994	31.978	41.1506	1097.5	11.9579							0.0	0.0	0.0	0.0	0.0
2015/06/15 01:25:00		1.21456	89.445	25.8135	76.759	1005.7	1.21042	24.5396	22.4294	9.0273	31.4567	40.7931	1086.46	12.0222							0.0	0.0	0.0	0.0	0.0
2015/06/15 01:30:00		1.32616	103.901	25.8125	76.797	1005.64	1.18125	24.4767	21.4623	8.6816	30.1439	40.8885	1080.83	11.7865							0.0	0.0	0.0	0.0	0.0
2015/06/15 01:35:00		1.2911	84.188	25.812	76.836	1005.52	1.24688	24.4249	23.3517	9.5545	32.9063	40.4547	1070.63	12.0008							0.0	0.0	0.0	0.0	0.0
2015/06/15 01:40:00		1.04076	70.669	25.8135	76.76	1005.4	1.18854	24.3841	25.9268	8.2605	34.1873	40.469	1066.25	11.7651							0.0	0.0	0.0	0.0	0.0
2015/06/15 01:45:00		1.02809	75.024	25.737	76.638	1005.24	1.13021	24.4837	26.025	9.1266	35.1516	40.4213	1061.04	1.35723							0.0	0.0	0.0	0.0	0.0
2015/06/15 01:50:00		0.86404	116.261	25.6479	76.558	1005.15	1.12292	24.7635	26.4293	9.0753	35.5045	40.3784	1052.5	0.0							0.0	0.0	0.0	0.0	0.0
2015/06/15 01:55:00		1.35341	119.019	25.6135	76.627	1005.12	1.10833	24.9989	25.891	10.3008	36.1918	40.6501	1042.08	29.1305							0.0	0.0	0.0	0.0	0.0
2015/06/15 02:00:00		1.22685	108.302	25.6177	76.658	1005.06	1.16667	25.0357	27.0524	10.5576	37.6099	41.4557	1035.42	27.3875							0.0	0.0	0.0	0.0	0.0
2015/06/15 02:05:00		1.18703	96.678	25.6141	76.66	1005.07	1.18125	24.9581	27.8251	10.8314	38.6565	41.5034	1028.96	18.8155							0.0	0.0	0.0	0.0	0.0
2015/06/15 02:10:00		1.02519	137.471	25.6156	76.664	1005.1	1.19583	24.8011	26.4293	10.1468	36.576	41.5844	1028.96	14.4402							0.0	0.0	0.0	0.0	0.0
2015/06/15 02:15:00		1.01388	131.827	25.5667	76.654	1005.07	1.21771	24.6341	25.8575	8.3495	34.207	41.8323	1028.54	12.533							0.0	0.0	0.0	0.0	0.0
2015/06/15 02:20:00		1.13161	132.064	25.5792	76.749	1005.05	1.18854	24.4636	25.1049	6.9254	32.0303	41.5606	1016.25	10.2971							0.0	0.0	0.0	0.0	0.0
2015/06/15 02:25:00		0.73869	122.091	25.6156	76.807	1005.07	1.17396	24.567	24.8302	8.1475	32.9777	41.0696	1008.75	1.07507							0.0	0.0	0.0	0.0	0.0
2015/06/15 02:30:00		0.87412	113.769	25.6146	76.86	1005.11	1.17396	24.8244	27.6665	8.7124	36.3789	41.2507	998.96	0.0							0.0	0.0	0.0	0.0	0.0
2015/06/15 02:35:00		1.2088	130.111	25.6396	76.906	1005.15	1.1375	25.0373	25.6833	9.8421	35.5254	41.4271	997.92	34.388							0.0	0.0	0.0	0.0	0.0
2015/06/15 02:40:00		1.58833	100.762	25.7146	77.017	1005.14	1.20313	25.0698	25.3238	8.8562	34.1799	41.408	988.54	27.7233							0.0	0.0	0.0	0.0	0.0
2015/06/15 02:45:00		1.15288	125.788	25.7146	77.046	1005.06	1.21771	24.9919	23.9145	8.2502	32.1648	41.9991	986.04	19.137							0.0	0.0	0.0	0.0	0.0
2015/06/15 02:50:00		1.47037	132.179	25.7161	77.034	1005.06	1.23229	24.8701	22.8582	8.3016	31.1597	42.533	981.46	14.676							0.0	0.0	0.0	0.0	0.0
2015/06/15 02:55:00		1.25882	125.611	25.7141	77.063	1005.09	1.18125	24.7288	25.3617	7.5587	32.9205	42.3947	983.75	12.8008							0.0	0.0	0.0	0.0	0.0
2015/06/15 03:00:00		1.08197	129.093	25.7141	77.053	1005.11	1.23229	24.564	24.5421	6.7816	31.3237	42.1278	975.21	11.7258							0.0	0.0	0.0	0.0	0.0
2015/06/15 03:05:00		1.39589	83.336	25.7198	76.963	1005.13	1.18854	24.408	22.8917	6.2544	29.1461	41.4128	978.13	11.3365							0.0	0.0	0.0	0.0	0.0
2015/06/15 03:10:00		1.02206	60.725	25.7141	76.964	1005.08	1.15208	24.3978	22.3646	7.1753	29.5399	41.0744	963.33	3.58595							0.0	0.0	0.0	0.0	0.0
2015/06/15 03:15:00		0.57836	79.712	25.713	76.963	1005.03	1.18125	24.6217	24.7275	6.4427	31.1702	41.0505	956.67	0.0							0.0	0.0	0.0	0.0	0.0
2015/06/15 03:20:00		0.0	502.0	25.713	76.964	1005.03	1.15208	24.8891	25.1161	7.302	32.418	41.2412	946.46	20.0835							0.0	0.0	0.0	0.0	0.0
2015/06/15 03:25:00		0.0	502.0	25.7078	76.957	1005.01	1.225	24.9611	25.4086	7.254	32.6627	41.4128	946.67	33.563							0.0	0.0	0.0	0.0	0.0
2015/06/15 03:30:00		0.81365	85.17	25.6333	76.958	1005.07	1.11563	24.917	27.5973	6.809	34.4063	41.9181	937.71	21.4086							0.0	0.0	0.0	0.0	0.0
2015/06/15 03:35:00		0.68159	94.917	25.6156	76.89	1005.12	1.15937	24.8043	25.6744	7.1	32.7744	41.9657	940.42	15.8796							0.0	0.0	0.0	0.0	0.0
2015/06/15 03:40:00		0.64809	77.409	25.6141	76.858	1005.15	1.15208	24.6558	24.7431	6.0764	30.8195	41.5796	939.38	13.0973							0.0	0.0	0.0	0.0	0.0
2015/06/15 03:45:00		0.73313	88.136	25.6172	76.856	1005.22	1.14479	24.51	25.6208	5.8505	31.4713	41.9133	938.75	12.0008							0.0	0.0	0.0	0.0	0.0
2015/06/15 03:50:00		0.82767	84.528	25.5875	76.846	1005.23	1.14479	24.3592	26.2551	5.7238	31.9789	41.899	935.0	11.315							0.0	0.0	0.0	0.0	0.0
2015/06/15 03:55:00		0.6371	72.959	25.5198	76.748	1005.18	1.15208	24.2743	24.6538	4.63519	29.289	41.2746	931.67	6.4433							0.0	0.0	0.0	0.0	0.0
2015/06/15 04:00:00		0.57339	57.466	25.5214	76.751	1005.15	1.17396	24.4682	23.7202	6.1038	29.824	41.47	918.75	0.06429							0.0	0.0	0.0	0.0	0.0
2015/06/15 04:05:00		0.72227	68.205	25.5214	76.759	1005.14	1.14479	24.7567	25.4935	7.1582	32.6517	41.0124	906.04	0.289305							0.0	0.0	0.0	0.0	0.0
2015/06/15 04:10:00		0.76037	96.515	25.5182	76.851	1005.12	1.20313	24.9447	26.7553	8.9999	35.7553	41.203	905.63	46.6817							0.0	0.0	0.0	0.0	0.0
2015/06/15 04:15:00		0.78192	37.9143	25.5193	76.851	1005.03	1.20313	24.9487	25.4935	11.7728	37.2663	42.0277	894.58	27.6911							0.0	0.0	0.0	0.0	0.0
2015/06/15 04:20:00		0.68654	79.182	25.5198	76.857	1005.01	1.17396	24.8615	24.1356	19.2939	43.4295	42.0467	896.25	18.9655							0.0	0.0	0.0	0.0	0.0
2015/06/15 04:25:00		0.8408	79.069	25.587	76.896	1005.02	1.1375	24.7251	27.3829	57.108	84.491	42.3804	897.08	14.9581							0.0	0.0	0.0	0.0	0.0
2015/06/15 04:30:00		0.54565	103.985	25.6161	76.912	1005.0	1.07187	24.5575	28.0819	93.389	121.47	42.3614	897.08	12.2365							0.0	0.0	0.0	0.0	0.0
2015/06/15 04:35:00		0.60831	94.027	25.6135	76.872	1004.98	1.18854	24.3949	28.6872	80.222	108.91	41.9752	898.33	11.7472							0.0	0.0	0.0	0.0	0.0
2015/06/15 04:40:00		0.65361	76.528	25.6135	76.854	1004.94	1.15208	24.4225	34.945	65.18	100.125	41.8704	891.46	1.58582							0.0	0.0	0.0	0.0	0.0
2015/06/15 04:45:00		0.5879	101.76	25.6161	76.859	1004.93	1.13021	24.6499	36.2403	63.619	99.86	41.5701	880.42	0.0							0.0	0.0	0.0	0.0	0.0
2015/06/15 04:50:00		0.60339	77.564	25.6135	76.829	1004.91	1.17396	24.8947	34.1544	57.156	91.31	41.47	877.92	25.3338							0.0	0.0	0.0	0.0	0.0
2015/06/15 04:55:00		0.73872	111.272	25.6234	76.856	1004.88	1.17396	24.9576	31.1818	46.7901	77.972	41.8227	883.54	35.0345							0.0	0.0	0.0	0.0	0.0
2015/06/15 05:00:00		0.84528	89.601	25.7182	76.948	1004.84	1.16667	24.8891	31.7736	35.1576	66.931	42.0658	892.08	21.7086							0.0	0.0	0.0	0.0	0.0
2015/06/15 05:05:00		0.6257	103.764	25.713	76.912	1004.82	1.08646	24.7471	30.6748	28.1946	58.869	42.7427	899.79	16.0511							0.0	0.0	0.0	0.0	0.0
2015/06/15 05:10:00		0.55506	87.349	25.7109	76.928	1004.94	1.1375	24.5831	30.6592	21.4746	52.134	42.471	906.88	13.6509							0.0	0.0	0.0	0.0	0.0
2015/06/15 05:15:00		0.0	502.0	25.7057	76.946	1005.08	1.15208	24.407	38.2168	20.5845	58.801	42.2803	921.25	12.0651							0.0	0.0	0.0	0.0	0.0
2015/06/15 05:20:00		0.0	502.0	25.7089	76.862	1005.19	1.15208	24.3664	37.5937	20.2935	57.887	41.675	920.21	3.97169							0.0	0.0	0.0	0.0	0.0
2015/06/15 05:25:00		0.0	502.0	25.7073	76.847	1005.22	1.1375	24.5707	34.6948	21.0501	55.745	41.3127	911.88	0.0							0.0	0.0	0.0	0.0	0.0
2015/06/15 05:30:00		0.0	502.0	25.7073	76.757	1005.27	1.07917	24.8378	31.7223	21.5841	53.306	41.0171	902.5	16.5011							0.0	0.0	0.0	0.0	0.0
2015/06/15 05:35:00		0.0	502.0	25.7078	76.758	1005.34	1.15208	24.9345	27.9412	20.3517	48.2929	41.4604	904.79	38.2454							0.0	0.0	0.0	0.0	0.0
2015/06/15 05:40:00		0.61512	131.825	25.7391	76.86	1005.42	1.17396	24.8765	35.2844	17.4282	52.713	42.1278	921.25	23.1694							0.0	0.0	0.0	0.0	0.0
2015/06/15 05:45:00		0.62735	172.833	25.8099	76.887	1005.39	4.69583	24.7584	46.9335	16.1889	63.122	41.8752	938.33	16.844							0.0	0.0	0.0	0.0	0.0
2015/06/15 05:50:00		0.53464	168.711	25.8802	76.965	1005.41	9.6906	24.6059	49.3723	15.7165	65.089	41.9705	964.17	13.5652							0.0	0.0	0.0	0.0	0.0
2015/06/15 05:55:00		0.54136	150.308	25.913	76.962	1005.49	13.7521	24.709	50.92	13.6317	64.552	41.8752	965.0	11.5508							0.0	0.0	0.0	0.0	0.0
2015/06/15 06:00:00		0.54686	96.974	25.9562	76.959	1005.52	22.2104	24.985	53.709	14.0151	67.725	41.7369	951.67	12.3222							0.0	0.0	0.0	0.0	0.0
2015/06/15 06:05:00		0.0	502.0	26.013	76.961	1005.53	29.5458	25.276	59.203	13.4948	72.698	42.3995	954.38	11.8079							0.0	0.0	0.0	0.0	0.0
2015/06/15 06:10:00		0.61025	107.835	26.0135	76.929	1005.59	33.8917	25.5606	63.815	14.3369	78.152	42.8523	956.25	12.6651							0.0	0.0	0.0	0.0	0.0
2015/06/15 06:15:00		0.81738	134.69	26.0146	76.863	1005.67	32.1417	25.8309	62.607	15.8535	78.46	43.7914	949.79	11.9651							0.0	0.0	0.0	0.0	0.0
2015/06/15 06:20:00		0.73546	102.768	26.101	76.864	1005.75	26.8188	26.0784	59.954	15.381	75.335	44.8114	950.21	13.1223							0.0	0.0	0.0	0.0	0.0
2015/06/15 06:25:00		0.64508	126.645	26.1193	76.83	1005.87	34.0375	26.3265	53.658	13.351	67.009	45.4359	950.21	13.2866							0.0	0.0	0.0	0.0	0.0
2015/06/15 06:30:00		0.64805	122.461	26.1396	76.761	1005.95	48.6063	26.5585	52.479	12.3993	64.878	46.7705	957.29	13.2652							0.0	0.0	0.0	0.0	0.0
2015/06/15 06:35:00		1.07477	141.75	26.2146	76.764	1006.04	60.273	26.781	51.565	12.3035	63.869	47.7668	951.88	12.408							0.0	0.0	0.0	0.0	0.0
2015/06/15 06:40:00		0.79386	134.203	26.2828	76.764	1006.13	69.3	26.9907	54.355	11.2559	65.611	48.7344	954.58	13.158							0.0	0.0	0.0	0.0	0.0
2015/06/15 06:45:00		0.73299	60.066	26.3469	76.758	1006.17	86.829	27.1937	54.377	12.1357	66.513	49.988	949.38	13.9295							0.0	0.0	0.0	0.0	0.0
2015/06/15 06:50:00		0.65903	56.847	26.4063	76.709	1006.21	111.118	27.3854	53.028	10.3727	63.401	50.846	952.08	13.6509							0.0	0.0	0.0	0.0	0.0
2015/06/15 06:55:00		0.6022	75.655	26.4797	76.626	1006.29	126.423	27.5588	71.053	10.6089	81.662	51.961	956.25	13.6723							0.0	0.0	0.0	0.0	0.0
2015/06/15 07:00:00		0.76973	76.68	26.4896	76.373	1006.29	137.127	27.7371	78.814	13.3202	92.135	53.148	962.08	14.1438							0.0	0.0	0.0	0.0	0.0
2015/06/15 07:05:00		0.87264	90.302	26.5938	76.14	1006.35	161.627	27.9062	78.759	12.6834	91.442	54.168	968.54	13.6723							0.0	0.0	0.0	0.0	0.0
2015/06/15 07:10:00		1.18057	87.212	26.7302	75.92	1006.46	137.353	28.0807	77.747	12.9197	90.666	55.56	969.79	14.2509							0.0	0.0	0.0	0.0	0.0
2015/06/15 07:15:00		1.09176	80.631	26.8687	75.611	1006.5	144.419	28.2555	89.396	12.0296	101.425	55.603	979.79	13.7795							0.0	0.0	0.0	0.0	0.0
2015/06/15 07:20:00		1.03402	66.713	26.9693	75.125	1006.53	147.051	28.4192	85.543	12.6389	98.182	56.638	977.5	13.5652							0.0	0.0	0.0	0.0	0.0
2015/06/15 07:25:00		1.04152	104.736	27.0484	74.517	1006.56	148.48	28.5333	73.718	11.7044	85.422	57.257	983.54	14.251							0.0	0.0	0.0	0.0	0.0
2015/06/15 07:30:00		1.14552	85.753	27.2229	74.148	1006.72	168.299	28.2721	68.11	11.5606	79.671	58.358	1013.54	13.9295							0.0	0.0	0.0	0.0	0.0
2015/06/15 07:35:00		0.72078	88.457	27.3495	73.495	1006.78	218.269	27.9135	60.925	11.7352	72.661	58.492	1041.46	14.9367							0.0	0.0	0.0	0.0	0.0
2015/06/15 07:40:00		0.61133	114.119	27.463	72.581	1006.86	245.197	27.8069	55.815	12.4096	68.225	58.025	1065.21	13.3509							0.0	0.0	0.0	0.0	0.0
2015/06/15 07:45:00		1.13328	86.015	27.5964	71.588	1006.87	364.897	28.0262	64.351	13.2449	77.596	57.243	1062.71	15.3653							0.0	0.0	0.0	0.0	0.0
2015/06/15 07:50:00		0.68902	92.656	27.7667	70.518	1006.84	361.433	28.2439	60.121	14.3027	74.424	57.395	1065.42	14.3152							0.0	0.0	0.0	0.0	0.0
2015/06/15 07:55:00		1.39608	79.201	27.9052	69.141	1006.82	355.731	28.2517	71.036	16.0657	87.101	57.486	1084.79	15.6439							0.0	0.0	0.0	0.0	0.0
2015/06/15 08:00:00		1.62331	110.35	28.0849	68.487	1006.81	345.355	27.9578	69.609	15.4221	85.031	57.586	1121.88	14.9581							0.0	0.0	0.0	0.0	0.0
2015/06/15 08:05:00		1.70353	88.032	28.313	68.055	1006.88	421.364	27.6485	66.712	13.6659	80.378	57.424	1151.46	14.9796							0.0	0.0	0.0	0.0	0.0
2015/06/15 08:10:00		1.66951	75.168	28.5406	67.304	1006.86	461.038	27.7102	60.671	14.5492	75.22	56.404	1156.25	13.008							0.0	0.0	0.0	0.0	0.0
2015/06/15 08:15:00		1.57881	83.926	28.7708	66.585	1006.85	370.606	27.9814	56.742	15.8466	72.589	56.48	1156.88	16.6297							0.0	0.0	0.0	0.0	0.0
2015/06/15 08:20:00		1.6506	64.129	28.8901	65.002	1006.85	322.547	28.0541	56.497	17.37	73.867	56.371	1175.0	17.4012							0.0	0.0	0.0	0.0	0.0
2015/06/15 08:25:00		1.45871	86.973	28.8047	64.467	1006.79	345.997	27.8444	52.468	17.055	69.523	56.156	1200.83	16.4154							0.0	0.0	0.0	0.0	0.0
2015/06/15 08:30:00		1.70452	99.659	28.8797	64.988	1006.7	317.552	27.5671	46.8017	15.583	62.385	55.565	1236.04	16.5332							0.0	0.0	0.0	0.0	0.0
2015/06/15 08:35:00		1.47226	94.679	28.9958	64.301	1006.73	341.95	27.4992	51.474	15.3605	66.834	54.888	1258.13	9.8364							0.0	0.0	0.0	0.0	0.0
2015/06/15 08:40:00		1.31819	100.298	29.0865	64.051	1006.74	374.099	27.7612	55.25	16.0828	71.333	54.841	1253.13	16.4725							0.0	0.0	0.0	0.0	0.0
2015/06/15 08:45:00		1.28949	93.159	29.226	63.901	1006.7	484.261	27.9779	60.689	19.2836	79.972	54.521	1260.0	18.0869							0.0	0.0	0.0	0.0	0.0
2015/06/15 08:50:00		1.87666	96.036	29.4203	64.072	1006.66	589.7	27.8517	60.224	17.9691	78.193	54.364	1280.21	17.8048							0.0	0.0	0.0	0.0	0.0
2015/06/15 08:55:00		1.76206	75.993	29.7219	62.953	1006.64	471.034	27.6705	61.008	18.0239	79.032	54.688	1309.58	17.4726							0.0	0.0	0.0	0.0	0.0
2015/06/15 09:00:00		1.19003	83.864	29.901	61.227	1006.71	499.362	27.4538	61.294	16.4046	77.698	54.507	1340.83	15.3939							0.0	0.0	0.0	0.0	0.0
2015/06/15 09:05:00		1.30046	99.583	30.0943	61.383	1006.74	666.09	27.4635	59.096	17.6473	76.744	53.94	1364.79	7.822							0.0	0.0	0.0	0.0	0.0
2015/06/15 09:10:00		1.5342	110.574	30.3849	60.707	1006.79	325.529	27.7475	58.868	19.5062	78.375	53.582	1357.08	16.3082							0.0	0.0	0.0	0.0	0.0
2015/06/15 09:15:00		1.23525	90.82	30.5146	59.758	1006.8	552.4	27.9169	59.15	20.3106	79.46	53.625	1357.71	21.5371							0.0	0.0	0.0	0.0	0.0
2015/06/15 09:20:00		0.95023	102.737	30.7	59.643	1006.83	627.31	27.8555	57.064	18.9961	76.06	54.269	1365.83	18.5584							0.0	0.0	0.0	0.0	0.0
2015/06/15 09:25:00		1.56754	122.963	30.9432	58.819	1006.82	579.73	27.7344	54.994	17.524	72.518	54.13	1383.54	17.669							0.0	0.0	0.0	0.0	0.0
2015/06/15 09:30:00		1.47162	147.366	31.25	58.087	1006.86	571.21	27.5424	52.452	18.2019	70.654	54.049	1401.67	16.0582							0.0	0.0	0.0	0.0	0.0
2015/06/15 09:35:00		1.35005	117.799	31.5365	57.083	1006.85	581.73	27.3846	52.861	17.4316	70.292	53.782	1422.92	14.9581							0.0	0.0	0.0	0.0	0.0
2015/06/15 09:40:00		1.67521	143.647	31.7724	56.472	1006.87	476.19	27.3612	52.751	16.61	69.361	53.596	1432.5	9.3863							0.0	0.0	0.0	0.0	0.0
2015/06/15 09:45:00		2.49051	157.069	31.8995	55.877	1006.91	354.601	27.6742	51.713	18.7051	70.418	53.043	1436.25	7.4255							0.0	0.0	0.0	0.0	0.0
2015/06/15 09:50:00		2.80461	164.433	31.9036	54.841	1006.95	333.514	27.9695	52.115	22.8371	74.952	52.858	1434.38	24.5802							0.0	0.0	0.0	0.0	0.0
2015/06/15 09:55:00		2.17965	161.958	31.7292	55.519	1006.91	446.221	28.0058	50.601	25.2984	75.899	53.134	1435.63	20.8514							0.0	0.0	0.0	0.0	0.0
2015/06/15 10:00:00		2.42769	128.271	31.8062	56.305	1006.85	557.16	27.9502	48.9681	24.8637	73.832	53.882	1445.63	19.6513							0.0	0.0	0.0	0.0	0.0
2015/06/15 10:05:00		2.42382	133.116	31.8844	54.977	1006.76	492.231	27.8176	51.539	23.823	75.362	53.582	1452.92	16.6333							0.0	0.0	0.0	0.0	0.0
2015/06/15 10:10:00		2.44005	130.947	31.9615	55.423	1006.77	707.89	27.6742	47.876	24.9664	72.842	54.011	1462.5	15.4082							0.0	0.0	0.0	0.0	0.0
2015/06/15 10:15:00		3.05369	130.225	32.2458	54.647	1006.78	757.56	27.5457	45.3411	24.6069	69.948	53.425	1466.46	14.4438							0.0	0.0	0.0	0.0	0.0
2015/06/15 10:20:00		2.85159	116.155	32.5635	53.369	1006.78	823.97	27.427	44.5863	24.6788	69.265	53.263	1479.79	14.4474							0.0	0.0	0.0	0.0	0.0
2015/06/15 10:25:00		2.63972	132.024	32.7547	51.935	1006.8	826.01	27.3424	46.5159	24.292	70.808	52.772	1484.38	14.6045							0.0	0.0	0.0	0.0	0.0
2015/06/15 10:30:00		2.40584	135.962	32.8672	51.091	1006.82	631.12	27.3258	46.0536	24.5693	70.623	52.581	1485.0	13.8438							0.0	0.0	0.0	0.0	0.0
2015/06/15 10:35:00		2.78404	137.965	32.8589	50.778	1006.83	312.258	27.3236	46.3082	24.3639	70.672	51.737	1498.96	13.9474							0.0	0.0	0.0	0.0	0.0
2015/06/15 10:40:00		2.74178	143.588	32.6547	51.152	1006.75	277.535	27.3521	48.9993	26.2707	75.27	51.556	1499.58	14.7403							0.0	0.0	0.0	0.0	0.0
2015/06/15 10:45:00		2.30853	140.672	32.4891	52.227	1006.75	517.11	27.3811	47.7799	27.1265	74.906	51.18	1499.79	14.926							0.0	0.0	0.0	0.0	0.0
2015/06/15 10:50:00		2.62724	126.52	32.4	52.598	1006.67	675.33	27.4044	49.6135	28.3794	77.993	50.77	1507.5	15.4225							0.0	0.0	0.0	0.0	0.0
2015/06/15 10:55:00		3.15333	148.584	32.4875	51.863	1006.58	734.1	27.4034	42.9894	29.2935	72.283	50.913	1509.38	14.9689							0.0	0.0	0.0	0.0	0.0
2015/06/15 11:00:00		2.70804	144.156	32.5833	51.299	1006.5	850.13	27.4189	39.1727	31.2413	70.414	50.784	1501.04	14.8367							0.0	0.0	0.0	0.0	0.0
2015/06/15 11:05:00		2.98822	151.47	32.8026	51.112	1006.43	952.65	27.4401	37.8215	30.4026	68.224	50.398	1507.08	15.8939							0.0	0.0	0.0	0.0	0.0
2015/06/15 11:10:00		2.91643	146.059	33.1208	50.366	1006.36	897.87	27.4705	38.9404	30.9846	69.925	50.255	1518.75	15.6653							0.0	0.0	0.0	0.0	0.0
2015/06/15 11:15:00		3.13868	160.958	33.3734	49.6953	1006.33	905.33	27.514	44.8096	32.9496	77.759	50.036	1518.33	14.9653							0.0	0.0	0.0	0.0	0.0
2015/06/15 11:20:00		2.99463	166.515	33.5901	48.0812	1006.29	733.01	27.5838	43.4584	34.8187	78.277	50.231	1525.63	14.6403							0.0	0.0	0.0	0.0	0.0
2015/06/15 11:25:00		2.23722	154.762	33.599	48.5115	1006.32	479.099	27.6477	41.9867	34.6715	76.658	50.217	1529.79	15.1439							0.0	0.0	0.0	0.0	0.0
2015/06/15 11:30:00		2.43381	152.584	33.5693	48.6036	1006.29	370.191	27.7188	41.3859	33.2371	74.623	49.7497	1532.92	14.9474							0.0	0.0	0.0	0.0	0.0
2015/06/15 11:35:00		1.80158	171.131	33.4109	48.8937	1006.32	788.26	27.7808	38.4044	32.8708	71.275	50.355	1536.67	15.3617							0.0	0.0	0.0	0.0	0.0
2015/06/15 11:40:00		1.89595	164.85	33.5406	48.7172	1006.28	647.6	27.8547	42.6723	34.2333	76.906	50.66	1543.75	15.3903							0.0	0.0	0.0	0.0	0.0
2015/06/15 11:45:00		2.63618	153.884	33.601	47.9839	1006.25	519.16	27.8826	43.2619	35.2809	78.543	50.593	1559.38	15.6189							0.0	0.0	0.0	0.0	0.0
2015/06/15 11:50:00		2.42103	144.548	33.5531	47.4	1006.28	693.13	27.9542	39.4429	35.6882	75.131	51.184	1566.88	15.8868							0.0	0.0	0.0	0.0	0.0
2015/06/15 11:55:00		2.80425	148.076	33.5203	48.2104	1006.29	501.9	28.1814	37.8662	36.4996	74.366	51.146	1565.83	14.5652							0.0	0.0	0.0	0.0	0.0
2015/06/15 12:00:00		1.97518	167.814	33.6021	47.2833	1006.2	503.64	28.3822	39.5211	36.2052	75.726	51.623	1563.33	18.987							0.0	0.0	0.0	0.0	0.0
2015/06/15 12:05:00		2.51271	172.719	33.6307	47.6849	1006.07	603.32	28.4249	41.3703	36.034	77.404	52.314	1567.71	16.5511							0.0	0.0	0.0	0.0	0.0
2015/06/15 12:10:00		2.30315	152.236	33.7323	47.4839	1005.95	642.02	28.4029	43.5723	36.6057	80.178	52.819	1575.0	14.3867							0.0	0.0	0.0	0.0	0.0
2015/06/15 12:15:00		2.87364	155.162	33.8656	47.6698	1005.84	1021.06	28.391	42.315	35.7533	78.068	53.329	1575.63	13.5866							0.0	0.0	0.0	0.0	0.0
2015/06/15 12:20:00		3.29994	160.331	34.1453	47.1328	1005.81	518.2	28.4327	39.3938	36.6194	76.013	53.778	1572.71	14.1474							0.0	0.0	0.0	0.0	0.0
2015/06/15 12:25:00		3.09332	163.086	34.3755	47.1057	1005.72	888.83	28.5033	36.9148	37.554	74.469	53.62	1570.21	14.0938							0.0	0.0	0.0	0.0	0.0
2015/06/15 12:30:00		2.87303	149.84	34.6031	45.5396	1005.61	885.64	28.5414	41.5378	39.1184	80.656	53.658	1567.5	15.1724							0.0	0.0	0.0	0.0	0.0
2015/06/15 12:35:00		2.20944	175.877	34.8469	45.4036	1005.51	937.07	28.5484	40.8767	36.5543	77.431	54.059	1561.25	14.5724							0.0	0.0	0.0	0.0	0.0
2015/06/15 12:40:00		3.18864	164.94	35.1594	34.1411	1005.5	365.167	28.5449	41.8236	35.6369	77.461	54.097	1565.83	13.0794							0.0	0.0	0.0	0.0	0.0
2015/06/15 12:45:00		3.45933	131.54	35.0354	30.4458	1005.48	470.4	28.5323	41.9777	35.8765	77.854	54.54	1560.42	12.8794							0.0	0.0	0.0	0.0	0.0
2015/06/15 12:50:00		2.20267	127.786	34.5422	32.0573	1005.37	820.76	28.5025	38.0158	35.3254	73.341	54.612	1551.67	12.3865							0.0	0.0	0.0	0.0	0.0
2015/06/15 12:55:00		4.05632	125.628	34.3047	33.3745	1005.4	1043.23	28.5282	35.9857	32.84	68.826	54.145	1548.33	12.3222							0.0	0.0	0.0	0.0	0.0
2015/06/15 13:00:00		2.78319	116.716	34.2188	31.7193	1005.4	1066.65	28.5825	33.0198	31.3543	64.374	54.326	1536.25	14.1295							0.0	0.0	0.0	0.0	0.0
2015/06/15 13:05:00		3.53714	131.528	34.1849	32.387	1005.36	1064.99	28.6002	31.7223	31.8233	63.546	53.982	1527.5	13.7152							0.0	0.0	0.0	0.0	0.0
2015/06/15 13:10:00		3.25465	122.104	34.5219	31.1266	1005.35	1017.03	28.6271	32.5709	28.869	61.44	53.544	1511.25	13.5188							0.0	0.0	0.0	0.0	0.0
2015/06/15 13:15:00		2.61521	121.022	34.6146	30.0281	1005.22	772.89	28.6381	37.1269	30.1664	67.293	54.283	1504.79	13.3223							0.0	0.0	0.0	0.0	0.0
2015/06/15 13:20:00		3.69102	135.402	34.4818	30.7573	1005.1	649.7	28.6206	35.5234	30.2417	65.765	54.44	1494.38	13.358							0.0	0.0	0.0	0.0	0.0
2015/06/15 13:25:00		3.67808	157.978	34.3411	30.9807	1005.04	690.28	28.5946	32.1823	30.4814	62.664	53.701	1490.0	13.6473							0.0	0.0	0.0	0.0	0.0
2015/06/15 13:30:00		3.82176	154.73	34.1766	31.1745	1004.96	405.402	28.5017	29.5068	30.4026	59.909	54.083	1478.33	12.1937							0.0	0.0	0.0	0.0	0.0
2015/06/15 13:35:00		4.07043	143.528	33.874	32.3464	1004.9	442.867	28.4343	29.7234	29.1463	58.87	53.349	1471.04	11.9365							0.0	0.0	0.0	0.0	0.0
2015/06/15 13:40:00		3.75373	133.814	33.5401	32.925	1004.91	409.471	28.4335	30.1076	28.0029	58.11	53.234	1457.08	12.6794							0.0	0.0	0.0	0.0	0.0
2015/06/15 13:45:00		4.37867	138.996	33.2661	33.9271	1004.95	363.059	28.4727	29.0624	26.4418	55.504	52.877	1447.92	12.8901							0.0	0.0	0.0	0.0	0.0
2015/06/15 13:50:00		3.99139	138.04	32.9948	33.9682	1004.97	409.201	28.5221	29.0512	24.8808	53.932	53.277	1436.04	13.5902							0.0	0.0	0.0	0.0	0.0
2015/06/15 13:55:00		3.7431	135.269	32.7448	35.3854	1004.96	355.148	28.5621	30.4984	27.1847	57.683	52.934	1431.46	14.0581							0.0	0.0	0.0	0.0	0.0
2015/06/15 14:00:00		4.19661	135.054	32.6896	35.5099	1004.95	352.931	28.5701	30.1076	26.8834	56.991	52.982	1417.29	14.851							0.0	0.0	0.0	0.0	0.0
2015/06/15 14:05:00		3.4291	146.313	32.599	35.8995	1004.91	329.365	28.5487	30.3733	27.2703	57.644	53.11	1412.92	14.1509							0.0	0.0	0.0	0.0	0.0
2015/06/15 14:10:00		3.04533	140.186	32.5948	35.4792	1004.87	303.829	28.5296	33.6876	26.6301	60.318	53.53	1411.88	14.4724							0.0	0.0	0.0	0.0	0.0
2015/06/15 14:15:00		3.52209	148.772	32.4667	35.5125	1004.74	300.876	28.5052	30.8289	27.0786	57.907	53.682	1397.08	14.4724							0.0	0.0	0.0	0.0	0.0
2015/06/15 14:20:00		3.76043	140.016	32.4198	37.1094	1004.65	317.654	28.4791	27.097	24.9287	52.026	53.248	1394.17	14.7831							0.0	0.0	0.0	0.0	0.0
2015/06/15 14:25:00		3.0746	140.58	32.4417	37.3672	1004.61	333.455	28.4388	29.1338	26.3323	55.466	53.296	1386.67	14.6438							0.0	0.0	0.0	0.0	0.0
2015/06/15 14:30:00		3.2425	145.338	32.3604	37.4995	1004.58	280.408	28.4141	30.9853	26.435	57.42	52.977	1391.04	14.5474							0.0	0.0	0.0	0.0	0.0
2015/06/15 14:35:00		2.77595	139.462	32.2833	38.6219	1004.6	224.715	28.4157	28.3812	23.9668	52.348	53.272	1388.54	14.9546							0.0	0.0	0.0	0.0	0.0
2015/06/15 14:40:00		3.42015	144.634	32.2344	38.4448	1004.54	218.692	28.4088	30.9495	25.562	56.512	53.396	1387.29	14.8081							0.0	0.0	0.0	0.0	0.0
2015/06/15 14:45:00		2.4956	139.288	32.0969	39.1167	1004.43	239.298	28.3857	32.7384	26.298	59.036	53.797	1382.5	15.0439							0.0	0.0	0.0	0.0	0.0
2015/06/15 14:50:00		3.3184	149.548	32.0286	40.1542	1004.36	317.559	28.3661	31.653	25.9454	57.598	53.511	1385.42	14.9439							0.0	0.0	0.0	0.0	0.0
2015/06/15 14:55:00		2.91686	148.758	32.162	39.9818	1004.28	347.594	28.3462	32.6335	25.2437	57.877	53.558	1388.13	15.8796							0.0	0.0	0.0	0.0	0.0
2015/06/15 15:00:00		2.96478	141.351	32.2667	39.7286	1004.27	333.616	28.3384	34.4804	27.0204	61.501	53.906	1384.79	14.5974							0.0	0.0	0.0	0.0	0.0
2015/06/15 15:05:00		2.33144	148.417	32.3484	39.8083	1004.19	369.206	28.3124	33.4821	26.055	59.537	53.639	1387.5	15.1939							0.0	0.0	0.0	0.0	0.0
2015/06/15 15:10:00		2.34595	152.682	32.5313	40.1391	1004.05	381.573	28.3068	31.5458	24.7575	56.303	53.082	1397.71	15.4082							0.0	0.0	0.0	0.0	0.0
2015/06/15 15:15:00		2.19261	134.92	32.7469	39.0057	1003.97	385.452	28.2931	39.4429	24.09	63.533	53.263	1410.21	15.5582							0.0	0.0	0.0	0.0	0.0
2015/06/15 15:20:00		2.12051	137.108	32.8161	38.2807	1003.83	403.871	28.2923	40.7851	26.767	67.552	53.349	1416.46	15.8582							0.0	0.0	0.0	0.0	0.0
2015/06/15 15:25:00		1.79093	151.364	32.9182	37.9073	1003.81	392.117	28.2909	38.6568	27.2771	65.934	53.349	1420.0	15.3225							0.0	0.0	0.0	0.0	0.0
2015/06/15 15:30:00		1.59388	150.372	33.0219	36.9125	1003.7	405.315	28.292	37.4262	26.7807	64.207	53.215	1435.42	15.6903							0.0	0.0	0.0	0.0	0.0
2015/06/15 15:35:00		2.17594	128.978	33.1833	36.3286	1003.51	415.377	28.2885	37.9198	26.6883	64.608	53.663	1449.17	16.0189							0.0	0.0	0.0	0.0	0.0
2015/06/15 15:40:00		2.07724	128.029	33.324	35.0766	1003.41	417.681	28.2939	40.8812	28.3623	69.243	53.515	1452.29	15.8725							0.0	0.0	0.0	0.0	0.0
2015/06/15 15:45:00		1.53725	129.654	33.3958	34.3	1003.35	392.554	28.3033	41.8393	29.0196	70.859	53.668	1463.75	15.6868							0.0	0.0	0.0	0.0	0.0
2015/06/15 15:50:00		1.06245	121.621	33.5365	34.2297	1003.23	365.91	28.3277	40.4926	29.7967	70.289	53.63	1471.04	14.926							0.0	0.0	0.0	0.0	0.0
2015/06/15 15:55:00		1.44646	96.842	33.6875	33.4333	1003.2	336.467	28.3443	38.6925	30.7552	69.448	53.792	1480.63	15.8475							0.0	0.0	0.0	0.0	0.0
2015/06/15 16:00:00		1.40749	82.056	33.7542	33.3031	1003.15	349.927	28.3537	38.4513	33.0557	71.507	53.921	1509.17	16.2654							0.0	0.0	0.0	0.0	0.0
2015/06/15 16:05:00		1.12186	103.161	33.8005	33.1839	1003.09	375.258	28.3698	36.9014	34.7879	71.689	53.482	1521.67	15.7082							0.0	0.0	0.0	0.0	0.0
2015/06/15 16:10:00		1.84297	126.791	33.9333	33.5005	1003.1	343.248	28.3827	37.5513	35.7499	73.301	53.782	1528.33	15.8903							0.0	0.0	0.0	0.0	0.0
2015/06/15 16:15:00		1.49565	142.028	34.0724	32.138	1003.01	324.778	28.4045	41.0889	37.465	78.554	54.059	1533.96	16.4154							0.0	0.0	0.0	0.0	0.0
2015/06/15 16:20:00		1.90707	146.64	34.1724	31.8724	1003.06	416.485	28.4152	38.9627	36.9309	75.894	53.758	1544.58	16.2189							0.0	0.0	0.0	0.0	0.0
2015/06/15 16:25:00		2.00379	130.517	34.3667	29.613	1003.12	267.509	28.4584	37.9332	38.0367	75.97	53.749	1558.33	16.6725							0.0	0.0	0.0	0.0	0.0
2015/06/15 16:30:00		1.39848	145.317	34.3401	29.3844	1003.06	189.678	28.4933	36.4502	39.1595	75.61	54.893	1564.38	16.1654							0.0	0.0	0.0	0.0	0.0
2015/06/15 16:35:00		2.34762	115.502	34.2073	31.0776	1003.04	272.256	28.5229	33.9288	38.5673	72.496	54.197	1568.75	16.8083							0.0	0.0	0.0	0.0	0.0
2015/06/15 16:40:00		1.75307	126.381	34.2073	30.7958	1003.06	355.651	28.5422	32.4526	38.3311	70.784	54.412	1568.13	16.5011							0.0	0.0	0.0	0.0	0.0
2015/06/15 16:45:00		2.40117	131.999	34.363	30.9927	1003.07	357.27	28.546	31.2287	37.3862	68.615	54.345	1591.46	16.769							0.0	0.0	0.0	0.0	0.0
2015/06/15 16:50:00		2.03915	134.444	34.4974	30.0786	1003.02	175.022	28.5758	32.8389	36.6468	69.486	54.607	1607.92	16.9726							0.0	0.0	0.0	0.0	0.0
2015/06/15 16:55:00		2.51825	108.91	34.4135	29.8646	1003.04	126.073	28.5825	41.8862	38.468	80.354	54.464	1616.25	16.4475							0.0	0.0	0.0	0.0	0.0
2015/06/15 17:00:00		1.84916	116.529	34.1865	31.5505	1003.04	109.565	28.5884	35.6261	39.05	74.676	54.512	1630.21	16.6261							0.0	0.0	0.0	0.0	0.0
2015/06/15 17:05:00		2.55401	141.367	33.8797	32.4979	1003.03	121.078	28.597	38.0694	37.8758	75.945	54.659	1642.29	17.4654							0.0	0.0	0.0	0.0	0.0
2015/06/15 17:10:00		1.99764	107.88	33.6443	32.9651	1003.12	122.682	28.59	37.7925	38.8446	76.637	54.888	1654.58	16.7904							0.0	0.0	0.0	0.0	0.0
2015/06/15 17:15:00		2.92474	129.135	33.4516	32.7547	1003.12	194.359	28.5656	40.6377	40.9841	81.622	55.122	1665.0	16.8154							0.0	0.0	0.0	0.0	0.0
2015/06/15 17:20:00		3.37124	142.867	33.413	30.951	1003.11	166.097	28.5556	35.9299	40.522	76.452	54.864	1671.25	16.6654							0.0	0.0	0.0	0.0	0.0
2015/06/15 17:25:00		2.62023	138.106	33.2984	28.4438	1003.05	96.097	28.5465	33.7635	38.5912	72.355	54.764	1674.79	16.894							0.0	0.0	0.0	0.0	0.0
2015/06/15 17:30:00		3.48267	137.447	33.1339	28.9573	1003.01	112.54	28.5213	30.6614	37.2938	67.955	55.188	1675.42	16.3547							0.0	0.0	0.0	0.0	0.0
2015/06/15 17:35:00		3.17804	135.172	33.0953	29.076	1003.03	99.079	28.5054	37.5423	37.7765	75.319	54.693	1678.33	16.3404							0.0	0.0	0.0	0.0	0.0
2015/06/15 17:40:00		2.96866	140.617	32.9818	29.1302	1003.03	84.401	28.4982	44.957	40.7377	85.695	54.364	1683.96	15.9189							0.0	0.0	0.0	0.0	0.0
2015/06/15 17:45:00		3.20795	133.114	32.8422	29.6755	1003.03	80.369	28.492	41.0844	42.9628	84.047	54.512	1682.71	15.9582							0.0	0.0	0.0	0.0	0.0
2015/06/15 17:50:00		2.96762	148.51	32.7234	30.9641	1003.09	109.885	28.4595	35.7311	42.1549	77.886	54.774	1686.25	16.0904							0.0	0.0	0.0	0.0	0.0
2015/06/15 17:55:00		2.63033	149.745	32.7536	30.3901	1003.15	128.749	28.5033	37.5044	40.5973	78.102	54.13	1694.79	15.6439							0.0	0.0	0.0	0.0	0.0
2015/06/15 18:00:00		3.55069	129.94	32.7906	29.5859	1003.2	113.407	28.2882	41.0353	40.9431	81.978	54.431	1691.88	16.9726							0.0	0.0	0.0	0.0	0.0
2015/06/15 18:05:00		3.32197	134.276	32.7349	29.2151	1003.27	69.358	27.9298	42.8197	39.2006	82.02	54.125	1705.83	16.3511							0.0	0.0	0.0	0.0	0.0
2015/06/15 18:10:00		3.41171	134.817	32.6042	30.3479	1003.28	45.2156	27.5177	39.8449	36.3353	76.18	53.492	1719.79	14.2081							0.0	0.0	0.0	0.0	0.0
2015/06/15 18:15:00		4.14269	132.281	32.3891	32.4646	1003.24	32.1563	27.1564	36.0929	34.1888	70.282	52.695	1732.92	12.9866							0.0	0.0	0.0	0.0	0.0
2015/06/15 18:20:00		2.55964	129.067	32.2068	34.3859	1003.28	28.4448	26.8554	30.0942	31.1112	61.205	51.27	1735.42	12.9009							0.0	0.0	0.0	0.0	0.0
2015/06/15 18:25:00		1.23456	132.878	32.0474	35.1875	1003.35	25.9802	26.6283	33.2387	29.5571	62.796	50.427	1752.71	12.3758							0.0	0.0	0.0	0.0	0.0
2015/06/15 18:30:00		3.34352	134.78	31.9802	36.2974	1003.46	20.2708	26.5633	45.0218	31.4741	76.496	49.1062	1772.08	12.5366							0.0	0.0	0.0	0.0	0.0
2015/06/15 18:35:00		2.92272	134.012	31.8974	36.7687	1003.53	17.5365	26.5512	50.277	31.1455	81.422	48.5008	1778.75	14.0795							0.0	0.0	0.0	0.0	0.0
2015/06/15 18:40:00		3.138	125.501	31.776	37.5167	1003.56	15.2031	26.5413	47.666	31.7822	79.448	48.0432	1783.75	14.4224							0.0	0.0	0.0	0.0	0.0
2015/06/15 18:45:00		3.18637	133.325	31.6573	37.7354	1003.59	9.8365	26.5391	44.3294	29.3311	73.661	47.6095	1782.5	15.2582							0.0	0.0	0.0	0.0	0.0
2015/06/15 18:50:00		3.20344	135.415	31.5161	38.1427	1003.68	4.12708	26.5211	38.3151	29.3277	67.643	47.4617	1786.88	15.1724							0.0	0.0	0.0	0.0	0.0
2015/06/15 18:55:00		2.8634	128.718	31.3755	39.4182	1003.78	1.16667	26.4935	36.5396	28.441	64.981	47.5951	1793.54	15.3225							0.0	0.0	0.0	0.0	0.0
2015/06/15 19:00:00		2.06645	127.385	31.3099	39.6427	1003.83	1.25417	26.4704	37.4642	27.0306	64.495	47.2901	1800.21	14.5081							0.0	0.0	0.0	0.0	0.0
2015/06/15 19:05:00		1.8001	113.843	31.1964	39.974	1003.84	1.21042	26.4419	38.3128	27.0923	65.405	47.2329	1805.63	14.3795							0.0	0.0	0.0	0.0	0.0
2015/06/15 19:10:00		2.35616	128.881	31.0964	40.5443	1003.88	1.23229	26.3936	36.008	26.3699	62.378	46.8134	1809.38	14.9796							0.0	0.0	0.0	0.0	0.0
2015/06/15 19:15:00		1.296	131.987	31.0089	41.2349	1003.93	1.19583	26.341	40.2357	25.877	66.113	46.904	1820.21	14.8939							0.0	0.0	0.0	0.0	0.0
2015/06/15 19:20:00		1.23975	133.128	30.9474	41.8693	1004.05	1.21042	26.2962	50.134	26.1166	76.25	46.9374	1832.71	15.1724							0.0	0.0	0.0	0.0	0.0
2015/06/15 19:25:00		2.7387	137.426	30.9042	42.6156	1004.11	1.18854	26.2492	48.9636	25.5004	74.464	47.5046	1843.75	15.1296							0.0	0.0	0.0	0.0	0.0
2015/06/15 19:30:00		2.42758	131.38	30.8354	43.651	1004.21	1.15208	26.2151	55.42	25.1033	80.523	46.9183	1848.33	14.8296							0.0	0.0	0.0	0.0	0.0
2015/06/15 19:35:00		2.1932	125.662	30.8099	44.1047	1004.41	1.15208	26.1823	47.5298	24.5248	72.055	46.9612	1855.21	14.9153							0.0	0.0	0.0	0.0	0.0
2015/06/15 19:40:00		2.13578	132.234	30.7156	45.4755	1004.53	1.16667	26.1166	45.9665	23.4464	69.413	46.6514	1878.13	14.5938							0.0	0.0	0.0	0.0	0.0
2015/06/15 19:45:00		3.44217	135.449	30.7141	46.0698	1004.62	1.14479	26.0623	44.3294	22.8507	67.18	46.4512	1883.54	14.7653							0.0	0.0	0.0	0.0	0.0
2015/06/15 19:50:00		2.69306	140.761	30.6307	47.0828	1004.71	1.21042	26.0194	43.454	23.1417	66.596	46.2271	1893.75	15.001							0.0	0.0	0.0	0.0	0.0
2015/06/15 19:55:00		2.34899	135.876	30.5661	48.2646	1004.82	1.20313	25.9695	45.4416	23.5696	69.011	46.2843	1895.21	15.7725							0.0	0.0	0.0	0.0	0.0
2015/06/15 20:00:00		2.93932	132.943	30.4755	51.278	1004.86	1.17396	25.9182	44.5639	24.4529	69.017	45.9173	1894.17	15.8582							0.0	0.0	0.0	0.0	0.0
2015/06/15 20:05:00		2.97588	134.475	30.4057	56.749	1004.92	1.225	25.8554	40.7583	23.1143	63.873	45.7314	1892.29	15.151							0.0	0.0	0.0	0.0	0.0
2015/06/15 20:10:00		3.45176	138.134	30.349	58.248	1004.99	1.18854	25.8049	37.683	22.214	59.897	45.7218	1890.0	15.3867							0.0	0.0	0.0	0.0	0.0
2015/06/15 20:15:00		3.90158	137.752	30.3083	59.331	1005.15	1.1375	25.7681	37.1761	23.2855	60.462	45.7886	1882.71	14.6367							0.0	0.0	0.0	0.0	0.0
2015/06/15 20:20:00		2.97472	136.484	30.2318	60.068	1005.31	1.19583	25.7155	36.8545	22.6556	59.51	45.6503	1880.42	15.6868							0.0	0.0	0.0	0.0	0.0
2015/06/15 20:25:00		3.52006	136.913	30.2073	60.598	1005.42	1.23229	25.6671	43.5835	22.6077	66.191	45.2547	1878.54	16.1368							0.0	0.0	0.0	0.0	0.0
2015/06/15 20:30:00		2.91812	151.77	30.2115	60.911	1005.49	1.20313	25.621	42.65	22.9774	65.627	44.9306	1872.92	15.3439							0.0	0.0	0.0	0.0	0.0
2015/06/15 20:35:00		3.43741	144.817	30.2078	61.21	1005.57	1.16667	25.5762	34.0583	21.3	55.358	44.7876	1870.63	14.8296							0.0	0.0	0.0	0.0	0.0
2015/06/15 20:40:00		3.03656	138.447	30.1682	61.62	1005.69	1.21771	25.5477	33.127	20.5913	53.718	44.6255	1866.04	14.6367							0.0	0.0	0.0	0.0	0.0
2015/06/15 20:45:00		4.39135	145.541	30.1125	62.185	1005.75	1.18854	25.5128	32.8501	19.5164	52.367	44.3491	1858.33	15.301							0.0	0.0	0.0	0.0	0.0
2015/06/15 20:50:00		3.84477	146.756	30.0813	62.844	1005.8	1.23229	25.4889	38.5384	20.9303	59.469	44.125	1850.63	15.2796							0.0	0.0	0.0	0.0	0.0
2015/06/15 20:55:00		3.53308	139.916	30.0	63.321	1005.82	1.21042	25.4537	32.8568	20.7831	53.64	44.6684	1842.08	14.7438							0.0	0.0	0.0	0.0	0.0
2015/06/15 21:00:00		3.30132	142.485	29.9234	63.788	1005.88	1.15937	25.4371	31.9143	20.2901	52.204	44.2728	1827.5	14.4867							0.0	0.0	0.0	0.0	0.0
2015/06/15 21:05:00		2.92835	145.428	29.9005	64.191	1005.98	1.19583	25.4105	32.1801	19.6191	51.799	44.2823	1817.29	14.5295							0.0	0.0	0.0	0.0	0.0
2015/06/15 21:10:00		4.1193	147.832	29.8182	64.625	1006.02	1.19583	25.6422	36.046	20.7386	56.785	43.9773	1813.33	3.4038							0.0	0.0	0.0	0.0	0.0
2015/06/15 21:15:00		3.5426	140.227	29.8047	64.934	1006.06	1.18125	25.952	32.9551	23.9428	56.898	44.4015	1800.21	14.2974							0.0	0.0	0.0	0.0	0.0
2015/06/15 21:20:00		3.08977	144.562	29.8026	65.12	1006.17	1.18854	26.097	37.8148	25.2471	63.062	44.8066	1796.46	27.0875							0.0	0.0	0.0	0.0	0.0
2015/06/15 21:25:00		3.53512	150.474	29.8052	65.353	1006.2	1.20313	26.0991	32.1377	23.6963	55.834	45.6837	1788.54	21.4729							0.0	0.0	0.0	0.0	0.0
2015/06/15 21:30:00		2.77641	150.332	29.7797	65.527	1006.32	1.18125	25.9834	31.8429	22.1524	53.995	46.0984	1776.04	18.0441							0.0	0.0	0.0	0.0	0.0
2015/06/15 21:35:00		3.30566	149.151	29.7089	65.667	1006.39	1.18125	25.8435	31.6218	21.3239	52.946	46.3844	1772.92	15.7939							0.0	0.0	0.0	0.0	0.0
2015/06/15 21:40:00		2.69159	159.256	29.7089	65.726	1006.46	1.16667	25.7235	34.7842	20.5811	55.365	46.6132	1764.38	14.6367							0.0	0.0	0.0	0.0	0.0
2015/06/15 21:45:00		2.80844	149.035	29.7125	65.849	1006.53	1.15208	25.7834	36.1331	20.3757	56.509	46.2891	1760.21	5.5397							0.0	0.0	0.0	0.0	0.0
2015/06/15 21:50:00		2.51292	144.39	29.7078	65.91	1006.59	1.17396	26.0752	32.5374	23.443	55.98	45.8601	1747.08	2.70732							0.0	0.0	0.0	0.0	0.0
2015/06/15 21:55:00		3.02946	150.706	29.7068	66.055	1006.56	1.15937	26.254	33.4062	26.2022	59.608	46.5751	1744.17	31.8771							0.0	0.0	0.0	0.0	0.0
2015/06/15 22:00:00		3.08165	145.39	29.7099	66.136	1006.58	1.21042	26.2911	32.2225	25.8154	58.038	47.2329	1728.54	23.723							0.0	0.0	0.0	0.0	0.0
2015/06/15 22:05:00		3.07998	142.095	29.7115	66.276	1006.69	1.1375	26.2621	32.6692	26.2501	58.919	47.1947	1722.71	19.9728							0.0	0.0	0.0	0.0	0.0
2015/06/15 22:10:00		2.97156	149.221	29.7089	66.371	1006.75	1.18125	26.1593	34.744	24.7952	59.539	47.6476	1710.63	17.7655							0.0	0.0	0.0	0.0	0.0
2015/06/15 22:15:00		3.08167	153.383	29.6406	66.41	1006.76	1.16667	26.0562	32.8121	23.0219	55.834	47.8287	1705.0	16.3082							0.0	0.0	0.0	0.0	0.0
2015/06/15 22:20:00		2.93509	148.643	29.6083	66.554	1006.82	1.14479	25.9582	30.3756	22.5495	52.925	47.6428	1699.38	15.9653							0.0	0.0	0.0	0.0	0.0
2015/06/15 22:25:00		2.63825	145.728	29.6109	66.597	1006.98	1.23229	25.8698	31.2778	21.2212	52.499	47.2329	1696.88	15.3867							0.0	0.0	0.0	0.0	0.0
2015/06/15 22:30:00		2.03066	148.969	29.613	66.721	1007.07	1.21042	25.7745	32.2605	22.4126	54.673	47.3759	1686.25	15.5582							0.0	0.0	0.0	0.0	0.0
2015/06/15 22:35:00		3.34629	152.315	29.612	66.828	1007.07	1.12292	25.6972	31.2198	22.5735	53.793	46.9898	1688.96	16.1368							0.0	0.0	0.0	0.0	0.0
2015/06/15 22:40:00		3.0796	158.85	29.613	66.877	1007.03	1.18854	25.7786	31.1662	21.0672	52.233	46.2653	1689.58	5.8468							0.0	0.0	0.0	0.0	0.0
2015/06/15 22:45:00		3.03022	153.743	29.526	66.926	1006.96	1.21771	26.0653	31.318	22.7241	54.042	46.618	1690.21	0.5929							0.0	0.0	0.0	0.0	0.0
2015/06/15 22:50:00		2.89076	147.603	29.4953	66.98	1006.87	1.23229	26.2884	31.6955	25.6271	57.323	46.4131	1674.38	34.7416							0.0	0.0	0.0	0.0	0.0
2015/06/15 22:55:00		2.90667	151.076	29.4911	67.121	1006.79	1.16667	26.3273	31.2399	28.2014	59.441	47.3616	1663.54	28.6805							0.0	0.0	0.0	0.0	0.0
2015/06/15 23:00:00		3.40805	142.164	29.4948	67.205	1006.75	1.17396	26.2487	30.2952	27.147	57.442	47.2139	1652.29	23.3087							0.0	0.0	0.0	0.0	0.0
2015/06/15 23:05:00		2.58728	160.828	29.4443	67.302	1006.74	1.21771	26.0795	29.2254	26.079	55.304	47.6714	1649.17	19.2013							0.0	0.0	0.0	0.0	0.0
2015/06/15 23:10:00		2.67923	160.787	29.3964	67.474	1006.71	1.17396	25.9203	34.0985	25.5415	59.64	47.3521	1643.33	17.3583							0.0	0.0	0.0	0.0	0.0
2015/06/15 23:15:00		2.69263	145.132	29.3953	67.609	1006.67	1.18854	25.8347	32.8322	24.1585	56.991	47.6047	1637.08	11.165							0.0	0.0	0.0	0.0	0.0
2015/06/15 23:20:00		2.41704	155.734	29.3953	67.707	1006.68	1.17396	26.0701	29.5448	25.2026	54.747	46.8229	1632.08	0.45003							0.0	0.0	0.0	0.0	0.0
2015/06/15 23:25:00		3.01025	157.025	29.4016	67.827	1006.68	1.18125	26.2999	30.5118	27.7393	58.251	47.3139	1624.79	23.5909							0.0	0.0	0.0	0.0	0.0
2015/06/15 23:30:00		2.66906	162.506	29.3729	67.921	1006.65	1.18854	26.3649	30.8535	29.3037	60.157	47.4045	1615.63	31.8878							0.0	0.0	0.0	0.0	0.0
2015/06/15 23:35:00		2.04522	157.995	29.299	68.033	1006.58	1.18125	26.3236	30.5788	30.5704	61.149	47.3234	1609.79	24.4445							0.0	0.0	0.0	0.0	0.0
2015/06/15 23:40:00		2.31967	162.599	29.3026	68.136	1006.55	1.18125	26.1652	29.7659	28.9237	58.69	47.5379	1595.63	20.4871							0.0	0.0	0.0	0.0	0.0
2015/06/15 23:45:00		1.95758	164.019	29.2984	68.264	1006.48	1.10104	26.0116	27.7871	26.9827	54.77	48.0385	1593.54	18.3226							0.0	0.0	0.0	0.0	0.0
2015/06/15 23:50:00		1.79491	141.533	29.263	68.469	1006.48	1.17396	25.9649	28.0038	25.2984	53.302	47.1995	1578.54	11.4722							0.0	0.0	0.0	0.0	0.0
2015/06/15 23:55:00		2.90193	151.88	29.2026	68.573	1006.45	1.17396	26.181	30.0138	26.5103	56.524	47.6047	1570.42	19.4334							0.0	0.0	0.0	0.0	0.0
2015/06/16 00:00:00		2.25569	161.209	29.2016	68.731	1006.46	1.13021	26.2688	29.6855	25.3053	54.991	47.6238	1564.58	23.6373							0.0	0.0	0.0	0.0	0.0
