-- 1st mean values --
Format: XTAB(V:1;HEAD:2;COL:TCFFFFFFFFFFFFFFFFFFFFFFFF)
StartTime: 2015/06/20 00:00:00
EndTime: 2015/06/21 00:00:00
Period: 24 h
Station: Gia Lam

Time	MeasPt	Wind Spd.	Wind Dir.	Temp	RH	Barometer	Radiation	InnerTemp	NO	NO2	NOx	SO2	CO	O3	PM-10	PM-2.5	PM-1	CH4	NMHC	THC	BENZEN	TOLUEN	ETHYL BENZEN	MP-XYLEN	O-XYLEN
		m/s	degree	°C	%	hPa	W/m²	°C	µg/m3	µg/m3	µg/m3	µg/m3	µg/m3	µg/m3	µg/m3	µg/m3	µg/m3	ppm	ppmC	ppmC	ug/m3	ug/m3	ug/m3	ug/m3	ug/m3
2015/06/20 00:05:00		2.36484	145.142	29.974	53.219	1004.01	1.18854	27.0291	3.35447	0.0	3.35447	55.022	723.96	28.2876							0.0	0.0	0.0	0.0	0.0
2015/06/20 00:10:00		1.72586	138.793	29.9026	53.472	1004.08	1.20313	26.7768	3.2897	0.0	3.2897	55.107	684.58	26.2517							0.0	0.0	0.0	0.0	0.0
2015/06/20 00:15:00		2.35621	132.947	29.9031	53.722	1004.08	1.23958	26.5703	2.81177	0.0	2.81177	54.397	673.96	25.866							0.0	0.0	0.0	0.0	0.0
2015/06/20 00:20:00		2.13683	144.144	29.9026	53.881	1003.98	1.18125	26.4291	3.33883	84.94	88.279	53.048	642.5	24.8159							0.0	0.0	0.0	0.0	0.0
2015/06/20 00:25:00		1.44894	154.868	29.9042	53.975	1004.01	1.18854	26.3746	1.2797	22.303	23.5827	51.799	629.58	26.8304							0.0	0.0	0.0	0.0	0.0
2015/06/20 00:30:00		1.55136	133.488	29.9052	54.088	1004.04	1.19583	26.2946	101.824	0.0	101.824	50.484	638.33	27.2804							0.0	0.0	0.0	0.0	0.0
2015/06/20 00:35:00		1.48966	134.022	29.9	54.258	1004.04	1.19583	26.2283	211.934	0.0	211.934	49.4112	665.83	27.859							0.0	0.0	0.0	0.0	0.0
2015/06/20 00:40:00		1.47366	131.8	29.9042	54.301	1004.1	1.18854	26.1431	213.956	0.0	213.956	48.8679	715.83	28.5233							0.0	0.0	0.0	0.0	0.0
2015/06/20 00:45:00		0.7399	141.161	29.9089	54.529	1004.09	1.10833	26.0766	216.361	0.0	216.361	48.3006	906.25	29.7663							0.0	0.0	0.0	0.0	0.0
2015/06/20 00:50:00		0.55686	141.139	29.9286	54.483	1004.06	1.16667	26.0242	136.76	46.8141	183.574	47.5046	928.75	30.1306							0.0	0.0	0.0	0.0	0.0
2015/06/20 00:55:00		1.07228	123.378	29.9026	54.561	1004.02	1.225	26.0237	33.5804	1.26663	34.847	47.4236	914.17	29.2091							0.0	0.0	0.0	0.0	0.0
2015/06/20 01:00:00		0.88569	125.976	29.9	54.696	1003.97	1.15208	26.0317	33.4151	0.0	33.4151	48.0957	877.5	30.7949							0.0	0.0	0.0	0.0	0.0
2015/06/20 01:05:00		1.27938	129.191	29.8438	54.87	1003.89	1.1375	26.0371	19.1642	0.0	19.1642	48.0432	842.29	31.7378							0.0	0.0	0.0	0.0	0.0
2015/06/20 01:10:00		1.13118	128.343	29.8073	55.108	1003.88	1.1375	25.9936	13.3665	0.0	13.3665	48.3864	813.54	31.4057							0.0	0.0	0.0	0.0	0.0
2015/06/20 01:15:00		1.08226	115.614	29.8026	55.188	1003.84	1.13021	25.9311	22.1435	0.0	22.1435	48.5771	795.42	31.52							0.0	0.0	0.0	0.0	0.0
2015/06/20 01:20:00		1.00382	127.789	29.8042	55.33	1003.8	1.18854	25.8535	24.5689	0.0	24.5689	48.9966	763.54	31.2485							0.0	0.0	0.0	0.0	0.0
2015/06/20 01:25:00		1.27539	126.234	29.8104	55.379	1003.65	1.20313	25.7778	32.6647	0.0	32.6647	48.415	750.0	30.8342							0.0	0.0	0.0	0.0	0.0
2015/06/20 01:30:00		0.86774	110.346	29.801	55.433	1003.53	1.15937	25.7034	18.0319	0.0	18.0319	48.62	723.75	30.4127							0.0	0.0	0.0	0.0	0.0
2015/06/20 01:35:00		1.10779	89.857	29.8078	55.589	1003.42	1.21042	25.6465	8.1316	0.0	8.1316	48.2482	704.58	30.2306							0.0	0.0	0.0	0.0	0.0
2015/06/20 01:40:00		1.22337	94.168	29.8068	55.612	1003.36	1.11563	25.5813	23.1753	0.0	23.1753	48.3245	696.25	29.9341							0.0	0.0	0.0	0.0	0.0
2015/06/20 01:45:00		1.22927	97.833	29.8073	55.61	1003.26	1.20313	25.5576	17.4044	0.0	17.4044	47.9098	695.0	29.2019							0.0	0.0	0.0	0.0	0.0
2015/06/20 01:50:00		1.13097	90.815	29.799	55.547	1003.25	1.16667	25.5925	12.4486	0.0	12.4486	47.5141	710.0	29.5091							0.0	0.0	0.0	0.0	0.0
2015/06/20 01:55:00		1.2459	91.563	29.712	55.569	1003.22	1.17396	25.6322	16.1984	0.0	16.1984	47.619	711.46	29.852							0.0	0.0	0.0	0.0	0.0
2015/06/20 02:00:00		1.21106	86.602	29.7109	55.663	1003.17	1.16667	25.6696	14.97	0.0	14.97	47.5761	692.29	29.9163							0.0	0.0	0.0	0.0	0.0
2015/06/20 02:05:00		1.85939	92.018	29.6932	55.949	1003.14	1.15937	25.6961	15.7606	0.0	15.7606	47.6714	676.67	29.5091							0.0	0.0	0.0	0.0	0.0
2015/06/20 02:10:00		1.86088	87.337	29.6161	56.066	1002.98	1.21042	25.7165	11.1912	0.0	11.1912	47.7763	662.92	29.6805							0.0	0.0	0.0	0.0	0.0
2015/06/20 02:15:00		1.12459	114.475	29.6094	56.079	1002.98	1.16667	25.7262	8.3929	0.0	8.3929	47.762	641.88	29.1662							0.0	0.0	0.0	0.0	0.0
2015/06/20 02:20:00		1.39496	95.271	29.6135	56.3	1002.99	1.15937	25.7364	7.3901	0.0	7.3901	47.8526	644.58	28.9519							0.0	0.0	0.0	0.0	0.0
2015/06/20 02:25:00		1.49554	86.59	29.5224	56.557	1002.94	1.16667	25.7638	10.8317	0.0	10.8317	48.1529	658.13	29.1019							0.0	0.0	0.0	0.0	0.0
2015/06/20 02:30:00		1.38175	98.172	29.4974	56.756	1003.01	1.21042	25.7721	4.9781	0.0	4.9781	48.1815	657.5	28.8448							0.0	0.0	0.0	0.0	0.0
2015/06/20 02:35:00		1.26255	93.729	29.4958	56.908	1003.07	1.18125	25.788	5.8312	0.0	5.8312	48.272	691.25	29.2091							0.0	0.0	0.0	0.0	0.0
2015/06/20 02:40:00		1.00741	90.1	29.4786	57.213	1003.09	1.21042	25.8003	9.1031	0.0	9.1031	48.3865	735.62	28.5233							0.0	0.0	0.0	0.0	0.0
2015/06/20 02:45:00		0.87687	90.769	29.4141	57.38	1003.03	1.13021	25.8073	12.1426	0.0	12.1426	48.11	769.38	28.9519							0.0	0.0	0.0	0.0	0.0
2015/06/20 02:50:00		0.93843	95.622	29.4016	57.492	1003.03	1.15208	25.8309	16.5758	0.0	16.5758	48.2816	777.92	28.9948							0.0	0.0	0.0	0.0	0.0
2015/06/20 02:55:00		0.95321	96.693	29.3979	57.735	1003.07	1.23958	25.8411	12.3325	0.0	12.3325	48.1004	777.5	28.4376							0.0	0.0	0.0	0.0	0.0
2015/06/20 03:00:00		1.35138	89.648	29.3995	57.923	1003.07	1.16667	25.8546	16.7076	0.0	16.7076	48.3149	756.88	28.2876							0.0	0.0	0.0	0.0	0.0
2015/06/20 03:05:00		1.30167	86.912	29.3979	58.099	1003.03	1.21042	25.8554	11.3185	0.0	11.3185	48.4865	720.83	27.4733							0.0	0.0	0.0	0.0	0.0
2015/06/20 03:10:00		1.04037	89.979	29.3974	58.133	1003.06	1.16667	25.8564	8.4911	0.0	8.4911	48.4961	677.08	27.4518							0.0	0.0	0.0	0.0	0.0
2015/06/20 03:15:00		1.0576	84.63	29.4	58.056	1003.09	1.18125	25.8699	11.1778	0.0	11.1778	48.3626	656.25	26.616							0.0	0.0	0.0	0.0	0.0
2015/06/20 03:20:00		0.8223	97.133	29.3943	58.144	1003.12	1.21771	25.8693	21.7728	0.0	21.7728	48.5151	659.58	26.4875							0.0	0.0	0.0	0.0	0.0
2015/06/20 03:25:00		0.85245	90.338	29.3505	58.183	1003.11	1.16667	25.8572	19.6623	0.0	19.6623	48.6677	671.67	26.5946							0.0	0.0	0.0	0.0	0.0
2015/06/20 03:30:00		0.9638	106.032	29.3031	58.226	1003.04	1.17396	25.8696	12.4642	0.0	12.4642	48.8583	695.21	26.5089							0.0	0.0	0.0	0.0	0.0
2015/06/20 03:35:00		0.83392	103.539	29.301	58.424	1003.02	1.17396	25.8677	9.3688	0.0	9.3688	48.3388	691.67	27.3447							0.0	0.0	0.0	0.0	0.0
2015/06/20 03:40:00		1.27116	92.835	29.3026	58.582	1003.05	1.17396	25.8605	7.9775	0.0	7.9775	48.2339	669.17	27.3875							0.0	0.0	0.0	0.0	0.0
2015/06/20 03:45:00		1.11245	89.726	29.3021	58.893	1003.06	1.18854	25.8516	12.2498	0.0	12.2498	48.0909	655.21	26.8732							0.0	0.0	0.0	0.0	0.0
2015/06/20 03:50:00		1.03844	90.426	29.3031	58.929	1003.08	1.18854	25.8497	9.8758	0.0	9.8758	48.2482	694.58	26.7661							0.0	0.0	0.0	0.0	0.0
2015/06/20 03:55:00		1.03252	87.752	29.2672	59.031	1003.11	1.13021	25.8323	5.4985	0.0	5.4985	48.1147	771.25	27.3447							0.0	0.0	0.0	0.0	0.0
2015/06/20 04:00:00		1.08695	103.635	29.2036	59.139	1003.14	1.18125	25.8299	6.3159	0.0	6.3159	48.8631	822.71	26.8303							0.0	0.0	0.0	0.0	0.0
2015/06/20 04:05:00		1.12374	96.219	29.2057	59.262	1003.17	1.18125	25.8202	6.4164	0.0	6.4164	48.9823	850.63	27.1304							0.0	0.0	0.0	0.0	0.0
2015/06/20 04:10:00		1.35147	101.34	29.2042	59.344	1003.19	1.15937	25.8175	7.1668	0.0	7.1668	48.3674	846.25	26.8947							0.0	0.0	0.0	0.0	0.0
2015/06/20 04:15:00		1.57637	95.07	29.2036	59.464	1003.18	1.21042	25.8127	5.7352	0.0	5.7352	48.4103	850.21	26.9804							0.0	0.0	0.0	0.0	0.0
2015/06/20 04:20:00		0.74051	102.574	29.2062	59.478	1003.2	1.15937	25.8068	6.4409	0.0	6.4409	48.0909	881.88	26.8732							0.0	0.0	0.0	0.0	0.0
2015/06/20 04:25:00		1.10718	98.586	29.1458	59.464	1003.26	1.1375	25.8086	4.1942	0.0	4.1942	48.2768	928.96	27.0018							0.0	0.0	0.0	0.0	0.0
2015/06/20 04:30:00		1.08488	94.71	29.0995	59.473	1003.3	1.07917	25.8014	8.5715	0.0	8.5715	48.5819	978.54	26.8946							0.0	0.0	0.0	0.0	0.0
2015/06/20 04:35:00		1.03707	91.63	29.0958	59.479	1003.31	1.15208	25.8006	13.7841	0.0	13.7841	48.2482	1009.58	26.9589							0.0	0.0	0.0	0.0	0.0
2015/06/20 04:40:00		1.66021	99.813	29.0974	59.482	1003.31	1.19583	25.7939	17.1944	0.0	17.1944	48.0671	1035.63	26.7232							0.0	0.0	0.0	0.0	0.0
2015/06/20 04:45:00		1.06482	110.184	29.0979	59.477	1003.39	1.13021	25.7831	16.0733	0.0	16.0733	48.2148	1086.88	26.4232							0.0	0.0	0.0	0.0	0.0
2015/06/20 04:50:00		0.99333	91.275	29.0635	59.372	1003.44	1.15937	25.7678	22.2775	0.0	22.2775	48.4532	1104.58	25.8017							0.0	0.0	0.0	0.0	0.0
2015/06/20 04:55:00		1.11718	84.802	28.9969	59.374	1003.54	1.19583	25.7463	17.4222	0.0	17.4222	48.2959	1115.21	25.3088							0.0	0.0	0.0	0.0	0.0
2015/06/20 05:00:00		1.35926	93.433	28.9964	59.412	1003.65	1.16667	25.7318	17.3575	0.0	17.3575	48.3102	1189.38	25.8017							0.0	0.0	0.0	0.0	0.0
2015/06/20 05:05:00		1.4065	98.927	29.0385	59.48	1003.69	1.17396	25.7085	14.7534	0.0	14.7534	48.0718	1233.54	25.1159							0.0	0.0	0.0	0.0	0.0
2015/06/20 05:10:00		1.73173	96.601	29.1005	59.405	1003.67	1.16667	25.6916	24.2964	0.0	24.2964	48.1862	1252.29	24.3873							0.0	0.0	0.0	0.0	0.0
2015/06/20 05:15:00		1.32675	96.862	29.0984	59.301	1003.71	1.15937	25.6902	26.4136	0.0	26.4136	47.8907	1258.96	24.4945							0.0	0.0	0.0	0.0	0.0
2015/06/20 05:20:00		1.33499	97.566	29.0953	59.097	1003.73	1.18125	25.6706	44.7247	0.0	44.7247	47.3711	1303.13	24.5802							0.0	0.0	0.0	0.0	0.0
2015/06/20 05:25:00		1.48995	105.993	29.101	59.078	1003.77	1.14479	25.669	33.299	0.0	33.299	47.5808	1410.21	24.1087							0.0	0.0	0.0	0.0	0.0
2015/06/20 05:30:00		1.42024	90.3	29.1	59.057	1003.82	1.17396	25.6647	42.8353	0.0	42.8353	47.0708	1497.71	24.7302							0.0	0.0	0.0	0.0	0.0
2015/06/20 05:35:00		1.4039	101.683	29.0995	58.876	1003.86	1.20313	25.6623	47.8492	0.0	47.8492	47.2234	1518.54	23.8302							0.0	0.0	0.0	0.0	0.0
2015/06/20 05:40:00		1.33111	121.725	29.0995	58.822	1003.85	1.19583	25.6532	44.8252	0.0	44.8252	47.7096	1564.58	24.1516							0.0	0.0	0.0	0.0	0.0
2015/06/20 05:45:00		1.63319	125.345	29.1443	58.875	1003.86	2.14375	25.6545	32.9015	0.0	32.9015	47.4426	1611.25	23.7873							0.0	0.0	0.0	0.0	0.0
2015/06/20 05:50:00		1.35353	108.676	29.2062	58.635	1003.92	4.2	25.6634	49.9172	0.0	49.9172	47.3759	1748.13	24.1087							0.0	0.0	0.0	0.0	0.0
2015/06/20 05:55:00		1.50695	125.406	29.1781	58.109	1004.01	6.4531	25.8084	56.037	0.0	56.037	47.2901	1717.29	7.6541							0.0	0.0	0.0	0.0	0.0
2015/06/20 06:00:00		1.34578	103.339	29.1021	58.074	1004.04	9.0927	25.8943	37.8952	0.0	37.8952	47.2901	1677.71	21.8586							0.0	0.0	0.0	0.0	0.0
2015/06/20 06:05:00		1.48212	113.051	29.1031	58.156	1004.05	13.7302	25.9482	43.0944	0.0	43.0944	47.6381	1703.54	32.445							0.0	0.0	0.0	0.0	0.0
2015/06/20 06:10:00		1.23902	106.533	29.0995	58.369	1004.09	20.7375	26.1488	53.325	0.0	53.325	48.0766	1757.08	1.62868							0.0	0.0	0.0	0.0	0.0
2015/06/20 06:15:00		1.74806	110.834	29.0995	58.485	1004.14	32.5792	26.4701	49.7721	0.0	49.7721	48.9251	1836.67	3.18593							0.0	0.0	0.0	0.0	0.0
2015/06/20 06:20:00		1.53659	105.352	29.1016	58.49	1004.19	44.7125	26.7953	91.92	0.0	91.92	49.354	1931.04	108.507							0.0	0.0	0.0	0.0	0.0
2015/06/20 06:25:00		1.32742	93.929	29.1016	58.483	1004.27	51.793	27.1171	73.374	0.0	73.374	51.022	1986.88	179.248							0.0	0.0	0.0	0.0	0.0
2015/06/20 06:30:00		1.47433	102.172	29.1854	58.559	1004.35	73.361	27.4267	73.352	0.0	73.352	52.214	2154.38	199.592							0.0	0.0	0.0	0.0	0.0
2015/06/20 06:35:00		1.2871	105.335	29.2099	58.42	1004.33	83.242	27.674	77.048	0.0	77.048	53.358	2182.29	228.765							0.0	0.0	0.0	0.0	0.0
2015/06/20 06:40:00		1.75485	114.711	29.2411	58.274	1004.31	102.506	27.7236	59.856	0.0	59.856	54.726	2141.46	293.12							0.0	0.0	0.0	0.0	0.0
2015/06/20 06:45:00		1.66222	110.757	29.3062	58.095	1004.32	108.201	27.7328	61.234	0.0	61.234	56.185	2069.58	248.495							0.0	0.0	0.0	0.0	0.0
2015/06/20 06:50:00		1.51845	120.371	29.3104	57.935	1004.28	129.989	27.6863	75.288	0.0	75.288	57.591	2030.21	89.106							0.0	0.0	0.0	0.0	0.0
2015/06/20 06:55:00		2.35319	125.106	29.3057	57.61	1004.18	146.92	27.6235	51.13	0.0	51.13	57.967	1985.63	58.975							0.0	0.0	0.0	0.0	0.0
2015/06/20 07:00:00		1.83068	120.312	29.3359	57.621	1004.15	168.634	27.55	39.0476	0.0	39.0476	58.492	1968.13	53.089							0.0	0.0	0.0	0.0	0.0
2015/06/20 07:05:00		1.08152	99.122	29.4297	57.765	1004.2	195.854	27.478	46.8576	0.0	46.8576	57.958	2045.42	47.1246							0.0	0.0	0.0	0.0	0.0
2015/06/20 07:10:00		2.88336	91.065	29.55	57.662	1004.23	199.383	27.4095	59.858	0.0	59.858	57.805	2147.71	42.0171							0.0	0.0	0.0	0.0	0.0
2015/06/20 07:15:00		2.1063	88.311	29.7047	57.303	1004.28	206.179	27.3612	78.866	0.0	78.866	57.086	2140.0	36.5131							0.0	0.0	0.0	0.0	0.0
2015/06/20 07:20:00		1.60467	100.968	29.8255	56.731	1004.26	208.644	27.3268	76.693	0.0	76.693	56.776	2141.67	35.6595							0.0	0.0	0.0	0.0	0.0
2015/06/20 07:25:00		1.95173	100.324	29.9646	56.482	1004.27	168.197	27.3115	97.44	0.0	97.44	56.947	2255.0	38.1954							0.0	0.0	0.0	0.0	0.0
2015/06/20 07:30:00		1.43349	142.61	30.1094	55.857	1004.33	129.019	27.2976	108.743	0.0	108.743	56.552	2421.88	40.9527							0.0	0.0	0.0	0.0	0.0
2015/06/20 07:35:00		2.69688	135.673	30.2448	55.472	1004.37	159.491	27.308	107.423	0.0	107.423	55.946	2573.96	40.8884							0.0	0.0	0.0	0.0	0.0
2015/06/20 07:40:00		2.83431	137.646	30.3193	54.83	1004.43	209.074	27.3314	116.035	0.0	116.035	56.056	2699.17	41.5528							0.0	0.0	0.0	0.0	0.0
2015/06/20 07:45:00		2.30345	135.449	30.45	54.63	1004.51	175.729	27.3411	72.141	0.0	72.141	56.018	2783.96	41.617							0.0	0.0	0.0	0.0	0.0
2015/06/20 07:50:00		1.82704	132.098	30.5958	53.951	1004.6	65.239	27.3507	64.014	0.0	64.014	55.837	2984.58	41.4456							0.0	0.0	0.0	0.0	0.0
2015/06/20 07:55:00		1.97584	127.214	30.6151	53.422	1004.68	84.08	27.3601	75.516	0.0	75.516	55.46	3098.75	41.7456							0.0	0.0	0.0	0.0	0.0
2015/06/20 08:00:00		2.38517	141.338	30.6172	53.573	1004.71	110.6	27.3832	76.32	0.0	76.32	55.803	3107.29	41.7028							0.0	0.0	0.0	0.0	0.0
2015/06/20 08:05:00		1.97236	131.996	30.6188	53.324	1004.74	122.026	27.4125	70.667	0.0	70.667	55.57	3031.04	42.0457							0.0	0.0	0.0	0.0	0.0
2015/06/20 08:10:00		2.41737	137.684	30.6849	53.314	1004.75	161.795	27.4257	63.554	0.0	63.554	55.88	3007.92	41.4242							0.0	0.0	0.0	0.0	0.0
2015/06/20 08:15:00		2.89419	134.068	30.7146	53.058	1004.75	197.947	27.446	52.099	0.0	52.099	55.498	2845.21	40.2063							0.0	0.0	0.0	0.0	0.0
2015/06/20 08:20:00		3.30575	135.911	30.7953	52.383	1004.77	228.2	27.4632	33.8238	0.0	33.8238	55.622	2738.13	40.0348							0.0	0.0	0.0	0.0	0.0
2015/06/20 08:25:00		2.01827	142.748	30.8594	52.08	1004.84	220.216	27.4858	27.5147	0.0	27.5147	55.36	2639.79	39.1883							0.0	0.0	0.0	0.0	0.0
2015/06/20 08:30:00		2.515	137.285	30.9385	51.963	1004.87	359.844	27.5223	52.588	0.0	52.588	55.532	2557.71	38.5276							0.0	0.0	0.0	0.0	0.0
2015/06/20 08:35:00		2.87079	139.005	31.1271	51.76	1004.87	377.424	27.5709	41.339	0.0	41.339	55.985	2474.17	38.5097							0.0	0.0	0.0	0.0	0.0
2015/06/20 08:40:00		3.32095	148.251	31.3854	51.265	1004.9	390.235	27.6138	37.0845	0.0	37.0845	56.261	2536.46	38.3811							0.0	0.0	0.0	0.0	0.0
2015/06/20 08:45:00		2.0427	136.803	31.6375	50.277	1004.95	444.471	27.6887	40.7047	0.0	40.7047	55.818	2637.29	38.3811							0.0	0.0	0.0	0.0	0.0
2015/06/20 08:50:00		1.80102	134.901	31.7854	49.2401	1005.01	441.685	27.7736	42.7058	0.0	42.7058	56.523	2773.33	39.3241							0.0	0.0	0.0	0.0	0.0
2015/06/20 08:55:00		2.65476	142.09	31.9427	49.1245	1005.02	578.03	27.8582	42.8845	0.0	42.8845	56.514	2845.63	39.4955							0.0	0.0	0.0	0.0	0.0
2015/06/20 09:00:00		1.81375	133.006	32.1448	47.9031	1005.04	417.696	27.9647	46.0737	0.0	46.0737	56.747	2912.29	39.4955							0.0	0.0	0.0	0.0	0.0
2015/06/20 09:05:00		2.67135	125.859	32.1906	47.3396	1004.99	288.254	28.0764	38.3396	0.0	38.3396	57.372	2824.38	39.1955							0.0	0.0	0.0	0.0	0.0
2015/06/20 09:10:00		1.84346	135.644	32.1891	47.4375	1004.97	307.475	28.179	35.5256	0.0	35.5256	57.519	2769.79	40.567							0.0	0.0	0.0	0.0	0.0
2015/06/20 09:15:00		2.39206	141.47	32.2729	47.1229	1005.0	337.684	28.2979	34.1365	0.0	34.1365	58.249	2730.63	39.6669							0.0	0.0	0.0	0.0	0.0
2015/06/20 09:20:00		1.67937	137.122	32.4099	47.2891	1005.01	595.91	28.3782	45.7878	0.0	45.7878	58.964	2764.17	39.8812							0.0	0.0	0.0	0.0	0.0
2015/06/20 09:25:00		3.32178	145.467	32.725	45.3969	1005.05	460.469	28.4984	58.114	0.0	58.114	59.126	2698.96	40.8456							0.0	0.0	0.0	0.0	0.0
2015/06/20 09:30:00		2.39519	142.706	32.887	43.575	1005.09	329.547	28.6013	45.9866	0.0	45.9866	59.088	2486.67	41.1885							0.0	0.0	0.0	0.0	0.0
2015/06/20 09:35:00		2.27326	145.801	32.8839	43.8484	1005.12	560.78	28.7374	29.2812	0.0	29.2812	59.588	2287.08	40.267							0.0	0.0	0.0	0.0	0.0
2015/06/20 09:40:00		2.47114	128.755	33.0328	44.0234	1005.05	447.84	28.855	20.0576	0.0	20.0576	60.904	2209.58	38.8526							0.0	0.0	0.0	0.0	0.0
2015/06/20 09:45:00		2.17455	136.227	33.1953	43.6328	1004.97	640.88	28.9761	20.2161	0.0	20.2161	60.994	2170.0	38.7883							0.0	0.0	0.0	0.0	0.0
2015/06/20 09:50:00		1.85923	138.207	33.4349	42.3859	1004.9	558.86	29.1089	34.0338	0.0	34.0338	61.423	2237.5	42.7528							0.0	0.0	0.0	0.0	0.0
2015/06/20 09:55:00		2.98741	140.32	33.5047	42.2589	1004.84	546.86	29.2338	41.0866	0.0	41.0866	62.224	2199.79	40.9527							0.0	0.0	0.0	0.0	0.0
2015/06/20 10:00:00		2.5981	141.955	33.6302	41.9313	1004.77	625.76	29.3552	27.9077	0.0	27.9077	62.715	2102.71	42.41							0.0	0.0	0.0	0.0	0.0
2015/06/20 10:05:00		2.68421	147.142	33.7828	41.0719	1004.67	509.13	29.4588	27.633	0.0	27.633	63.425	2103.96	42.0671							0.0	0.0	0.0	0.0	0.0
2015/06/20 10:10:00		2.53345	143.611	33.8984	40.0953	1004.72	243.41	29.5632	32.7295	0.0	32.7295	63.592	2209.17	42.0671							0.0	0.0	0.0	0.0	0.0
2015/06/20 10:15:00		2.79334	140.291	33.8047	40.4521	1004.76	489.993	29.6166	48.7135	0.0	48.7135	64.116	2182.5	44.8316							0.0	0.0	0.0	0.0	0.0
2015/06/20 10:20:00		1.71954	125.215	33.799	40.8609	1004.7	311.879	29.6682	30.0406	0.0	30.0406	64.321	2159.38	38.8097							0.0	0.0	0.0	0.0	0.0
2015/06/20 10:25:00		2.56434	138.966	33.7229	40.4984	1004.65	190.116	29.688	26.3824	0.0	26.3824	64.36	2203.54	36.4953							0.0	0.0	0.0	0.0	0.0
2015/06/20 10:30:00		2.53632	145.913	33.5995	41.2547	1004.55	422.734	29.691	26.666	0.0	26.666	64.669	2258.13	36.0453							0.0	0.0	0.0	0.0	0.0
2015/06/20 10:35:00		2.33541	150.292	33.65	41.1151	1004.51	493.515	29.673	50.543	0.0	50.543	65.108	2359.58	36.5167							0.0	0.0	0.0	0.0	0.0
2015/06/20 10:40:00		1.68579	131.318	33.7979	39.862	1004.47	203.605	29.6448	48.2087	0.0	48.2087	65.546	2376.67	35.6381							0.0	0.0	0.0	0.0	0.0
2015/06/20 10:45:00		2.52981	157.001	33.6948	39.4349	1004.41	145.009	29.6177	30.0093	0.0	30.0093	65.146	2367.08	34.9523							0.0	0.0	0.0	0.0	0.0
2015/06/20 10:50:00		2.13947	150.812	33.5687	40.2646	1004.31	202.563	29.5686	32.5799	0.0	32.5799	65.37	2390.63	33.8594							0.0	0.0	0.0	0.0	0.0
2015/06/20 10:55:00		1.90238	160.816	33.4927	40.8182	1004.33	259.875	29.4813	49.7274	0.0	49.7274	65.413	2527.29	32.6593							0.0	0.0	0.0	0.0	0.0
2015/06/20 11:00:00		1.75256	143.575	33.5323	40.4557	1004.41	244.701	29.3978	47.5745	0.0	47.5745	64.931	2709.38	32.5307							0.0	0.0	0.0	0.0	0.0
2015/06/20 11:05:00		2.17577	120.926	33.5964	40.3839	1004.38	150.981	29.331	41.8437	0.0	41.8437	64.426	2714.17	32.4022							0.0	0.0	0.0	0.0	0.0
2015/06/20 11:10:00		1.84131	135.747	33.4385	40.7203	1004.28	64.378	29.2391	38.0314	0.0	38.0314	64.231	2598.13	33.1308							0.0	0.0	0.0	0.0	0.0
2015/06/20 11:15:00		1.1209	162.21	33.2599	42.3109	1004.34	49.0802	29.1393	46.2881	0.0	46.2881	63.878	2584.79	33.5379							0.0	0.0	0.0	0.0	0.0
2015/06/20 11:20:00		1.11135	150.804	33.0406	45.8339	1004.26	94.434	29.0483	47.7241	0.0	47.7241	63.525	2760.0	33.8594							0.0	0.0	0.0	0.0	0.0
2015/06/20 11:25:00		1.34737	127.996	32.6005	48.3604	1004.17	129.011	28.928	49.6917	0.0	49.6917	63.325	2907.92	27.5375							0.0	0.0	0.0	0.0	0.0
2015/06/20 11:30:00		1.44326	115.783	32.0281	50.094	1004.06	97.511	28.8641	52.052	0.0	52.052	63.244	2882.08	33.4951							0.0	0.0	0.0	0.0	0.0
2015/06/20 11:35:00		0.90339	95.158	31.4068	52.035	1003.99	32.1781	28.7913	47.9541	0.0	47.9541	62.105	2827.71	32.0807							0.0	0.0	0.0	0.0	0.0
2015/06/20 11:40:00		1.85537	96.626	30.926	53.83	1004.13	19.4396	28.7108	68.177	0.0	68.177	61.952	2858.75	34.0308							0.0	0.0	0.0	0.0	0.0
2015/06/20 11:45:00		2.93139	74.196	30.4802	54.681	1004.53	12.2573	28.6343	51.125	0.0	51.125	62.229	2847.08	35.6166							0.0	0.0	0.0	0.0	0.0
2015/06/20 11:50:00		2.88782	67.036	29.8276	53.432	1004.82	6.6135	28.5384	11.4034	0.0	11.4034	61.571	2691.04	35.7452							0.0	0.0	0.0	0.0	0.0
2015/06/20 11:55:00		2.46311	60.871	29.1516	54.316	1004.96	6.1177	28.6882	3.33213	0.0	3.33213	61.867	2438.96	1.9037							0.0	0.0	0.0	0.0	0.0
2015/06/20 12:00:00		1.05288	62.799	28.5104	56.545	1004.6	12.3448	28.9156	1.68617	0.0	1.68617	62.291	2205.83	46.7674							0.0	0.0	0.0	0.0	0.0
2015/06/20 12:05:00		1.50861	63.535	28.0229	59.172	1004.51	21.1531	28.8915	8.9199	0.0	8.9199	62.825	2084.79	49.6961							0.0	0.0	0.0	0.0	0.0
2015/06/20 12:10:00		1.83456	55.357	27.7047	60.772	1004.51	23.625	28.8112	5.3332	0.0	5.3332	63.311	1994.79	47.4246							0.0	0.0	0.0	0.0	0.0
2015/06/20 12:15:00		1.88495	55.987	27.3661	61.693	1004.4	26.6365	28.6461	3.4371	0.0	3.4371	63.497	1846.46	40.8884							0.0	0.0	0.0	0.0	0.0
2015/06/20 12:20:00		1.76359	57.808	27.0885	62.635	1004.09	32.5719	28.4418	0.3551	0.0	0.3551	63.826	1700.42	33.4951							0.0	0.0	0.0	0.0	0.0
2015/06/20 12:25:00		2.4783	64.934	26.838	63.431	1004.07	37.4646	28.227	0.2613	0.0	0.2613	63.063	1568.75	29.2305							0.0	0.0	0.0	0.0	0.0
2015/06/20 12:30:00		2.00322	63.745	26.5526	64.0	1003.86	43.2323	28.0273	1.1122	0.0	1.1122	62.591	1471.67	20.1763							0.0	0.0	0.0	0.0	0.0
2015/06/20 12:35:00		1.77349	61.432	26.3964	64.66	1003.58	53.623	28.0794	3.83463	0.0	3.83463	62.095	1422.71	0.0							0.0	0.0	0.0	0.0	0.0
2015/06/20 12:40:00		2.18817	108.791	26.1948	65.231	1003.56	60.842	28.2718	0.6365	0.0	0.6365	62.005	1350.63	0.0							0.0	0.0	0.0	0.0	0.0
2015/06/20 12:45:00		1.87628	94.286	26.076	65.879	1003.47	65.166	28.4689	17.4423	0.0	17.4423	61.924	1411.88	0.0							0.0	0.0	0.0	0.0	0.0
2015/06/20 12:50:00		1.50999	78.879	26.0193	66.575	1003.55	64.385	28.677	57.727	0.0	57.727	62.148	1516.25	13.6366							0.0	0.0	0.0	0.0	0.0
2015/06/20 12:55:00		1.32508	64.854	25.9526	67.084	1003.34	59.93	28.8571	63.9	0.0	63.9	62.882	1607.5	68.576							0.0	0.0	0.0	0.0	0.0
2015/06/20 13:00:00		0.69939	67.586	25.9464	67.564	1003.45	54.6	28.8227	45.924	0.0	45.924	63.387	1667.71	202.321							0.0	0.0	0.0	0.0	0.0
2015/06/20 13:05:00		0.80714	87.703	25.8953	68.03	1003.74	53.047	28.7267	40.2357	0.0	40.2357	63.902	1834.38	92.992							0.0	0.0	0.0	0.0	0.0
2015/06/20 13:10:00		1.36751	66.117	25.7906	68.437	1003.66	56.7	28.5578	6.7424	0.0	6.7424	65.079	1864.79	58.479							0.0	0.0	0.0	0.0	0.0
2015/06/20 13:15:00		1.64132	83.383	25.6229	68.603	1003.43	57.342	28.35	3.95077	0.0	3.95077	65.208	1790.21	39.7312							0.0	0.0	0.0	0.0	0.0
2015/06/20 13:20:00		1.28223	81.847	25.6885	68.874	1003.18	53.586	28.1728	21.7683	0.0	21.7683	64.884	1825.0	16.2939							0.0	0.0	0.0	0.0	0.0
2015/06/20 13:25:00		1.43718	103.176	25.6214	69.052	1003.4	46.9219	28.2646	43.9788	0.0	43.9788	64.402	1850.42	0.0							0.0	0.0	0.0	0.0	0.0
2015/06/20 13:30:00		1.03587	86.759	25.7365	69.331	1003.64	41.5844	28.4284	40.0347	0.0	40.0347	64.231	1862.92	0.0							0.0	0.0	0.0	0.0	0.0
2015/06/20 13:35:00		0.96804	62.484	25.7703	70.447	1003.48	36.7646	28.6147	48.0189	0.0	48.0189	64.088	1922.5	1.52867							0.0	0.0	0.0	0.0	0.0
2015/06/20 13:40:00		0.94258	72.002	25.7151	70.888	1003.2	32.7979	28.8158	37.9153	0.0	37.9153	64.288	1899.38	35.8524							0.0	0.0	0.0	0.0	0.0
2015/06/20 13:45:00		1.13889	61.924	25.7188	71.102	1003.17	30.6031	28.9879	28.7341	0.0	28.7341	65.113	1886.25	94.738							0.0	0.0	0.0	0.0	0.0
2015/06/20 13:50:00		1.45566	109.32	25.7594	71.214	1003.33	30.0635	28.9387	7.6067	0.0	7.6067	65.213	1772.29	197.62							0.0	0.0	0.0	0.0	0.0
2015/06/20 13:55:00		1.6996	131.206	25.9911	71.492	1003.41	30.3333	28.82	56.063	0.0	56.063	65.947	1814.38	90.938							0.0	0.0	0.0	0.0	0.0
2015/06/20 14:00:00		1.72541	129.33	26.125	71.723	1003.45	30.9094	28.6483	86.126	0.0	86.126	65.947	1978.13	59.711							0.0	0.0	0.0	0.0	0.0
2015/06/20 14:05:00		0.97768	133.726	26.1234	71.956	1003.34	34.125	28.4326	70.87	0.0	70.87	65.508	2113.13	40.7384							0.0	0.0	0.0	0.0	0.0
2015/06/20 14:10:00		1.16885	111.155	26.201	72.171	1003.28	37.851	28.2182	93.371	5.5355	98.907	64.974	2236.88	24.323							0.0	0.0	0.0	0.0	0.0
2015/06/20 14:15:00		1.72507	98.056	26.2745	72.38	1003.21	41.1104	28.2651	89.753	31.3714	121.125	64.212	2400.63	0.0							0.0	0.0	0.0	0.0	0.0
2015/06/20 14:20:00		1.95321	82.799	26.3448	72.456	1003.06	44.2167	28.4171	91.823	83.529	175.353	63.335	2459.79	0.0							0.0	0.0	0.0	0.0	0.0
2015/06/20 14:25:00		2.09109	94.684	26.4568	72.466	1002.96	48.6719	28.6059	101.956	109.886	211.842	63.554	2548.96	0.45003							0.0	0.0	0.0	0.0	0.0
2015/06/20 14:30:00		1.77333	93.103	26.6036	72.528	1002.95	55.832	28.8158	74.348	97.206	171.553	63.444	2603.96	37.3168							0.0	0.0	0.0	0.0	0.0
2015/06/20 14:35:00		1.2833	101.387	26.7292	72.452	1002.86	69.067	28.838	61.848	91.002	152.85	63.792	2655.42	198.688							0.0	0.0	0.0	0.0	0.0
2015/06/20 14:40:00		1.06419	99.445	26.8552	72.448	1002.66	86.501	28.7739	68.994	83.718	152.712	64.054	2687.08	103.735							0.0	0.0	0.0	0.0	0.0
2015/06/20 14:45:00		0.92766	72.56	26.9906	72.372	1002.53	109.215	28.6536	95.971	88.455	184.426	64.607	2862.5	68.683							0.0	0.0	0.0	0.0	0.0
2015/06/20 14:50:00		1.20255	67.379	27.0745	72.246	1002.35	132.307	28.4974	88.0	67.525	155.525	64.86	2966.67	45.8816							0.0	0.0	0.0	0.0	0.0
2015/06/20 14:55:00		1.60754	66.693	27.162	72.091	1002.27	142.72	28.3092	73.557	50.635	124.192	64.588	3086.04	36.9239							0.0	0.0	0.0	0.0	0.0
2015/06/20 15:00:00		1.36271	57.925	27.1656	71.831	1002.21	137.193	28.128	58.212	35.7499	93.962	63.959	3044.38	23.8052							0.0	0.0	0.0	0.0	0.0
2015/06/20 15:05:00		0.76931	79.994	27.1964	71.529	1002.1	128.815	28.2187	63.203	22.7857	85.989	63.497	3005.83	0.0							0.0	0.0	0.0	0.0	0.0
2015/06/20 15:10:00		1.1354	91.483	27.2542	71.185	1001.97	126.088	28.4303	101.59	35.0173	136.607	62.934	3096.04	0.0							0.0	0.0	0.0	0.0	0.0
2015/06/20 15:15:00		1.44336	127.11	27.3578	70.901	1001.9	128.246	28.6727	115.459	48.4881	163.947	63.053	3094.58	1.0715							0.0	0.0	0.0	0.0	0.0
2015/06/20 15:20:00		1.18164	130.93	27.4828	70.624	1001.78	138.688	28.8378	78.151	48.7757	126.927	63.125	3223.54	123.323							0.0	0.0	0.0	0.0	0.0
2015/06/20 15:25:00		1.26339	96.683	27.6531	70.245	1001.75	146.905	28.8265	117.089	54.914	172.003	64.007	3263.75	128.523							0.0	0.0	0.0	0.0	0.0
2015/06/20 15:30:00		1.26051	76.364	27.7839	69.583	1001.67	152.374	28.7583	98.249	52.754	151.002	64.688	3345.21	76.273							0.0	0.0	0.0	0.0	0.0
2015/06/20 15:35:00		1.92216	79.387	27.8995	68.608	1001.66	164.135	28.6338	86.912	51.614	138.526	64.798	3400.83	50.75							0.0	0.0	0.0	0.0	0.0
2015/06/20 15:40:00		1.57593	78.368	27.9979	67.208	1001.78	178.15	28.4901	75.634	48.2724	123.906	64.85	3369.79	38.5526							0.0	0.0	0.0	0.0	0.0
2015/06/20 15:45:00		1.57646	101.529	28.0266	65.399	1001.69	222.301	28.3261	53.656	47.9301	101.586	64.293	3253.33	31.7164							0.0	0.0	0.0	0.0	0.0
2015/06/20 15:50:00		1.7781	85.546	28.151	63.688	1001.65	299.294	28.154	47.3578	48.6216	95.979	63.926	3168.13	27.2018							0.0	0.0	0.0	0.0	0.0
2015/06/20 15:55:00		1.14779	85.489	28.3083	62.136	1001.51	329.86	28.2133	33.7591	43.5174	77.276	63.201	3085.0	0.0							0.0	0.0	0.0	0.0	0.0
2015/06/20 16:00:00		1.39047	107.165	28.5391	61.054	1001.43	339.609	28.4437	36.9974	55.071	92.069	62.62	3010.63	0.0							0.0	0.0	0.0	0.0	0.0
2015/06/20 16:05:00		1.09756	65.624	28.7885	59.45	1001.48	257.345	28.7154	59.293	66.577	125.87	62.639	2998.13	0.0							0.0	0.0	0.0	0.0	0.0
2015/06/20 16:10:00		1.19159	110.358	28.8411	57.674	1001.49	290.055	28.8703	78.897	88.866	167.763	63.03	2957.29	129.194							0.0	0.0	0.0	0.0	0.0
2015/06/20 16:15:00		1.41976	103.601	29.0589	57.851	1001.44	405.679	28.8807	51.434	89.024	140.457	64.245	2939.58	94.592							0.0	0.0	0.0	0.0	0.0
2015/06/20 16:20:00		1.35189	107.188	29.4453	57.186	1001.41	367.42	28.8477	46.9424	96.158	143.1	64.336	2995.63	62.158							0.0	0.0	0.0	0.0	0.0
2015/06/20 16:25:00		1.30675	77.788	29.7099	55.084	1001.41	362.389	28.768	73.76	106.89	180.65	64.503	2950.63	43.0529							0.0	0.0	0.0	0.0	0.0
2015/06/20 16:30:00		1.56909	63.558	30.0578	54.171	1001.36	308.634	28.6544	71.674	114.962	186.637	64.302	2999.17	33.4915							0.0	0.0	0.0	0.0	0.0
2015/06/20 16:35:00		1.13242	90.312	30.4115	52.386	1001.3	258.198	28.5253	68.63	129.614	198.245	64.102	3067.5	30.3663							0.0	0.0	0.0	0.0	0.0
2015/06/20 16:40:00		1.14629	106.155	30.5125	50.887	1001.25	212.567	28.3999	79.478	158.761	238.238	64.112	3053.13	28.6091							0.0	0.0	0.0	0.0	0.0
2015/06/20 16:45:00		1.14824	154.785	30.5646	50.673	1001.19	204.488	28.3011	47.4092	130.135	177.544	63.463	2996.46	26.7232							0.0	0.0	0.0	0.0	0.0
2015/06/20 16:50:00		1.18961	153.923	30.6214	50.744	1001.09	181.84	28.2002	33.0064	100.191	133.197	62.949	2893.54	25.7803							0.0	0.0	0.0	0.0	0.0
2015/06/20 16:55:00		0.70319	318.347	30.538	49.9432	1001.1	176.889	28.1172	13.333	61.983	75.316	62.072	2732.29	23.2087							0.0	0.0	0.0	0.0	0.0
2015/06/20 17:00:00		0.68718	313.481	30.3687	50.351	1001.08	174.92	28.0887	5.1367	35.1747	40.3114	62.038	2495.63	21.1728							0.0	0.0	0.0	0.0	0.0
2015/06/20 17:05:00		0.0	502.0	30.375	51.021	1001.07	176.772	28.0788	4.221	27.6366	31.8576	61.423	2395.0	24.0659							0.0	0.0	0.0	0.0	0.0
2015/06/20 17:10:00		0.90662	313.56	30.4042	50.639	1001.01	167.045	28.0742	7.3521	32.4498	39.8019	61.156	2361.25	25.4803							0.0	0.0	0.0	0.0	0.0
2015/06/20 17:15:00		0.95519	323.469	30.4719	50.784	1000.95	154.27	28.074	15.5641	46.9989	62.563	60.47	2404.38	26.3375							0.0	0.0	0.0	0.0	0.0
2015/06/20 17:20:00		0.90198	314.583	30.5057	50.871	1000.86	137.346	28.064	43.0765	55.773	98.849	60.327	2627.08	26.8732							0.0	0.0	0.0	0.0	0.0
2015/06/20 17:25:00		0.59635	319.231	30.4984	50.54	1000.87	131.965	28.0528	65.006	64.927	129.933	59.76	2636.46	27.9876							0.0	0.0	0.0	0.0	0.0
2015/06/20 17:30:00		0.0	502.0	30.5052	51.101	1000.89	132.511	28.045	44.0212	58.156	102.177	59.893	2598.96	28.3519							0.0	0.0	0.0	0.0	0.0
2015/06/20 17:35:00		0.92125	311.268	30.4208	51.409	1000.83	132.125	28.0571	35.3559	55.708	91.064	59.784	2623.96	28.9305							0.0	0.0	0.0	0.0	0.0
2015/06/20 17:40:00		1.05117	325.257	30.4068	51.696	1000.74	134.954	28.0579	28.2226	48.714	76.937	60.26	2508.13	28.009							0.0	0.0	0.0	0.0	0.0
2015/06/20 17:45:00		0.60999	323.915	30.4036	51.86	1000.65	133.219	28.0589	7.6045	31.5803	39.1847	60.274	2361.46	28.3305							0.0	0.0	0.0	0.0	0.0
2015/06/20 17:50:00		0.266541	35.1099	30.4104	52.207	1000.63	138.6	28.0659	2.64873	19.691	22.3397	59.76	2278.75	28.4376							0.0	0.0	0.0	0.0	0.0
2015/06/20 17:55:00		0.5638	131.992	30.5562	52.559	1000.63	148.531	28.1245	5.2885	18.9618	24.2504	60.06	2280.83	22.2551							0.0	0.0	0.0	0.0	0.0
2015/06/20 18:00:00		0.72211	115.021	30.7698	52.382	1000.65	140.335	27.9578	52.039	59.884	111.923	60.513	2502.08	46.5781							0.0	0.0	0.0	0.0	0.0
2015/06/20 18:05:00		1.06415	166.801	30.8969	51.981	1000.76	122.084	27.6922	39.2062	62.798	102.004	59.984	2577.29	33.9237							0.0	0.0	0.0	0.0	0.0
2015/06/20 18:10:00		1.0513	158.658	30.9745	51.531	1000.93	106.407	27.4619	16.9957	48.5771	65.573	59.159	2511.04	26.5518							0.0	0.0	0.0	0.0	0.0
2015/06/20 18:15:00		1.06239	123.445	31.0479	51.69	1000.95	94.238	27.1709	7.7765	21.7553	29.5317	58.835	2451.67	23.0158							0.0	0.0	0.0	0.0	0.0
2015/06/20 18:20:00		0.72311	138.322	31.0917	51.117	1000.98	79.348	26.9271	17.0962	18.2566	35.3528	57.877	2549.17	20.2085							0.0	0.0	0.0	0.0	0.0
2015/06/20 18:25:00		1.06898	120.515	31.0521	51.086	1001.02	62.643	26.8275	20.0151	18.5202	38.5354	56.857	2610.42	18.3012							0.0	0.0	0.0	0.0	0.0
2015/06/20 18:30:00		0.95131	135.867	30.9609	51.635	1001.06	43.0792	26.8084	23.3696	12.5054	35.875	55.989	2552.29	22.4801							0.0	0.0	0.0	0.0	0.0
2015/06/20 18:35:00		0.78446	124.198	30.8927	52.033	1001.15	33.9573	26.7893	31.8004	9.3902	41.1906	55.393	2709.58	24.4731							0.0	0.0	0.0	0.0	0.0
2015/06/20 18:40:00		0.56783	122.34	30.7969	52.484	1001.23	21.4521	26.7566	42.7616	11.8892	54.651	54.44	2801.04	25.4803							0.0	0.0	0.0	0.0	0.0
2015/06/20 18:45:00		0.61175	132.609	30.6906	53.161	1001.33	11.5427	26.7257	37.7098	4.63177	42.3416	54.44	2747.08	26.0803							0.0	0.0	0.0	0.0	0.0
2015/06/20 18:50:00		0.0	502.0	30.613	54.059	1001.45	4.66667	26.7096	55.836	1.34879	57.184	54.116	2808.96	26.2946							0.0	0.0	0.0	0.0	0.0
2015/06/20 18:55:00		0.55587	164.054	30.5203	54.482	1001.46	1.25417	26.6806	66.699	5.0939	71.792	53.73	2862.08	26.0589							0.0	0.0	0.0	0.0	0.0
2015/06/20 19:00:00		0.76755	165.754	30.4021	54.561	1001.49	1.225	26.6291	52.345	1.585	53.93	53.506	2742.92	26.1232							0.0	0.0	0.0	0.0	0.0
2015/06/20 19:05:00		0.5625	142.087	30.2625	55.084	1001.53	1.23958	26.5749	28.3321	0.0	28.3321	53.568	2624.79	26.166							0.0	0.0	0.0	0.0	0.0
2015/06/20 19:10:00		0.60849	172.863	30.1495	55.442	1001.54	1.18854	26.5657	46.0446	0.0	46.0446	53.301	2548.96	25.4374							0.0	0.0	0.0	0.0	0.0
2015/06/20 19:15:00		0.67544	147.808	30.0286	55.945	1001.64	1.19583	26.5536	41.712	0.0	41.712	53.439	2418.54	24.4945							0.0	0.0	0.0	0.0	0.0
2015/06/20 19:20:00		1.08737	162.398	29.9172	56.426	1001.77	1.1375	26.5582	21.3373	0.0	21.3373	53.444	2347.92	26.1446							0.0	0.0	0.0	0.0	0.0
2015/06/20 19:25:00		0.78369	142.421	29.9021	57.098	1001.93	1.21042	26.5445	17.8823	0.0	17.8823	53.582	2337.92	26.6803							0.0	0.0	0.0	0.0	0.0
2015/06/20 19:30:00		0.94669	146.393	29.899	57.363	1002.05	1.16667	26.5354	25.6833	0.0	25.6833	53.778	2397.5	27.2161							0.0	0.0	0.0	0.0	0.0
2015/06/20 19:35:00		1.06785	134.351	29.8995	57.525	1002.05	1.20313	26.5225	32.9908	0.0	32.9908	53.105	2512.5	27.8162							0.0	0.0	0.0	0.0	0.0
2015/06/20 19:40:00		0.99347	133.994	29.9031	57.652	1002.03	1.17396	26.512	44.727	0.0	44.727	53.916	2618.33	28.3733							0.0	0.0	0.0	0.0	0.0
2015/06/20 19:45:00		0.90264	137.305	29.9021	57.571	1002.03	1.17396	26.5061	59.121	0.0	59.121	53.882	2721.67	28.5019							0.0	0.0	0.0	0.0	0.0
2015/06/20 19:50:00		1.13434	136.6	29.9021	57.499	1002.09	1.19583	26.4795	46.6476	0.0	46.6476	53.811	2788.13	28.7376							0.0	0.0	0.0	0.0	0.0
2015/06/20 19:55:00		0.65089	122.189	29.9026	57.664	1002.15	1.18125	26.4656	55.217	0.0	55.217	53.339	2802.08	28.7162							0.0	0.0	0.0	0.0	0.0
2015/06/20 20:00:00		0.72698	142.961	29.8698	57.612	1002.1	1.18125	26.4454	65.269	0.0	65.269	53.325	2778.96	28.8662							0.0	0.0	0.0	0.0	0.0
2015/06/20 20:05:00		0.73719	152.313	29.8094	57.782	1002.09	1.15937	26.4285	62.699	0.0	62.699	53.72	2709.58	29.1234							0.0	0.0	0.0	0.0	0.0
2015/06/20 20:10:00		0.69388	145.279	29.763	58.178	1002.13	1.20313	26.4022	52.863	0.0	52.863	52.886	2702.71	28.7162							0.0	0.0	0.0	0.0	0.0
2015/06/20 20:15:00		0.63256	155.418	29.7073	58.418	1002.22	1.20313	26.3786	51.675	0.0	51.675	52.996	2742.29	29.5306							0.0	0.0	0.0	0.0	0.0
2015/06/20 20:20:00		0.67289	148.025	29.6682	58.747	1002.24	1.10833	26.3496	38.6501	0.0	38.6501	53.344	2783.33	29.5091							0.0	0.0	0.0	0.0	0.0
2015/06/20 20:25:00		0.5625	153.675	29.6083	58.995	1002.4	1.1375	26.3319	45.4193	0.0	45.4193	53.063	2800.42	29.402							0.0	0.0	0.0	0.0	0.0
2015/06/20 20:30:00		0.79827	150.205	29.6057	58.919	1002.44	1.19583	26.3061	66.728	0.0	66.728	52.648	2752.29	29.7234							0.0	0.0	0.0	0.0	0.0
2015/06/20 20:35:00		1.14425	155.09	29.5479	58.906	1002.33	1.15937	26.2811	46.6543	0.0	46.6543	53.053	2659.58	29.7877							0.0	0.0	0.0	0.0	0.0
2015/06/20 20:40:00		1.29191	169.427	29.4948	59.034	1002.42	1.20313	26.2752	53.663	0.0	53.663	52.471	2608.54	29.7449							0.0	0.0	0.0	0.0	0.0
2015/06/20 20:45:00		1.23027	168.408	29.4932	58.776	1002.5	1.27604	26.2723	38.4826	0.0	38.4826	52.8	2578.75	29.7877							0.0	0.0	0.0	0.0	0.0
2015/06/20 20:50:00		1.3765	167.324	29.4943	58.595	1002.6	1.11563	26.2514	34.1075	0.0	34.1075	52.734	2562.5	29.7806							0.0	0.0	0.0	0.0	0.0
2015/06/20 20:55:00		1.27627	156.97	29.4911	58.306	1002.7	1.18125	26.2366	44.4232	0.0	44.4232	52.924	2549.79	29.5948							0.0	0.0	0.0	0.0	0.0
2015/06/20 21:00:00		0.9187	166.574	29.5266	58.005	1002.81	1.24688	26.2336	42.6902	0.0	42.6902	52.614	2483.54	29.7234							0.0	0.0	0.0	0.0	0.0
2015/06/20 21:05:00		1.11714	166.868	29.5375	57.734	1002.93	1.18125	26.2323	29.6832	0.0	29.6832	53.048	2457.29	29.7234							0.0	0.0	0.0	0.0	0.0
2015/06/20 21:10:00		1.20616	154.562	29.6109	57.659	1003.0	1.20313	26.2156	30.322	0.0	30.322	53.12	2477.5	30.152							0.0	0.0	0.0	0.0	0.0
2015/06/20 21:15:00		1.73654	149.412	29.6078	57.419	1003.08	1.17396	26.1971	39.166	0.0	39.166	53.353	2466.04	30.6449							0.0	0.0	0.0	0.0	0.0
2015/06/20 21:20:00		1.62169	148.351	29.6052	57.062	1003.11	1.18125	26.1866	31.4096	0.0	31.4096	53.344	2427.92	30.9449							0.0	0.0	0.0	0.0	0.0
2015/06/20 21:25:00		1.57088	137.952	29.6068	56.645	1003.05	1.225	26.1799	43.5634	0.0	43.5634	53.206	2399.38	30.9449							0.0	0.0	0.0	0.0	0.0
2015/06/20 21:30:00		1.55419	143.557	29.6089	56.212	1003.07	1.18125	26.1582	41.2586	0.0	41.2586	53.167	2378.54	31.0092							0.0	0.0	0.0	0.0	0.0
2015/06/20 21:35:00		1.55121	133.044	29.7036	56.128	1003.07	1.23958	26.1397	81.282	0.0	81.282	53.086	2362.92	30.6235							0.0	0.0	0.0	0.0	0.0
2015/06/20 21:40:00		2.05968	134.657	29.7104	56.29	1003.01	1.29062	26.1378	73.182	0.0	73.182	53.063	2343.75	30.6235							0.0	0.0	0.0	0.0	0.0
2015/06/20 21:45:00		1.90361	135.087	29.7911	56.627	1002.95	1.26875	26.1308	44.0257	0.0	44.0257	53.267	2247.71	30.1091							0.0	0.0	0.0	0.0	0.0
2015/06/20 21:50:00		2.30808	136.482	29.8042	57.057	1002.95	1.26875	26.1233	40.5596	0.0	40.5596	53.01	2190.42	30.0663							0.0	0.0	0.0	0.0	0.0
2015/06/20 21:55:00		2.07676	143.195	29.8083	57.428	1002.97	1.18854	26.1222	48.1551	0.0	48.1551	52.672	2122.29	29.7663							0.0	0.0	0.0	0.0	0.0
2015/06/20 22:00:00		2.20063	140.251	29.8073	57.651	1003.01	1.1375	26.1034	25.3662	0.0	25.3662	53.086	2011.67	29.5734							0.0	0.0	0.0	0.0	0.0
2015/06/20 22:05:00		2.74701	144.676	29.8047	57.933	1003.03	1.23958	26.1029	22.5477	0.0	22.5477	53.029	1903.75	29.6805							0.0	0.0	0.0	0.0	0.0
2015/06/20 22:10:00		2.49372	146.519	29.8057	58.364	1003.05	1.17396	26.1174	20.9107	0.0	20.9107	52.905	1805.21	29.552							0.0	0.0	0.0	0.0	0.0
2015/06/20 22:15:00		2.19786	139.207	29.8047	58.772	1003.02	1.19583	26.1214	19.1754	0.0	19.1754	52.915	1729.17	29.402							0.0	0.0	0.0	0.0	0.0
2015/06/20 22:20:00		2.21065	144.049	29.7245	59.226	1003.05	1.26875	26.1238	14.4631	0.0	14.4631	52.491	1657.5	29.5305							0.0	0.0	0.0	0.0	0.0
2015/06/20 22:25:00		2.04166	142.29	29.7089	59.631	1003.12	1.21771	26.1372	14.5904	0.0	14.5904	52.653	1607.08	29.5305							0.0	0.0	0.0	0.0	0.0
2015/06/20 22:30:00		2.05941	145.055	29.7104	59.964	1003.17	1.23958	26.1243	19.0905	0.0	19.0905	52.762	1588.54	29.5734							0.0	0.0	0.0	0.0	0.0
2015/06/20 22:35:00		2.2447	139.955	29.6781	60.287	1003.21	1.21771	26.1383	21.4445	0.0	21.4445	53.067	1566.25	29.5734							0.0	0.0	0.0	0.0	0.0
2015/06/20 22:40:00		1.72624	138.417	29.6094	60.581	1003.2	1.20313	26.1405	16.8751	0.0	16.8751	52.829	1545.83	29.5734							0.0	0.0	0.0	0.0	0.0
2015/06/20 22:45:00		1.9693	145.55	29.6089	60.909	1003.16	1.21042	26.1311	16.1783	0.0	16.1783	52.695	1561.88	29.5734							0.0	0.0	0.0	0.0	0.0
2015/06/20 22:50:00		1.68991	146.105	29.6083	61.193	1003.17	1.17396	26.1238	19.6355	0.0	19.6355	52.672	1569.58	29.5734							0.0	0.0	0.0	0.0	0.0
2015/06/20 22:55:00		1.56104	163.981	29.5229	61.463	1003.21	1.21771	26.1225	15.8924	0.0	15.8924	52.328	1564.58	29.4234							0.0	0.0	0.0	0.0	0.0
2015/06/20 23:00:00		1.21918	156.64	29.4943	61.666	1003.28	1.24688	26.1109	22.0653	0.0	22.0653	52.738	1638.33	29.1019							0.0	0.0	0.0	0.0	0.0
2015/06/20 23:05:00		1.33314	162.772	29.4932	61.786	1003.3	1.23229	26.0927	25.6096	0.0	25.6096	52.514	1658.96	29.1662							0.0	0.0	0.0	0.0	0.0
2015/06/20 23:10:00		1.54877	164.407	29.4292	62.009	1003.38	1.23229	26.0795	27.1663	0.0	27.1663	52.824	1657.08	29.4877							0.0	0.0	0.0	0.0	0.0
2015/06/20 23:15:00		1.19328	168.938	29.3948	62.234	1003.45	1.23229	26.065	24.0329	0.0	24.0329	51.923	1642.08	29.3162							0.0	0.0	0.0	0.0	0.0
2015/06/20 23:20:00		1.09965	155.273	29.3948	62.446	1003.48	1.29792	26.0688	20.1089	0.0	20.1089	51.933	1647.71	29.402							0.0	0.0	0.0	0.0	0.0
2015/06/20 23:25:00		1.5113	161.201	29.3979	62.645	1003.44	1.21771	26.0631	30.5922	0.0	30.5922	51.88	1683.75	28.8662							0.0	0.0	0.0	0.0	0.0
2015/06/20 23:30:00		1.44664	152.804	29.3422	62.675	1003.45	1.21042	26.0417	32.0751	0.0	32.0751	51.418	1648.33	28.8233							0.0	0.0	0.0	0.0	0.0
2015/06/20 23:35:00		1.40009	164.748	29.2969	62.733	1003.39	1.21771	26.036	14.8852	0.0	14.8852	51.809	1546.88	28.8448							0.0	0.0	0.0	0.0	0.0
2015/06/20 23:40:00		1.7676	165.854	29.2604	62.961	1003.36	1.19583	26.0272	10.088	0.0	10.088	51.518	1447.92	28.6519							0.0	0.0	0.0	0.0	0.0
2015/06/20 23:45:00		1.39947	154.081	29.2036	63.243	1003.33	1.24688	26.014	11.0662	0.0	11.0662	51.718	1380.0	28.9305							0.0	0.0	0.0	0.0	0.0
2015/06/20 23:50:00		2.00767	163.977	29.2031	63.388	1003.28	1.23958	26.014	13.5653	0.0	13.5653	52.409	1291.04	28.5233							0.0	0.0	0.0	0.0	0.0
2015/06/20 23:55:00		2.17932	155.726	29.1635	63.549	1003.26	1.225	26.1286	14.3827	0.0	14.3827	51.633	1218.54	26.2946							0.0	0.0	0.0	0.0	0.0
2015/06/21 00:00:00		2.1875	160.18	29.0943	63.731	1003.26	1.16667	26.2441	11.4749	0.0	11.4749	51.866	1150.63	32.7022							0.0	0.0	0.0	0.0	0.0
