-- 1st mean values --
Format: XTAB(V:1;HEAD:2;COL:TCFFFFFFFFFFFFFFFFFFFFFFFF)
StartTime: 2015/02/08 00:00:00
EndTime: 2015/02/09 00:00:00
Period: 24 h
Station: Gia Lam

Time	MeasPt	Wind Spd.	Wind Dir.	Temp	RH	Barometer	Radiation	InnerTemp	NO	NO2	NOx	SO2	CO	O3	PM-10	PM-2.5	PM-1	CH4	NMHC	THC	BENZEN	TOLUEN	ETHYL BENZEN	MP-XYLEN	O-XYLEN
		m/s	degree	°C	%	hPa	W/m²	°C	µg/m3	µg/m3	µg/m3	µg/m3	µg/m3	µg/m3	µg/m3	µg/m3	µg/m3	ppm	ppmC	ppmC	ug/m3	ug/m3	ug/m3	ug/m3	ug/m3
2015/02/08 00:05:00		0.77625	321.499	13.1005	89.408	1024.19	1.11563	20.6341	62.781	14.7306	77.512	0.60537	1702.5	18.787	4.28333	4.06667	3.84833								
2015/02/08 00:10:00		0.81669	332.111	13.099	89.41	1024.09	1.16667	20.6564	53.817	14.2582	68.075	0.204967	1690.83	18.3298	7.14	6.615	6.3333								
2015/02/08 00:15:00		1.16787	316.264	13.1208	89.35	1024.16	1.15208	20.6671	0.285867	0.150627	0.436493	0.266933	1684.58	18.5012	4.01833	3.79167	3.66333								
2015/02/08 00:20:00		0.91712	324.789	13.2109	89.334	1024.08	1.16667	20.6819	0.149633	0.294407	0.44404	0.419467	1677.71	18.3405	4.26	4.04167	3.87333								
2015/02/08 00:25:00		1.13292	322.237	13.2135	89.241	1023.99	1.1375	20.6889	0.0469	0.7771	0.824	0.4862	1670.63	18.5727	4.30333	4.00667	3.89833								
2015/02/08 00:30:00		1.23234	327.589	13.2156	89.194	1023.95	1.20313	20.6975	0.0603	1.24609	1.30639	0.476667	1666.04	18.6584	4.17333	4.085	3.96								
2015/02/08 00:35:00		1.00281	321.096	13.287	89.133	1023.89	1.21042	20.7096	0.0804	1.69797	1.77837	0.252633	1663.33	18.2191	4.32833	4.18833	3.99333								
2015/02/08 00:40:00		0.78523	326.536	13.313	89.042	1023.85	1.23229	20.7219	0.0402	0.68124	0.72144	0.290767	1652.71	18.0119	4.23833	4.09333	3.94167								
2015/02/08 00:45:00		1.07311	314.43	13.313	88.977	1023.86	1.17396	20.7233	8.5001	1.5987	10.0988	0.324133	1646.04	17.9869	4.26333	4.02833	3.86167								
2015/02/08 00:50:00		0.98591	322.441	13.313	88.914	1023.97	1.18125	20.7273	63.284	14.6929	77.977	0.238333	1642.92	18.0083	4.42833	4.19167	3.92667								
2015/02/08 00:55:00		1.07783	310.07	13.312	88.832	1023.94	1.25417	20.7182	62.319	14.5629	76.882	0.3432	1638.54	18.5298	4.26	4.06833	3.89167								
2015/02/08 01:00:00		1.57729	315.208	13.3146	88.737	1024.0	1.20313	20.7128	61.309	15.47	76.78	0.54817	1634.38	18.3262	4.48417	4.19583	3.96								
2015/02/08 01:05:00		1.67501	319.073	13.3073	88.644	1023.98	1.15937	20.6943	61.059	14.7648	75.824	0.395633	1630.63	17.9119	4.53417	4.1315	3.9275								
2015/02/08 01:10:00		1.68355	309.062	13.3094	88.511	1023.92	1.19583	20.6951	60.275	14.5457	74.821	0.54817	1620.63	17.9726	4.37717	4.02467	3.82917								
2015/02/08 01:15:00		1.55472	318.986	13.312	88.377	1023.86	1.23229	20.687	61.028	14.871	75.899	0.376566	1617.29	18.1834	4.04333	3.91833	3.72								
2015/02/08 01:20:00		1.4449	323.495	13.3141	88.18	1023.77	1.21042	20.6873	60.363	14.2548	74.617	0.495733	1606.67	17.9119	4.185	3.84833	3.72167								
2015/02/08 01:25:00		0.82522	308.105	13.4052	87.976	1023.73	1.17396	20.6811	60.936	16.2403	77.177	0.58153	1601.67	17.4262	4.19	3.86	3.65667								
2015/02/08 01:30:00		1.36808	320.504	13.4104	87.731	1023.69	1.16667	20.6806	61.332	15.0764	76.408	0.238333	1593.96	17.6762	3.985	3.84833	3.67								
2015/02/08 01:35:00		1.18751	317.088	13.4063	87.458	1023.65	1.26875	20.6647	60.695	14.7785	75.474	0.438533	1593.33	17.8333	4.2	3.93833	3.72333								
2015/02/08 01:40:00		1.04228	316.711	13.4099	87.152	1023.62	1.21771	20.6717	61.068	13.6728	74.741	0.233567	1590.0	18.0905	4.21	4.03167	3.86333								
2015/02/08 01:45:00		1.12776	312.492	13.4922	86.806	1023.63	1.19583	20.68	61.638	15.3742	77.012	0.1287	1579.38	17.7619	4.55333	4.09583	3.91333								
2015/02/08 01:50:00		1.63784	320.82	13.5036	86.446	1023.5	1.21771	20.6854	61.747	15.0387	76.786	0.305066	1570.0	17.919	4.48233	4.13533	3.96933								
2015/02/08 01:55:00		1.00855	320.821	13.5042	85.995	1023.4	1.17396	20.6838	61.761	15.0661	76.827	0.3146	1566.04	17.7905	4.334	4.11067	3.95567								
2015/02/08 02:00:00		1.18345	316.826	13.525	85.57	1023.34	1.15937	20.6921	62.982	16.319	79.301	0.381333	1554.79	17.8512	4.3175	4.07367	3.92417								
2015/02/08 02:05:00		1.25715	312.761	13.6052	85.149	1023.26	1.18854	20.7061	62.326	15.8774	78.203	0.4433	1554.79	18.0333	4.3635	4.1425	3.9655								
2015/02/08 02:10:00		1.23621	318.632	13.6021	84.598	1023.22	1.21042	20.7276	61.892	15.316	77.208	0.381333	1551.25	17.7905	5.205	4.38333	4.1								
2015/02/08 02:15:00		1.19533	313.289	13.6068	83.978	1023.18	1.15937	20.7359	62.404	13.8268	76.231	0.2002	1546.46	17.8905	5.6467	4.615	4.32833								
2015/02/08 02:20:00		1.12198	309.376	13.6073	83.391	1023.17	1.14479	20.7431	61.799	15.381	77.18	0.266933	1543.54	17.7869	5.9667	4.73333	4.36667								
2015/02/08 02:25:00		0.70965	318.615	13.6068	82.741	1023.19	1.12292	20.7413	61.901	14.9874	76.889	0.3861	1527.5	17.9619	5.4017	4.615	4.43167								
2015/02/08 02:30:00		1.13999	313.251	13.6302	82.314	1023.3	1.19583	20.745	62.448	15.1619	77.61	0.433766	1527.71	17.8583	6.2217	4.75833	4.35667								
2015/02/08 02:35:00		1.27459	317.303	13.7198	82.005	1023.27	1.18854	20.7566	63.407	17.1201	80.527	0.219267	1517.5	17.6512	5.8333	4.47333	4.11								
2015/02/08 02:40:00		1.09919	317.423	13.7161	81.808	1023.24	1.15208	20.759	62.904	15.8808	78.785	0.266933	1518.96	17.6012	5.8383	4.61167	4.11								
2015/02/08 02:45:00		1.11859	320.23	13.7193	81.572	1023.19	1.13021	20.7678	63.507	16.0212	79.528	0.276467	1510.83	17.6583	5.6267	4.51333	4.19333								
2015/02/08 02:50:00		1.12606	311.833	13.6531	81.254	1023.16	1.18854	20.7826	63.628	15.114	78.742	0.5291	1506.25	17.8726	4.845	4.49167	4.29333								
2015/02/08 02:55:00		1.59851	319.149	13.6208	80.981	1023.21	1.13021	20.7821	63.355	15.6241	78.979	0.4433	1497.92	17.8976	6.0417	4.77667	4.35167								
2015/02/08 03:00:00		1.35601	319.414	13.7182	80.827	1023.08	1.23229	20.7848	64.166	14.7854	78.951	0.319367	1485.42	17.744	5.4817	4.735	4.43167								
2015/02/08 03:05:00		0.88054	320.038	13.7141	80.509	1023.06	1.14479	20.7907	64.374	16.5073	80.881	0.462367	1485.21	18.0191	5.9933	4.81833	4.49333								
2015/02/08 03:10:00		1.25262	314.801	13.7214	80.256	1023.05	1.225	20.7971	63.851	16.6614	80.512	0.572	1482.71	17.7119	5.78	4.85333	4.515								
2015/02/08 03:15:00		0.94127	317.257	13.7193	80.088	1023.07	1.1375	20.8009	64.776	15.2954	80.071	0.233567	1471.25	18.0333	7.7867	5.4133	4.61667								
2015/02/08 03:20:00		1.14082	315.03	13.7156	79.952	1023.15	1.12292	20.8068	66.16	17.5377	83.698	0.55293	1468.54	17.8762	5.7633	4.995	4.62667								
2015/02/08 03:25:00		1.23404	318.928	13.7156	79.589	1023.2	1.18125	20.8178	65.184	16.9181	82.102	0.448067	1460.0	17.8941	6.01	5.1583	4.74333								
2015/02/08 03:30:00		1.31783	317.695	13.7177	79.249	1023.2	1.17396	20.8258	65.227	15.9493	81.176	0.54817	1455.42	18.0655	6.8017	5.385	4.80833								
2015/02/08 03:35:00		1.334	314.556	13.7161	79.015	1023.21	1.12292	20.8312	64.662	16.3293	80.991	0.495733	1449.17	17.9048	5.8317	5.115	4.76333								
2015/02/08 03:40:00		1.25488	320.173	13.7156	78.717	1023.18	1.1375	20.8298	65.895	14.4362	80.331	0.4576	1445.42	17.7905	6.0267	5.1933	4.85333								
2015/02/08 03:45:00		1.15788	317.998	13.7182	78.513	1023.16	1.18125	20.8333	65.653	14.9771	80.63	0.481433	1436.67	17.6655	5.9583	5.0967	4.85633								
2015/02/08 03:50:00		1.03823	322.999	13.7245	78.269	1023.17	1.15937	20.8358	65.309	15.2099	80.519	0.5434	1434.58	17.7048	6.4593	5.3949	4.97627								
2015/02/08 03:55:00		1.51432	318.174	13.8125	77.925	1023.2	1.17396	20.828	66.877	14.9292	81.806	0.381333	1426.25	17.4119	6.56	5.4117	4.94333								
2015/02/08 04:00:00		1.1528	312.975	13.813	77.47	1023.14	1.15208	20.8247	66.542	16.3601	82.902	0.433766	1420.42	18.2226	6.6117	5.4267	4.96967								
2015/02/08 04:05:00		1.18375	312.649	13.812	77.267	1023.09	1.21771	20.818	66.81	16.5279	83.338	0.4433	1418.75	18.1048	6.6867	5.4567	4.99467								
2015/02/08 04:10:00		1.38734	312.62	13.8161	77.189	1023.13	1.15208	20.8057	66.62	16.1718	82.792	0.438533	1408.54	17.6905	5.8367	5.4333	5.0917								
2015/02/08 04:15:00		1.45258	306.574	13.9005	78.19	1023.18	1.16667	20.7984	67.239	14.6039	81.843	0.481433	1402.08	18.2548	6.1017	5.6867	5.2733								
2015/02/08 04:20:00		1.22236	317.898	13.899	79.726	1023.21	1.14479	20.7874	67.473	14.9805	82.454	0.5148	1400.0	18.1298	6.1383	5.8067	5.3817								
2015/02/08 04:25:00		1.31069	311.366	13.8156	81.083	1023.21	1.16667	20.7821	68.059	15.0901	83.149	0.376566	1398.96	18.2298	6.3367	5.8933	5.3917								
2015/02/08 04:30:00		1.05446	317.773	13.812	82.184	1023.2	1.1375	20.7802	69.003	15.6583	84.662	0.4719	1392.71	18.2012	6.185	5.7783	5.375								
2015/02/08 04:35:00		0.94412	312.24	13.7286	83.033	1023.25	1.18854	20.7692	67.771	15.1654	82.936	0.6578	1385.0	18.2262	6.085	5.755	5.3933								
2015/02/08 04:40:00		1.28269	317.157	13.7193	83.676	1023.29	1.21042	20.7681	67.612	14.4191	82.031	0.59583	1379.79	18.0655	6.1783	5.8333	5.4233								
2015/02/08 04:45:00		1.26352	317.627	13.7198	84.157	1023.26	1.15937	20.7737	68.521	14.8025	83.323	0.5148	1373.13	18.3405	6.175	5.8433	5.42								
2015/02/08 04:50:00		0.84042	314.917	13.6641	84.555	1023.29	1.15937	20.7896	68.733	14.4636	83.197	0.59107	1372.5	18.2226	6.1883	5.8333	5.405								
2015/02/08 04:55:00		1.2903	319.544	13.6094	84.863	1023.33	1.15208	20.7874	69.258	15.1072	84.365	0.381333	1362.71	18.0869	6.7509	5.8667	5.4596								
2015/02/08 05:00:00		1.13441	305.388	13.6198	85.12	1023.4	1.20313	20.795	68.965	14.6964	83.662	0.481433	1360.42	18.3762	7.4212	6.5269	6.05								
2015/02/08 05:05:00		0.94851	308.52	13.7141	85.351	1023.4	1.18854	20.8054	70.616	15.672	86.288	0.73883	1355.42	18.6548	6.0862	5.7483	5.3948								
2015/02/08 05:10:00		0.9381	313.494	13.724	85.489	1023.47	1.20313	20.81	69.356	15.8021	85.158	0.490967	1346.88	18.7263	6.2083	5.6683	5.2033								
2015/02/08 05:15:00		0.71805	310.474	13.7198	85.598	1023.47	1.21042	20.8073	68.657	15.292	83.949	0.3861	1338.13	18.6227	6.1983	5.6067	5.1567								
2015/02/08 05:20:00		0.85888	288.834	13.7224	85.62	1023.5	1.21771	20.8092	69.218	15.761	84.979	0.5148	1344.38	18.4798	6.24	5.5817	5.1267								
2015/02/08 05:25:00		1.17224	306.688	13.7214	85.62	1023.55	1.21042	20.8127	69.218	16.5997	85.817	0.409933	1336.88	18.5691	6.2917	5.5417	5.0933								
2015/02/08 05:30:00		1.17045	301.809	13.724	85.523	1023.59	1.20313	20.8159	70.696	16.3156	87.012	0.61013	1340.0	18.7298	6.2433	5.49	5.055								
2015/02/08 05:35:00		1.81462	307.469	13.7234	85.427	1023.7	1.18125	20.8223	68.289	15.5625	83.851	0.3718	1339.17	18.5012	6.1133	5.43	5.015								
2015/02/08 05:40:00		1.04493	312.503	13.7182	85.417	1023.79	1.13021	20.8143	68.604	15.2509	83.854	0.490967	1321.88	18.5905	5.765	5.2733	4.89783								
2015/02/08 05:45:00		1.17925	304.744	13.7188	85.482	1023.82	1.19583	20.8175	68.342	16.0554	84.398	0.204967	1327.71	18.6298	5.2017	4.93167	4.60667								
2015/02/08 05:50:00		0.76224	304.801	13.7219	85.57	1023.85	1.225	20.8237	68.242	15.7542	83.996	0.448067	1321.46	18.9013	5.4767	4.99167	4.67167								
2015/02/08 05:55:00		1.15137	310.726	13.7229	85.694	1023.86	1.18854	20.7421	69.048	17.1509	86.199	0.55293	1319.17	18.8155	5.5633	4.885	4.6								
2015/02/08 06:00:00		1.25082	315.891	13.7677	85.803	1023.94	1.15208	20.683	68.925	15.3776	84.303	0.4576	1316.04	19.037	5.6033	4.92267	4.615								
2015/02/08 06:05:00		1.2765	312.353	13.8172	85.908	1023.98	1.18125	20.6432	68.528	17.2022	85.73	0.51957	1313.13	18.6727	5.3583	4.86833	4.59167								
2015/02/08 06:10:00		0.50353	319.881	13.8198	85.945	1024.02	1.13021	20.618	68.711	16.9455	85.656	0.309833	1312.71	19.2227	5.7283	4.77167	4.46833								
2015/02/08 06:15:00		1.06042	320.011	13.813	85.978	1024.09	1.19583	20.592	68.248	16.4594	84.708	0.290767	1307.29	19.1834	5.135	4.705	4.425								
2015/02/08 06:20:00		0.87647	312.322	13.8151	85.894	1024.14	1.14479	20.585	68.239	16.432	84.672	0.4862	1309.17	18.9763	5.15	4.75083	4.44333								
2015/02/08 06:25:00		1.31155	317.373	13.8536	85.803	1024.21	1.19583	20.5689	68.083	16.8051	84.888	0.467133	1305.0	19.0798	5.8967	4.825	4.37833								
2015/02/08 06:30:00		1.44081	322.399	13.912	85.684	1024.26	1.17396	20.5673	69.973	18.5647	88.537	0.438533	1303.33	19.0763	5.515	4.73167	4.415								
2015/02/08 06:35:00		0.87357	313.203	13.9156	85.59	1024.38	1.15208	20.5675	69.87	17.6815	87.551	0.50527	1303.33	19.6299	5.6433	4.84667	4.50667								
2015/02/08 06:40:00		1.16807	318.706	13.9099	85.485	1024.32	1.225	20.5608	69.046	17.192	86.238	0.4862	1300.21	19.5049	5.2967	4.695	4.32167								
2015/02/08 06:45:00		1.30273	319.528	13.9109	85.385	1024.33	1.20313	20.5603	69.644	17.7329	87.377	0.409933	1297.29	19.262	5.59	4.76433	4.36333								
2015/02/08 06:50:00		1.417	319.772	13.9135	85.298	1024.38	1.12292	20.5571	69.856	18.3388	88.195	0.390867	1299.17	18.9727	5.46	4.75867	4.42033								
2015/02/08 06:55:00		1.35416	314.953	13.9104	85.21	1024.47	1.16667	20.552	69.646	17.0687	86.715	0.409933	1302.92	18.9084	5.3433	4.71933	4.4505								
2015/02/08 07:00:00		1.16694	316.752	13.9115	85.121	1024.52	1.17396	20.5493	70.676	17.7466	88.423	0.405167	1301.46	19.2834	6.255	5.0867	4.58667								
2015/02/08 07:05:00		0.76277	328.995	13.9115	85.083	1024.6	1.18125	20.5474	73.164	19.222	92.386	0.5863	1304.17	19.2691	6.6017	5.1276	4.69276								
2015/02/08 07:10:00		0.86397	326.526	13.9599	85.012	1024.67	1.15208	20.5402	72.802	19.6602	92.462	0.572	1306.67	18.8155	6.8917	5.195	4.662								
2015/02/08 07:15:00		1.0818	323.72	13.9812	84.913	1024.66	1.15208	20.5334	74.256	18.9482	93.204	0.50527	1308.13	18.5298	7.0917	5.25	4.687								
2015/02/08 07:20:00		0.91954	331.409	13.9776	84.886	1024.77	1.14479	20.5305	76.95	19.0885	96.038	0.452833	1311.88	18.9834	6.9967	5.2333	4.6795								
2015/02/08 07:25:00		0.94545	316.094	13.9833	84.842	1024.85	1.18125	20.5343	75.422	19.2528	94.675	0.5863	1314.79	19.1441	6.9517	5.225	4.68667								
2015/02/08 07:30:00		0.86873	318.043	14.0844	84.909	1024.96	2.25312	20.53	80.367	19.5301	99.897	0.3718	1319.79	18.6977	7.0083	5.2583	4.696								
2015/02/08 07:35:00		1.26609	309.215	14.0854	84.912	1025.01	4.54271	20.5383	82.593	21.3034	103.897	0.6721	1331.67	18.3977	6.935	5.22	4.6795								
2015/02/08 07:40:00		0.84053	284.877	14.0891	84.84	1025.09	8.75	20.5533	75.368	19.4548	94.823	0.490967	1333.75	18.9798	6.9683	5.2233	4.67383								
2015/02/08 07:45:00		1.01452	318.187	14.0823	84.839	1025.1	14.0583	20.5646	75.507	20.4647	95.971	0.467133	1343.13	18.9763	6.9267	5.2033	4.66517								
2015/02/08 07:50:00		0.76029	317.976	14.1693	84.84	1025.2	18.3021	20.5794	76.132	20.1292	96.261	0.56247	1347.5	19.0584	6.8717	5.18	4.65567								
2015/02/08 07:55:00		1.16731	319.412	14.187	84.838	1025.3	21.3865	20.5973	77.003	18.5545	95.558	0.572	1346.88	18.6762	6.9017	5.1967	4.66733								
2015/02/08 08:00:00		0.94705	318.284	14.1885	84.84	1025.42	22.0792	20.6172	77.155	19.8451	97.0	0.71023	1356.46	18.5191	6.8683	5.1983	4.66867								
2015/02/08 08:05:00		1.28068	328.748	14.2375	84.84	1025.45	25.6375	20.6373	78.694	19.6705	98.364	0.6578	1367.08	19.1763	6.855	5.1967	4.67217								
2015/02/08 08:10:00		1.13948	313.867	14.2271	84.618	1025.53	30.2531	20.6602	80.061	20.9782	101.039	0.71023	1376.25	18.712	6.3433	5.245	4.64817								
2015/02/08 08:15:00		1.189	309.257	14.1891	84.322	1025.56	33.3375	20.6768	79.547	20.9576	100.504	0.5148	1380.42	18.9155	6.3383	5.04	4.54333								
2015/02/08 08:20:00		1.59072	320.557	14.2641	84.041	1025.57	36.1302	20.6937	79.134	19.7663	98.9	0.8008	1387.08	19.0298	5.8267	4.955	4.59167								
2015/02/08 08:25:00		1.74864	321.441	14.1865	83.5	1025.56	42.1021	20.7208	77.492	19.1296	96.622	0.381334	1390.21	18.7298	5.6983	5.0517	4.55								
2015/02/08 08:30:00		1.3537	316.545	14.2708	83.109	1025.65	56.241	20.748	76.583	19.0166	95.6	0.72453	1395.0	18.9191	6.1967	5.0333	4.57167								
2015/02/08 08:35:00		0.98864	315.374	14.2969	83.036	1025.74	75.491	20.7756	77.852	18.5168	96.369	0.67687	1402.92	18.8227	6.7183	5.1883	4.63483								
2015/02/08 08:40:00		1.38317	313.115	14.388	82.945	1025.69	99.116	20.7966	80.751	19.6362	100.387	0.67687	1404.17	18.5012	6.83	5.28	4.6905								
2015/02/08 08:45:00		0.9607	307.754	14.4234	82.731	1025.76	120.947	20.8274	79.167	19.0748	98.242	0.72453	1414.17	18.5584	6.5833	5.23	4.68517								
2015/02/08 08:50:00		1.26033	316.091	14.4839	82.542	1025.88	110.724	20.8556	79.053	20.6119	99.665	0.72453	1416.04	18.9727	6.4817	5.1933	4.68283								
2015/02/08 08:55:00		0.94679	317.991	14.574	82.351	1025.88	103.52	20.8913	79.65	20.3894	100.039	0.6578	1418.54	18.8763	7.535	5.79	5.0192								
2015/02/08 09:00:00		1.41668	305.565	14.6365	81.955	1025.9	91.35	20.9249	80.84	20.1292	100.969	0.6864	1424.58	18.3441	6.6117	5.2533	4.83333								
2015/02/08 09:05:00		0.82542	306.65	14.6922	81.576	1025.94	95.645	20.9601	79.37	19.7458	99.116	0.66733	1432.92	18.4869	8.4817	5.7267	4.98833								
2015/02/08 09:10:00		0.97041	311.299	14.7719	81.217	1026.0	99.969	20.999	81.89	20.8207	102.71	0.71023	1438.54	18.8727	6.8533	5.5167	5.0433								
2015/02/08 09:15:00		1.07718	317.371	14.8083	80.738	1026.05	85.057	21.0473	79.786	19.9854	99.771	0.8294	1437.5	18.4977	8.395	6.0717	5.1383								
2015/02/08 09:20:00		1.56489	311.388	14.8891	80.242	1026.05	87.325	21.0841	81.61	20.5811	102.192	0.89613	1446.04	18.5512	7.4633	5.735	5.1083								
2015/02/08 09:25:00		0.80542	309.275	14.949	79.62	1026.08	96.345	21.1085	80.947	20.6838	101.631	0.88183	1459.17	18.4727	8.86	6.2783	5.3267								
2015/02/08 09:30:00		0.56735	312.927	15.0625	79.106	1026.15	100.341	21.1523	87.283	22.5118	109.795	0.93903	1465.83	17.9548	7.9383	5.9683	5.2917								
2015/02/08 09:35:00		0.76036	330.834	15.1542	78.34	1026.16	123.565	21.1885	86.24	22.0634	108.304	0.55293	1476.88	18.7084	7.9633	5.9983	5.3633								
2015/02/08 09:40:00		0.98331	305.33	15.224	77.602	1026.1	132.387	21.2266	85.945	22.4468	108.392	0.77697	1478.54	18.6834	7.7217	5.8883	5.3133								
2015/02/08 09:45:00		0.72154	320.38	15.3026	76.749	1026.09	133.634	21.2825	82.184	21.5567	103.741	0.96287	1486.04	18.7191	8.1617	6.2767	5.485								
2015/02/08 09:50:00		0.66376	326.588	15.3865	75.894	1026.15	135.078	21.3284	81.083	22.0702	103.154	0.7865	1491.04	18.5012	8.2	6.1517	5.43								
2015/02/08 09:55:00		0.96702	348.482	15.4609	74.61	1026.24	120.801	21.3684	82.122	23.3129	105.435	0.75313	1497.92	18.4834	7.6983	6.1367	5.4967								
2015/02/08 10:00:00		0.9912	338.159	15.4891	71.48	1026.2	127.247	21.4103	82.649	22.9877	105.637	1.04867	1493.96	18.737	8.9517	6.2783	5.5967								
2015/02/08 10:05:00		0.61871	353.467	15.5969	67.9	1026.19	133.795	21.4505	82.915	23.3745	106.289	0.76743	1502.5	18.4727	8.3217	6.0517	5.3933								
2015/02/08 10:10:00		0.493666	11.9001	15.7615	63.605	1026.23	148.925	21.4828	83.444	25.699	109.143	0.92473	1505.63	18.4762	9.445	6.3367	5.63								
2015/02/08 10:15:00		1.02541	1.13253	15.912	60.26	1026.16	176.918	21.5316	84.735	26.9382	111.673	0.858	1511.46	18.5155	8.5817	5.8783	5.3333								
2015/02/08 10:20:00		0.69609	20.3232	15.9927	61.243	1026.12	185.143	21.5706	79.625	22.0257	101.651	1.02007	1517.29	18.5834	6.695	5.595	5.04								
2015/02/08 10:25:00		1.42586	8.7049	16.0719	52.6	1026.1	197.925	21.6132	79.5	23.3711	102.871	1.06773	1516.46	19.0941	7.4433	5.5333	4.945								
2015/02/08 10:30:00		1.40055	13.6447	16.1651	49.8536	1026.04	226.982	21.6447	78.207	24.5727	102.78	1.02007	1523.33	19.5477	13.1717	10.6867	9.5033								
2015/02/08 10:35:00		1.14976	3.43004	16.2443	48.4635	1025.97	254.122	21.6803	77.014	22.5666	99.581	1.08203	1525.63	19.2834	2.42333	1.83	1.655								
2015/02/08 10:40:00		0.70611	338.756	16.3427	47.4448	1025.94	252.817	21.7187	76.541	21.7074	98.248	1.01053	1526.88	18.837	11.2817	8.7167	7.9367								
2015/02/08 10:45:00		0.55215	29.5255	16.5031	45.9755	1025.84	264.33	21.7786	75.898	23.3643	99.262	1.06297	1526.04	19.2156	18.6017	13.74	12.1877								
2015/02/08 10:50:00		0.73458	3.96715	16.6057	42.3156	1025.77	279.161	21.8398	76.496	24.9664	101.463	0.9867	1527.08	18.9084	14.045	10.0767	9.0197								
2015/02/08 10:55:00		0.99845	10.5701	16.7068	41.2599	1025.69	280.919	21.8962	74.904	25.0006	99.904	0.9867	1533.96	19.1727	17.9533	13.6267	12.1883								
2015/02/08 11:00:00		1.23478	20.1885	16.799	40.8818	1025.55	295.313	21.9604	73.05	23.2513	96.301	1.22027	1537.5	18.7155	12.125	9.7505	8.9552								
2015/02/08 11:05:00		0.92678	3.66034	16.799	41.0505	1025.56	282.99	22.0302	72.675	21.2212	93.896	1.26793	1531.67	19.4442	6.1117	4.93833	4.50833								
2015/02/08 11:10:00		0.89609	7.6998	16.8182	41.3984	1025.48	284.258	22.1056	71.598	22.6488	94.247	1.18213	1529.38	19.4477	19.0867	13.7217	12.2658								
2015/02/08 11:15:00		0.77741	37.2741	16.9016	38.5187	1025.46	272.264	22.1762	71.67	24.3844	96.054	1.13447	1526.67	19.0513	8.3017	6.3333	5.811								
2015/02/08 11:20:00		0.482067	52.558	16.9047	37.9078	1025.35	272.708	22.2428	70.334	22.0086	92.343	0.858	1525.63	18.2655	19.095	14.7717	13.455								
2015/02/08 11:25:00		0.56895	34.2469	17.0229	38.7443	1025.2	295.225	22.3175	71.163	25.7503	96.913	1.0582	1522.5	18.2012	15.02	11.4317	10.4308								
2015/02/08 11:30:00		0.488365	42.7319	17.138	38.0849	1025.02	309.138	22.3821	72.309	28.0542	100.363	1.21073	1527.5	18.0333	13.8893	10.3107	9.433								
2015/02/08 11:35:00		0.70711	34.097	17.2714	36.725	1024.91	308.015	22.4511	72.105	28.9306	101.036	1.31083	1527.71	18.4227	18.245	12.85	11.7417								
2015/02/08 11:40:00		0.99321	51.983	17.3047	34.4484	1024.84	318.573	22.5258	70.589	25.5073	96.096	0.9867	1525.21	18.0548	14.135	10.4592	9.5542								
2015/02/08 11:45:00		1.0246	67.898	17.3062	34.1734	1024.73	324.844	22.613	69.202	22.885	92.087	0.9295	1526.04	17.8583	16.3617	13.81	12.86								
2015/02/08 11:50:00		0.5847	41.2343	17.299	34.0979	1024.62	335.351	22.6893	69.568	28.1501	97.718	1.06773	1528.33	17.2404	14.9917	12.025	11.1667								
2015/02/08 11:55:00		0.74067	47.6574	17.3901	33.6042	1024.49	329.576	22.7763	69.573	24.6959	94.269	1.2012	1523.54	17.4619	9.35	7.5525	6.8592								
2015/02/08 12:00:00		1.00109	44.3722	17.3953	33.326	1024.37	346.07	22.8678	68.295	22.5735	90.869	1.2584	1518.33	17.5047	15.2583	13.1583	12.2683								
2015/02/08 12:05:00		1.30266	58.202	17.4078	32.5687	1024.33	344.94	22.9478	68.001	23.6792	91.68	1.3299	1514.38	17.3654	12.2183	9.1417	8.2325								
2015/02/08 12:10:00		1.07443	49.3045	17.5234	32.7667	1024.2	352.362	23.0318	67.882	23.9907	91.873	1.2012	1517.71	17.0797	12.79	9.5017	8.4483								
2015/02/08 12:15:00		0.92295	22.7338	17.6073	32.3729	1024.1	372.145	23.1178	68.204	26.2467	94.45	1.22503	1515.0	17.219	11.155	9.0175	8.2217								
2015/02/08 12:20:00		0.457341	52.838	17.6036	32.5036	1024.05	414.094	23.1929	66.551	22.861	89.412	1.2584	1506.88	17.5119	15.4917	13.1467	12.3133								
2015/02/08 12:25:00		0.379525	23.1894	17.6964	32.0589	1024.0	559.58	23.278	66.113	23.3163	89.43	1.18213	1509.38	17.3154	12.7883	10.2872	9.3843								
2015/02/08 12:30:00		0.418215	63.156	17.7786	32.1953	1023.89	642.78	23.365	65.658	23.9907	89.648	1.08203	1510.83	17.1083	8.5633	7.3783	6.7958								
2015/02/08 12:35:00		1.22127	47.427	17.8516	31.4859	1023.76	517.38	23.4601	65.727	24.4392	90.166	1.1297	1503.75	17.1297	8.855	7.2483	6.82								
2015/02/08 12:40:00		0.61261	345.623	17.8031	32.662	1023.62	505.03	23.5371	65.506	21.1254	86.631	1.36327	1498.75	17.219	10.545	9.0758	8.3875								
2015/02/08 12:45:00		0.211091	258.209	17.9505	32.7151	1023.55	427.569	23.616	64.568	21.1596	85.728	1.21073	1497.92	17.0547	8.8067	7.5775	6.9342								
2015/02/08 12:50:00		0.99455	67.279	18.001	32.0906	1023.43	376.979	23.685	64.907	23.0561	87.964	1.46337	1490.42	17.2404	11.2167	9.1933	8.455								
2015/02/08 12:55:00		0.96562	66.117	17.9724	31.8385	1023.33	332.449	23.7521	64.166	23.6689	87.835	1.35373	1485.42	17.1976	10.3067	8.7433	8.2433								
2015/02/08 13:00:00		0.55261	38.5216	17.9005	32.2214	1023.13	341.578	23.7997	63.516	23.0048	86.521	1.287	1488.96	16.9726	15.2433	12.5117	11.4508								
2015/02/08 13:05:00		0.59836	315.882	17.8995	32.1932	1023.04	344.407	23.8748	64.376	25.4046	89.78	1.29177	1486.04	16.9368	11.755	10.47	9.725								
2015/02/08 13:10:00		0.396156	332.379	17.9036	31.8448	1022.93	338.705	23.9202	63.71	23.0972	86.808	1.34897	1476.46	16.8225	12.3083	10.3485	9.5233								
2015/02/08 13:15:00		0.71504	26.6039	17.9901	31.7068	1022.86	329.518	23.9481	63.092	22.2003	85.292	1.15353	1474.17	16.7761	13.755	11.7475	10.8967								
2015/02/08 13:20:00		0.73222	35.2635	18.1057	30.6698	1022.76	327.024	23.9855	63.143	22.8816	86.025	1.36327	1464.79	16.6511	14.67	12.9327	11.9467								
2015/02/08 13:25:00		0.5344	322.349	18.1552	31.0432	1022.64	323.247	24.0295	63.085	21.1083	84.193	1.2727	1463.75	16.7511	7.3383	5.8263	5.405								
2015/02/08 13:30:00		0.58134	30.6298	18.2219	30.8849	1022.5	345.712	24.0861	62.996	22.3338	85.329	1.19643	1463.13	16.4011	14.445	12.0117	11.0417								
2015/02/08 13:35:00		0.90421	15.465	18.3047	29.9776	1022.39	375.951	24.1328	63.746	24.9321	88.678	1.29177	1456.04	16.3261	10.8583	8.49	7.7792								
2015/02/08 13:40:00		1.05796	37.0041	18.3214	29.2573	1022.22	412.242	24.1986	62.792	25.5312	88.324	1.29653	1452.08	16.1725	10.0017	8.3183	7.6983								
2015/02/08 13:45:00		1.41665	65.536	18.4583	29.3807	1022.1	439.33	24.2521	63.007	22.885	85.892	1.27747	1452.71	16.4868	14.9742	11.6458	10.54								
2015/02/08 13:50:00		1.15696	13.4852	18.5047	28.7453	1022.02	486.507	24.3218	63.005	25.7948	88.799	1.27747	1448.54	16.5547	14.1088	11.2622	10.2567								
2015/02/08 13:55:00		1.07689	64.348	18.6682	29.1677	1021.89	521.39	24.4034	62.346	21.9675	84.313	1.5015	1444.58	16.4475	10.965	8.3755	7.7152								
2015/02/08 14:00:00		1.10525	63.426	19.0458	29.0552	1021.8	566.72	24.4797	63.06	22.5084	85.569	1.40617	1444.58	16.2582	11.73	9.3883	8.73								
2015/02/08 14:05:00		1.06395	26.9092	19.3536	28.1135	1021.7	588.86	24.589	63.52	27.5578	91.078	1.3442	1444.79	16.2475	11.4217	9.5583	8.8258								
2015/02/08 14:10:00		0.7066	324.952	19.3792	28.3911	1021.61	594.21	24.723	62.665	24.7062	87.371	1.47767	1442.29	15.9475	8.9063	7.9855	7.4497								
2015/02/08 14:15:00		1.04557	305.693	19.4641	28.1432	1021.54	547.07	24.8746	62.176	21.656	83.832	1.6016	1433.96	15.9868	14.0033	12.0333	10.8967								
2015/02/08 14:20:00		0.423676	3.27628	19.5917	27.6979	1021.38	592.36	25.0158	62.017	22.2414	84.259	1.2441	1430.0	16.0904	10.87	7.5625	6.8883								
2015/02/08 14:25:00		0.95763	56.865	19.7557	26.8193	1020.92	585.21	25.1546	56.242	30.1082	86.35	1.61113	1441.25	16.4797	14.53	11.6383	10.615								
2015/02/08 14:30:00		0.75722	46.8906	19.7901	25.7979	1020.74	527.48	25.302	43.4852	48.9468	92.432	2.10687	1478.54	21.0407	10.675	8.5267	7.8083								
2015/02/08 14:35:00		0.70899	91.55	19.8	25.9417	1020.64	549.17	25.4596	45.7007	66.149	111.85	2.86	1696.46	26.3446	10.4	7.8925	7.1383								
2015/02/08 14:40:00		0.64115	53.121	19.925	26.0964	1020.59	541.43	25.6091	40.8968	76.837	117.734	3.47014	1907.29	29.0234	14.655	11.065	9.9167								
2015/02/08 14:45:00		0.79369	53.561	20.176	25.7062	1020.53	491.641	25.7528	34.1097	81.534	115.643	3.6751	2177.08	29.9448	12.7883	9.6383	8.7142								
2015/02/08 14:50:00		1.07122	354.521	20.137	24.9182	1020.43	470.852	25.8948	31.5793	80.705	112.284	3.7609	2223.96	32.1843	11.48	9.9083	8.9833								
2015/02/08 14:55:00		0.91181	61.599	19.8281	26.0984	1020.37	444.653	26.0293	19.1508	61.404	80.555	3.718	1920.63	33.3272	11.8683	8.7358	8.0583								
2015/02/08 15:00:00		0.65007	18.6608	19.7464	25.8771	1020.3	383.133	26.1542	17.9158	73.485	91.401	3.92297	1815.0	33.6558	9.275	7.5667	6.8467								
2015/02/08 15:05:00		1.38762	60.153	19.7266	25.9724	1020.31	387.574	26.2438	15.113	77.042	92.155	3.9039	1785.42	34.3559	8.8658	6.4225	5.8067								
2015/02/08 15:10:00		1.00041	44.341	19.7495	26.438	1020.22	496.606	26.3158	12.0957	69.049	81.144	3.86577	1655.63	35.5416	12.2917	9.61	9.0217								
2015/02/08 15:15:00		0.82322	45.5764	19.762	25.8453	1020.16	361.069	26.3858	10.8451	65.482	76.327	4.18513	1567.71	35.6774	13.1383	10.0783	9.22								
2015/02/08 15:20:00		0.54314	39.2271	19.6802	26.1052	1020.13	262.237	26.4419	12.4598	75.385	87.845	3.89437	1617.5	35.1202	8.3058	6.4508	5.8142								
2015/02/08 15:25:00		0.74288	47.2631	19.5073	26.7068	1020.04	228.251	26.4699	10.5547	71.127	81.681	4.00877	1622.92	36.0988	9.4383	6.96	6.2133								
2015/02/08 15:30:00		0.60562	298.933	19.4073	27.5495	1020.01	238.328	26.4672	9.2371	71.421	80.658	4.08027	1578.96	36.406	8.49	6.3908	5.9775								
2015/02/08 15:35:00		0.55979	350.541	19.4099	27.7578	1019.97	231.999	26.4707	7.8591	65.331	73.19	4.14223	1508.54	36.6703	9.9392	7.8183	7.1625								
2015/02/08 15:40:00		0.70219	22.9369	19.3359	27.9964	1019.98	208.906	26.4476	6.8809	63.195	70.076	4.3615	1434.38	37.2346	9.8483	8.0792	7.4025								
2015/02/08 15:45:00		0.220724	30.9725	19.3135	27.8156	1019.99	192.157	26.4033	6.4119	62.722	69.134	3.89436	1447.5	37.4025	13.1217	9.4933	8.6817								
2015/02/08 15:50:00		0.86271	47.9222	19.3161	27.1328	1019.96	179.134	26.3507	8.8663	74.605	83.471	4.31383	1520.0	36.1917	9.1892	6.7458	6.2192								
2015/02/08 15:55:00		0.52145	352.529	19.3115	28.026	1019.89	176.101	26.3007	8.8306	72.941	81.772	4.23757	1641.04	36.7167	12.9333	10.2583	9.3								
2015/02/08 16:00:00		0.464887	80.258	19.2964	28.25	1019.88	167.38	26.2379	10.5369	72.448	82.985	4.35197	1703.96	36.981	12.1783	9.8342	9.0717								
2015/02/08 16:05:00		0.262019	324.062	19.2167	28.1953	1019.86	160.657	26.1794	12.7367	77.884	90.621	4.32336	1733.33	37.0096	12.8433	8.7275	7.8608								
2015/02/08 16:10:00		0.55177	15.3854	19.1422	28.3089	1019.88	160.409	26.1013	10.3448	71.079	81.423	4.36626	1667.71	37.7382	14.835	12.44	11.5267								
2015/02/08 16:15:00		0.55565	356.385	19.1026	29.3359	1019.9	187.564	26.0403	11.1734	67.803	78.976	4.1613	1665.21	37.4096	9.2933	7.041	6.4775								
2015/02/08 16:20:00		1.04785	313.155	19.188	29.1271	1019.92	170.632	25.9834	12.7233	79.801	92.525	4.29476	1743.96	36.8132	13.7575	11.0617	10.1258								
2015/02/08 16:25:00		0.79288	324.604	19.1958	28.9099	1019.87	176.94	25.9268	8.9534	70.165	79.118	4.2185	1681.67	37.5489	14.45	9.9517	9.1383								
2015/02/08 16:30:00		0.79995	342.2	19.2339	29.4995	1019.89	149.756	25.8535	14.0633	76.032	90.096	4.35197	1831.67	36.7774	15.3633	9.6167	8.1317								
2015/02/08 16:35:00		0.65058	349.583	19.287	28.5318	1019.9	132.475	25.8111	21.067	89.852	110.919	4.71423	2078.96	36.0631	19.925	13.5517	10.3358								
2015/02/08 16:40:00		0.71478	327.211	19.2141	28.7333	1019.84	128.939	25.7826	12.1806	72.712	84.892	4.56646	1920.63	37.3668	16.3567	13.6077	12.7343								
2015/02/08 16:45:00		0.71912	75.853	19.1974	29.0193	1019.77	123.871	25.7501	9.6971	65.735	75.432	4.3758	1766.88	38.2561	20.455	12.6667	11.3942								
2015/02/08 16:50:00		0.73229	36.6728	19.2464	29.2115	1019.75	109.579	25.7195	14.0253	79.733	93.758	4.6618	2051.04	37.6561	15.3283	9.4968	8.2327								
2015/02/08 16:55:00		1.00565	69.659	19.25	28.7068	1019.75	82.95	25.6905	17.7572	88.681	106.439	5.4626	2313.54	37.5418	13.0517	9.115	7.9283								
2015/02/08 17:00:00		1.04552	81.568	19.2089	29.1646	1019.73	70.853	25.6693	16.042	87.452	103.494	5.2529	2277.71	37.5632	11.8517	8.1017	7.1388								
2015/02/08 17:05:00		0.74924	63.323	19.112	28.7484	1019.73	62.978	25.6196	21.3685	85.905	107.274	5.3434	2192.5	38.1918	18.795	13.5117	12.015								
2015/02/08 17:10:00		0.92807	65.389	19.05	28.7047	1019.73	55.752	25.5826	30.4225	96.86	127.282	5.1432	2229.17	36.7596	15.6317	10.3433	9.3108								
2015/02/08 17:15:00		0.72015	70.917	19.0198	29.5156	1019.77	48.3802	25.5504	28.6179	97.072	125.69	5.1909	2280.42	37.1418	16.6383	9.4538	8.3622								
2015/02/08 17:20:00		0.81176	108.555	19.0135	29.975	1019.84	41.8177	25.5203	30.7642	96.48	127.244	5.2862	2306.04	38.6133	18.56	12.2833	11.2133								
2015/02/08 17:25:00		1.08249	104.07	18.9245	30.4911	1019.85	34.9635	25.4766	18.4205	86.785	105.205	5.3291	2218.75	40.1027	8.695	6.1367	5.636								
2015/02/08 17:30:00		0.70721	104.248	18.8203	30.8245	1019.9	28.4448	25.4416	14.099	76.7	90.799	5.1766	2077.71	41.5421	23.5033	13.89	12.59								
2015/02/08 17:35:00		0.89442	111.854	18.6974	31.4672	1019.98	22.2396	25.4014	12.3995	73.078	85.477	4.89537	1964.58	41.0813	26.6283	14.26	12.6033								
2015/02/08 17:40:00		0.86344	102.958	18.5938	32.3443	1020.0	11.7323	25.3536	11.2158	77.771	88.987	4.80003	1962.29	40.7742	16.6367	10.8372	9.7547								
2015/02/08 17:45:00		1.06885	128.019	18.4469	32.6901	1019.97	8.0208	25.3066	9.4157	69.305	78.721	4.32336	1866.04	40.5599	14.8267	9.1718	8.4555								
2015/02/08 17:50:00		0.80781	112.305	18.276	32.9427	1019.99	4.73958	25.2518	9.016	68.898	77.914	4.18036	1784.79	40.7134	17.08	11.48	10.355								
2015/02/08 17:55:00		0.64778	89.477	18.1427	33.0568	1020.01	1.16667	25.1571	9.0383	68.799	77.837	3.90867	1738.13	41.3277	17.4567	11.0033	10.1783								
2015/02/08 18:00:00		0.52651	101.69	17.9828	33.5234	1020.0	1.01354	25.0709	8.2008	71.147	79.348	3.98493	1702.71	40.842	22.54	14.99	13.3633								
2015/02/08 18:05:00		0.0	502.0	17.8495	34.0901	1020.03	1.15937	24.9866	7.9194	67.741	75.66	3.9897	1693.75	40.4956	25.8125	14.1473	12.6429								
2015/02/08 18:10:00		0.0	502.0	17.737	34.8656	1020.04	1.05729	24.9063	7.7519	67.371	75.123	4.08027	1671.67	40.7242	19.5733	11.6275	10.4567								
2015/02/08 18:15:00		0.0	502.0	17.6401	35.6625	1020.24	1.09375	24.8209	7.1757	64.143	71.319	3.80857	1646.88	41.2277	24.09	15.4217	13.5033								
2015/02/08 18:20:00		0.57464	147.12	17.5344	36.5531	1020.6	1.18854	24.7659	7.2583	61.36	68.618	3.66557	1614.79	38.0025	19.3133	10.285	9.0933								
2015/02/08 18:25:00		0.605	151.208	17.4365	37.4755	1020.65	1.12292	24.7117	7.1869	60.261	67.448	3.1317	1612.92	33.3987	22.585	12.49	10.9167								
2015/02/08 18:30:00		0.60805	137.606	17.3453	37.9042	1020.71	1.15208	24.6693	7.7653	56.745	64.51	2.9458	1611.67	31.0128	25.65	16.23	14.4967								
2015/02/08 18:35:00		0.59071	156.279	17.2552	38.4708	1020.8	1.13021	24.6241	8.1405	56.814	64.954	2.53587	1615.83	29.5555	18.7183	11.0383	9.7867								
2015/02/08 18:40:00		0.59595	160.858	17.1948	39.3146	1020.84	1.12292	24.5712	9.7418	55.711	65.453	2.4453	1616.46	28.4233	29.145	17.3733	15.4683								
2015/02/08 18:45:00		0.66732	154.863	17.1052	40.0687	1020.84	1.19583	24.5318	13.0293	59.878	72.907	2.22127	1614.79	26.6625	22.0583	11.2183	9.9633								
2015/02/08 18:50:00		0.71939	156.152	17.0375	40.4349	1020.91	1.17396	24.4894	13.6345	58.296	71.93	2.2594	1621.67	25.5481	13.37	7.6733	6.7883								
2015/02/08 18:55:00		0.61005	155.008	16.976	40.7203	1020.96	1.1375	24.4357	15.64	58.638	74.278	2.13547	1627.71	24.8766	23.9217	12.035	10.4417								
2015/02/08 19:00:00		0.53211	146.913	16.9021	41.0089	1020.99	1.10104	24.3962	15.7807	57.077	72.858	2.1021	1634.79	23.6016	23.2983	14.4317	12.4717								
2015/02/08 19:05:00		0.55225	155.356	16.8375	41.5766	1021.05	1.17396	24.3425	17.5205	54.832	72.352	2.13547	1642.5	22.1979	23.1933	13.0417	11.3083								
2015/02/08 19:10:00		0.70717	154.946	16.7984	41.9464	1021.12	1.15937	24.2915	19.0816	54.66	73.742	1.83993	1645.42	21.7622	32.4067	17.6017	14.9917								
2015/02/08 19:15:00		0.55243	149.433	16.7021	42.3161	1021.18	1.17396	24.2528	19.9414	53.9	73.842	1.8161	1658.54	20.6228	23.8883	11.0383	9.4317								
2015/02/08 19:20:00		0.62303	155.653	16.7042	42.6828	1021.24	1.14479	24.2107	22.014	52.562	74.576	1.53487	1663.54	20.4192	22.0533	11.04	9.36								
2015/02/08 19:25:00		0.73929	164.276	16.6745	43.2021	1021.28	1.10104	24.1634	23.3517	52.401	75.753	1.58253	1679.38	19.9942	31.98	17.7983	15.1417								
2015/02/08 19:30:00		0.62936	170.34	16.599	43.4057	1021.37	1.14479	24.1167	25.556	52.059	77.615	1.64927	1681.88	19.087	34.3783	15.9983	13.3283								
2015/02/08 19:35:00		0.7545	167.006	16.5974	43.8531	1021.47	1.14479	24.0606	28.5085	53.027	81.536	1.69217	1693.75	18.2834	26.0583	14.0033	11.5617								
2015/02/08 19:40:00		0.76805	165.093	16.6964	43.8724	1021.48	1.10833	24.03	32.3253	52.1	84.425	1.85423	1708.54	18.0655	41.5933	21.09	18.03								
2015/02/08 19:45:00		0.66241	166.221	16.7005	43.9234	1021.5	1.13021	24.0029	32.3923	51.778	84.17	1.5158	1718.96	17.8405	31.68	17.3283	14.3417								
2015/02/08 19:50:00		0.72633	167.782	16.7068	43.7313	1021.56	1.16667	23.9865	32.5151	50.679	83.194	1.3442	1734.17	17.8369	20.8583	12.2367	10.4433								
2015/02/08 19:55:00		0.77863	164.717	16.7031	43.2927	1021.61	1.11563	23.9645	35.0231	49.7308	84.754	1.4872	1757.29	17.3333	31.4883	19.8817	17.0433								
2015/02/08 20:00:00		0.82965	175.995	16.7021	43.2271	1021.63	1.10104	23.9492	38.7818	50.34	89.122	1.6302	1772.08	17.3583	28.6167	17.485	14.9267								
2015/02/08 20:05:00		0.85064	175.288	16.7031	43.1953	1021.7	1.08646	23.9369	40.9169	50.306	91.223	1.7446	1801.46	17.1118	27.12	15.0833	12.6833								
2015/02/08 20:10:00		0.86375	164.079	16.7021	43.4604	1021.77	1.12292	23.9189	43.4115	48.6284	92.04	1.72077	1815.83	17.2226	34.5833	20.1167	16.93								
2015/02/08 20:15:00		0.75307	165.414	16.7047	43.6906	1021.76	1.15937	23.9132	46.3506	48.4436	94.794	1.33943	1835.83	16.9547	17.1322	9.7661	8.5136								
2015/02/08 20:20:00		0.61638	160.903	16.5964	44.3026	1021.8	1.08646	23.8998	44.1039	45.8521	89.956	1.49197	1846.46	16.6082	40.695	20.6467	16.9083								
2015/02/08 20:25:00		0.75298	160.767	16.5958	44.9911	1021.83	1.10104	23.8845	47.5745	46.8243	94.399	1.3871	1865.63	16.7118	36.0667	19.8367	17.0								
2015/02/08 20:30:00		0.67322	161.794	16.5	45.5677	1021.88	1.05729	23.8716	46.7772	46.0028	92.78	1.80657	1879.38	16.844	33.6833	19.4967	16.8667								
2015/02/08 20:35:00		0.81019	157.693	16.438	46.349	1021.88	1.13021	23.848	47.742	45.5748	93.317	1.5301	1900.63	16.9868	21.2483	12.535	10.68								
2015/02/08 20:40:00		0.85805	164.77	16.3974	47.2005	1021.89	1.13021	23.8257	48.7358	44.0275	92.763	1.75413	1915.42	16.844	36.125	20.6233	17.4983								
2015/02/08 20:45:00		0.8208	167.462	16.3651	47.4792	1021.92	1.14479	23.7999	54.471	44.6711	99.142	1.79703	1929.17	16.5154	18.5267	10.0933	8.6833								
2015/02/08 20:50:00		0.75999	159.412	16.2995	47.7208	1021.95	1.21042	23.7766	56.296	43.7296	100.025	1.57777	1952.08	16.7725	39.79	23.33	19.735								
2015/02/08 20:55:00		0.63104	135.782	16.2943	48.049	1021.97	1.14479	23.7642	57.765	43.805	101.57	1.7589	1967.92	16.3618	42.94	23.115	19.3167								
2015/02/08 21:00:00		0.83018	128.242	16.3016	48.613	1021.98	1.18854	23.7476	57.064	43.8871	100.951	1.57777	1984.38	16.2582	38.2733	20.8517	17.5467								
2015/02/08 21:05:00		0.88073	132.804	16.3	49.0536	1021.96	1.1375	23.7363	59.217	42.0488	101.266	1.64927	1995.63	16.1046	33.455	18.4967	15.265								
2015/02/08 21:10:00		0.64305	158.945	16.2984	49.1703	1021.98	1.15937	23.7221	60.919	42.5726	103.491	1.64927	2019.79	16.1439	31.8617	15.7967	13.115								
2015/02/08 21:15:00		0.73423	168.271	16.2661	49.4667	1021.99	1.16667	23.7086	62.319	41.6996	104.019	1.74937	2029.79	16.3547	39.0533	18.68	15.15								
2015/02/08 21:20:00		0.68778	162.734	16.2026	49.4151	1022.06	1.15937	23.6861	65.14	41.2272	106.367	1.53963	2045.42	16.2439	47.4067	23.63	19.7067								
2015/02/08 21:25:00		0.8132	164.751	16.1984	49.4328	1022.05	1.18125	23.6619	68.313	42.5726	110.886	1.82087	2059.79	16.544	30.085	15.8283	13.105								
2015/02/08 21:30:00		0.87277	158.503	16.1688	49.9036	1022.08	1.20313	23.6472	68.476	41.0115	109.488	1.6159	2081.25	16.8118	44.6617	23.3267	19.6167								
2015/02/08 21:35:00		0.9862	139.729	16.0984	50.48	1022.05	1.14479	23.6287	72.465	40.8164	113.281	1.64927	2103.13	16.9011	45.8583	24.1217	19.9817								
2015/02/08 21:40:00		0.8858	139.152	16.0995	50.324	1022.03	1.11563	23.6066	75.25	40.3097	115.56	1.82087	2122.92	17.0404	19.57	10.4017	8.7033								
2015/02/08 21:45:00		0.8515	158.544	16.024	49.8776	1022.05	1.15937	23.5809	76.907	40.7274	117.634	1.45383	2137.29	16.744	42.1983	23.885	19.29								
2015/02/08 21:50:00		0.92025	170.892	16.0	49.7526	1022.06	1.10833	23.5548	77.028	41.5011	118.529	1.49673	2154.38	16.7368	32.3833	15.6467	12.7017								
2015/02/08 21:55:00		0.98171	167.382	15.9984	50.428	1022.07	1.19583	23.5315	78.272	38.9986	117.27	1.65403	2167.71	16.8583	47.8367	22.09	17.38								
2015/02/08 22:00:00		1.04147	176.806	15.9047	50.999	1022.14	1.15208	23.5068	77.657	39.6764	117.334	1.80657	2185.63	16.9833	36.9717	18.6167	15.1117								
2015/02/08 22:05:00		1.41648	174.193	15.8943	51.037	1022.12	1.1375	23.4807	81.963	38.2729	120.236	1.80657	2204.58	16.5618	49.785	21.8367	17.4417								
2015/02/08 22:10:00		1.25449	174.269	15.8964	50.686	1022.12	1.18125	23.4496	86.953	38.8343	125.787	1.8161	2218.96	16.3725	18.1517	9.9567	8.495								
2015/02/08 22:15:00		1.26682	164.288	15.8932	50.518	1022.15	1.10104	23.4203	87.951	37.6943	125.645	1.716	2236.46	16.2082	34.4767	17.9883	14.8617								
2015/02/08 22:20:00		0.96336	172.64	15.8953	50.757	1022.24	1.16667	23.3884	86.653	37.9716	124.625	1.92097	2255.0	16.6047	35.9733	17.4317	14.8683								
2015/02/08 22:25:00		0.75479	175.747	15.8167	51.256	1022.28	1.1375	23.3545	88.297	37.9442	126.241	1.78273	2266.46	16.5368	22.0483	12.7533	10.62								
2015/02/08 22:30:00		1.02121	177.505	15.7979	52.067	1022.34	1.15208	23.3156	92.176	37.1705	129.347	1.71123	2279.17	16.7083	28.6967	14.9117	12.695								
2015/02/08 22:35:00		1.16163	177.02	15.7083	52.605	1022.37	1.1375	23.2842	90.714	36.5201	127.234	1.6588	2291.25	16.4797	24.5833	12.4117	10.5917								
2015/02/08 22:40:00		1.10444	173.762	15.7042	53.209	1022.33	1.16667	23.2587	90.403	36.1881	126.591	1.64927	2303.75	16.5082	35.605	20.49	17.1733								
2015/02/08 22:45:00		1.05534	180.463	15.701	53.478	1022.31	1.1375	23.2353	91.694	36.4722	128.166	1.6302	2315.0	16.6904	36.96	20.4217	17.4								
2015/02/08 22:50:00		1.03552	173.482	15.699	53.548	1022.38	1.15937	23.2155	93.856	37.53	131.386	1.70647	2324.58	16.8083	41.9967	25.2567	21.7083								
2015/02/08 22:55:00		1.13988	171.029	15.6995	53.499	1022.35	1.15937	23.1951	94.191	36.5235	130.714	1.62067	2342.92	16.8368	27.3067	15.3183	13.0683								
2015/02/08 23:00:00		0.99018	175.282	15.6979	53.622	1022.38	1.12292	23.1798	94.504	35.4589	129.962	1.74937	2351.46	16.9083	35.0033	20.3617	17.4083								
2015/02/08 23:05:00		0.90059	178.668	15.7234	53.672	1022.36	1.11563	23.1672	95.768	36.5989	132.366	1.82087	2361.67	16.6225	22.0633	12.97	10.915								
2015/02/08 23:10:00		0.7701	174.372	15.7969	53.873	1022.36	1.13021	23.1575	97.708	36.616	134.324	1.74937	2365.21	16.7547	23.765	15.5217	13.0467								
2015/02/08 23:15:00		0.9837	172.578	15.7958	54.209	1022.28	1.17396	23.1524	95.093	34.9796	130.073	1.86853	2365.83	16.5761	44.3583	27.5883	24.0683								
2015/02/08 23:20:00		1.01165	171.233	15.7958	54.363	1022.26	1.13021	23.1473	95.743	34.805	130.548	1.4586	2367.92	16.8725	25.055	13.175	10.945								
2015/02/08 23:25:00		1.03947	175.883	15.7953	54.232	1022.19	1.13021	23.1468	100.627	36.4414	137.069	1.7875	2372.29	16.6368	36.5627	21.6203	17.8169								
2015/02/08 23:30:00		0.96982	183.956	15.8875	54.015	1022.18	1.15208	23.1366	105.342	36.4037	141.746	1.66357	2377.5	16.5368	59.043	27.3917	20.215								
2015/02/08 23:35:00		0.79014	168.845	15.8943	53.67	1022.19	1.13021	23.1328	106.284	35.9587	142.243	1.82563	2385.21	16.3439	21.0233	10.37	6.8267								
2015/02/08 23:40:00		0.73499	150.917	15.8932	53.672	1022.15	1.15208	23.1309	104.893	36.7187	141.612	1.70647	2390.42	16.1725	53.522	27.46	18.4717								
2015/02/08 23:45:00		0.56549	134.045	15.9375	53.722	1022.14	1.11563	23.1288	104.688	36.3216	141.009	1.76843	2388.54	16.2761	52.628	25.335	16.08								
2015/02/08 23:50:00		0.53863	126.269	15.9948	53.779	1022.13	1.06458	23.1355	105.652	36.7084	142.361	1.96387	2388.75	16.4011	64.39	31.2683	20.1083								
2015/02/08 23:55:00		0.51679	100.329	15.9974	53.999	1022.11	1.06458	23.1846	106.537	36.1538	142.691	1.9877	2387.5	16.2011	35.105	16.08	11.0417								
2015/02/09 00:00:00		0.5468	130.085	15.9964	53.636	1022.09	1.1375	23.231	105.514	35.1029	140.617	1.84947	2391.88	16.0475	39.9183	19.8733	14.825								
