-- 1st mean values --
Format: XTAB(V:1;HEAD:2;COL:TCFFFFFFFFFFFFFFFFFFFFFFFF)
StartTime: 2015/02/10 00:00:00
EndTime: 2015/02/11 00:00:00
Period: 24 h
Station: Gia Lam

Time	MeasPt	Wind Spd.	Wind Dir.	Temp	RH	Barometer	Radiation	InnerTemp	NO	NO2	NOx	SO2	CO	O3	PM-10	PM-2.5	PM-1	CH4	NMHC	THC	BENZEN	TOLUEN	ETHYL BENZEN	MP-XYLEN	O-XYLEN
		m/s	degree	°C	%	hPa	W/m²	°C	µg/m3	µg/m3	µg/m3	µg/m3	µg/m3	µg/m3	µg/m3	µg/m3	µg/m3	ppm	ppmC	ppmC	ug/m3	ug/m3	ug/m3	ug/m3	ug/m3
2015/02/10 00:05:00		0.51482	331.78	16.2953	65.388	1021.37	1.10104	23.7301	162.446	30.745	193.191	2.12117	2945.21	17.3297	10.9217	8.1733	7.2767								
2015/02/10 00:10:00		0.347677	7.6667	16.2922	65.404	1021.24	1.12292	23.75	136.347	29.4372	165.784	2.3595	2937.29	17.7297	10.5217	8.2433	7.3433								
2015/02/10 00:15:00		0.400383	46.4944	16.2948	65.244	1021.2	1.13021	23.7618	0.498033	0.62305	1.12108	2.5597	2923.54	17.5583	10.7367	8.16	7.3083								
2015/02/10 00:20:00		0.50166	24.5286	16.2958	64.878	1021.21	1.10104	23.7629	0.223333	0.18486	0.408193	2.51203	2906.67	17.5333	13.3867	10.8867	9.6633								
2015/02/10 00:25:00		0.51814	4.64298	16.226	64.589	1021.26	1.10833	23.772	0.263533	0.14378	0.407313	2.53587	2899.38	17.2404	9.89	7.9783	7.1167								
2015/02/10 00:30:00		0.288143	332.443	16.1943	64.468	1021.22	1.17396	23.7865	0.5226	0.047927	0.57053	2.33567	2885.42	17.369	10.1067	8.0717	7.175								
2015/02/10 00:35:00		0.50906	354.875	16.1984	64.322	1021.13	1.13021	23.7954	1.29533	0.0	1.29533	2.26893	2872.29	17.5869	10.3617	8.2283	7.2033								
2015/02/10 00:40:00		0.57326	354.341	16.199	64.227	1021.11	1.19583	23.8026	1.8894	0.0	1.8894	2.3166	2855.42	17.2833	10.285	7.945	7.1233								
2015/02/10 00:45:00		0.57689	340.825	16.2005	64.113	1021.08	1.21042	23.8139	28.1043	0.52377	28.628	2.23557	2842.5	17.4262	10.67	8.0717	7.05								
2015/02/10 00:50:00		0.43594	354.112	16.1979	64.201	1021.1	1.21042	23.8244	160.619	23.354	183.973	2.3166	2827.29	17.1368	10.42	8.1167	7.2								
2015/02/10 00:55:00		0.55393	328.836	16.2323	64.758	1021.09	1.18854	23.8123	162.761	25.7948	188.556	2.38333	2819.79	17.5119	11.7517	8.4467	7.4								
2015/02/10 01:00:00		0.83309	325.795	16.2964	65.045	1021.13	1.05	23.7978	173.941	27.4551	201.396	2.18313	2802.08	17.4654	11.9267	8.495	7.44								
2015/02/10 01:05:00		0.65411	317.008	16.2917	65.357	1021.12	1.17396	23.7951	170.971	28.4958	199.466	2.4739	2793.33	17.2654	11.8233	8.6083	7.54								
2015/02/10 01:10:00		0.59758	333.829	16.2943	65.634	1021.14	1.18854	23.7822	164.523	26.5753	191.098	2.2594	2776.25	17.369	11.8267	8.705	7.6483								
2015/02/10 01:15:00		0.66004	312.644	16.2906	65.903	1021.12	1.17396	23.7682	161.76	26.8287	188.589	2.3738	2763.13	17.2904	11.965	8.77	7.725								
2015/02/10 01:20:00		0.57422	322.904	16.2703	65.539	1021.08	1.17396	23.7535	159.978	26.4418	186.42	2.33567	2757.08	17.644	27.3667	19.7883	17.66								
2015/02/10 01:25:00		0.482899	4.67811	16.1948	65.27	1021.01	1.13021	23.7454	158.888	25.9215	184.81	2.4453	2742.29	17.3011	10.2783	8.4783	7.545								
2015/02/10 01:30:00		0.61636	348.896	16.1932	64.921	1021.02	1.07187	23.7323	159.351	25.1478	184.498	2.34043	2728.33	16.969	9.8917	8.1567	7.3667								
2015/02/10 01:35:00		0.60809	326.499	16.1953	64.653	1021.03	1.10104	23.7242	159.9	25.5346	185.435	2.29277	2713.33	16.7333	10.0733	8.025	7.1767								
2015/02/10 01:40:00		0.6186	331.523	16.1979	64.493	1020.95	1.08646	23.729	160.55	26.079	186.629	2.10687	2703.75	17.1154	9.7083	7.6917	6.955								
2015/02/10 01:45:00		0.69892	335.481	16.1964	63.982	1020.82	1.14479	23.7261	160.646	26.7944	187.44	2.2594	2696.04	17.4297	9.45	7.65	6.9633								
2015/02/10 01:50:00		0.65404	327.711	16.2	63.782	1020.74	1.19583	23.729	159.84	25.8393	185.679	2.0735	2683.33	17.0583	9.1533	7.7	6.9433								
2015/02/10 01:55:00		0.0	502.0	16.1917	63.986	1020.66	1.16667	23.7344	159.167	24.4837	183.651	2.09257	2668.13	16.8083	9.9067	7.7833	6.96								
2015/02/10 02:00:00		0.6337	56.284	16.1984	64.239	1020.67	1.11563	23.7366	159.683	24.1516	183.835	2.0592	2655.83	16.7011	10.1333	7.8633	6.9317								
2015/02/10 02:05:00		0.60887	50.07	16.199	64.245	1020.58	1.17396	23.7444	159.746	26.0516	185.797	2.0163	2647.5	17.0297	10.6067	8.1667	6.9967								
2015/02/10 02:10:00		0.70669	56.708	16.201	63.614	1020.47	1.17396	23.7449	160.657	25.7298	186.387	2.26893	2643.33	16.8083	10.9083	7.7767	6.7033								
2015/02/10 02:15:00		0.497797	46.8783	16.1969	63.054	1020.39	1.15208	23.7564	159.976	25.9215	185.897	2.0163	2633.13	16.5404	16.7833	12.2083	10.82								
2015/02/10 02:20:00		0.67292	354.129	16.1969	63.02	1020.34	1.14479	23.7578	158.272	24.8363	183.108	1.9734	2610.63	16.3725	8.865	7.2917	6.5033								
2015/02/10 02:25:00		0.5764	3.92219	16.1969	63.09	1020.26	1.13021	23.7674	157.432	23.8538	181.286	1.77797	2600.42	16.8083	9.245	7.2067	6.4983								
2015/02/10 02:30:00		0.52165	20.0577	16.1849	63.206	1020.21	1.06458	23.7723	156.452	24.535	180.987	1.8876	2587.5	16.7261	15.5533	11.9567	10.885								
2015/02/10 02:35:00		0.55461	27.9638	16.0943	63.642	1020.11	1.08646	23.7583	157.479	23.0082	180.487	1.9019	2576.46	16.6761	9.9183	7.355	6.6783								
2015/02/10 02:40:00		0.62967	3.44391	16.0911	64.17	1020.07	1.10833	23.7578	156.791	23.0904	179.882	1.94003	2565.42	16.5082	9.77	7.3117	6.6733								
2015/02/10 02:45:00		0.66662	5.0716	16.0932	64.504	1019.99	1.07917	23.7602	157.213	23.128	180.341	1.95433	2548.75	16.4154	9.0083	7.5267	6.7883								
2015/02/10 02:50:00		0.57887	358.401	16.0891	64.866	1019.91	1.02813	23.7583	156.856	22.6488	179.505	1.89237	2539.58	16.5154	9.7633	7.46	6.8317								
2015/02/10 02:55:00		0.0	502.0	16.0906	64.957	1019.81	1.08646	23.7597	157.705	22.9398	180.644	2.17837	2528.33	16.6047	10.18	7.735	6.975								
2015/02/10 03:00:00		0.0	502.0	16.0953	65.445	1019.79	1.11563	23.7618	158.922	23.2444	182.166	2.04013	2516.04	16.519	10.7567	7.9717	7.04								
2015/02/10 03:05:00		0.6319	25.7645	16.0745	65.408	1019.81	1.10104	23.7588	162.546	25.5072	188.054	2.01153	2503.33	16.1832	9.6783	7.47	6.8733								
2015/02/10 03:10:00		0.257735	32.7229	15.9875	65.28	1019.8	1.10104	23.7546	160.239	24.9869	185.226	1.76367	2491.46	16.4439	9.555	7.3867	6.735								
2015/02/10 03:15:00		0.0	502.0	15.9953	65.493	1019.78	1.11563	23.7535	158.301	24.5213	182.822	2.04013	2481.04	16.2654	9.5383	7.3033	6.6367								
2015/02/10 03:20:00		0.257197	345.647	15.9896	65.667	1019.75	1.09375	23.7639	158.419	25.7674	184.187	2.3452	2475.42	16.5582	9.3067	7.5933	6.8567								
2015/02/10 03:25:00		0.59348	30.1594	15.9302	65.787	1019.74	1.05	23.7543	157.345	24.2509	181.596	2.06397	2457.29	16.1154	9.6467	7.6533	6.8383								
2015/02/10 03:30:00		0.284493	20.9171	15.8948	66.167	1019.76	1.08646	23.7511	156.619	24.2475	180.867	2.11163	2447.29	16.469	9.1233	7.735	6.8067								
2015/02/10 03:35:00		0.401954	348.749	15.8906	66.473	1019.78	1.11563	23.754	156.916	23.4156	180.332	2.2737	2431.25	16.6368	0.0	0.0	0.0								
2015/02/10 03:40:00		0.471918	340.29	15.8922	66.761	1019.77	1.10104	23.7465	156.362	23.2068	179.569	2.10687	2424.79	16.7868	0.0	0.0	0.0								
2015/02/10 03:45:00		0.64358	325.727	15.8484	67.093	1019.8	1.15937	23.7433	155.938	21.7245	177.663	2.20697	2415.21	16.6797	0.0	0.0	0.0								
2015/02/10 03:50:00		0.63717	332.259	15.7964	67.505	1019.82	1.14479	23.7341	155.293	22.5324	177.825	2.21173	2403.13	16.5582	22.39	18.3817	16.38								
2015/02/10 03:55:00		0.70417	320.264	15.7943	67.823	1019.83	1.16667	23.7113	154.227	22.0428	176.27	2.11163	2388.33	17.1011	9.875	7.78	7.005								
2015/02/10 04:00:00		0.53609	330.324	15.8661	68.015	1019.79	1.16667	23.6939	154.52	22.481	177.001	2.145	2378.96	17.069	15.6583	12.815	11.6233								
2015/02/10 04:05:00		0.0	502.0	15.8906	68.289	1019.73	1.08646	23.6759	154.708	22.7001	177.408	2.13547	2369.38	16.8475	33.115	23.63	21.37								
2015/02/10 04:10:00		0.54823	330.565	15.8891	68.71	1019.73	1.10104	23.6611	156.936	22.5598	179.496	1.82563	2360.0	17.0654	21.575	15.92	14.42								
2015/02/10 04:15:00		0.66466	17.9053	15.8906	68.423	1019.72	1.07917	23.6552	157.789	22.9261	180.716	2.02583	2353.13	17.0833	0.0	0.0	0.0								
2015/02/10 04:20:00		0.433266	58.432	15.8885	68.232	1019.69	1.05	23.6383	155.471	22.1866	177.658	2.09257	2348.13	17.0261	0.0	0.0	0.0								
2015/02/10 04:25:00		0.50625	327.15	15.8865	68.475	1019.55	1.06458	23.6201	154.594	21.8032	176.397	2.27847	2334.38	17.0797	0.0	0.0	0.0								
2015/02/10 04:30:00		0.55503	30.0267	15.8333	68.753	1019.56	1.09375	23.6112	155.183	23.1862	178.369	2.0878	2324.38	16.9404	0.0	0.0	0.0								
2015/02/10 04:35:00		0.0	502.0	15.8635	69.244	1019.62	1.11563	23.5981	156.566	23.532	180.098	2.05443	2317.29	17.244	27.9767	21.0717	19.1633								
2015/02/10 04:40:00		0.0	502.0	15.8885	69.445	1019.65	1.10104	23.5972	160.472	23.4943	183.966	1.96387	2312.08	17.1904	24.0367	18.3233	16.71								
2015/02/10 04:45:00		0.71795	320.702	15.876	69.652	1019.67	1.10104	23.6048	159.938	23.3505	183.289	1.92097	2304.38	17.0868	29.745	23.485	21.52								
2015/02/10 04:50:00		0.53438	329.175	15.8922	69.977	1019.7	1.07917	23.6064	160.914	23.1383	184.052	2.02107	2297.29	17.3083	32.23	24.355	21.98								
2015/02/10 04:55:00		0.59881	346.244	15.8906	70.24	1019.75	1.09375	23.6128	164.297	23.2992	187.597	2.02107	2291.04	17.2904	17.335	13.89	12.4183								
2015/02/10 05:00:00		0.53352	358.776	15.8865	70.389	1019.75	1.10833	23.6007	164.599	22.4639	187.063	2.09257	2283.96	17.4833	0.0	0.0	0.0								
2015/02/10 05:05:00		0.59857	323.791	15.8906	70.706	1019.75	1.13021	23.6058	159.668	23.0493	182.717	1.92573	2286.04	17.5476	10.295	8.395	7.38								
2015/02/10 05:10:00		0.60739	318.595	15.8922	71.007	1019.78	1.09375	23.6002	162.558	24.1174	186.675	2.06397	2283.75	17.1654	32.42	24.49	22.405								
2015/02/10 05:15:00		0.70686	321.644	15.8359	70.976	1019.82	1.10104	23.6005	161.104	23.6997	184.803	1.94957	2280.63	17.1654	31.395	24.83	22.61								
2015/02/10 05:20:00		0.76653	315.962	15.7943	71.044	1019.91	1.12292	23.601	159.677	23.1554	182.832	2.2737	2275.63	17.494	32.31	25.585	22.98								
2015/02/10 05:25:00		0.81243	326.737	15.7937	71.006	1019.92	1.05	23.6075	159.784	22.7857	182.57	2.12593	2271.25	17.9583	31.66	25.35	22.66								
2015/02/10 05:30:00		0.67016	326.476	15.851	71.193	1019.96	1.05	23.6034	160.085	23.2992	183.385	2.19267	2266.88	17.6369	35.89	25.65	22.725								
2015/02/10 05:35:00		0.79668	323.785	15.8932	71.076	1020.02	1.09375	23.6058	167.143	23.9154	191.058	2.05443	2268.54	17.6655	31.45	22.84	20.305								
2015/02/10 05:40:00		0.65983	313.083	15.8047	71.067	1020.14	1.17396	23.6015	165.264	24.5008	189.765	2.2308	2269.38	17.6333	34.52	25.615	22.815								
2015/02/10 05:45:00		0.62507	332.582	15.7958	71.422	1020.24	1.15208	23.5967	163.594	22.9979	186.592	2.1736	2273.96	17.7012	30.9417	22.7117	20.6483								
2015/02/10 05:50:00		0.7312	325.204	15.8036	72.122	1020.27	1.18854	23.6101	165.427	23.5525	188.98	2.002	2260.42	17.5619	18.9733	14.6167	13.2667								
2015/02/10 05:55:00		1.01725	318.6	15.7901	72.77	1020.32	1.25417	23.5363	164.342	22.9877	187.33	2.0306	2271.88	17.844	11.0783	9.0383	8.2233								
2015/02/10 06:00:00		1.1714	318.535	15.7932	73.496	1020.42	1.23958	23.484	163.27	24.1893	187.459	1.90667	2271.67	17.9762	29.6917	21.67	19.705								
2015/02/10 06:05:00		0.6305	315.938	15.7953	74.097	1020.43	1.23229	23.4394	163.178	22.1661	185.345	1.88283	2271.04	18.1226	38.29	28.58	25.685								
2015/02/10 06:10:00		1.01237	303.496	15.7969	74.559	1020.42	1.16667	23.4066	164.411	22.4981	186.909	1.8876	2276.67	18.1512	32.1183	26.1117	23.7183								
2015/02/10 06:15:00		0.78962	322.64	15.7943	75.019	1020.42	1.15937	23.3755	165.532	23.1828	188.715	2.05443	2277.71	18.4512	39.615	30.29	27.075								
2015/02/10 06:20:00		0.9977	314.393	15.7948	75.517	1020.41	1.21771	23.3543	164.42	21.4814	185.902	1.9448	2282.92	18.3262	33.1117	27.1717	24.18								
2015/02/10 06:25:00		0.64064	330.73	15.7995	75.809	1020.48	1.1375	23.3253	164.574	22.0668	186.641	2.02583	2291.88	18.7798	36.265	30.735	27.215								
2015/02/10 06:30:00		0.73806	328.119	15.7292	75.997	1020.59	1.18125	23.303	167.638	22.5153	190.154	2.11163	2287.29	18.7691	41.315	30.135	27.065								
2015/02/10 06:35:00		1.05832	324.243	15.7245	76.232	1020.58	1.30521	23.2802	166.482	22.4228	188.904	1.99723	2296.67	18.937	32.6933	23.6333	21.0217								
2015/02/10 06:40:00		1.00205	323.159	15.7974	76.422	1020.6	1.18854	23.2651	165.736	22.4571	188.193	2.0449	2300.42	19.2084	13.58	10.0433	8.9233								
2015/02/10 06:45:00		0.95049	313.003	15.7391	76.692	1020.65	1.225	23.2536	165.153	23.0288	188.182	1.94003	2300.21	18.962	13.7633	10.0717	8.8917								
2015/02/10 06:50:00		0.83351	316.768	15.7766	76.952	1020.66	1.18125	23.2402	168.46	23.1828	191.643	1.859	2302.92	19.1977	13.1033	9.7617	8.77								
2015/02/10 06:55:00		0.72037	316.736	15.7005	76.859	1020.67	1.16667	23.2219	165.615	23.4943	189.109	1.95433	2301.46	18.8334	25.1	19.195	17.1633								
2015/02/10 07:00:00		0.82034	320.596	15.701	76.792	1020.72	1.19583	23.2034	165.249	22.8302	188.079	2.02107	2308.75	19.3084	0.0	0.0	0.0								
2015/02/10 07:05:00		0.65702	319.718	15.6974	76.903	1020.79	1.19583	23.1843	169.742	22.9808	192.723	2.145	2312.08	19.3049	15.165	10.57	9.135								
2015/02/10 07:10:00		0.89802	313.939	15.7667	77.18	1020.8	1.23958	23.1623	180.447	24.3228	204.769	1.9877	2321.46	19.1084	24.115	16.675	14.5867								
2015/02/10 07:15:00		0.76232	316.74	15.7932	77.253	1020.87	1.19583	23.1414	182.175	24.6206	206.796	2.12593	2342.29	19.1798	43.525	30.51	26.535								
2015/02/10 07:20:00		0.73167	327.967	15.7917	77.265	1020.84	9.5156	23.125	179.636	25.6339	205.27	1.92573	2357.92	19.3406	42.95	30.685	26.545								
2015/02/10 07:25:00		0.66017	320.297	15.8328	77.256	1020.78	16.8875	23.1135	182.282	25.23	207.512	2.1307	2380.63	19.5727	43.51	29.46	25.965								
2015/02/10 07:30:00		0.79848	314.193	15.8896	77.234	1020.85	6.6865	23.0947	177.403	26.3768	203.779	2.002	2404.17	18.9405	38.53	27.3733	23.5567								
2015/02/10 07:35:00		1.35178	313.991	15.8917	77.174	1020.93	4.6375	23.0909	184.866	26.1098	210.976	2.0163	2431.04	19.2477	32.93	23.2567	20.6233								
2015/02/10 07:40:00		1.05467	317.561	15.8937	77.112	1021.0	3.31042	23.0925	177.541	26.0927	203.634	1.99723	2450.0	19.612	39.3133	27.0017	23.7267								
2015/02/10 07:45:00		0.90907	318.752	15.8906	77.252	1021.03	3.95208	23.0893	180.069	24.8568	204.926	1.83993	2477.71	19.4084	37.53	27.6183	24.0517								
2015/02/10 07:50:00		0.78799	315.123	15.8865	77.294	1021.1	2.23854	23.0864	176.882	24.4803	201.363	2.15453	2505.0	18.8691	32.5017	23.425	20.8867								
2015/02/10 07:55:00		0.57695	321.497	15.8927	77.485	1021.24	1.16667	23.0928	178.224	23.1143	201.339	2.2451	2535.21	19.3299	25.6667	20.42	18.3933								
2015/02/10 08:00:00		0.825	320.274	15.8917	77.639	1021.36	1.13021	23.0982	174.12	24.6617	198.781	2.21173	2556.46	19.4299	32.3017	24.2783	21.4467								
2015/02/10 08:05:00		0.298457	313.283	15.8948	77.882	1021.47	1.15208	23.0939	176.96	23.5046	200.465	2.14977	2584.17	19.7906	38.195	27.4333	24.345								
2015/02/10 08:10:00		1.03402	304.369	15.8406	77.846	1021.56	1.20313	23.0976	174.702	23.8572	198.56	2.288	2608.33	19.7192	38.115	29.92	26.415								
2015/02/10 08:15:00		0.80746	321.997	15.7953	77.777	1021.6	1.15937	23.0963	169.644	23.9565	193.601	2.26417	2627.92	19.4692	39.65	29.34	26.16								
2015/02/10 08:20:00		1.71395	315.693	15.7969	77.925	1021.7	1.21771	23.092	169.932	24.3707	194.303	2.35473	2652.71	19.4799	40.53	30.29	26.645								
2015/02/10 08:25:00		0.79338	320.543	15.7969	78.073	1021.79	1.60417	23.0815	171.835	23.8743	195.709	2.02583	2665.42	19.7156	36.29	29.635	26.245								
2015/02/10 08:30:00		1.29908	310.046	15.7948	78.373	1021.85	3.79896	23.0686	169.894	23.7408	193.635	2.28323	2673.33	19.7299	38.2	29.13	26.41								
2015/02/10 08:35:00		1.34745	308.681	15.7922	78.768	1021.93	4.61562	23.0437	159.261	28.7902	188.051	4.58077	2891.88	36.4382	21.0617	16.6217	14.855								
2015/02/10 08:40:00		0.74174	313.268	15.7948	78.95	1021.91	8.4	23.0598	27.0434	12.2521	39.2955	10.7965	3255.21	59.979	12.2183	9.6217	8.6583								
2015/02/10 08:45:00		1.65415	323.2	15.737	78.93	1021.9	14.4229	23.0845	0.71913	0.0	0.71913	12.5506	3260.0	71.79	12.3883	9.6367	8.64								
2015/02/10 08:50:00		1.05878	306.433	15.699	78.765	1021.87	22.9615	23.1051	0.151867	0.017117	0.168983	12.2837	3124.58	75.009	12.24	9.495	8.5317								
2015/02/10 08:55:00		1.12388	311.267	15.6984	78.656	1021.96	27.3802	23.1245	0.406467	0.023963	0.43043	11.2827	3051.25	74.876	12.2583	9.3767	8.4333								
2015/02/10 09:00:00		1.09331	311.651	15.6995	78.548	1022.01	29.6406	23.1417	0.7772	0.023963	0.80116	11.2827	2962.92	74.841	12.0267	8.8917	8.0483								
2015/02/10 09:05:00		0.5789	322.941	15.7	78.463	1021.97	45.0698	23.1476	0.393067	0.15405	0.54712	12.4601	3037.08	74.194	11.7383	8.725	7.9967								
2015/02/10 09:10:00		1.48243	311.652	15.701	78.209	1022.11	38.4781	23.1835	77.244	0.386837	77.631	11.0444	3080.83	68.319	10.8667	8.73	7.8233								
2015/02/10 09:15:00		0.98157	311.575	15.7005	77.781	1022.07	45.2448	23.2289	78.654	34.7811	113.435	9.8813	3086.04	63.183	10.7317	8.3967	7.5367								
2015/02/10 09:20:00		1.34666	319.571	15.7016	77.33	1022.05	55.847	23.2729	50.078	45.0853	95.163	10.0386	2990.63	63.169	10.6017	8.42	7.755								
2015/02/10 09:25:00		1.55307	293.972	15.7042	77.032	1022.05	61.126	23.34	47.2261	44.7019	91.928	9.3379	2937.29	58.45	10.5567	8.575	7.86								
2015/02/10 09:30:00		1.20435	294.439	15.7021	76.981	1021.98	77.124	23.3747	44.5304	43.3805	87.911	8.437	2899.79	53.736	10.46	8.5017	7.7983								
2015/02/10 09:35:00		1.81466	294.514	15.7021	77.099	1021.96	77.416	23.3892	46.3461	43.4387	89.785	7.5123	2878.33	49.2569	10.5083	8.5283	7.7883								
2015/02/10 09:40:00		0.71018	306.166	15.7401	77.339	1021.99	86.18	23.3921	43.4562	45.2804	88.737	7.579	2799.38	51.3	10.119	8.1333	7.4095								
2015/02/10 09:45:00		0.73518	311.937	15.812	77.225	1022.04	83.387	23.3784	47.9541	48.0739	96.028	7.8984	2756.67	52.446											
2015/02/10 09:50:00		1.04974	316.802	15.9198	77.114	1022.1	81.915	23.3835	47.4449	47.444	94.889	7.0642	2748.33	49.3783											
2015/02/10 09:55:00		1.12774	315.213	15.9964	76.472	1022.11	78.072	23.2866	38.554	50.919	89.473	11.0205	2443.54	69.78											
2015/02/10 10:00:00		0.9545	294.427	15.9974	75.939	1022.13	73.398	23.2474	21.0469	55.489	76.536	11.6021	2105.0	75.826											
2015/02/10 10:05:00		1.00771	328.707	15.9937	75.689	1022.04	107.311	23.3194	22.5567	55.081	77.638	9.3713	2241.67	66.669											
2015/02/10 10:10:00		0.97554	309.143	16.0745	75.622	1021.94	141.94	23.4064	29.7837	54.044	83.828	8.3512	2281.25	61.422											
2015/02/10 10:15:00		1.14245	313.061	16.1724	75.168	1021.9	146.285	23.4904	28.2427	51.141	79.384	7.6362	2284.38	58.354											
2015/02/10 10:20:00		1.15338	318.918	16.1964	74.989	1021.93	110.804	23.5645	24.8749	47.1461	72.021	6.7877	2289.38	55.297											
2015/02/10 10:25:00		0.99488	323.777	16.2328	74.807	1021.88	125.57	23.6541	26.8134	45.3181	72.131	6.8163	2302.5	53.529											
2015/02/10 10:30:00		0.60823	336.797	16.3193	74.891	1021.8	158.703	23.666	29.2187	48.0225	77.241	7.0928	2373.13	51.425											
2015/02/10 10:35:00		0.77912	293.883	16.4391	74.657	1021.68	167.883	23.681	32.7898	48.5429	81.333	6.5732	2397.08	48.9997											
2015/02/10 10:40:00		0.69017	328.437	16.5016	74.17	1021.6	218.509	23.7084	31.8563	48.5086	80.365	6.4159	2390.63	46.9388											
2015/02/10 10:45:00		0.80722	315.031	16.6401	74.063	1021.5	286.679	23.7425	35.1281	48.1321	83.26	6.1442	2397.08	45.7102											
2015/02/10 10:50:00		1.09307	315.616	16.7042	72.533	1021.43	185.019	23.7575	29.6609	53.582	83.243	9.4237	2205.42	59.765											
2015/02/10 10:55:00		0.89363	310.992	16.7802	71.339	1021.32	164.464	23.7427	19.3853	60.73	80.115	15.8206	2207.29	76.141											
2015/02/10 11:00:00		0.75672	312.671	16.8599	70.802	1021.17	194.265	23.6182	12.9645	65.687	78.651	22.8848	2407.92	95.121											
2015/02/10 11:05:00		0.82349	320.975	17.0224	70.612	1021.05	156.494	23.4544	27.5415	67.056	94.598	26.5122	6270.4	99.535											
2015/02/10 11:10:00		0.57714	335.768	17.1047	69.619	1020.88	149.589	23.2584	51.494	85.357	136.851	31.1835	5431.7	116.415											
2015/02/10 11:15:00		0.6419	320.042	17.1042	69.534	1020.82	114.282	23.1368	19.1196	70.706	89.825	27.1319	2299.17	127.941											
2015/02/10 11:20:00		0.85896	321.802	17.1036	69.466	1020.77	79.435	23.0761	32.6915	84.813	117.505	28.0757	3208.96	117.065											
2015/02/10 11:25:00		0.69781	37.5341	17.0536	69.735	1020.58	88.01	22.9642	19.0235	82.002	101.026	29.4723	2411.25	113.99											
2015/02/10 11:30:00		0.69423	45.199	16.9026	70.982	1020.39	105.08	22.9502	67.101	95.672	162.772	26.2071	3999.38	100.11											
2015/02/10 11:35:00		0.481512	4.30662	16.8958	70.492	1020.33	98.007	23.0053	73.483	98.472	171.956	19.9771	4052.5	84.616											
2015/02/10 11:40:00		0.68419	60.686	16.901	69.722	1020.21	94.135	23.0611	67.098	92.618	159.717	17.2744	4023.96	74.487											
2015/02/10 11:45:00		0.87592	65.828	16.9115	68.63	1020.02	101.245	23.1145	65.151	90.544	155.695	14.1999	4002.08	65.947											
2015/02/10 11:50:00		0.416513	33.2763	17.0536	68.637	1019.87	114.596	23.1658	67.75	88.291	156.042	12.6507	3978.96	58.958											
2015/02/10 11:55:00		0.0	502.0	17.1812	68.76	1019.81	125.089	23.2544	70.256	86.634	156.89	11.44	3964.38	54.471											
2015/02/10 12:00:00		0.76079	58.365	17.2839	68.621	1019.71	128.96	23.34	69.988	85.85	155.839	10.2769	3956.04	50.711											
2015/02/10 12:05:00		0.47251	36.0473	17.3583	68.395	1019.62	138.082	23.4238	75.498	83.427	158.924	9.6334	3945.0	48.1603											
2015/02/10 12:10:00		0.57653	31.2613	17.3365	67.697	1019.47	187.075	23.4928	72.693	80.722	153.415	9.3903	3926.04	44.6672											
2015/02/10 12:15:00		0.50625	141.075	17.3229	67.942	1019.33	192.121	23.5468	67.458	73.424	140.881	8.6134	3916.04	42.8671											
2015/02/10 12:20:00		0.59334	15.2644	17.451	67.739	1019.21	142.02	23.6026	74.549	72.835	147.384	7.9317	3895.42	40.5527											
2015/02/10 12:25:00		0.8814	14.1617	17.437	67.064	1019.07	133.233	23.6826	73.528	71.0	144.528	7.5027	3887.08	39.049											
2015/02/10 12:30:00		0.9419	56.938	17.4495	67.205	1018.88	156.771	23.7465	70.946	67.166	138.112	6.9164	3874.17	36.8882											
2015/02/10 12:35:00		0.96992	61.843	17.5104	67.215	1018.77	155.444	23.8123	72.923	68.09	141.013	6.5875	3858.33	35.6738											
2015/02/10 12:40:00		0.439752	5.0602	17.5047	67.321	1018.62	160.154	23.87	71.045	64.989	136.033	6.4112	3850.63	34.4416											
2015/02/10 12:45:00		0.58289	40.9838	17.5714	67.701	1018.5	154.962	23.9151	74.589	64.985	139.574	6.2872	3833.96	32.9986											
2015/02/10 12:50:00		0.53479	355.406	17.6771	66.619	1018.39	175.54	23.9664	79.71	65.197	144.907	5.9393	3822.71	31.9414											
2015/02/10 12:55:00		0.321419	106.035	17.7193	66.212	1018.27	210.97	24.0118	72.766	60.169	132.935	5.8964	3806.67	31.1699											
2015/02/10 13:00:00		0.97403	79.215	17.8146	65.899	1018.12	216.898	24.0518	74.582	59.224	133.806	5.3387	3796.67	29.927											
2015/02/10 13:05:00		1.42108	91.849	17.9078	65.522	1017.99	199.522	24.114	83.285	58.888	142.174	5.21	3791.67	29.1626											
2015/02/10 13:10:00		0.94699	105.13	17.9078	65.709	1017.91	171.128	24.1492	87.915	56.807	144.722	5.0765	3787.92	28.559											
2015/02/10 13:15:00		1.24537	80.57	17.824	65.521	1017.77	192.806	24.183	87.741	54.099	141.84	4.85247	3781.04	27.7268											
2015/02/10 13:20:00		1.91208	98.295	17.813	66.265	1017.66	186.834	24.2212	93.626	53.041	146.667	4.7333	3777.08	27.6661											
2015/02/10 13:25:00		1.10855	87.238	17.863	66.401	1017.6	171.806	24.259	90.213	51.042	141.255	4.35673	3770.63	27.0018											
2015/02/10 13:30:00		1.33007	90.095	17.8115	66.085	1017.47	174.424	24.2853	92.842	49.8677	142.71	4.29953	3764.17	26.0303											
2015/02/10 13:35:00		0.8576	75.64	17.7849	66.183	1017.36	150.85	24.3162	93.793	49.0016	142.795	4.3758	3762.5	25.0802											
2015/02/10 13:40:00		1.18237	71.741	17.7135	66.296	1017.18	171.077	24.3594	98.157	50.22	148.378	4.2614	3756.88	24.7195											
2015/02/10 13:45:00		1.43156	67.459	17.6531	66.287	1017.02	181.067	24.4075	98.023	47.6665	145.69	4.04213	3757.71	24.4016											
2015/02/10 13:50:00		1.65199	79.809	17.6141	66.639	1016.93	174.555	24.4448	105.197	47.7692	152.966	3.99923	3760.0	23.8444											
2015/02/10 13:55:00		1.83491	99.83	17.6276	67.313	1016.75	190.604	24.4896	102.229	47.0879	149.317	3.88483	3762.08	22.9658											
2015/02/10 14:00:00		1.27889	102.413	17.7161	67.319	1016.65	183.677	24.5103	101.735	46.4443	148.179	3.80857	3758.54	22.2408											
2015/02/10 14:05:00		1.69286	64.108	17.7172	67.306	1016.53	161.809	24.5506	99.252	45.7357	144.987	3.55594	3751.04	22.4408											
2015/02/10 14:10:00		1.41302	101.01	17.6807	67.948	1016.37	166.855	24.5935	102.068	44.1268	146.195	3.88483	3762.08	22.6158											
2015/02/10 14:15:00		1.67928	111.05	17.6844	69.048	1016.22	177.691	24.666	97.206	53.021	150.226	7.1548	3670.63	37.5275											
2015/02/10 14:20:00		1.838	98.96	17.7156	69.591	1016.11	167.716	24.7493	74.966	64.643	139.609	9.152	3287.08	47.321											
2015/02/10 14:25:00		1.66141	97.764	17.7849	69.742	1016.04	135.056	24.8505	68.697	65.321	134.018	8.7087	3316.25	46.7317											
2015/02/10 14:30:00		1.66239	100.057	17.7542	70.146	1015.97	126.649	24.9621	68.074	64.934	133.008	7.517	3342.71	43.4743											
2015/02/10 14:35:00		1.64445	97.729	17.7182	70.225	1015.83	139.125	25.0602	73.794	62.774	136.567	7.0118	3347.92	41.2099											
2015/02/10 14:40:00		2.29068	97.73	17.713	70.647	1015.69	183.123	25.1627	76.501	61.233	137.734	6.0966	3359.17	39.5098											
2015/02/10 14:45:00		2.05145	81.925	17.7182	71.106	1015.43	172.878	25.2575	73.063	62.907	135.971	6.3873	3401.67	41.5635											
2015/02/10 14:50:00		2.02389	83.611	17.751	71.152	1015.47	162.714	25.2312	67.281	91.037	158.318	18.242	3910.83	76.58											
2015/02/10 14:55:00		1.79428	101.746	17.7135	71.07	1015.61	142.581	25.0268	95.015	113.74	208.755	29.2292	4342.92	95.896											
2015/02/10 15:00:00		1.83644	71.831	17.7151	71.486	1015.54	136.58	24.8835	98.09	113.398	211.488	28.3283	4120.42	95.996											
2015/02/10 15:05:00		1.89678	81.223	17.6151	71.52	1015.14	158.207	24.9173	118.235	116.712	234.947	23.0611	4822.08	88.245											
2015/02/10 15:10:00		1.49636	88.341	17.6099	72.108	1015.05	159.389	25.003	104.183	107.506	211.689	18.6186	4724.79	81.716											
2015/02/10 15:15:00		1.78461	89.318	17.6104	72.406	1015.0	126.182	25.1208	104.0	100.567	204.567	18.1229	4838.13	79.037											
2015/02/10 15:20:00		2.30692	94.402	17.6026	72.533	1015.0	98.583	25.1528	100.027	99.448	199.474	16.6738	4446.88	78.255											
2015/02/10 15:25:00		2.40932	96.271	17.5083	72.568	1014.92	86.326	25.1514	64.394	95.446	159.84	16.793	4124.58	79.284											
2015/02/10 15:30:00		1.95353	98.522	17.5104	73.099	1015.0	107.537	25.1426	64.041	92.827	156.868	15.9636	3776.88	80.784											
2015/02/10 15:35:00		1.56686	91.65	17.5089	73.735	1015.07	167.3	25.0158	48.1038	93.392	141.496	22.1126	3237.08	95.699											
2015/02/10 15:40:00		2.18795	97.506	17.5906	74.035	1015.12	166.119	24.8494	45.1424	95.901	141.044	24.6961	2790.21	101.225											
2015/02/10 15:45:00		1.64841	95.389	17.6927	73.944	1015.16	139.686	24.6357	59.753	105.059	164.812	26.4645	3708.75	101.692											
2015/02/10 15:50:00		1.72943	76.716	17.7161	73.732	1015.07	120.334	24.5084	100.413	112.717	213.13	29.4723	4542.5	100.628											
2015/02/10 15:55:00		1.30526	75.757	17.6844	73.417	1014.85	107.589	24.498	113.337	118.167	231.504	24.4482	5114.4	91.081											
2015/02/10 16:00:00		1.43523	92.358	17.6161	74.043	1014.74	102.411	24.5503	139.758	114.73	254.487	23.4234	5818.8	88.395											
2015/02/10 16:05:00		1.70088	88.17	17.6146	74.734	1014.64	126.839	24.7224	130.101	107.034	237.135	20.8589	5103.5	81.716											
2015/02/10 16:10:00		1.49405	91.891	17.5781	74.968	1014.79	118.271	24.7697	112.281	101.909	214.19	18.8998	4641.46	81.313											
2015/02/10 16:15:00		1.94359	91.667	17.5167	75.48	1014.83	115.033	24.5898	75.5	104.586	180.086	26.6123	3692.5	95.331											
2015/02/10 16:20:00		1.37033	95.879	17.6151	75.892	1014.8	111.891	24.4207	62.79	100.112	162.902	30.3112	3192.08	101.932											
2015/02/10 16:25:00		1.19118	80.447	17.6146	75.813	1014.83	85.13	24.2319	53.843	97.031	150.874	25.7638	3659.79	91.492	243.403	176.509	154.061								
2015/02/10 16:30:00		1.21103	78.244	17.6141	75.773	1014.86	71.75	24.2174	66.091	101.129	167.22	24.7247	4543.75	93.756	255.88	177.638	153.125								
2015/02/10 16:35:00		1.13357	68.599	17.5464	75.755	1014.86	59.544	24.2641	61.727	106.794	168.521	21.3022	4432.29	89.045	257.803	175.88	149.572								
2015/02/10 16:40:00		1.61196	76.23	17.5125	76.036	1014.83	51.654	24.3326	71.52	107.458	178.979	17.508	4429.79	77.812	235.247	170.732	149.513								
2015/02/10 16:45:00		1.58669	89.123	17.4318	76.357	1014.86	33.3812	24.4067	66.538	103.237	169.775	15.4631	4422.5	69.958	239.578	169.847	148.507								
2015/02/10 16:50:00		1.32228	84.232	17.4583	76.631	1014.9	27.8542	24.4574	61.531	99.386	160.917	13.8996	4418.96	63.644	245.148	174.997	151.348								
2015/02/10 16:55:00		0.92113	83.116	17.5109	76.743	1014.9	17.0479	24.4993	63.045	97.158	160.202	13.2084	4409.38	57.986	256.847	176.242	151.057								
2015/02/10 17:00:00		1.18128	72.172	17.5104	76.743	1014.89	12.2573	24.5315	63.762	93.751	157.513	12.0692	4410.0	53.921	259.142	175.112	150.1								
2015/02/10 17:05:00		1.3745	88.733	17.5099	76.746	1014.85	10.4125	24.5747	70.846	92.834	163.68	11.4686	4414.79	50.289	236.137	165.738	143.333								
2015/02/10 17:10:00		1.21325	73.456	17.5083	76.959	1014.9	9.625	24.6083	71.355	89.065	160.42	10.4867	4410.42	47.6889	253.612	173.277	145.778								
2015/02/10 17:15:00		1.91958	80.248	17.4672	77.131	1014.87	10.7479	24.6448	91.214	89.147	180.361	10.0958	4415.0	44.9851	233.933	162.235	139.355								
2015/02/10 17:20:00		1.54734	86.56	17.4099	77.285	1014.83	6.7813	24.6625	80.885	85.556	166.441	9.5238	4415.42	42.685	220.595	157.292	137.368								
2015/02/10 17:25:00		1.36896	98.522	17.4026	77.34	1014.88	2.59583	24.6811	73.635	81.027	154.662	8.9613	4413.33	40.3955	216.17	153.803	135.168								
2015/02/10 17:30:00		1.65951	76.958	17.3958	77.445	1014.95	1.82292	24.6985	67.677	78.251	145.927	8.5228	4412.08	38.824	227.447	159.148	138.607								
2015/02/10 17:35:00		1.16328	86.885	17.3073	77.569	1014.99	2.77083	24.72	72.094	76.505	148.599	8.4227	4407.92	37.4668	237.417	159.367	136.043								
2015/02/10 17:40:00		1.04184	114.04	17.3125	77.621	1015.02	1.10833	24.7307	78.524	74.971	153.495	7.7792	4411.04	35.2952	220.422	155.37	136.225								
2015/02/10 17:45:00		0.95362	95.805	17.2115	77.784	1015.0	1.15937	24.7385	73.854	70.456	144.31	7.6505	4417.29	34.0344	236.985	158.337	132.838								
2015/02/10 17:50:00		0.78612	109.351	17.2094	78.053	1015.03	1.18854	24.7552	81.651	70.49	152.141	7.4074	4426.46	33.0736	235.788	159.512	132.415								
2015/02/10 17:55:00		1.12336	77.779	17.2104	78.041	1015.03	1.16667	24.7082	85.186	68.593	153.779	6.8259	4431.04	31.6807	220.623	153.262	130.72								
2015/02/10 18:00:00		1.06423	74.039	17.2115	78.145	1015.03	1.11563	24.6741	79.446	63.561	143.007	6.6686	4421.46	30.3163	250.387	167.593	138.842								
2015/02/10 18:05:00		1.05486	63.147	17.2125	78.338	1015.1	1.06458	24.6464	92.094	63.568	155.662	6.1681	4433.54	29.2519	233.207	159.648	136.273								
2015/02/10 18:10:00		1.20666	85.61	17.1234	78.479	1015.11	1.16667	24.6276	93.318	63.339	156.656	5.6056	4441.67	28.7519	238.165	162.258	135.09								
2015/02/10 18:15:00		1.31494	77.157	17.1552	78.743	1015.11	1.13021	24.6019	101.398	61.178	162.576	5.5675	4452.71	28.2233	221.358	151.787	132.018								
2015/02/10 18:20:00		0.98553	78.593	17.1286	78.727	1015.14	1.10104	24.5855	93.796	59.094	152.889	5.1432	4463.13	27.3375	224.642	152.913	128.705								
2015/02/10 18:25:00		1.55808	90.928	17.1078	78.9	1015.11	1.13021	24.5648	95.64	56.992	152.632	5.2862	4469.58	26.3411	223.873	150.207	126.862								
2015/02/10 18:30:00		1.38525	88.825	17.1271	78.991	1015.09	1.10833	24.5495	92.927	54.65	147.577	4.88107	4460.42	25.7017	218.315	146.357	124.242								
2015/02/10 18:35:00		1.37135	76.708	17.1995	79.042	1015.07	1.13021	24.5463	89.921	52.192	142.113	4.29476	4454.38	25.2553	225.323	150.808	123.413								
2015/02/10 18:40:00		1.48267	92.968	17.213	79.034	1015.09	1.13021	24.5393	99.812	52.497	152.309	4.38057	4452.71	24.3945	210.672	141.605	117.783								
2015/02/10 18:45:00		1.36684	100.312	17.1406	78.949	1015.13	1.15937	24.5299	99.196	51.679	150.874	4.5331	4446.04	23.8159	209.972	140.178	116.765								
2015/02/10 18:50:00		1.28609	111.614	17.1031	78.996	1015.13	1.10104	24.5226	94.816	49.9464	144.763	4.31383	4427.08	23.298	210.508	140.485	118.608								
2015/02/10 18:55:00		1.18003	92.676	17.1083	79.044	1015.19	1.13021	24.5149	94.454	48.1047	142.559	4.29	4421.88	22.6801	208.38	140.528	120.383								
2015/02/10 19:00:00		0.94897	87.685	17.1052	79.152	1015.3	1.16667	24.4996	93.05	46.5231	139.573	4.0755	4406.88	22.0086	218.278	145.63	120.693								
2015/02/10 19:05:00		1.36012	93.122	17.1083	79.335	1015.33	1.24688	24.4856	101.59	45.6022	147.192	4.25187	4397.5	21.63	217.725	145.467	122.502								
2015/02/10 19:10:00		1.09279	86.365	17.0969	79.344	1015.4	1.16667	24.4727	104.464	46.3451	150.809	3.861	4391.25	21.4729	209.067	140.24	120.357								
2015/02/10 19:15:00		1.40099	61.534	17.0083	79.257	1015.45	1.15937	24.4528	104.129	44.493	148.622	4.02307	4381.46	20.755	201.68	135.977	116.823								
2015/02/10 19:20:00		1.08172	63.951	16.924	79.395	1015.5	1.16667	24.429	109.44	43.959	153.399	3.79427	4380.21	20.5371	203.938	137.443	116.882								
2015/02/10 19:25:00		1.17749	66.441	16.8682	79.465	1015.55	1.13021	24.4147	113.96	44.0925	158.053	3.7609	4379.58	20.1335	191.177	129.122	113.173								
2015/02/10 19:30:00		1.13696	69.705	16.8068	79.764	1015.62	1.11563	24.3949	106.378	42.3295	148.708	4.05643	4359.17	19.9692	202.923	135.623	115.748								
2015/02/10 19:35:00		0.5625	81.787	16.862	80.156	1015.67	1.10833	24.3804	109.121	41.8845	151.005	4.08503	4352.71	19.7656	215.693	143.877	120.242								
2015/02/10 19:40:00		0.75147	61.062	16.9063	80.192	1015.75	1.18125	24.3715	123.689	43.5243	167.213	3.8467	4361.25	19.5763	214.64	143.983	121.3								
2015/02/10 19:45:00		0.59704	82.437	16.8792	79.983	1015.83	1.21042	24.3667	129.451	43.6646	173.115	3.91343	4359.79	19.7977	203.803	138.572	118.897								
2015/02/10 19:50:00		0.99575	83.238	16.8078	79.92	1015.89	1.13021	24.3613	122.266	41.3504	163.617	3.82287	4351.25	19.3013	210.215	142.61	121.153								
2015/02/10 19:55:00		0.90201	65.297	16.774	80.181	1015.95	1.14479	24.3525	124.055	41.2957	165.351	3.83717	4348.54	18.6012	202.127	140.372	121.503								
2015/02/10 20:00:00		0.81751	64.264	16.7057	80.403	1016.03	1.14479	24.3535	119.276	39.5121	158.788	3.6465	4332.5	18.9977	215.137	143.773	123.077								
2015/02/10 20:05:00		0.69675	98.123	16.7057	80.705	1016.12	1.11563	24.3436	121.37	38.7487	160.119	3.48443	4329.17	19.2048	214.037	143.043	121.36								
2015/02/10 20:10:00		0.68979	97.804	16.7104	80.852	1016.13	1.18854	24.3404	120.08	38.4885	158.568	3.53687	4315.42	18.9227	208.618	139.352	121.068								
2015/02/10 20:15:00		1.00661	70.791	16.7042	80.988	1016.14	1.15937	24.3353	114.262	36.5954	150.857	3.61314	4297.92	18.4477	228.877	152.585	127.918								
2015/02/10 20:20:00		0.5813	58.172	16.774	81.182	1016.17	1.16667	24.3347	119.39	35.5547	154.944	3.53687	4285.63	18.6334	227.152	152.497	126.865								
2015/02/10 20:25:00		1.07878	69.161	16.7167	80.968	1016.19	1.10833	24.3315	127.039	38.3927	165.431	3.4463	4278.13	18.8906	212.442	143.895	123.638								
2015/02/10 20:30:00		0.78974	70.094	16.7073	80.989	1016.24	1.12292	24.3267	119.595	36.0477	155.643	3.3748	4268.75	18.5834	221.108	147.643	124.865								
2015/02/10 20:35:00		0.81727	50.782	16.7016	81.159	1016.25	1.12292	24.3237	121.886	35.4349	157.321	3.68463	4258.54	18.4691	233.12	155.857	127.547								
2015/02/10 20:40:00		0.360688	74.404	16.701	81.176	1016.24	1.10104	24.3192	126.284	35.363	161.647	3.49397	4242.5	18.4798	247.023	164.698	128.413								
2015/02/10 20:45:00		0.65822	97.571	16.6104	81.14	1016.31	1.15208	24.3181	130.969	36.2942	167.264	3.72754	4224.17	18.7155	238.503	159.263	127.182								
2015/02/10 20:50:00		0.61845	87.08	16.6526	81.379	1016.38	1.18854	24.3157	125.797	35.3391	161.136	3.50827	4208.96	18.8262	241.32	160.88	128.262								
2015/02/10 20:55:00		0.53375	89.059	16.7042	81.427	1016.38	1.17396	24.3111	133.343	36.2942	169.638	3.22227	4198.54	18.4048	241.157	160.765	128.37								
2015/02/10 21:00:00		0.57853	87.185	16.7021	81.342	1016.38	1.18854	24.3017	132.267	35.2124	167.479	3.26516	4186.88	18.1191	259.763	173.18	132.793								
2015/02/10 21:05:00		0.407267	15.6307	16.7057	81.419	1016.37	1.12292	24.2982	137.745	37.0884	174.834	3.19843	4185.42	18.3512	246.445	165.265	133.715								
2015/02/10 21:10:00		0.431445	55.79	16.7068	81.142	1016.32	1.14479	24.295	140.655	36.414	177.069	3.31283	4164.58	18.3869	237.848	160.823	136.098								
2015/02/10 21:15:00		0.50625	32.7375	16.7047	81.268	1016.37	1.17396	24.287	136.416	34.6441	171.061	3.37004	4144.79	18.6512	248.592	165.75	138.07								
2015/02/10 21:20:00		0.405802	45.4574	16.7	81.499	1016.45	1.07187	24.277	142.027	35.1542	177.181	3.1031	4135.42	18.5441	253.113	168.74	138.405								
2015/02/10 21:25:00		0.470364	352.399	16.6979	81.546	1016.47	1.10104	24.2692	148.646	34.9933	183.64	3.23657	4131.67	18.2976	251.023	167.403	138.352								
2015/02/10 21:30:00		0.65229	59.766	16.7031	81.229	1016.45	1.10833	24.2639	148.412	34.627	183.039	3.3462	4125.83	18.3405	227.533	152.585	130.98								
2015/02/10 21:35:00		0.52796	1.44906	16.6708	81.108	1016.47	1.07187	24.2631	140.093	34.0998	174.192	3.39863	4116.88	18.8548	234.275	156.545	133.582								
2015/02/10 21:40:00		0.66849	41.3769	16.5974	81.12	1016.47	1.09375	24.269	140.827	32.5799	173.407	3.5464	4103.33	18.7013	251.357	169.518	132.208								
2015/02/10 21:45:00		0.68746	63.183	16.5958	81.203	1016.48	1.05729	24.2727	137.482	33.0934	170.575	3.69417	4083.13	18.3155	232.937	155.75	132.308								
2015/02/10 21:50:00		0.447491	6.9143	16.5979	81.322	1016.51	1.08646	24.2687	142.636	32.9017	175.538	3.65127	4070.83	18.5298	224.622	152.737	133.228								
2015/02/10 21:55:00		0.50604	16.7488	16.587	81.516	1016.5	1.06458	24.2563	140.508	32.2341	172.742	3.26517	4054.79	18.2762	229.782	156.83	136.593								
2015/02/10 22:00:00		0.52485	339.206	16.5255	81.531	1016.52	1.14479	24.2456	144.754	32.2889	177.042	3.3605	4044.79	18.5977	232.793	156.665	136.41								
2015/02/10 22:05:00		0.77909	24.0365	16.4969	81.628	1016.58	1.06458	24.2255	143.523	31.0086	174.531	3.55117	4017.5	18.4977	220.672	154.635	136.657								
2015/02/10 22:10:00		0.5768	54.397	16.4984	81.798	1016.55	1.11563	24.204	143.744	31.3166	175.061	3.70847	3997.29	18.5619	234.767	159.52	138.602								
2015/02/10 22:15:00		0.226378	292.443	16.5	81.928	1016.51	1.11563	24.2008	147.061	31.8165	178.877	3.6036	3981.67	18.8477	227.823	152.512	133.653								
2015/02/10 22:20:00		0.0	502.0	16.4995	81.998	1016.48	1.10104	24.1895	145.001	31.2345	176.236	3.432	3967.71	18.487	234.895	157.517	134.647								
2015/02/10 22:25:00		0.97504	54.006	16.499	82.049	1016.43	1.08646	24.1809	153.513	30.6217	184.134	3.3748	3955.0	18.9048	224.947	155.12	132.057								
2015/02/10 22:30:00		0.83617	60.35	16.5224	81.926	1016.41	1.15208	24.1688	148.103	31.8301	179.934	3.5464	3941.88	18.6227	231.602	155.415	132.585								
2015/02/10 22:35:00		0.67905	4.57817	16.5979	81.896	1016.44	1.1375	24.1648	149.901	30.875	180.776	3.49397	3921.88	18.4691	225.417	152.118	131.263								
2015/02/10 22:40:00		0.304761	87.047	16.5026	81.738	1016.45	1.14479	24.154	149.151	30.632	179.783	3.29853	3899.58	18.8763	216.788	147.993	129.728								
2015/02/10 22:45:00		0.68745	75.392	16.5021	81.769	1016.41	1.18854	24.1473	146.23	29.3106	175.54	3.32237	3880.21	18.9584	226.733	151.945	130.82								
2015/02/10 22:50:00		0.60262	83.348	16.499	82.002	1016.4	1.14479	24.1527	147.275	29.3756	176.651	3.5464	3861.46	18.9834	235.363	157.047	133.0								
2015/02/10 22:55:00		0.71497	107.537	16.5833	82.206	1016.45	1.12292	24.1575	152.928	29.5057	182.433	3.41293	3851.25	18.937	257.515	171.675	138.315								
2015/02/10 23:00:00		0.71988	70.702	16.6	82.08	1016.41	1.13021	24.1524	162.538	30.3684	192.906	3.52734	3840.21	19.2834	253.822	169.197	134.645								
2015/02/10 23:05:00		0.82197	59.361	16.6031	81.824	1016.44	1.18854	24.1573	160.465	30.6902	191.155	3.32236	3835.63	18.9977	240.98	161.168	131.695								
2015/02/10 23:10:00		0.73549	80.063	16.5984	81.642	1016.4	1.16667	24.1669	155.969	30.8511	186.82	3.7037	3820.42	19.0834	240.495	160.783	131.978								
2015/02/10 23:15:00		0.70159	326.655	16.5948	81.71	1016.35	1.10104	24.1758	155.545	28.7081	184.253	3.29377	3792.29	18.7512	252.313	168.6	138.748								
2015/02/10 23:20:00		0.57281	336.195	16.5927	81.827	1016.38	1.1375	24.1828	162.27	30.4985	192.768	3.55593	3786.04	18.9513	256.31	171.555	144.588								
2015/02/10 23:25:00		0.60533	332.754	16.5917	81.667	1016.41	1.15937	24.1881	158.495	29.6666	188.162	3.33667	3767.29	19.0263	247.925	166.455	138.347								
2015/02/10 23:30:00		0.72048	310.792	16.4964	81.583	1016.48	1.11563	24.1863	150.973	28.9477	179.921	3.46537	3739.17	18.9298	237.355	160.547	134.183								
2015/02/10 23:35:00		0.483479	29.3272	16.4979	81.676	1016.41	1.16667	24.1903	149.26	27.4517	176.712	3.35097	3717.29	18.9727	230.018	159.447	135.707								
2015/02/10 23:40:00		0.418893	348.865	16.4276	81.759	1016.34	1.14479	24.1879	150.475	28.5951	179.07	3.26517	3697.92	19.2227	213.707	155.192	137.51								
2015/02/10 23:45:00		0.414924	350.26	16.3948	81.916	1016.31	1.13021	24.1903	150.56	28.1124	178.673	3.21273	3667.08	19.0941	217.842	156.838	139.938								
2015/02/10 23:50:00		0.88434	292.224	16.3953	82.158	1016.34	1.10833	24.1965	150.096	28.2733	178.369	3.28423	3644.17	19.2441	231.077	164.897	145.942								
2015/02/10 23:55:00		0.451926	45.7155	16.3974	82.397	1016.29	1.13021	24.2308	153.542	28.4	181.942	3.57023	3620.83	19.2048	226.303	170.178	151.32								
2015/02/11 00:00:00		0.57477	69.95	16.3964	82.473	1016.23	1.17396	24.2596	154.643	27.4791	182.122	3.6179	3600.63	19.2406	238.16	179.315	158.96								
