-- 1st mean values --
Format: XTAB(V:1;HEAD:2;COL:TCFFFFFFFFFFFFFFFFFFFFFFFF)
StartTime: 2015/02/21 00:00:00
EndTime: 2015/02/22 00:00:00
Period: 24 h
Station: Gia Lam

Time	MeasPt	Wind Spd.	Wind Dir.	Temp	RH	Barometer	Radiation	InnerTemp	NO	NO2	NOx	SO2	CO	O3	PM-10	PM-2.5	PM-1	CH4	NMHC	THC	BENZEN	TOLUEN	ETHYL BENZEN	MP-XYLEN	O-XYLEN
		m/s	degree	°C	%	hPa	W/m²	°C	µg/m3	µg/m3	µg/m3	µg/m3	µg/m3	µg/m3	µg/m3	µg/m3	µg/m3	ppm	ppmC	ppmC	ug/m3	ug/m3	ug/m3	ug/m3	ug/m3
2015/02/21 00:05:00		2.85556	138.424	22.1083	87.228	1012.23	1.1375	26.017	22.5969	16.9729	39.5698	3.89913	478.542	18.5334	75.59	51.571	32.9983								
2015/02/21 00:10:00		2.9503	133.937	22.1089	87.232	1012.12	1.23229	25.6376	15.8522	12.2008	28.053	3.45584	451.667	20.5764	73.844	51.242	32.7783								
2015/02/21 00:15:00		2.25668	140.179	22.1073	87.165	1012.02	1.15937	25.3613	1.05413	0.0	1.05413	3.32713	443.125	22.2872	77.182	52.24	33.4292								
2015/02/21 00:20:00		2.59166	140.486	22.1083	87.269	1012.04	1.17396	25.1818	0.2814	0.1027	0.3841	3.003	455.625	22.3658	78.28	53.13	34.0917								
2015/02/21 00:25:00		3.19645	140.347	22.0667	87.351	1012.02	1.15937	25.0263	68.021	0.79079	68.811	2.9887	448.542	22.8158	75.128	52.756	33.8617								
2015/02/21 00:30:00		2.92794	141.513	22.0057	87.461	1011.88	1.15208	24.8564	204.58	3.64585	208.226	2.9029	432.5	23.6873	75.258	52.582	34.0333								
2015/02/21 00:35:00		3.66634	135.59	22.0063	87.546	1011.77	1.18854	24.8781	212.913	2.61885	215.531	3.1603	420.417	32.9343	75.949	52.536	33.7333								
2015/02/21 00:40:00		3.37117	140.375	22.0047	87.652	1011.72	1.18125	25.0075	215.805	1.89653	217.701	2.59307	402.708	48.0282	73.563	51.799	33.6133								
2015/02/21 00:45:00		2.61679	136.489	21.9063	87.781	1011.72	1.13021	25.1568	153.305	9.6333	162.938	2.49773	390.833	70.09	79.344	53.569	33.8742								
2015/02/21 00:50:00		2.88352	128.334	21.9063	87.912	1011.68	1.16667	25.3117	20.9129	15.1688	36.0817	2.7456	376.458	95.789	75.451	51.88	33.05								
2015/02/21 00:55:00		2.5023	130.185	21.9063	87.992	1011.62	1.19583	25.3334	19.4233	11.6017	31.025	2.8886	362.083	165.361	75.267	51.128	32.8133								
2015/02/21 01:00:00		2.73669	137.881	21.9057	88.07	1011.66	1.20313	25.1839	18.8203	12.6492	31.4695	2.69317	341.458	69.808	77.095	52.397	33.2758								
2015/02/21 01:05:00		2.6801	139.682	21.8141	88.153	1011.64	1.21771	24.9914	19.1687	13.1353	32.304	3.44153	345.0	38.624	74.154	50.887	33.5792								
2015/02/21 01:10:00		3.0255	141.013	21.8052	88.234	1011.55	1.16667	24.7565	19.2424	12.5328	31.7752	4.24233	343.958	29.1555	74.633	51.766	33.1125								
2015/02/21 01:15:00		2.54636	141.631	21.8047	88.304	1011.44	1.18125	24.6658	18.3893	12.1665	30.5558	4.32337	334.583	30.6128	74.959	50.504	33.095								
2015/02/21 01:20:00		2.80337	148.089	21.8026	88.343	1011.35	1.17396	24.7557	18.0677	12.9847	31.0524	3.49397	324.792	43.7386	73.752	50.373	32.8308								
2015/02/21 01:25:00		3.39013	146.905	21.8036	88.346	1011.34	1.15937	24.8891	18.3513	10.6671	29.0184	3.0173	316.042	65.076	71.634	49.9417	32.5967								
2015/02/21 01:30:00		3.05622	149.074	21.8031	88.378	1011.28	1.15208	25.0298	17.9873	10.9067	28.894	2.9315	301.458	91.374	67.889	46.9017	31.5567								
2015/02/21 01:35:00		2.80778	143.437	21.8021	88.45	1011.27	1.18125	25.1504	18.4719	12.3685	30.8404	2.8314	289.792	116.004	69.327	47.7517	30.8917								
2015/02/21 01:40:00		2.81072	139.094	21.8	88.548	1011.32	1.19583	25.1952	18.5836	11.2183	29.8018	2.72653	286.042	186.68	67.204	46.1525	30.6925								
2015/02/21 01:45:00		1.71686	128.664	21.8036	88.606	1011.36	1.18125	25.069	17.9225	11.8653	29.7878	2.61213	308.542	97.571	66.924	46.1358	31.1183								
2015/02/21 01:50:00		1.93149	136.823	21.8026	88.642	1011.36	1.17396	24.9033	17.8734	12.2555	30.1289	2.8171	311.458	41.9314	67.965	46.5617	30.41								
2015/02/21 01:55:00		2.40316	144.921	21.8047	88.646	1011.25	1.19583	24.7063	18.0029	12.2898	30.2927	2.54063	295.417	28.8519	66.112	45.3767	30.615								
2015/02/21 02:00:00		2.73317	141.406	21.8031	88.641	1011.15	1.19583	24.6768	18.1347	11.6188	29.7535	2.717	297.5	31.6878	64.157	45.1133	30.5883								
2015/02/21 02:05:00		2.31407	139.908	21.8062	88.545	1011.04	1.21771	24.7868	17.8131	11.1087	28.9218	2.42147	280.833	46.7388	64.717	44.9525	30.4258								
2015/02/21 02:10:00		2.92687	134.052	21.8026	88.568	1011.03	1.20313	24.9213	18.1369	11.9029	30.0398	2.29753	276.042	69.93	65.583	46.0283	30.4983								
2015/02/21 02:15:00		2.24448	143.547	21.8036	88.646	1011.04	1.21771	25.0478	18.4965	11.7728	30.2693	2.31183	276.667	96.717	64.267	44.2033	29.8383								
2015/02/21 02:20:00		2.25418	137.777	21.801	88.643	1011.03	1.15208	25.174	18.8806	11.7215	30.6021	2.29277	270.0	122.94	62.943	43.6883	29.3117								
2015/02/21 02:25:00		1.76219	143.782	21.8016	88.642	1010.99	1.23958	25.1568	19.2245	11.9235	31.148	2.33567	271.667	199.103	63.033	43.4417	29.2108								
2015/02/21 02:30:00		2.10453	149.164	21.8016	88.58	1010.97	1.13021	24.9549	19.8097	12.3103	32.12	2.3166	272.917	71.405	60.835	42.7083	28.945								
2015/02/21 02:35:00		1.77216	147.012	21.8036	88.544	1010.86	1.18854	24.7101	18.9498	12.0399	30.9897	2.3595	283.125	37.7561	58.493	42.2058	28.8358								
2015/02/21 02:40:00		2.13757	141.156	21.8016	88.448	1010.75	1.16667	24.5012	19.535	11.0882	30.6231	1.9734	278.75	28.9162	57.88	41.5358	28.9958								
2015/02/21 02:45:00		2.48902	150.866	21.8026	88.331	1010.65	1.21042	24.5863	18.5523	10.1913	28.7436	2.0878	275.625	37.2096	60.326	43.3092	30.1117								
2015/02/21 02:50:00		2.12654	149.602	21.8	88.226	1010.6	1.13021	24.7463	17.7126	11.0094	28.722	2.79803	266.458	56.629	58.549	42.3383	29.205								
2015/02/21 02:55:00		1.63653	146.833	21.8	88.139	1010.52	1.21042	24.9246	17.717	10.5302	28.2472	3.12693	263.542	83.52	58.992	41.9608	28.9783								
2015/02/21 03:00:00		1.7606	142.211	21.8031	88.054	1010.47	1.18125	25.0819	17.9136	12.0399	29.9534	2.95057	258.542	114.522	55.168	40.3642	28.9933								
2015/02/21 03:05:00		2.34651	147.122	21.801	87.903	1010.41	1.19583	25.2107	18.1771	10.3213	28.4984	2.56447	251.25	140.041	55.041	39.9025	28.7167								
2015/02/21 03:10:00		2.60377	151.547	21.8479	87.753	1010.34	1.26875	25.1973	18.8962	11.4134	30.3096	2.60737	258.542	222.397	52.19	39.3417	28.52								
2015/02/21 03:15:00		2.28025	154.345	21.9042	87.546	1010.28	1.21042	24.9823	19.0101	11.9817	30.9918	2.57877	256.042	82.041	50.688	38.9233	28.5308								
2015/02/21 03:20:00		3.03722	151.59	21.9031	87.326	1010.21	1.16667	24.7557	18.2709	11.6222	29.8931	2.34043	246.875	38.6526	50.879	39.2717	28.6258								
2015/02/21 03:25:00		3.41398	158.811	21.9036	87.106	1010.16	1.19583	24.5186	18.6014	11.3347	29.9361	2.31183	244.792	28.559	52.237	40.5833	29.3975								
2015/02/21 03:30:00		1.96842	161.806	21.9047	86.92	1010.13	1.15208	24.5949	18.3937	10.6397	29.0335	2.4167	239.375	35.7595	55.53	41.4458	29.9458								
2015/02/21 03:35:00		2.95296	165.376	21.9063	86.837	1010.08	1.26875	24.7629	18.3937	11.7694	30.1631	2.21173	227.917	53.925	53.563	41.2875	30.1425								
2015/02/21 03:40:00		2.43934	156.684	21.9036	86.777	1010.03	1.23958	24.9194	18.8091	10.8348	29.644	2.26417	233.542	81.891	52.087	41.0808	29.6217								
2015/02/21 03:45:00		2.77646	167.835	21.9047	86.835	1009.95	1.23229	25.0671	18.7265	10.561	29.2875	2.08303	219.167	113.265	53.661	40.8542	30.1258								
2015/02/21 03:50:00		2.48093	170.303	21.9047	86.839	1009.99	1.225	25.1842	18.7399	9.3252	28.0651	1.99247	219.792	141.131	50.907	39.9792	29.2067								
2015/02/21 03:55:00		2.29178	166.747	21.9026	86.945	1010.05	1.18854	25.24	19.2044	9.5032	28.7076	1.95433	219.583	204.356	51.685	39.475	28.8158								
2015/02/21 04:00:00		1.36095	161.695	21.9385	87.083	1010.07	1.16667	25.1044	19.3831	10.5096	29.8927	2.14977	221.25	134.188	53.067	39.9483	28.4658								
2015/02/21 04:05:00		2.03118	149.808	22.0026	87.121	1010.08	1.15937	24.9087	19.7762	11.4476	31.2238	2.05443	247.708	44.8601	50.589	39.3617	28.09								
2015/02/21 04:10:00		1.11975	149.421	22.0031	87.134	1010.12	1.18125	24.6821	19.5506	12.8512	32.4018	2.21173	245.0	29.0484	51.113	38.9225	27.9175								
2015/02/21 04:15:00		1.20176	141.635	21.9995	87.133	1010.21	1.21771	24.6164	19.3898	11.6599	31.0497	2.1736	261.667	32.145	53.677	40.5833	28.3492								
2015/02/21 04:20:00		1.65627	149.202	22.0021	87.134	1010.23	1.23229	24.713	19.4948	11.4237	30.9184	2.16883	277.292	48.1818	52.607	40.0658	28.5225								
2015/02/21 04:25:00		2.22589	165.297	21.9526	87.199	1010.25	1.19583	24.8252	19.9749	13.5119	33.4868	2.0735	273.958	74.219	57.336	41.7775	28.9133								
2015/02/21 04:30:00		1.89744	166.902	21.9693	87.308	1010.25	1.19583	24.9428	19.9169	12.3206	32.2374	2.12593	268.958	104.632	58.002	42.0842	29.3392								
2015/02/21 04:35:00		1.94297	169.167	22.0016	87.427	1010.27	1.16667	25.0663	20.7655	12.4096	33.1751	2.42147	254.583	135.763	56.009	41.6958	29.2467								
2015/02/21 04:40:00		1.20687	166.081	21.9214	87.51	1010.3	1.17396	25.1388	21.5695	12.7622	34.3317	2.1879	273.75	192.963	57.404	42.2033	29.3225								
2015/02/21 04:45:00		0.98685	145.781	21.9063	87.614	1010.4	1.17396	25.0027	21.5316	13.9124	35.444	2.13547	265.625	158.632	59.397	43.2317	29.6292								
2015/02/21 04:50:00		1.36843	143.787	21.9302	87.752	1010.39	1.23229	24.829	21.2546	13.2654	34.52	2.36427	277.5	48.989	60.414	43.6842	30.5558								
2015/02/21 04:55:00		0.87022	129.087	22.0036	87.898	1010.39	1.15208	24.6338	21.3752	12.9881	34.3634	2.2594	297.917	30.9092	64.085	45.3917	31.0508								
2015/02/21 05:00:00		0.88644	143.211	22.0052	87.893	1010.42	1.15208	24.5557	21.5874	14.0151	35.6025	2.5311	340.417	31.7807	65.217	46.8375	32.5708								
2015/02/21 05:05:00		0.84277	141.479	22.0021	87.792	1010.38	1.20313	24.6615	22.9899	12.8546	35.8445	3.23657	380.833	47.571	66.26	46.2067	31.975								
2015/02/21 05:10:00		0.97234	160.745	22.001	87.733	1010.37	1.18125	24.782	22.3311	13.1935	35.5246	3.33667	415.208	73.93	66.141	47.1967	32.5308								
2015/02/21 05:15:00		1.0702	144.897	22.0036	87.743	1010.38	1.18854	24.9321	25.5806	14.3438	39.9244	2.9315	408.958	105.878	66.012	47.1133	32.5483								
2015/02/21 05:20:00		1.30191	117.034	22.001	87.885	1010.42	1.20313	25.0526	24.9419	14.467	39.4089	2.73607	434.375	136.67	68.003	48.2492	33.0442								
2015/02/21 05:25:00		1.11001	122.208	21.9844	88.036	1010.43	1.14479	25.1305	23.8163	15.1585	38.9748	2.68363	446.25	204.724	68.455	49.8333	34.2817								
2015/02/21 05:30:00		0.97013	119.939	22.0047	88.246	1010.43	1.17396	25.0094	23.9413	13.1285	37.0698	2.4739	413.542	155.707	71.045	51.433	35.5367								
2015/02/21 05:35:00		1.56935	124.657	22.0042	88.343	1010.45	1.16667	24.8341	23.5952	13.7139	37.309	2.47867	400.833	49.6104	72.798	52.67	36.395								
2015/02/21 05:40:00		1.12218	126.816	22.0031	88.381	1010.47	1.15937	24.6435	23.7314	13.9946	37.726	2.717	398.958	31.245	73.777	53.422	36.4								
2015/02/21 05:45:00		1.39715	119.626	22.0031	88.344	1010.46	1.13021	24.5729	24.3947	15.4118	39.8065	2.6169	426.667	32.6093	74.77	51.84	34.4917								
2015/02/21 05:50:00		0.90611	119.958	22.0	88.351	1010.53	1.21771	24.7144	26.6526	16.6819	43.3345	2.67887	423.75	52.993	71.417	49.9133	34.4233								
2015/02/21 05:55:00		1.41848	88.585	21.9109	88.476	1010.61	1.19583	24.8929	29.7703	19.0988	48.8691	2.69317	465.208	63.472	72.012	49.3725	33.1317								
2015/02/21 06:00:00		1.84242	94.408	21.9036	88.597	1010.65	1.16667	25.0639	31.0143	21.122	52.136	2.86953	521.04	66.09	71.684	49.4717	33.245								
2015/02/21 06:05:00		1.65024	101.727	21.9047	88.76	1010.67	1.15208	25.2099	32.9372	21.3308	54.268	2.7742	550.21	67.233	63.326	45.7333	33.3875								
2015/02/21 06:10:00		1.41342	100.441	21.8979	88.897	1010.71	1.17396	25.349	29.6743	20.6153	50.29	2.78373	570.21	68.39	59.408	43.9167	33.6417								
2015/02/21 06:15:00		1.3965	90.595	21.799	89.035	1010.74	1.15208	25.4843	31.3046	20.0744	51.379	3.06497	560.63	67.847	51.492	40.2133	34.3617								
2015/02/21 06:20:00		0.88726	98.078	21.8026	89.178	1010.8	1.13021	25.6075	30.686	20.5195	51.205	2.8457	561.04	67.622	52.941	41.22	34.9017								
2015/02/21 06:25:00		1.38312	84.855	21.8031	89.34	1010.88	1.14479	25.7267	34.8914	22.4023	57.294	3.06973	613.75	67.608	50.648	40.6292	36.0667								
2015/02/21 06:30:00		1.79264	103.0	21.7984	89.47	1010.92	1.18125	25.8282	35.9946	22.8302	58.825	3.2604	689.79	68.119	48.7517	39.725	36.1142								
2015/02/21 06:35:00		1.879	95.61	21.8068	89.594	1010.95	1.1375	25.9319	38.5965	23.799	62.395	3.05543	688.54	68.297	47.6683	38.63	34.8333								
2015/02/21 06:40:00		1.7294	98.836	21.8057	89.68	1010.97	1.21771	26.0272	37.9957	22.9329	60.929	3.1603	670.63	67.108	47.5833	38.3433	34.3033								
2015/02/21 06:45:00		1.10732	106.76	21.8031	89.758	1010.99	1.17396	26.1123	35.5614	21.5567	57.118	3.05067	648.54	66.719	54.551	41.66	34.0817								
2015/02/21 06:50:00		1.32457	117.599	21.8062	89.85	1011.06	1.1375	26.1982	34.3464	22.2893	56.636	3.41293	683.33	66.933	81.103	56.242	40.2375								
2015/02/21 06:55:00		1.01542	113.139	21.8068	89.927	1011.07	1.11563	26.2661	43.9922	25.141	69.133	4.433	722.29	67.047	57.095	42.4925	34.0825								
2015/02/21 07:00:00		1.07485	110.638	21.751	89.929	1011.11	2.80729	26.3263	52.405	27.8728	80.278	5.0384	759.58	66.562	66.944	46.755	33.3575								
2015/02/21 07:05:00		1.23842	105.941	21.7703	89.962	1011.23	5.0896	26.3912	48.6643	26.4624	75.127	4.49973	865.63	66.247	63.07	44.8575	33.1875								
2015/02/21 07:10:00		1.23675	92.384	21.8089	90.029	1011.33	8.4802	26.4559	58.274	27.5647	85.839	4.66656	875.42	65.933	80.313	54.933	40.5183								
2015/02/21 07:15:00		1.09983	125.123	21.8021	90.03	1011.42	11.426	26.5037	60.651	28.4616	89.112	4.9907	856.67	66.347	65.319	45.9758	33.2975								
2015/02/21 07:20:00		1.46194	127.622	21.8031	90.023	1011.54	7.2917	26.5475	52.445	27.2155	79.661	5.21	845.63	65.776	64.631	45.3492	33.2017								
2015/02/21 07:25:00		1.4205	136.145	21.8047	90.028	1011.64	12.3521	26.5864	58.013	27.8112	85.824	4.7619	868.33	64.801	66.247	45.3725	32.4								
2015/02/21 07:30:00		1.18409	137.512	21.8292	89.942	1011.69	15.874	26.632	55.255	28.8245	84.079	4.63797	845.42	64.397	61.092	42.905	31.5883								
2015/02/21 07:35:00		1.36042	138.296	21.9099	89.869	1011.74	25.2875	26.6906	53.383	29.2421	82.626	4.3329	881.25	63.926	63.283	42.8875	31.3742								
2015/02/21 07:40:00		1.7324	146.635	21.9068	89.708	1011.8	29.8667	26.7429	62.397	31.0736	93.471	4.65227	919.38	63.176	55.552	38.4	28.5192								
2015/02/21 07:45:00		1.56768	152.484	21.9073	89.498	1011.86	29.5458	26.7955	68.686	34.0314	102.718	3.99923	910.21	62.047	54.158	37.505	27.8525								
2015/02/21 07:50:00		2.21321	146.199	21.9052	89.282	1011.87	40.6802	26.8463	57.155	32.0835	89.239	4.26616	870.83	61.29	46.26	33.29	25.1392								
2015/02/21 07:55:00		2.07637	146.52	21.9786	89.072	1011.87	53.601	26.8965	47.8737	29.4372	77.311	4.0183	835.0	60.615	50.704	36.61	28.3442								
2015/02/21 08:00:00		1.88138	154.67	22.0068	88.914	1011.85	65.224	26.9534	65.461	30.9641	96.425	4.1899	870.83	60.461	49.59	35.6667	27.1467								
2015/02/21 08:05:00		2.71259	140.485	22.0906	88.666	1011.88	81.652	27.0066	66.58	34.514	101.094	4.3758	895.21	59.568	46.19	33.2108	26.2392								
2015/02/21 08:10:00		2.48281	142.655	22.1094	88.373	1011.86	69.818	27.0549	54.082	31.8952	85.978	4.18513	842.5	59.175	45.7033	33.5567	26.4358								
2015/02/21 08:15:00		1.66117	144.378	22.1661	88.076	1011.94	56.109	27.1013	54.571	31.1797	85.751	3.77043	821.04	58.932	48.845	34.0767	25.9717								
2015/02/21 08:20:00		2.15359	128.951	22.2073	87.785	1012.08	61.308	27.1579	52.707	31.6179	84.325	3.9754	851.67	58.232	48.805	35.3033	27.12								
2015/02/21 08:25:00		2.3128	140.971	22.2057	87.479	1012.15	64.969	27.216	47.3154	30.5738	77.889	4.29953	840.42	57.89	50.681	36.6325	27.7967								
2015/02/21 08:30:00		2.85945	138.319	22.2062	87.115	1012.2	80.843	27.261	53.459	31.0907	84.55	4.21373	818.54	57.036	49.8333	36.5433	27.8942								
2015/02/21 08:35:00		2.39422	152.207	22.2031	86.874	1012.27	95.003	27.3083	48.3427	31.9808	80.323	4.1899	788.13	56.775	54.113	38.44	28.4								
2015/02/21 08:40:00		3.1263	143.71	22.287	86.83	1012.32	141.473	27.3572	44.258	30.1116	74.37	4.03736	847.29	56.518	53.47	38.5933	28.9367								
2015/02/21 08:45:00		2.36152	151.349	22.3151	86.718	1012.32	155.663	27.4036	53.56	32.5456	86.105	4.12793	871.67	56.104	54.242	38.8567	29.08								
2015/02/21 08:50:00		2.61157	153.679	22.4078	86.565	1012.35	102.331	27.4509	46.9849	31.546	78.531	4.90967	906.46	55.979	53.928	39.0667	28.705								
2015/02/21 08:55:00		2.06747	148.481	22.4302	86.398	1012.36	109.98	27.5014	44.325	30.2349	74.56	4.59983	887.5	56.229	57.117	40.4083	30.3267								
2015/02/21 09:00:00		1.69363	158.305	22.5057	86.333	1012.51	91.204	27.551	52.343	31.012	83.355	4.6189	860.83	56.047	65.212	44.7567	32.7667								
2015/02/21 09:05:00		1.91133	152.269	22.5974	86.174	1012.56	104.526	27.6023	56.941	33.7814	90.723	5.2672	977.08	56.336	58.486	40.9783	30.5992								
2015/02/21 09:10:00		2.40885	150.188	22.6667	85.954	1012.57	114.53	27.6541	53.917	32.7647	86.682	4.9907	1040.0	56.222	59.869	41.8092	32.1058								
2015/02/21 09:15:00		2.62703	151.381	22.7115	85.599	1012.57	102.324	27.7164	51.46	33.9286	85.389	5.229	1082.5	56.614	53.385	39.3725	30.2283								
2015/02/21 09:20:00		2.70938	145.335	22.8135	85.249	1012.56	115.959	27.7717	51.458	33.2782	84.736	5.3291	1065.83	56.211	49.9625	37.0917	28.7808								
2015/02/21 09:25:00		2.99077	149.3	22.8526	84.935	1012.68	121.319	27.8243	44.4679	32.3813	76.849	5.1814	1062.5	55.347	52.048	38.7075	30.8833								
2015/02/21 09:30:00		3.19618	153.672	22.9125	84.514	1012.75	160.738	27.8697	54.484	34.4216	88.906	5.4102	1066.25	55.618	42.8242	33.3308	26.5175								
2015/02/21 09:35:00		2.63673	159.435	23.038	84.169	1012.66	245.51	27.9209	48.0658	33.8431	81.909	5.5246	1006.88	53.939	45.9092	32.27	24.9208								
2015/02/21 09:40:00		3.93559	152.944	23.175	83.618	1012.57	129.646	27.9811	48.1775	34.8872	83.065	5.7534	1010.83	53.393	41.0583	29.545	23.6158								
2015/02/21 09:45:00		1.93613	132.112	23.2125	82.923	1012.69	81.798	28.0399	45.2317	34.0211	79.253	5.72	995.0	52.836	43.9342	31.2067	23.97								
2015/02/21 09:50:00		2.40405	129.751	23.2953	82.755	1012.67	97.169	28.096	47.2573	34.9522	82.21	5.5293	1023.13	52.557	44.1775	31.9425	25.0033								
2015/02/21 09:55:00		2.82849	141.57	23.2318	82.727	1012.63	112.408	28.143	45.388	34.3497	79.738	4.98116	1053.75	52.918	41.1508	29.7975	23.8								
2015/02/21 10:00:00		2.30445	137.285	23.2125	82.91	1012.67	79.275	28.1948	42.4512	32.6038	75.055	4.90967	1007.08	51.632	45.0942	31.8283	24.9842								
2015/02/21 10:05:00		2.38769	136.504	23.2859	83.017	1012.69	197.4	28.237	49.3678	34.7126	84.08	5.0288	1141.67	52.203	44.4625	31.07	25.015								
2015/02/21 10:10:00		2.71451	150.53	23.3245	82.935	1012.56	198.37	28.2746	50.5	35.7396	86.24	5.2195	1271.67	51.675	42.0483	31.1267	24.9533								
2015/02/21 10:15:00		2.93908	144.015	23.4151	82.528	1012.59	89.345	28.3239	58.688	36.6981	95.386	5.2958	1237.92	51.846	39.335	29.9475	24.9								
2015/02/21 10:20:00		2.33484	150.525	23.4156	82.194	1012.68	101.595	28.3661	47.2998	33.1824	80.482	5.1194	1197.71	51.403	47.6558	34.1108	27.1442								
2015/02/21 10:25:00		2.72132	138.505	23.413	82.237	1012.68	146.672	28.4023	48.9814	34.9454	83.927	5.2052	1280.83	51.164	45.6675	35.3517	28.6342								
2015/02/21 10:30:00		3.16067	137.049	23.4172	82.232	1012.61	204.568	28.4439	51.217	35.3117	86.529	5.4006	1248.96	50.943	43.315	32.9767	27.1542								
2015/02/21 10:35:00		2.24156	137.245	23.4188	82.192	1012.6	285.265	28.492	46.795	34.8598	81.655	5.0622	1153.33	51.575	42.4383	32.58	26.7433								
2015/02/21 10:40:00		2.42518	142.751	23.5094	82.183	1012.57	380.362	28.535	41.9934	34.3634	76.357	5.3053	1141.46	51.203	53.628	36.83	28.5658								
2015/02/21 10:45:00		3.42499	143.485	23.6635	81.828	1012.49	373.501	28.5981	49.0887	36.1846	85.273	5.3959	1154.38	50.725	43.1575	32.01	26.1508								
2015/02/21 10:50:00		2.76342	139.972	23.7958	81.069	1012.38	228.885	28.6558	42.3351	33.1036	75.439	4.93827	1138.13	51.064	44.3267	32.82	26.385								
2015/02/21 10:55:00		3.16089	142.485	23.8182	80.429	1012.28	220.989	28.7333	39.8449	32.4292	72.274	5.005	1064.38	50.593	45.9075	35.2725	29.025								
2015/02/21 11:00:00		2.83364	150.307	23.826	80.505	1012.21	639.82	28.8061	55.195	36.6879	91.882	4.8906	1045.21	50.561	43.9042	32.6583	26.5283								
2015/02/21 11:05:00		2.52828	156.666	24.0339	80.613	1012.17	462.795	28.8743	41.7388	34.7948	76.534	5.4864	1058.96	50.586	50.487	35.5642	28.6767								
2015/02/21 11:10:00		2.02794	133.938	24.3469	79.46	1012.16	384.329	28.9597	53.156	39.3238	92.479	5.9488	1152.5	50.675	48.655	35.3625	28.0592								
2015/02/21 11:15:00		2.8977	140.04	24.4865	77.707	1012.1	425.177	29.0432	55.516	42.2268	97.743	5.8487	1148.75	50.318	44.8658	34.1117	27.1483								
2015/02/21 11:20:00		2.80498	149.573	24.5734	77.164	1012.04	686.15	29.1261	46.527	39.7928	86.32	6.0775	1110.83	49.5747	44.3733	31.8967	25.7067								
2015/02/21 11:25:00		2.55081	156.995	24.7714	76.271	1011.96	528.35	29.219	42.2256	38.8548	81.08	5.8773	1103.33	49.0354	42.4517	30.3033	24.7442								
2015/02/21 11:30:00		3.55747	149.829	24.949	75.451	1011.87	707.49	29.3197	44.6979	40.1865	84.884	6.3587	1062.5	48.6961	45.2467	32.7633	26.52								
2015/02/21 11:35:00		2.93761	145.468	25.1125	74.478	1011.84	649.13	29.4161	45.493	42.0659	87.559	6.783	1022.71	48.2568	41.6375	30.4192	24.4142								
2015/02/21 11:40:00		2.48833	135.606	25.2281	73.689	1011.77	447.774	29.4204	46.8799	42.6205	89.5	6.5399	961.25	44.3851	40.69	30.0017	24.1167								
2015/02/21 11:45:00		2.37137	148.11	25.3151	73.276	1011.68	449.655	29.0416	45.0084	41.4771	86.485	6.087	956.67	36.931	41.17	30.0017	23.985								
2015/02/21 11:50:00		2.28325	151.45	25.4349	72.881	1011.55	656.78	28.6727	41.1313	37.6635	78.795	6.4827	981.88	35.1809	39.725	28.8633	23.225								
2015/02/21 11:55:00		2.16898	135.754	25.5995	71.896	1011.53	630.2	28.3215	38.7148	36.8898	75.605	5.9631	1007.92	31.9843	40.9433	29.8333	24.1233								
2015/02/21 12:00:00		2.54738	136.532	25.776	70.784	1011.43	841.78	28.056	41.1938	40.0496	81.243	6.1633	1007.29	29.7877	40.735	30.0633	24.3067								
2015/02/21 12:05:00		2.03778	137.341	25.9552	69.817	1011.38	658.59	27.8477	39.4474	39.05	78.497	5.6723	984.58	26.6661	38.4558	27.5883	21.8192								
2015/02/21 12:10:00		2.30552	127.271	26.1583	69.434	1011.3	447.46	27.7215	37.1135	39.4539	76.567	5.8344	959.58	25.8874	38.3758	27.53	22.2917								
2015/02/21 12:15:00		3.00314	154.298	26.2182	68.396	1011.22	327.724	27.7341	33.567	37.1158	70.683	5.2672	913.75	36.9167	37.6542	26.7942	21.5083								
2015/02/21 12:20:00		2.45645	149.773	26.2115	68.001	1011.11	416.646	27.8678	38.6367	38.6734	77.31	5.148	910.21	52.625	36.6983	26.965	21.6283								
2015/02/21 12:25:00		1.72979	129.685	26.2141	68.177	1011.02	381.544	28.0482	35.6395	38.0812	73.721	5.1051	914.17	74.184	34.6275	25.8292	21.1558								
2015/02/21 12:30:00		2.04437	140.32	26.1672	67.528	1010.95	305.805	28.2493	38.458	39.875	78.333	4.8048	928.75	98.246	32.87	23.3325	18.5583								
2015/02/21 12:35:00		1.81433	147.833	26.15	68.036	1010.9	602.67	28.4268	39.8985	40.0016	79.9	5.3863	959.17	117.819	34.7808	25.8825	21.1175								
2015/02/21 12:40:00		1.57102	113.852	26.3	67.202	1010.83	415.29	28.4611	37.6696	40.9465	78.616	5.7534	969.58	142.759	32.0383	23.2492	18.4267								
2015/02/21 12:45:00		2.69708	137.298	26.4057	66.751	1010.74	595.88	28.2955	43.6393	43.9796	87.619	5.5722	932.71	55.354	31.0375	22.1275	16.8325								
2015/02/21 12:50:00		2.05397	148.268	26.4234	66.263	1010.67	693.72	28.1118	39.8069	40.5254	80.332	5.372	865.42	33.2879	28.6758	20.5408	16.6483								
2015/02/21 12:55:00		1.96425	147.343	26.4807	65.577	1010.54	458.821	27.9156	37.1537	40.6041	77.758	5.2338	828.54	26.6446	28.0708	20.8442	16.6217								
2015/02/21 13:00:00		2.04867	148.531	26.5333	65.56	1010.49	573.11	27.7478	35.9165	38.1325	74.049	5.1528	826.88	23.2873	30.8258	21.9533	17.9725								
2015/02/21 13:05:00		2.31832	148.944	26.6448	64.951	1010.39	654.2	27.6479	39.2017	42.576	81.778	4.9621	844.58	27.1054	27.8383	20.53	16.7283								
2015/02/21 13:10:00		2.80023	142.935	26.7708	64.455	1010.31	402.85	27.7655	34.1499	40.1762	74.326	4.88583	820.83	40.3527	31.6958	21.6192	17.4242								
2015/02/21 13:15:00		2.73039	134.995	26.6958	64.886	1010.26	468.679	27.9795	35.577	39.9606	75.538	4.79527	820.0	58.165	32.0708	23.2658	19.0933								
2015/02/21 13:20:00		2.41761	151.622	26.6932	64.584	1010.17	685.73	28.2093	35.1214	41.816	76.937	4.54263	835.42	84.095	33.0175	20.7483	16.6808								
2015/02/21 13:25:00		3.4359	148.514	26.8286	64.665	1010.05	677.03	28.4686	33.4955	38.4611	71.957	4.3758	791.88	108.325	29.3217	19.7792	16.065								
2015/02/21 13:30:00		2.77788	132.509	26.9333	64.266	1010.02	763.33	28.5425	35.0097	43.0621	78.072	4.2328	746.67	127.816	32.5283	20.1467	16.0183								
2015/02/21 13:35:00		3.37267	147.919	27.1068	64.083	1009.94	595.77	28.463	31.1193	37.3794	68.499	4.40917	735.42	47.9532	29.7875	20.005	15.9533								
2015/02/21 13:40:00		3.04851	134.439	27.0224	63.713	1009.83	590.23	28.3688	30.2505	38.4372	68.688	4.4902	746.04	30.752	30.6458	19.2	15.55								
2015/02/21 13:45:00		3.28241	134.14	27.0875	63.808	1009.74	642.64	28.296	32.122	41.8126	73.935	4.98593	778.54	25.4696	33.7367	20.6142	16.6125								
2015/02/21 13:50:00		2.92783	137.536	27.1266	63.258	1009.63	219.231	28.2246	39.1146	46.482	85.597	8.3083	805.21	23.3016	29.6633	19.4292	15.9775								
2015/02/21 13:55:00		2.79243	151.731	26.9333	63.359	1009.55	272.096	28.1344	35.6552	43.5516	79.207	9.3665	826.46	22.0765	26.6633	19.4783	16.08								
2015/02/21 14:00:00		2.90458	158.561	26.6953	64.955	1009.44	383.141	28.1003	32.7585	40.8917	73.65	8.0223	823.54	26.141	25.49	19.1483	15.785								
2015/02/21 14:05:00		3.7681	144.082	26.6083	65.887	1009.35	508.67	28.2566	30.858	38.9781	69.836	6.8354	806.67	39.7241	24.34	18.0017	15.1592								
2015/02/21 14:10:00		4.41145	143.301	26.5896	65.707	1009.28	603.26	28.5076	29.8619	38.0298	67.892	5.7629	791.67	58.782	23.8583	16.8717	13.9233								
2015/02/21 14:15:00		3.0025	144.421	26.551	66.038	1009.2	593.79	28.7921	30.2416	37.037	67.279	5.3625	748.33	84.463	24.645	18.2133	15.175								
2015/02/21 14:20:00		3.53038	141.768	26.6802	67.097	1009.15	726.05	28.8807	29.7949	38.1051	67.9	6.0346	788.13	115.047	26.4967	18.9875	15.8375								
2015/02/21 14:25:00		3.70854	146.189	26.8177	65.88	1009.11	727.48	28.7739	30.2103	36.4688	66.679	6.3826	809.38	48.0711	27.3683	18.2033	14.915								
2015/02/21 14:30:00		3.20978	146.101	26.9286	65.879	1009.07	706.45	28.6319	27.4052	34.6955	62.101	6.1395	780.42	31.0092	27.6708	18.1625	14.9892								
2015/02/21 14:35:00		3.34986	136.742	27.1161	65.972	1009.03	666.73	28.5677	25.6923	34.6749	60.367	5.4388	809.38	25.5874	28.5217	19.0308	15.4133								
2015/02/21 14:40:00		3.45656	139.282	27.3891	64.591	1008.98	456.13	28.5282	27.8564	36.1572	64.014	4.9049	822.92	23.1765	29.1158	18.8317	15.3883								
2015/02/21 14:45:00		3.92862	145.913	27.3016	63.797	1008.98	471.078	28.496	28.982	36.9446	65.927	4.95257	815.42	22.6551	28.5875	19.245	15.9358								
2015/02/21 14:50:00		4.05568	149.798	27.1177	64.494	1008.89	594.96	28.4472	28.9261	38.4543	67.38	5.0384	817.5	22.7801	29.34	19.1083	15.5625								
2015/02/21 14:55:00		3.69318	139.066	27.074	64.293	1008.86	470.232	28.5897	27.8363	37.8723	65.709	5.0098	826.25	35.1738	37.5383	20.0517	15.805								
2015/02/21 15:00:00		3.14251	147.709	27.0021	64.326	1008.81	535.18	28.8531	29.2075	37.0439	66.251	5.2243	826.67	50.246	35.4483	20.6117	15.8017								
2015/02/21 15:05:00		2.67992	130.923	27.0938	64.078	1008.76	396.076	29.1629	32.7518	39.293	72.045	5.3768	872.29	74.987	33.1217	20.14	15.675								
2015/02/21 15:10:00		3.68891	138.662	27.1557	65.05	1008.67	324.815	29.2262	36.6959	41.2341	77.93	5.1289	935.63	95.942	38.6833	23.8983	19.1475								
2015/02/21 15:15:00		4.2116	152.4	26.9917	62.829	1008.62	422.53	29.0652	33.3883	37.8689	71.257	4.9764	944.38	42.0135	33.4733	20.475	16.03								
2015/02/21 15:20:00		3.73316	138.998	26.9875	60.167	1008.66	495.615	28.9143	31.2064	33.6924	64.899	4.62367	918.75	29.377	32.6692	21.1175	16.105								
2015/02/21 15:25:00		4.13306	138.488	27.087	59.116	1008.57	488.768	28.8133	33.4017	35.4691	68.871	5.1814	889.58	24.5445	32.0525	20.1442	15.2725								
2015/02/21 15:30:00		4.69486	136.588	27.0922	58.629	1008.51	411.943	28.702	32.7116	35.6403	68.352	5.005	857.08	22.0658	34.1925	20.9675	15.7133								
2015/02/21 15:35:00		3.47809	141.318	27.0141	58.49	1008.41	401.567	28.5387	31.3448	33.6377	64.983	4.72853	819.17	21.6907	50.039	24.2675	16.745								
2015/02/21 15:40:00		4.02303	154.923	26.9146	58.432	1008.42	435.356	28.4982	31.2689	35.5582	66.827	4.77143	811.88	29.8306	39.5533	22.0825	15.9308								
2015/02/21 15:45:00		3.38748	159.408	26.8177	59.132	1008.44	449.043	28.615	32.4816	34.8666	67.348	4.6332	786.46	43.2064	40.1142	23.8658	17.5625								
2015/02/21 15:50:00		4.06608	151.973	26.8734	59.872	1008.39	460.709	28.8211	32.2181	34.9248	67.143	4.5045	808.75	62.711	35.9242	24.8075	17.9808								
2015/02/21 15:55:00		2.82011	135.554	26.9609	60.16	1008.36	377.293	29.0338	28.379	32.7442	61.123	4.45207	800.42	87.434	38.6933	25.7225	18.6158								
2015/02/21 16:00:00		2.84	135.596	26.9891	60.907	1008.28	241.245	28.9632	27.9033	31.8199	59.723	4.8906	774.17	99.639	39.4717	28.0308	21.0608								
2015/02/21 16:05:00		2.56589	131.824	26.9573	60.739	1008.29	203.372	28.7076	28.2919	34.6236	62.915	4.8763	765.0	41.4527	42.1583	27.045	19.7267								
2015/02/21 16:10:00		3.08209	152.477	26.8885	61.77	1008.33	242.944	28.4598	30.4895	36.3626	66.852	4.9478	872.08	29.3377	41.4233	29.1775	20.5967								
2015/02/21 16:15:00		3.28707	142.12	26.8057	61.855	1008.31	197.735	28.2472	37.3503	38.064	75.414	5.067	930.63	24.8659	43.6258	30.5283	21.9508								
2015/02/21 16:20:00		4.23363	135.216	26.6724	62.221	1008.32	147.736	28.078	39.769	41.2957	81.065	5.0622	946.67	23.348	44.6383	31.3217	22.1042								
2015/02/21 16:25:00		3.22278	137.58	26.45	63.359	1008.37	143.558	27.9846	38.4781	41.0731	79.551	5.2338	954.79	30.5163	49.76	33.5992	22.2492								
2015/02/21 16:30:00		4.28382	133.43	26.3198	63.841	1008.39	175.423	28.0606	38.7751	40.2036	78.979	4.77143	951.04	43.9815	51.089	34.3	22.0725								
2015/02/21 16:35:00		3.66931	138.696	26.2432	63.469	1008.46	177.428	28.2072	35.0946	36.1162	71.211	4.95257	917.08	63.922	38.7375	27.4567	20.4217								
2015/02/21 16:40:00		3.33743	144.487	26.2526	64.287	1008.45	158.988	28.38	34.2236	34.9557	69.179	4.69517	917.29	87.106	40.0542	28.6608	20.5483								
2015/02/21 16:45:00		2.96523	148.682	26.2865	64.566	1008.47	148.422	28.5621	36.1599	35.2466	71.407	4.61413	911.46	108.95	41.0617	28.9342	20.6242								
2015/02/21 16:50:00		3.97512	150.506	26.2177	64.852	1008.5	112.489	28.6542	49.4505	40.1283	89.579	5.0813	956.67	140.592	40.5667	27.8933	19.7883								
2015/02/21 16:55:00		3.41101	156.118	26.1667	65.094	1008.51	100.8	28.4654	42.9269	37.8107	80.738	4.9335	964.17	83.002	40.8383	28.5083	20.14								
2015/02/21 17:00:00		3.38794	134.365	26.1042	65.983	1008.56	87.588	28.2375	42.1943	38.3413	80.536	4.98116	975.42	36.8632	42.3717	30.045	21.3858								
2015/02/21 17:05:00		3.107	147.73	26.0151	66.659	1008.61	67.382	27.9304	37.8684	35.031	72.899	5.067	970.21	27.7161	45.015	31.0842	22.14								
2015/02/21 17:10:00		2.47834	144.453	25.8896	66.784	1008.67	55.446	27.6976	40.8722	36.0272	76.899	5.3577	991.25	24.2623	41.9375	29.2825	20.7183								
2015/02/21 17:15:00		1.94989	146.438	25.7443	66.956	1008.72	53.098	27.5969	43.4852	36.2668	79.752	5.1099	998.13	30.8128	42.185	29.0775	20.7892								
2015/02/21 17:20:00		3.19142	148.692	25.5927	67.868	1008.75	49.576	27.7038	38.6255	33.0146	71.64	4.9335	1010.21	44.878	39.445	28.5708	19.99								
2015/02/21 17:25:00		3.53468	146.112	25.4693	68.107	1008.77	41.9562	27.8404	38.6121	31.3885	70.001	4.8763	1027.08	65.754	38.515	28.3067	20.315								
2015/02/21 17:30:00		3.42164	148.828	25.3109	68.493	1008.75	37.9167	27.9773	37.8974	31.9123	69.81	4.56647	985.83	89.381	38.5408	28.3467	20.9733								
2015/02/21 17:35:00		2.75371	136.212	25.2276	69.26	1008.76	33.1771	28.1038	36.8277	32.9633	69.791	4.9049	973.96	111.697	42.7658	29.8233	21.1325								
2015/02/21 17:40:00		3.96092	140.241	25.1354	69.693	1008.8	25.5719	28.2152	36.4368	31.7822	68.219	4.72853	972.5	129.091	39.5425	28.3375	20.1725								
2015/02/21 17:45:00		3.091	136.827	25.0417	70.447	1008.86	21.0948	28.2979	36.046	30.4437	66.49	4.45207	910.83	139.895	50.2	35.1125	25.7475								
2015/02/21 17:50:00		3.11066	152.988	24.9354	70.842	1008.88	16.0417	28.3095	39.8114	34.2094	74.021	4.4616	910.83	157.525	78.618	59.019	48.2708								
2015/02/21 17:55:00		2.61593	147.204	24.8307	71.434	1008.88	10.8719	28.0182	47.2261	37.1842	84.41	4.71423	950.42	62.143	45.8967	32.22	22.775								
2015/02/21 18:00:00		1.70821	141.749	24.8005	72.113	1008.9	5.8042	27.6128	42.4914	35.2329	77.724	5.291	989.58	38.5275	47.1217	32.2483	22.5383								
2015/02/21 18:05:00		2.98337	133.045	24.7302	72.27	1008.95	1.96875	27.2106	45.2094	33.802	79.011	5.086	1063.96	31.5485	46.6083	32.89	22.9667								
2015/02/21 18:10:00		2.44664	136.589	24.7047	72.091	1008.97	1.15937	26.8425	42.8286	33.1071	75.936	4.9192	1108.54	30.627	45.5067	31.9583	22.7833								
2015/02/21 18:15:00		2.51212	136.73	24.6177	72.456	1009.06	1.23958	26.5246	43.0743	32.1656	75.24	4.96687	1113.33	29.3877	49.3733	34.47	24.4817								
2015/02/21 18:20:00		2.46068	135.934	24.5714	72.99	1009.13	1.19583	26.2097	46.469	34.4866	80.956	4.84293	1106.04	29.1234	46.805	32.6658	23.3225								
2015/02/21 18:25:00		2.68965	136.575	24.5109	73.498	1009.16	1.18125	26.1136	42.3842	32.0561	74.44	4.719	1117.29	34.2594	49.9308	34.0425	23.0733								
2015/02/21 18:30:00		2.57669	135.511	24.5109	74.028	1009.18	1.18854	26.3058	39.6618	29.5742	69.236	4.1899	1082.08	51.814	49.275	34.1642	23.3058								
2015/02/21 18:35:00		2.98857	138.824	24.4688	74.442	1009.24	1.24688	26.4111	39.1146	30.0432	69.158	3.9754	1062.29	87.645	51.514	35.4942	24.4392								
2015/02/21 18:40:00		2.92249	136.602	24.4135	74.721	1009.31	1.16667	26.4935	37.9153	28.4719	66.387	4.12793	1076.04	137.777	51.153	36.2558	25.21								
2015/02/21 18:45:00		2.84087	132.708	24.3292	75.02	1009.36	1.16667	26.5762	39.3089	29.0812	68.39	3.85623	1059.38	176.83	50.826	35.0	24.4592								
2015/02/21 18:50:00		2.43874	138.258	24.3146	75.348	1009.5	1.11563	26.6557	42.7304	29.5844	72.315	3.95157	1044.38	199.056	49.1558	34.5808	24.25								
2015/02/21 18:55:00		2.28805	135.459	24.2703	75.59	1009.54	1.21042	26.744	41.071	27.8454	68.916	3.8181	1010.42	201.692	47.8692	34.1775	24.6475								
2015/02/21 19:00:00		4.04144	129.003	24.2156	75.812	1009.63	1.15208	26.8291	43.3713	31.5255	74.897	3.83717	993.96	191.656	51.647	35.6967	24.9058								
2015/02/21 19:05:00		3.22223	138.993	24.2141	76.073	1009.77	1.1375	26.9249	39.0543	29.0915	68.146	3.67987	971.67	183.212	49.7725	35.1933	24.7717								
2015/02/21 19:10:00		3.10638	138.33	24.2125	76.345	1009.92	1.19583	27.0135	43.6058	31.7103	75.316	4.29953	956.67	170.679	48.4383	34.6642	24.9008								
2015/02/21 19:15:00		3.36037	134.614	24.1974	76.686	1010.08	1.1375	27.1118	45.2808	34.7776	80.058	4.1756	935.0	157.953	48.595	34.4475	24.765								
2015/02/21 19:20:00		3.71606	136.153	24.1151	76.938	1010.15	1.14479	27.2235	40.6802	31.8267	72.507	4.5331	924.58	143.77	44.8775	33.0592	23.785								
2015/02/21 19:25:00		3.31021	135.711	24.112	77.351	1010.18	1.16667	27.1448	36.3877	30.3102	66.698	4.3615	893.13	121.98	46.4217	34.1883	24.0117								
2015/02/21 19:30:00		3.6878	140.955	24.0141	77.633	1010.17	1.1375	26.8664	37.4597	29.0401	66.5	4.13746	859.38	53.454	49.1092	34.355	23.7758								
2015/02/21 19:35:00		3.27646	138.253	23.9964	77.955	1010.24	1.18854	26.5166	36.4636	26.2364	62.7	4.28523	833.33	37.9561	48.9675	34.8125	23.8925								
2015/02/21 19:40:00		3.75934	139.59	23.9099	78.207	1010.3	1.16667	26.3592	34.8914	23.9291	58.82	3.93727	816.04	36.306	50.763	35.1825	24.1933								
2015/02/21 19:45:00		2.99908	142.348	23.8568	78.578	1010.33	1.10833	26.4342	37.5066	26.3117	63.818	3.45583	774.38	58.022	48.6975	35.8042	24.4783								
2015/02/21 19:50:00		3.58113	146.462	23.8177	78.86	1010.36	1.17396	26.4825	36.1376	24.8774	61.015	3.29377	778.13	100.925	47.7992	35.5008	24.2475								
2015/02/21 19:55:00		3.18214	146.259	23.7396	79.01	1010.44	1.17396	26.545	34.4581	23.217	57.675	3.15077	729.38	151.135	48.1892	36.85	25.4								
2015/02/21 20:00:00		2.68718	142.103	23.712	79.246	1010.45	1.18125	26.6149	35.3738	26.1269	61.501	3.35573	721.88	196.027	45.4517	34.4892	24.4608								
2015/02/21 20:05:00		3.70754	141.485	23.637	79.459	1010.48	1.15208	26.7319	31.7424	26.0755	57.818	3.47967	722.29	186.412	46.2025	34.8125	25.0592								
2015/02/21 20:10:00		2.08517	145.458	23.6167	79.689	1010.61	1.09375	26.8691	31.8161	27.4278	59.244	3.7323	730.42	149.489	50.205	36.6175	25.2658								
2015/02/21 20:15:00		2.58942	144.266	23.5271	79.998	1010.71	1.15208	27.0079	32.5129	27.5476	60.06	3.7609	728.33	120.279	50.635	36.5608	25.245								
2015/02/21 20:20:00		3.41641	135.6	23.5089	80.21	1010.77	1.21771	27.1341	31.6575	27.6126	59.27	4.147	724.58	102.668	55.646	38.5858	25.705								
2015/02/21 20:25:00		3.21756	150.685	23.4776	80.399	1010.81	1.10833	27.2541	34.1209	28.8827	63.004	4.0469	739.17	92.438	52.983	36.9567	24.6067								
2015/02/21 20:30:00		2.93008	156.177	23.4104	80.629	1010.93	1.14479	27.3596	31.6285	27.4791	59.108	3.89437	728.75	85.409	49.9275	35.6908	24.26								
2015/02/21 20:35:00		3.52173	144.282	23.3193	80.986	1010.94	1.15208	27.4506	31.7781	25.1649	56.943	3.48443	704.17	80.387	49.965	35.3233	23.8108								
2015/02/21 20:40:00		2.33466	133.76	23.3177	81.378	1011.05	1.17396	27.5338	32.6603	26.2467	58.907	3.54163	691.04	76.634	49.6242	35.6583	24.5858								
2015/02/21 20:45:00		3.83761	143.477	23.2896	81.64	1011.15	1.13021	27.6144	34.5095	29.3346	63.844	3.718	680.21	74.019	63.192	42.6533	25.6317								
2015/02/21 20:50:00		3.47107	140.657	23.2151	81.902	1011.16	1.17396	27.6944	30.5565	24.7884	55.345	3.90867	675.83	71.933	73.641	55.478	43.6883								
2015/02/21 20:55:00		3.03823	140.394	23.2104	82.109	1011.16	1.15937	27.7645	32.7027	28.0679	60.771	3.6036	689.58	72.505	91.357	72.212	61.495								
2015/02/21 21:00:00		3.24737	140.716	23.2172	82.262	1011.23	1.18854	27.8198	36.2247	31.303	67.528	4.6475	722.08	79.952	111.633	97.53	88.24								
2015/02/21 21:05:00		2.3052	133.744	23.2141	82.447	1011.17	1.13021	27.6565	36.6043	33.891	70.495	6.2014	806.04	83.991	82.382	68.048	58.953								
2015/02/21 21:10:00		2.55516	135.337	23.2167	82.545	1011.23	1.15937	27.246	36.5038	31.9294	68.433	6.3587	892.92	61.49	57.72	43.5767	33.9333								
2015/02/21 21:15:00		2.72349	147.914	23.2099	82.566	1011.29	1.16667	26.8015	41.4886	30.9024	72.391	5.4006	930.42	47.5603	56.193	42.7267	33.9633								
2015/02/21 21:20:00		3.12323	146.13	23.2146	82.688	1011.27	1.18854	26.6465	43.7376	31.0941	74.832	4.8763	905.63	46.9389	53.678	40.8383	31.5167								
2015/02/21 21:25:00		3.48137	141.473	23.212	82.906	1011.29	1.13021	26.6699	39.874	27.6229	67.497	4.43776	875.83	68.944	53.165	39.32	29.2633								
2015/02/21 21:30:00		3.06612	141.825	23.1255	83.116	1011.29	1.15937	26.6798	36.4324	25.6955	62.128	4.05643	851.46	106.425	52.69	39.33	29.4017								
2015/02/21 21:35:00		3.20435	149.601	23.1115	83.306	1011.39	1.21771	26.7196	38.7104	28.1466	66.857	4.19466	814.79	160.789	53.347	38.8733	28.745								
2015/02/21 21:40:00		3.51973	146.604	23.1104	83.403	1011.53	1.14479	26.8065	37.8863	29.8343	67.721	4.05167	795.0	164.436	48.055	35.66	25.6783								
2015/02/21 21:45:00		2.97562	150.861	23.0432	83.563	1011.66	1.225	26.9139	35.5078	28.1946	63.702	3.86577	741.67	128.012	45.1933	34.0808	24.6558								
2015/02/21 21:50:00		2.97472	157.736	23.0031	83.75	1011.7	1.17396	27.0278	33.4799	25.3601	58.84	3.52257	702.29	105.621	47.4092	34.955	24.8708								
2015/02/21 21:55:00		2.65658	154.654	23.0078	83.865	1011.73	1.17396	27.1212	31.7893	25.384	57.173	3.3891	663.13	93.17	43.1308	32.7383	23.905								
2015/02/21 22:00:00		2.61236	151.673	23.0083	83.939	1011.85	1.12292	27.2211	30.1076	23.5765	53.684	3.41293	655.21	85.999	43.7775	32.5783	24.0742								
2015/02/21 22:05:00		2.48353	142.785	23.0094	84.035	1011.89	1.15208	27.2992	31.5012	24.9835	56.485	3.29377	651.46	81.248	45.5275	34.7525	25.2525								
2015/02/21 22:10:00		2.94602	142.896	23.0094	84.132	1011.92	1.1375	27.3719	30.5185	25.1307	55.649	3.46537	650.83	78.23	47.8317	37.24	26.3225								
2015/02/21 22:15:00		3.27759	141.669	23.0031	84.204	1011.95	1.10833	27.4375	30.2416	24.4666	54.708	3.91343	665.63	75.962	51.472	38.4533	26.3025								
2015/02/21 22:20:00		3.05941	140.824	22.9323	84.273	1011.91	1.10833	27.4955	29.1539	24.1311	53.285	3.88483	679.17	73.548	50.606	38.95	26.3758								
2015/02/21 22:25:00		2.56564	138.809	22.913	84.395	1011.89	1.18125	27.5456	28.8949	23.0938	51.989	3.67033	673.75	72.562	53.145	40.2983	26.9908								
2015/02/21 22:30:00		2.59119	139.454	22.9401	84.451	1011.93	1.17396	27.6009	30.2706	24.5282	54.799	3.81333	673.33	71.276	55.92	41.3575	27.4408								
2015/02/21 22:35:00		2.83369	144.596	22.9813	84.453	1011.94	1.17396	27.6552	29.547	23.8743	53.421	3.88483	689.58	70.419	55.546	41.2008	26.6708								
2015/02/21 22:40:00		2.85362	137.275	22.9083	84.452	1011.93	1.09375	27.7244	28.1623	20.629	48.7913	3.6179	676.46	69.415	57.517	42.3583	26.7267								
2015/02/21 22:45:00		3.22516	136.688	22.9089	84.46	1011.85	1.14479	27.7739	27.9591	21.122	49.0811	3.5178	642.29	68.433	61.737	43.2925	26.6983								
2015/02/21 22:50:00		2.83324	137.151	23.0104	84.552	1011.84	1.12292	27.8292	29.8798	24.4939	54.374	3.7752	628.33	67.747	64.684	45.4508	27.0692								
2015/02/21 22:55:00		2.29909	131.617	23.0057	84.553	1011.88	1.11563	27.8694	28.8926	21.858	50.751	3.75137	628.96	67.162	73.643	49.535	28.3425								
2015/02/21 23:00:00		2.34331	130.914	23.0042	84.467	1011.93	1.19583	27.9242	33.3481	26.0208	59.369	3.72754	635.83	67.404	77.17	51.95	28.4942								
2015/02/21 23:05:00		2.26813	133.126	23.0094	84.454	1011.94	1.1375	27.9749	33.3705	24.5966	57.967	3.76567	630.63	65.694	72.15	50.051	28.165								
2015/02/21 23:10:00		2.69142	137.533	23.0083	84.456	1011.95	1.15208	27.9841	31.9702	23.912	55.882	3.718	628.33	66.779	76.103	51.573	29.0367								
2015/02/21 23:15:00		2.27424	128.738	22.962	84.402	1011.84	1.18854	27.6308	29.911	22.3852	52.296	3.96587	617.29	50.864	74.069	51.016	28.8833								
2015/02/21 23:20:00		1.52967	135.929	22.9115	84.436	1011.77	1.18854	27.1749	29.3281	19.6944	49.0226	3.861	583.33	38.7347	76.739	52.034	28.7692								
2015/02/21 23:25:00		1.48125	128.337	22.913	84.406	1011.74	1.13021	26.8398	28.8926	18.1539	47.0466	3.8324	560.0	33.3665	77.905	52.844	29.5725								
2015/02/21 23:30:00		1.35399	119.028	22.912	84.454	1011.67	1.21771	26.8648	29.7659	21.3582	51.124	4.3758	553.75	52.096	76.914	52.268	29.1083								
2015/02/21 23:35:00		0.85281	133.413	22.9099	84.467	1011.69	1.18125	26.8653	29.0467	19.7321	48.7788	4.004	568.96	86.084	80.903	54.243	29.2983								
2015/02/21 23:40:00		1.2456	141.771	22.9115	84.553	1011.68	1.09375	26.8932	34.1544	24.4358	58.59	3.87053	654.38	135.898	78.283	52.653	29.1142								
2015/02/21 23:45:00		1.48114	133.944	22.912	84.599	1011.7	1.225	26.9843	36.4971	27.6571	64.154	3.68463	670.42	136.345	75.629	51.114	29.0075								
2015/02/21 23:50:00		1.5708	135.547	22.9052	84.653	1011.75	1.18854	26.912	37.7657	27.3353	65.101	3.5607	692.5	118.465	70.357	48.5017	28.6967								
2015/02/21 23:55:00		1.73656	138.08	22.9135	84.595	1011.78	1.09375	26.4935	35.0656	22.796	57.862	3.5178	659.58	44.3387	66.614	47.3008	28.5933								
2015/02/22 00:00:00		1.65243	137.776	22.9109	84.584	1011.81	1.20313	26.2068	31.3471	18.8557	50.203	3.23656	609.79	28.3412	72.639	49.6975	29.3125								
