-- 1st mean values --
Format: XTAB(V:1;HEAD:2;COL:TCFFFFFFFFFFFFFFFFFFFFFFFF)
StartTime: 2015/10/11 00:00:00
EndTime: 2015/10/12 00:00:00
Period: 24 h
Station: Gia Lam

Time	MeasPt	Wind Spd.	Wind Dir.	Temp	RH	Barometer	Radiation	InnerTemp	NO	NO2	NOx	SO2	CO	O3	PM-10	PM-2.5	PM-1	CH4	NMHC	THC	BENZEN	TOLUEN	ETHYL BENZEN	MP-XYLEN	O-XYLEN
		m/s	degree	°C	%	hPa	W/m²	°C	µg/m3	µg/m3	µg/m3	µg/m3	µg/m3	µg/m3	µg/m3	µg/m3	µg/m3	ppm	ppmC	ppmC	ug/m3	ug/m3	ug/m3	ug/m3	ug/m3
2015/10/11 00:05:00		1.63862	334.356	20.4891	9.4312	1017.5	1.07187	25.1775	6.4253	19.5609	25.9862		189.792	129.691	15.5408	13.3842	12.3317								
2015/10/11 00:10:00		1.45326	320.129	20.4896	9.2474	1017.54	1.08646	25.2094	0.68117	0.403953	1.08512		180.833	121.487	22.1142	18.59	17.285								
2015/10/11 00:15:00		1.3608	320.691	20.588	9.1958	1017.51	1.10833	25.2575	0.51813	0.054773	0.57291		177.917	112.14	22.8292	17.9058	16.2592								
2015/10/11 00:20:00		1.22354	328.659	20.5885	9.0526	1017.44	1.12292	25.3069	36.984	0.037657	37.0217		170.208	119.447	17.795	13.7733	12.4242								
2015/10/11 00:25:00		1.09694	332.944	20.5927	8.6432	1017.47	1.11563	25.3525	212.922	0.76683	213.688		161.875	123.022	11.9783	9.8525	8.9325								
2015/10/11 00:30:00		1.29737	320.089	20.6635	8.3313	1017.5	1.12292	25.4038	214.253	0.263597	214.516		172.292	101.81	17.115	11.5183	8.4367								
2015/10/11 00:35:00		1.35751	323.125	20.6938	8.0891	1017.5	1.16667	25.4572	216.113	0.08216	216.195		188.125	101.153	12.6917	9.2733	7.4633								
2015/10/11 00:40:00		1.20929	309.962	20.7505	7.2219	1017.44	1.12292	25.5246	181.434	6.2407	187.674		168.958	119.744	11.6817	9.4625	8.2033								
2015/10/11 00:45:00		0.61984	318.484	20.8427	6.6417	1017.39	1.07917	25.3922	2.92567	15.6994	18.6251		144.167	132.323	14.3308	11.5625	10.1992								
2015/10/11 00:50:00		0.63123	346.296	20.8901	6.5448	1017.32	0.9625	25.152	4.10487	25.3977	29.5026		150.0	117.701	22.3842	16.8358	14.9083								
2015/10/11 00:55:00		0.63915	19.4113	20.8917	6.4333	1017.32	1.10104	25.0371	2.78943	22.0155	24.8049		163.542	133.373	21.4808	17.2725	14.9133								
2015/10/11 01:00:00		0.51671	350.416	20.8901	6.4187	1017.28	1.07187	25.0298	1.9564	18.1813	20.1377		169.375	137.038	16.0375	12.4792	10.5083								
2015/10/11 01:05:00		0.130256	174.535	20.8906	6.5307	1017.22	1.04271	25.0634	3.3701	24.0797	27.4498		169.583	29.9913	14.3958	10.4958	8.3517								
2015/10/11 01:10:00		0.6336	356.773	20.8891	6.4667	1017.22	1.07187	25.1125	2.1306	19.3966	21.5272		157.5	1.04293	13.7317	9.8142	7.4925								
2015/10/11 01:15:00		0.6919	338.183	20.8917	6.6609	1017.21	1.08646	25.1603	1.8224	20.3962	22.2186		161.25	0.239302	11.21	8.74	7.1442								
2015/10/11 01:20:00		0.386414	349.366	20.8031	6.9125	1017.19	1.06458	25.2309	0.81293	15.1962	16.0091		163.333	219.443	10.3617	8.775	7.6808								
2015/10/11 01:25:00		1.03808	320.966	20.7896	7.4	1017.19	1.10104	25.313	1.4941	18.0273	19.5214		172.5	295.723	16.0608	13.4392	11.9375								
2015/10/11 01:30:00		1.17986	318.479	20.7125	8.0417	1017.16	1.04271	25.4062	0.99383	17.637	18.6308		187.083	292.669	20.9942	17.6483	16.2158								
2015/10/11 01:35:00		0.94567	301.721	20.6505	8.5349	1017.15	1.10104	25.4782	4.96247	24.1379	29.1004		207.917	290.537	19.6233	16.385	14.8767								
2015/10/11 01:40:00		1.08953	323.97	20.5438	8.8802	1017.1	1.10833	25.3678	2.76933	20.4441	23.2135		211.458	271.536	16.8308	15.55	14.395								
2015/10/11 01:45:00		1.02137	324.897	20.4682	8.9417	1017.0	1.08646	25.135	0.8844	12.9984	13.8828		197.708	194.477	18.265	17.03	16.0158								
2015/10/11 01:50:00		0.86898	313.179	20.3859	9.288	1017.01	1.10104	24.9992	0.9916	15.8877	16.8793		194.792	146.067	18.1892	16.7508	15.7092								
2015/10/11 01:55:00		1.15465	326.852	20.3089	9.6938	1017.02	1.07187	24.9925	1.42263	13.9912	15.4138		197.5	143.142	18.9333	16.7067	15.8058								
2015/10/11 02:00:00		1.23701	323.777	20.2839	9.9641	1017.0	1.08646	25.0234	1.32437	15.3194	16.6438		200.833	140.745	17.75	16.2833	15.3417								
2015/10/11 02:05:00		0.9908	325.711	20.2865	10.0891	1017.01	1.07917	25.055	2.0837	15.6857	17.7694		206.875	131.327	18.9125	17.1042	15.9133								
2015/10/11 02:10:00		1.1926	328.963	20.2229	10.3724	1016.98	1.12292	25.105	1.474	17.079	18.553		208.75	129.823	22.5592	20.6092	19.3342								
2015/10/11 02:15:00		1.07576	323.932	20.1875	10.6276	1016.87	1.09375	25.167	2.15517	19.8861	22.0413		236.875	117.076	23.595	21.4783	20.325								
2015/10/11 02:20:00		0.88579	345.001	20.1901	10.7453	1016.8	1.10104	25.2333	1.0787	17.9657	19.0444		255.417	121.183	21.0517	19.7592	18.8108								
2015/10/11 02:25:00		1.44701	331.88	20.2484	10.476	1016.8	1.05729	25.2964	2.0837	17.0824	19.1661		260.0	114.976	22.3617	20.61	19.5083								
2015/10/11 02:30:00		1.0854	327.488	20.2833	10.2724	1016.8	1.02813	25.3509	1.53877	17.9588	19.4976		282.917	113.486	22.0758	20.7967	19.63								
2015/10/11 02:35:00		1.22651	327.353	20.326	9.874	1016.77	1.04271	25.4049	0.98267	13.4229	14.4056		294.375	118.09	22.745	20.0383	18.7367								
2015/10/11 02:40:00		1.16073	328.069	20.3859	9.7349	1016.74	1.06458	25.4433	2.46337	19.2734	21.7367		317.917	104.796	17.7158	16.525	15.4867								
2015/10/11 02:45:00		0.96545	327.301	20.3854	9.7198	1016.77	1.08646	25.4881	1.39137	15.2646	16.656		333.75	112.665	20.1733	17.9225	16.54								
2015/10/11 02:50:00		1.04615	323.675	20.4333	9.5286	1016.77	1.11563	25.3761	1.04297	11.4476	12.4906		359.792	122.312	22.9075	21.1867	20.3017								
2015/10/11 02:55:00		1.28069	323.495	20.488	9.6734	1016.73	1.05729	25.1171	3.57557	22.9877	26.5632		382.708	107.861	25.6175	22.005	20.6275								
2015/10/11 03:00:00		1.32164	322.309	20.4885	9.8516	1016.64	1.10833	24.9654	0.8509	18.9447	19.7956		417.917	129.634	22.6892	20.75	19.5508								
2015/10/11 03:05:00		1.00028	342.604	20.4885	9.9547	1016.62	1.05729	24.9439	0.8509	13.844	14.6949		442.292	132.82	24.6867	20.8967	19.4083								
2015/10/11 03:10:00		1.01037	334.961	20.4828	9.8875	1016.68	1.11563	24.9694	0.63203	15.3537	15.9857		469.375	125.83	25.7375	21.8592	20.2433								
2015/10/11 03:15:00		1.25566	324.266	20.4901	9.5729	1016.74	1.1375	25.0161	1.005	14.4225	15.4275		457.292	122.094	28.5875	22.09	19.5383								
2015/10/11 03:20:00		1.06795	320.12	20.5031	9.0146	1016.75	1.1375	25.0841	2.17973	18.8728	21.0526		447.5	108.339	25.2708	19.2392	16.7967								
2015/10/11 03:25:00		1.4363	316.768	20.6016	8.299	1016.73	1.11563	25.1624	1.29087	13.0018	14.2927		410.833	122.958	22.8942	17.5358	15.775								
2015/10/11 03:30:00		1.58368	327.783	20.6906	7.7719	1016.7	1.10104	25.2384	1.16357	14.9634	16.127		379.375	108.532	24.3825	18.2683	15.9175								
2015/10/11 03:35:00		1.2939	321.522	20.7318	7.2937	1016.73	1.11563	25.3181	0.62533	14.4293	15.0547		344.375	115.418	22.8383	18.98	17.0517								
2015/10/11 03:40:00		0.80646	309.988	20.7906	7.0297	1016.72	1.11563	25.392	1.41817	14.3438	15.7619		330.208	112.15	24.8217	20.105	17.9592								
2015/10/11 03:45:00		0.97133	324.476	20.7885	7.0536	1016.73	1.12292	25.4274	1.36903	14.1486	15.5177		319.167	106.907	26.4783	21.7892	19.6233								
2015/10/11 03:50:00		1.37405	326.274	20.824	6.7052	1016.76	1.08646	25.2419	1.5343	15.1106	16.6449		312.292	112.197	26.8842	21.685	19.4208								
2015/10/11 03:55:00		1.23065	330.945	20.8891	6.524	1016.78	1.10104	25.0048	1.64373	16.9455	18.5892		301.458	118.883	27.29	21.3333	19.0142								
2015/10/11 04:00:00		1.13244	316.058	20.8885	6.5167	1016.85	1.11563	24.9372	1.23057	19.0817	20.3122		307.708	119.847	25.33	20.4767	18.1333								
2015/10/11 04:05:00		1.05161	317.81	20.8891	6.3161	1016.96	1.08646	24.9527	1.07423	13.2141	14.2883		290.417	131.673	23.0075	18.0625	16.3992								
2015/10/11 04:10:00		1.10662	317.808	20.8917	6.4198	1017.02	1.11563	25.0054	1.2596	14.2034	15.463		290.0	123.587	21.3242	16.7033	14.7867								
2015/10/11 04:15:00		1.08981	325.651	20.8896	6.4573	1017.06	1.09375	25.0655	1.14793	14.96	16.1079		295.0	120.629	21.145	16.0883	14.2583								
2015/10/11 04:20:00		1.01303	324.191	20.8917	6.624	1017.04	1.07187	25.1576	2.9011	21.8032	24.7043		282.292	100.75	23.6242	17.2458	14.7917								
2015/10/11 04:25:00		1.00942	323.021	20.8917	6.6302	1017.0	1.1375	25.247	1.4807	23.4533	24.934		278.75	100.592	23.575	17.1958	14.7								
2015/10/11 04:30:00		0.62704	313.558	20.8922	6.8094	1017.01	1.07917	25.3329	3.63587	24.6754	28.3113		283.958	90.256	23.5092	17.445	15.3017								
2015/10/11 04:35:00		0.93387	329.192	20.888	7.3719	1017.08	1.09375	25.4274	8.815	36.6947	45.5097		319.583	56.218	30.7683	21.1725	17.6925								
2015/10/11 04:40:00		0.483855	352.085	20.7979	7.7474	1017.12	1.10833	25.3031	5.7285	39.6148	45.3433		404.167	67.351	26.9883	20.9525	18.6517								
2015/10/11 04:45:00		0.63032	324.24	20.7885	7.5063	1017.19	1.14479	25.0703	1.89833	28.0268	29.9252		422.917	100.217	28.1825	21.9133	19.6258								
2015/10/11 04:50:00		0.50597	352.826	20.7917	7.6411	1017.23	1.07187	24.9514	3.93737	32.6141	36.5515		456.458	96.417	35.7883	27.2475	24.2858								
2015/10/11 04:55:00		0.50298	337.56	20.7906	7.9911	1017.31	1.11563	24.9544	6.0635	38.533	44.5965		527.08	81.802	45.8625	34.4842	31.0117								
2015/10/11 05:00:00		0.5813	327.928	20.7036	8.2682	1017.34	1.10104	25.0027	3.5443	33.4357	36.98		579.79	97.071	49.39	41.0917	38.2233								
2015/10/11 05:05:00		0.61743	334.756	20.6911	8.8427	1017.4	1.10833	25.0658	23.316	43.9761	67.292		643.13	63.947	72.218	49.1333	39.6083								
2015/10/11 05:10:00		0.59267	331.135	20.6917	9.5026	1017.47	1.1375	25.1536	19.8074	58.286	78.093		980.0	51.746	60.35	43.7333	38.3567								
2015/10/11 05:15:00		0.6841	320.156	20.6229	9.6849	1017.52	1.07187	25.2416	7.1042	42.3192	49.4235		1053.96	65.008	48.445	37.475	33.755								
2015/10/11 05:20:00		0.59336	328.987	20.5906	10.0797	1017.62	1.10104	25.3361	10.4408	45.9137	56.355		1028.33	47.9496	53.662	38.1483	33.3417								
2015/10/11 05:25:00		0.81281	329.228	20.5536	10.2198	1017.66	1.09375	25.4041	22.0966	51.011	73.108		1051.88	31.0235	57.837	39.5667	33.2717								
2015/10/11 05:30:00		0.86093	324.542	20.4865	10.2	1017.67	1.11563	25.225	36.1353	58.669	94.804		1091.25	25.8874	50.623	34.8067	29.97								
2015/10/11 05:35:00		0.77804	323.66	20.4859	10.1141	1017.72	1.15208	25.0083	33.94	57.95	91.89		1116.04	42.3635	64.743	43.7825	34.0475								
2015/10/11 05:40:00		1.22814	329.67	20.4865	10.1922	1017.73	1.10104	24.9307	69.702	65.303	135.006		1185.83	38.1168	60.967	41.71	33.4575								
2015/10/11 05:45:00		1.03227	328.357	20.4865	9.4443	1017.75	1.10833	24.9417	13.2749	46.1294	59.404		1152.08	63.043	52.047	38.4683	34.4842								
2015/10/11 05:50:00		1.30257	329.287	20.5651	8.9182	1017.8	1.07187	24.9535	30.1679	57.218	87.385		1112.71	34.0558	51.612	38.005	33.6125								
2015/10/11 05:55:00		0.96647	329.391	20.588	8.1953	1017.88	1.1375	24.9911	17.248	47.9678	65.216		1039.38	46.4245	52.08	37.4625	32.5683								
2015/10/11 06:00:00		1.16871	337.036	20.6891	8.1177	1017.91	1.04271	25.0432	43.2306	62.12	105.35		1069.79	19.187	57.641	40.1775	33.9683								
2015/10/11 06:05:00		1.15244	323.164	20.6938	8.1708	1017.94	1.12292	25.109	42.65	65.666	108.316		1225.83	18.9013	48.1842	34.1175	29.4967								
2015/10/11 06:10:00		1.17647	329.93	20.7224	7.3984	1018.03	1.09375	25.1614	11.5776	49.7787	61.356		1152.5	45.9138	37.7692	28.2117	24.5892								
2015/10/11 06:15:00		0.98363	325.275	20.7917	6.9901	1018.04	3.09167	25.2196	13.5027	48.5257	62.028		1060.42	39.4598	38.0883	26.8217	22.5017								
2015/10/11 06:20:00		1.39433	327.112	20.8859	6.5797	1018.13	8.4656	25.2862	25.1205	54.301	79.421		1029.38	21.68	37.2958	25.5108	21.0525								
2015/10/11 06:25:00		1.20406	332.088	20.9266	6.3646	1018.23	15.75	25.342	40.602	61.367	101.969		1058.13	9.8899	39.5683	26.9717	21.23								
2015/10/11 06:30:00		1.18949	336.242	20.9922	6.3391	1018.34	22.0573	25.4159	84.353	75.012	159.365		1267.08	1.71083	39.9567	26.72	20.3858								
2015/10/11 06:35:00		0.81347	326.283	21.0526	6.649	1018.45	26.5125	25.4771	92.5	75.936	168.437		1478.96	0.271447	45.88	30.7242	23.0475								
2015/10/11 06:40:00		1.07696	320.992	21.0969	6.651	1018.56	30.2385	25.5407	57.381	73.626	131.007		1665.0	0.7179	39.9783	26.6975	19.595								
2015/10/11 06:45:00		0.95343	328.323	21.0932	6.4849	1018.65	36.3344	25.6014	95.806	81.828	177.633		1632.5	1.32509	36.2558	24.625	18.6125								
2015/10/11 06:50:00		0.98933	332.205	21.1255	6.0635	1018.77	44.0927	25.6647	38.9918	70.99	109.981		1511.46	0.185727	32.2942	21.75	17.3117								
2015/10/11 06:55:00		0.86607	322.621	21.1922	5.7974	1018.83	51.166	25.716	37.855	68.915	106.77		1412.92	5.904	33.765	22.8075	17.6742								
2015/10/11 07:00:00		0.93607	332.764	21.2818	6.001	1019.03	60.105	25.7794	57.607	74.913	132.519		1425.83	0.97507	33.665	22.6983	17.8008								
2015/10/11 07:05:00		0.90386	328.636	21.2922	5.8443	1018.97	72.793	25.8304	53.22	71.339	124.559		1407.5	4.22528	36.3225	24.8558	19.5233								
2015/10/11 07:10:00		0.8025	330.504	21.3906	5.8	1018.96	76.73	25.8862	41.109	68.607	109.716		1416.67	10.0435	30.5533	21.0475	16.8242								
2015/10/11 07:15:00		1.05258	321.165	21.4292	5.6937	1019.03	75.323	25.9536	46.9045	73.235	120.14		1434.79	2.78947	34.6825	23.2333	17.9892								
2015/10/11 07:20:00		0.73918	313.298	21.4969	5.8333	1019.08	67.12	26.0119	36.9639	72.109	109.073		1496.04	7.2755	35.9175	24.66	20.5975								
2015/10/11 07:25:00		1.20556	316.315	21.5901	6.313	1019.2	55.672	26.0656	57.336	71.157	128.494		1509.17	8.9542	40.3817	27.0992	20.3375								
2015/10/11 07:30:00		0.9658	317.724	21.5979	6.8109	1019.28	48.0958	26.1241	64.365	77.004	141.369		1665.83	4.06456	35.4608	23.8733	18.2958								
2015/10/11 07:35:00		0.85413	311.922	21.5974	6.876	1019.36	49.1312	26.1875	58.189	73.732	131.921		1701.88	3.95741	29.9625	20.1367	15.5733								
2015/10/11 07:40:00		0.92731	312.476	21.5995	6.2109	1019.46	59.332	26.2393	36.0415	69.952	105.994		1685.0	4.26814	26.9325	18.1642	14.1408								
2015/10/11 07:45:00		0.7584	318.058	21.6016	5.899	1019.5	79.384	26.3048	29.0691	66.464	95.533		1607.92	13.1009	28.9558	19.485	14.2533								
2015/10/11 07:50:00		0.9192	315.708	21.6714	6.4854	1019.62	103.177	26.3448	53.857	74.588	128.444		1701.46	3.32165	31.6542	21.1258	15.1908								
2015/10/11 07:55:00		0.53797	335.091	21.7464	6.9182	1019.69	123.922	26.3995	48.6733	71.965	120.639		1779.79	8.597	36.6617	24.5733	16.8433								
2015/10/11 08:00:00		0.92059	312.564	21.8641	7.5099	1019.72	135.275	26.4532	69.961	79.767	149.729		1943.96	11.2972	31.6708	21.4717	16.5983								
2015/10/11 08:05:00		0.88444	315.998	21.9604	8.0208	1019.8	135.158	26.5109	36.5597	67.583	104.143		1851.04	29.8734	31.8067	21.4633	16.5483								
2015/10/11 08:10:00		0.84086	316.591	22.0328	8.6651	1019.78	147.211	26.559	19.6198	62.014	81.634		1758.54	43.7101	30.3917	20.955	16.8183								
2015/10/11 08:15:00		1.07968	319.281	22.1042	9.2719	1019.81	160.767	26.6071	44.22	70.452	114.672		1663.75	25.416	32.6433	22.36	17.615								
2015/10/11 08:20:00		1.24354	322.506	22.1958	9.1609	1019.87	164.092	26.6667	28.6045	65.389	93.994		1633.75	27.7983	27.9475	19.5858	16.3192								
2015/10/11 08:25:00		1.30752	320.989	22.2229	8.5776	1019.91	155.67	26.7239	13.5273	51.627	65.155		1502.92	50.789	27.3658	19.4833	15.4358								
2015/10/11 08:30:00		1.5007	313.103	22.3036	8.5948	1019.99	139.198	26.7735	16.0778	47.8856	63.963		1343.96	55.318	26.6217	18.6383	15.3383								
2015/10/11 08:35:00		1.49885	320.706	22.3609	8.7005	1020.09	125.008	26.8234	15.649	46.7011	62.35		1242.08	56.8	22.7533	16.4083	13.715								
2015/10/11 08:40:00		0.86287	324.732	22.4047	8.7578	1020.09	122.967	26.864	22.8559	44.6574	67.513		1155.42	50.103	25.6267	17.89	14.295								
2015/10/11 08:45:00		1.05	313.726	22.4057	8.8276	1020.15	124.688	26.9163	30.1902	58.152	88.342		1180.42	32.245	26.7542	18.32	14.035								
2015/10/11 08:50:00		1.15359	316.976	22.449	8.6958	1020.2	127.903	26.9625	18.224	53.288	71.512		1171.04	34.6559	27.7858	18.8083	15.2175								
2015/10/11 08:55:00		1.20766	322.763	22.4979	8.9786	1020.23	131.141	26.999	21.7884	55.328	77.116		1204.79	41.2885	29.3233	19.8742	15.5783								
2015/10/11 09:00:00		0.81872	314.631	22.537	9.5854	1020.25	131.469	27.0452	58.263	65.591	123.854		1341.88	21.9765	34.3175	22.9783	17.0375								
2015/10/11 09:05:00		1.30738	322.885	22.6026	9.6	1020.28	131.345	27.0935	68.59	72.441	141.031		1536.04	19.7227	32.7217	22.0233	16.85								
2015/10/11 09:10:00		0.92943	325.953	22.6417	9.3573	1020.27	129.143	27.1545	49.4259	63.383	112.809		1566.88	35.9167	36.9375	24.8067	18.27								
2015/10/11 09:15:00		1.2921	322.937	22.7062	8.8906	1020.3	128.895	27.2219	24.0284	60.603	84.632		1646.46	50.643	28.05	19.4883	15.9225								
2015/10/11 09:20:00		1.33924	312.063	22.7047	9.3854	1020.33	124.184	27.2686	18.0967	55.167	73.264		1535.42	55.082	30.5017	20.77	16.4975								
2015/10/11 09:25:00		1.01401	329.778	22.7062	10.4036	1020.38	117.002	27.3193	30.6369	61.74	92.377		1528.75	51.075	25.5417	18.5858	15.8317								
2015/10/11 09:30:00		1.40711	309.069	22.6026	11.1474	1020.38	117.199	27.3564	32.6915	61.048	93.74		1562.29	54.632	23.875	17.315	15.1075								
2015/10/11 09:35:00		1.32627	314.664	22.3583	11.9177	1020.39	121.151	27.3972	11.1801	46.4204	57.6		1427.08	83.881	21.2875	16.6558	14.565								
2015/10/11 09:40:00		1.15459	323.957	22.0818	13.9208	1020.43	124.141	27.4122	20.0017	51.497	71.499		1375.42	74.401	20.7592	16.3317	14.3092								
2015/10/11 09:45:00		1.37588	316.002	21.8177	15.1922	1020.41	131.374	27.4184	23.1731	52.586	75.759		1346.46	59.397	20.2033	15.75	13.7425								
2015/10/11 09:50:00		1.36254	312.294	21.5547	15.5464	1020.42	141.502	27.4146	14.0588	51.507	65.566		1284.58	58.8	19.4758	15.335	13.7492								
2015/10/11 09:55:00		1.64449	312.999	21.2995	15.7182	1020.38	152.075	27.4114	11.4101	48.6148	60.025		1201.67	67.397	19.945	17.2425	15.3883								
2015/10/11 10:00:00		0.87347	315.847	21.101	15.8557	1020.33	169.655	27.4031	17.5049	50.6	68.105		1127.08	68.508	19.8867	16.0625	14.2308								
2015/10/11 10:05:00		1.31948	306.471	20.9943	16.3312	1020.33	194.097	27.3827	19.7092	50.186	69.895		1078.33	68.933	19.96	16.4683	14.6442								
2015/10/11 10:10:00		1.47288	311.669	20.9339	16.4776	1020.21	223.205	27.3636	35.7065	62.832	98.538		1180.0	43.7208	19.08	15.3933	13.5758								
2015/10/11 10:15:00		1.24333	308.431	20.8672	15.9729	1020.2	232.852	27.3478	11.3141	52.35	63.664		1218.13	77.866	17.7683	15.0408	13.3058								
2015/10/11 10:20:00		0.90584	303.653	20.8062	15.7609	1020.18	236.986	27.336	20.5534	55.164	75.717		1205.83	60.079	18.4067	15.3808	13.88								
2015/10/11 10:25:00		1.43215	312.542	20.8995	15.9073	1020.15	233.166	27.3233	29.6877	66.279	95.967		1295.0	44.1601	19.6233	15.0242	13.3233								
2015/10/11 10:30:00		0.83353	295.125	20.9026	15.7464	1020.06	229.666	27.315	19.5149	58.358	77.872		1281.46	58.654	20.2958	15.6675	13.8892								
2015/10/11 10:35:00		1.50169	310.649	20.9911	15.7172	1020.0	244.796	27.3045	37.4686	70.918	108.386		1299.79	39.7205	19.9317	15.925	14.3175								
2015/10/11 10:40:00		1.62027	313.969	20.9937	15.0063	1019.92	286.212	27.3029	5.9876	43.5277	49.5152		1193.33	94.267	18.3783	15.195	13.7942								
2015/10/11 10:45:00		1.37397	323.445	21.1609	15.2281	1019.85	333.054	27.308	31.356	59.446	90.802		1137.5	60.85	21.7592	17.3817	15.295								
2015/10/11 10:50:00		1.15237	309.808	21.4089	15.3417	1019.79	354.652	27.3182	19.8074	60.504	80.311		1220.0	62.447	19.085	15.68	14.1117								
2015/10/11 10:55:00		1.17516	310.314	21.6042	13.8875	1019.73	330.415	27.3309	14.6015	52.849	67.451		1187.5	63.958	18.04	15.3267	13.6508								
2015/10/11 11:00:00		0.95896	315.322	21.7911	12.2609	1019.67	293.125	27.3502	17.9448	58.666	76.61		1123.13	56.661	18.4742	14.8225	13.5175								
2015/10/11 11:05:00		0.80917	316.491	21.9823	10.7031	1019.6	268.61	27.3752	8.8462	50.724	59.57		1054.17	84.541	18.0075	14.4892	13.0675								
2015/10/11 11:10:00		1.0197	318.201	22.1667	9.7505	1019.55	258.964	27.4052	9.9517	50.066	60.018		1021.04	74.126	18.5825	14.6517	12.6967								
2015/10/11 11:15:00		1.43737	319.983	22.3453	8.7214	1019.46	261.188	27.4324	9.2237	50.056	59.28		964.17	74.391	20.7542	15.0333	12.495								
2015/10/11 11:20:00		1.14852	309.601	22.5255	8.2813	1019.43	275.559	27.4528	17.784	55.4	73.184		951.04	57.9	24.9267	17.0917	12.9883								
2015/10/11 11:25:00		1.26598	317.052	22.6896	7.5432	1019.35	280.474	27.4844	49.3522	66.091	115.443		1050.42	35.6524	29.4117	19.625	13.6033								
2015/10/11 11:30:00		1.37839	326.782	22.8292	6.0594	1019.25	285.695	27.5132	12.223	51.025	63.248		1067.71	69.994	27.3583	18.3117	12.7433								
2015/10/11 11:35:00		1.33559	314.095	22.9604	5.787	1019.11	302.225	27.5352	14.5055	57.498	72.004		1036.25	64.126	26.8683	18.1717	13.0083								
2015/10/11 11:40:00		1.7741	323.656	23.1057	4.94323	1019.0	333.718	27.5674	4.16517	38.0846	42.2497		978.96	101.767	23.515	15.9825	12.465								
2015/10/11 11:45:00		0.84887	314.622	23.2464	4.39844	1018.91	345.749	27.6323	8.241	44.3322	52.573		866.46	90.677	25.6517	17.3233	12.6517								
2015/10/11 11:50:00		1.62331	305.944	23.3859	4.46042	1018.82	323.181	27.747	17.4222	49.943	67.365		908.33	80.52	24.245	16.5583	12.2717								
2015/10/11 11:55:00		1.22925	315.034	23.4891	3.95573	1018.72	303.129	27.8469	7.9819	42.0967	50.079		863.54	93.042	26.3367	17.5625	12.4892								
2015/10/11 12:00:00		1.05952	321.745	23.6339	3.99635	1018.61	285.017	27.9456	14.108	52.894	67.002		870.0	72.023	26.3358	17.7192	12.4425								
2015/10/11 12:05:00		1.44531	320.566	23.7479	3.97604	1018.5	264.491	28.0345	15.6378	54.469	70.106		913.13	67.083	26.7667	17.9217	12.5908								
2015/10/11 12:10:00		1.28644	318.637	23.8167	3.52083	1018.44	266.029	28.1148	15.8343	53.247	69.081		907.29	70.623	22.1467	15.8192	12.2558								
2015/10/11 12:15:00		1.26655	313.982	23.8568	2.31562	1018.35	270.885	28.1978	4.84187	36.2942	41.136		814.58	106.789	23.6225	14.9892	12.0392								
2015/10/11 12:20:00		1.30939	322.921	23.9271	2.60208	1018.28	267.648	28.267	25.3014	58.69	83.991		772.92	55.518	25.5742	17.2592	12.8867								
2015/10/11 12:25:00		1.24427	321.048	24.012	2.59531	1018.22	274.458	28.3381	6.0456	42.3192	48.3649		750.21	106.904	22.5433	15.6217	12.4967								
2015/10/11 12:30:00		1.35722	331.916	24.0089	1.9974	1018.16	285.717	28.3953	5.6794	39.9606	45.6399		718.96	104.939	27.6917	16.3442	12.8233								
2015/10/11 12:35:00		0.63543	327.716	24.0604	1.8224	1018.14	293.46	28.456	7.8234	44.1678	51.991		696.04	93.678	22.8083	15.8783	12.5325								
2015/10/11 12:40:00		1.50502	313.814	24.112	1.13333	1018.04	296.457	28.5046	6.7156	42.3877	49.1033		672.92	96.785	25.0133	15.6675	12.8967								
2015/10/11 12:45:00		1.12526	330.813	24.1714	1.16042	1017.95	325.114	28.5559	12.2498	53.192	65.442		662.5	80.834	27.1325	16.4475	12.88								
2015/10/11 12:50:00		0.70853	312.581	24.2771	1.36563	1017.93	378.16	28.6139	7.2874	45.0442	52.332		658.13	101.028	25.7917	16.305	12.9817								
2015/10/11 12:55:00		1.34051	333.711	24.3984	1.54583	1017.87	400.546	28.663	8.3125	48.1834	56.496		630.42	89.063	24.23	16.0325	12.985								
2015/10/11 13:00:00		0.99802	336.838	24.5339	0.384896	1017.8	375.813	28.7298	5.6124	37.8758	43.4881		627.08	101.646	27.2708	16.2933	12.945								
2015/10/11 13:05:00		1.16498	337.028	24.6573	0.427604	1017.77	336.846	28.5728	18.7846	43.7981	62.583		606.46	71.869	33.9125	17.945	14.3								
2015/10/11 13:10:00		1.03427	325.201	24.8234	0.360938	1017.7	312.156	28.2493	24.7632	60.644	85.408		724.17	48.1782	32.955	16.2483	12.9475								
2015/10/11 13:15:00		1.06467	331.1	24.9193	0.361458	1017.65	288.94	27.9462	10.615	48.5668	59.182		764.79	90.417	22.665	13.8858	11.835								
2015/10/11 13:20:00		1.56418	328.954	24.8203	0.360417	1017.64	277.28	27.8584	3.07083	29.1771	32.2479		677.29	130.987	21.1258	14.8583	12.2642								
2015/10/11 13:25:00		1.18603	307.98	24.8802	0.357292	1017.62	265.628	27.8665	9.9071	43.6612	53.568		655.21	86.595	23.8308	15.24	12.4275								
2015/10/11 13:30:00		0.98261	345.891	24.9208	0.357812	1017.6	259.503	27.9655	7.1042	42.0146	49.1188		644.17	96.392	19.6825	13.3125	11.7708								
2015/10/11 13:35:00		1.16548	330.247	24.8969	0.357292	1017.59	264.024	28.1207	4.41977	30.3376	34.7573		593.54	114.7	21.2817	14.7542	12.3683								
2015/10/11 13:40:00		0.80329	348.67	24.9229	0.355729	1017.54	266.496	28.2791	6.8854	33.6753	40.5607		590.83	105.478	25.1158	14.4217	12.0658								
2015/10/11 13:45:00		1.02241	326.628	24.9224	0.357812	1017.47	266.598	28.4211	5.3198	37.1432	42.463		591.04	101.607	22.9017	14.2892	12.0517								
2015/10/11 13:50:00		1.2082	309.036	24.9521	0.358333	1017.43	267.189	28.5427	12.6317	44.9621	57.594		594.17	66.312	26.8975	15.1117	12.4742								
2015/10/11 13:55:00		1.61021	316.408	25.0172	0.358854	1017.4	259.095	28.645	9.581	45.3866	54.968		621.67	80.873	23.4883	14.99	12.1367								
2015/10/11 14:00:00		0.68074	310.388	25.0187	0.357812	1017.33	233.538	28.6359	7.9038	43.6304	51.534		593.75	76.012	28.5217	15.9108	12.7183								
2015/10/11 14:05:00		0.78416	309.972	25.0208	0.354688	1017.29	201.892	28.3487	8.8663	47.5159	56.382		632.29	82.991	30.87	15.5633	12.6008								
2015/10/11 14:10:00		0.75544	313.418	25.0208	0.35625	1017.23	181.059	28.0267	20.9911	62.825	83.816		754.79	57.786	33.8667	16.6983	13.6925								
2015/10/11 14:15:00		0.80773	332.415	25.0172	0.354167	1017.15	170.348	27.8729	10.7111	51.127	61.839		820.83	85.241	27.1742	16.9542	13.4567								
2015/10/11 14:20:00		1.1742	311.969	25.0167	0.352083	1017.06	164.631	27.8504	10.624	51.795	62.419		847.5	82.359	26.5525	16.4875	13.5425								
2015/10/11 14:25:00		1.0689	309.145	24.9396	0.360938	1017.04	157.077	27.9166	5.4136	43.1477	48.5613		839.79	100.085	25.0458	15.7417	12.8217								
2015/10/11 14:30:00		1.0485	323.728	24.9193	0.351563	1016.98	139.942	28.0651	10.0746	43.4387	53.513		799.17	90.299	26.6033	16.1683	12.9283								
2015/10/11 14:35:00		1.07924	312.193	24.9219	0.358854	1016.95	127.108	28.215	9.6011	50.008	59.609		770.42	67.476	27.4567	16.5733	13.1233								
2015/10/11 14:40:00		0.56857	313.068	24.9141	0.358854	1016.93	123.463	28.3398	11.7429	51.651	63.394		779.79	57.029	29.52	16.4383	13.6433								
2015/10/11 14:45:00		0.84874	319.295	24.8271	0.355729	1016.93	125.183	28.4512	8.413	44.4349	52.848		774.79	83.123	27.9867	16.2233	12.79								
2015/10/11 14:50:00		0.83206	323.692	24.8198	0.355208	1016.91	124.943	28.546	6.5883	38.4748	45.0632		755.83	85.091	26.15	15.6017	12.845								
2015/10/11 14:55:00		0.76781	318.748	24.8224	0.358333	1016.86	122.267	28.6236	9.1098	48.3169	57.427		742.08	65.976	30.2233	16.5867	13.42								
2015/10/11 15:00:00		1.30598	316.719	24.8417	0.359375	1016.82	118.256	28.6984	18.3357	61.23	79.565		781.25	29.2269	34.6167	18.1883	14.295								
2015/10/11 15:05:00		0.75601	315.755	24.8583	0.35625	1016.73	118.606	28.5889	7.6335	46.4717	54.105		815.0	75.205	35.12	18.03	14.3525								
2015/10/11 15:10:00		0.92113	325.6	24.825	0.355729	1016.67	116.907	28.2796	7.3923	45.479	52.871		795.83	74.094	26.775	16.9983	14.1467								
2015/10/11 15:15:00		0.83329	333.766	24.8224	0.359896	1016.65	112.27	27.9819	16.2587	54.701	70.96		804.38	57.797	27.9933	17.1942	14.0758								
2015/10/11 15:20:00		0.84155	343.555	24.9063	0.355729	1016.64	106.633	27.8729	11.3051	54.986	66.291		824.58	65.533	36.8817	18.5892	14.3942								
2015/10/11 15:25:00		0.8955	321.642	24.8479	0.361979	1016.63	103.855	27.8834	5.188	44.7943	49.9824		865.83	74.93	32.3325	18.775	14.855								
2015/10/11 15:30:00		0.72747	332.569	24.8198	0.357292	1016.61	99.276	28.0028	12.3235	57.803	70.127		912.08	46.4638	34.1742	18.3858	14.9683								
2015/10/11 15:35:00		0.90368	321.278	24.8203	0.35625	1016.59	95.973	28.1489	7.341	44.4965	51.837		933.75	68.487	26.6767	17.8483	14.7742								
2015/10/11 15:40:00		1.23935	314.029	24.8234	0.35625	1016.59	94.398	28.2896	16.3592	62.298	78.657		950.0	28.0876	31.8883	19.0083	15.2908								
2015/10/11 15:45:00		0.70665	312.92	24.8219	0.355729	1016.57	96.389	28.4123	13.7216	62.044	75.766		992.71	29.1198	33.05	19.8417	16.0342								
2015/10/11 15:50:00		1.10785	322.173	24.8182	0.355729	1016.6	97.964	28.5231	14.6775	60.264	74.942		1062.29	28.8091	35.1133	18.8242	15.3467								
2015/10/11 15:55:00		1.53419	321.174	24.8177	0.360938	1016.62	96.651	28.6238	8.3951	51.429	59.824		1065.83	47.8568	38.33	19.1608	15.13								
2015/10/11 16:00:00		1.37458	319.362	24.8193	0.357812	1016.66	91.226	28.7151	32.4526	68.607	101.06		1126.46	12.1972	35.5675	19.5892	15.94								
2015/10/11 16:05:00		0.99303	315.354	24.8203	0.354167	1016.68	82.272	28.597	19.6779	63.893	83.571		1176.04	23.2837	32.4558	19.8567	15.9333								
2015/10/11 16:10:00		1.23514	324.389	24.8177	0.360938	1016.71	69.92	28.2976	12.4173	58.327	70.744		1157.71	44.928	31.2792	19.9308	16.3242								
2015/10/11 16:15:00		1.08934	322.226	24.8245	0.356771	1016.73	59.121	27.9945	36.0706	72.626	108.697		1147.92	14.2081	36.45	20.9375	16.9625								
2015/10/11 16:20:00		1.17951	322.935	24.8219	0.3625	1016.76	49.0438	27.8858	22.4986	70.473	92.971		1249.38	24.3159	36.0775	20.7442	16.2225								
2015/10/11 16:25:00		1.0352	317.983	24.8219	0.359896	1016.81	41.8833	27.8968	19.8945	69.086	88.981		1272.5	23.9945	40.5333	21.83	17.0283								
2015/10/11 16:30:00		0.84467	325.177	24.824	0.354688	1016.83	36.9833	28.0222	38.6813	79.62	118.301		1384.38	6.0397	38.225	21.3183	16.7025								
2015/10/11 16:35:00		1.02682	329.094	24.7625	0.359896	1016.86	31.9813	28.165	21.9671	71.089	93.056		1402.5	16.6404	39.675	20.0317	15.7975								
2015/10/11 16:40:00		1.09479	331.079	24.7229	0.365104	1016.88	29.3125	28.3065	17.7863	65.721	83.507		1393.13	22.4694	35.0783	19.6708	16.1425								
2015/10/11 16:45:00		0.94957	319.467	24.7219	0.357812	1016.88	26.7458	28.4192	18.3357	65.273	83.608		1398.13	19.3691	39.9242	20.4375	16.0433								
2015/10/11 16:50:00		1.1838	319.457	24.7172	0.360938	1016.87	22.7062	28.528	26.0161	68.374	94.39		1395.42	12.3223	37.4858	21.2567	16.0725								
2015/10/11 16:55:00		1.12372	325.685	24.7198	0.360417	1016.89	18.5354	28.6174	24.9932	71.479	96.472		1400.0	3.67882	42.5667	21.0058	15.8333								
2015/10/11 17:00:00		0.99637	321.733	24.7161	0.357812	1016.92	14.7875	28.703	30.6838	74.992	105.675		1440.0	0.79291	44.3708	21.21	16.4533								
2015/10/11 17:05:00		0.88877	319.349	24.6484	0.360417	1016.98	11.9365	28.5725	22.5276	70.178	92.706		1478.13	12.4687	35.7817	21.3283	16.9133								
2015/10/11 17:10:00		0.70364	328.108	24.6531	0.356771	1017.05	9.1729	28.256	27.097	71.866	98.963		1526.67	8.7577	44.4233	23.8383	18.395								
2015/10/11 17:15:00		0.53472	336.263	24.7146	0.354167	1017.11	7.525	27.9559	53.692	84.07	137.762		1642.29	0.014287	54.108	26.4442	19.9708								
2015/10/11 17:20:00		0.435662	349.118	24.7172	0.355208	1017.22	5.7531	27.8541	52.477	92.074	144.551		1934.17	4.41815	53.762	28.2592	21.2717								
2015/10/11 17:25:00		0.404701	15.0033	24.7198	0.357812	1017.28	2.94583	27.8544	128.129	108.797	236.926		2402.5	0.0	77.948	33.4392	22.8567								
2015/10/11 17:30:00		0.33881	25.1198	24.7234	0.353125	1017.28	1.08646	27.9642	118.17	108.609	226.779		2980.83	0.0	69.972	30.685	22.2483								
2015/10/11 17:35:00		0.422928	21.6552	24.7823	0.354167	1017.31	1.08646	28.0874	57.386	98.914	156.299		3171.25	0.8572	67.587	29.3133	20.5217								
2015/10/11 17:40:00		0.6811	27.386	24.8224	0.353646	1017.37	1.02813	28.2064	88.69	104.371	193.061		3181.04	0.0	65.24	26.91	18.9167								
2015/10/11 17:45:00		0.343963	39.0776	24.8245	0.35625	1017.39	1.01354	28.2321	74.546	106.589	181.135		3163.13	0.0	58.132	27.1633	19.6								
2015/10/11 17:50:00		0.066085	78.749	24.7656	0.359896	1017.42	1.07187	27.9932	112.757	106.445	219.202		3277.5	0.0	72.228	30.1733	21.2583								
2015/10/11 17:55:00		0.6667	38.1929	24.7443	0.353646	1017.45	1.05	27.6981	197.529	113.586	311.116		3601.04	0.0	82.5	32.8325	22.2767								
2015/10/11 18:00:00		0.216831	343.553	24.8036	0.356771	1017.53	1.02083	27.4707	139.539	116.277	255.816		3879.38	0.0	62.26	29.01	20.2667								
2015/10/11 18:05:00		0.188797	349.84	24.7203	0.356771	1017.6	1.08646	27.4729	113.301	105.37	218.672		3888.33	0.0	71.357	30.3733	22.1033								
2015/10/11 18:10:00		0.385527	41.3896	24.7224	0.355208	1017.65	1.02813	27.5247	73.2	105.007	178.207		3807.29	0.0	62.373	27.3067	19.815								
2015/10/11 18:15:00		0.92907	64.148	24.6339	0.352083	1017.67	1.07187	27.5674	91.111	102.423	193.534		3703.75	0.0	69.409	30.7425	21.0067								
2015/10/11 18:20:00		1.17691	55.118	24.6187	0.353646	1017.72	1.10104	27.6111	73.856	104.46	178.316		3780.63	0.0	47.5759	24.0575	18.2617								
2015/10/11 18:25:00		0.74347	54.78	24.6167	0.358333	1017.76	1.05729	27.5059	20.3144	88.685	108.999		3380.0	0.0	41.81	24.3717	19.4142								
2015/10/11 18:30:00		0.53542	335.737	24.5141	0.355208	1017.79	1.02083	27.3158	86.211	95.757	181.969		3177.08	0.0	63.698	30.4775	21.7667								
2015/10/11 18:35:00		0.74297	317.722	24.512	0.354688	1017.86	1.05729	27.256	95.383	93.101	188.484		3320.63	5.7718	62.377	32.51	23.8717								
2015/10/11 18:40:00		0.70995	308.638	24.4208	0.352083	1017.92	1.03542	27.3153	85.079	86.792	171.871		3480.83	0.410742	63.73	32.4117	25.1758								
2015/10/11 18:45:00		0.60529	329.218	24.3083	0.355729	1017.95	1.02813	27.3604	104.042	86.333	190.375		3577.29	0.0	57.662	30.79	24.7117								
2015/10/11 18:50:00		0.52137	38.4933	24.2141	0.360417	1017.99	1.05	27.4614	71.623	81.243	152.866		3382.92	0.0	58.778	32.755	25.3925								
2015/10/11 18:55:00		0.5905	358.319	24.2083	0.352604	1018.09	1.02083	27.5813	107.238	90.071	197.309		3392.08	0.0	63.474	34.0875	25.86								
2015/10/11 19:00:00		0.62305	0.59293	24.2078	0.358333	1018.21	0.97708	27.6581	81.711	86.994	168.705		3286.46	0.0	54.388	31.9642	24.9683								
2015/10/11 19:05:00		0.68576	341.701	24.1536	0.354688	1018.29	1.05729	27.4944	37.9622	77.58	115.542		2945.42	0.0	57.598	31.4558	25.1433								
2015/10/11 19:10:00		0.54023	314.459	24.1052	0.355729	1018.37	1.05729	27.2954	45.1245	78.326	123.45		2710.42	0.0	58.388	32.3533	25.8525								
2015/10/11 19:15:00		0.58732	334.849	24.0318	0.355208	1018.44	1.02813	27.26	119.854	81.578	201.432		2562.92	0.414313	68.119	35.9392	27.1433								
2015/10/11 19:20:00		0.60681	327.372	24.0042	0.353646	1018.51	1.08646	27.3088	98.231	86.316	184.547		2633.13	0.032145	64.326	36.4358	28.8467								
2015/10/11 19:25:00		0.53092	336.577	23.9708	0.357812	1018.58	1.00625	27.3523	72.552	80.623	153.175		2682.29	0.0	63.674	36.9467	29.3858								
2015/10/11 19:30:00		0.68319	328.52	23.9052	0.354167	1018.65	1.03542	27.4442	91.1	83.779	174.879		2649.17	0.0	62.014	35.9442	29.1925								
2015/10/11 19:35:00		0.75936	4.99946	23.9068	0.360417	1018.72	1.04271	27.5526	49.4706	76.532	126.003		2560.0	0.0	52.811	34.6692	29.5783								
2015/10/11 19:40:00		0.59078	26.5711	23.9109	0.355208	1018.8	1.00625	27.6227	59.777	76.135	135.912		2477.29	0.0	58.771	37.4992	31.9467								
2015/10/11 19:45:00		0.54166	16.0206	23.9109	0.35625	1018.88	1.05	27.7279	59.094	79.295	138.389		2428.96	0.0	62.37	40.8033	33.6867								
2015/10/11 19:50:00		0.428427	354.076	23.8521	0.35625	1018.97	1.07187	27.5674	48.4209	76.902	125.323		2359.79	0.0	62.008	40.5416	34.2275								
2015/10/11 19:55:00		0.448684	339.007	23.8125	0.355729	1019.05	1.05	27.3572	39.97	74.913	114.883		2333.54	0.78219	64.218	43.2692	36.1133								
2015/10/11 20:00:00		0.73266	333.376	23.812	0.360417	1019.14	1.01354	27.2839	75.109	75.847	150.957		2298.13	6.0254	72.076	45.9783	36.8842								
2015/10/11 20:05:00		0.68033	328.797	23.787	0.358333	1019.24	1.02813	27.319	73.832	80.219	154.051		2359.79	5.6968	81.351	47.0817	38.0233								
2015/10/11 20:10:00		0.79043	321.282	23.7057	0.361458	1019.31	1.07917	27.3591	99.45	77.135	176.585		2455.83	1.76083	84.933	47.2675	37.945								
2015/10/11 20:15:00		0.74372	328.194	23.7104	0.360417	1019.4	0.99896	27.4369	133.044	80.031	213.075		2743.33	2.58946	84.17	47.15	38.0267								
2015/10/11 20:20:00		0.65213	301.503	23.7125	0.360417	1019.41	1.10833	27.5191	153.834	84.847	238.682		3187.71	0.96435	77.439	44.49	36.865								
2015/10/11 20:25:00		0.83635	324.157	23.7109	0.364062	1019.46	1.15208	27.5483	98.599	79.51	178.11		3416.67	1.19651	66.111	45.1017	38.9975								
2015/10/11 20:30:00		1.07022	328.558	23.6667	0.357812	1019.46	1.02083	27.6095	54.018	75.015	129.033		3296.46	0.0	57.005	41.1433	36.2358								
2015/10/11 20:35:00		1.1215	326.522	23.6146	0.359896	1019.47	1.06458	27.6111	35.1638	67.58	102.744		2901.46	0.0	60.984	39.505	33.8708								
2015/10/11 20:40:00		0.79427	334.364	23.6109	0.361458	1019.5	1.11563	27.4302	25.431	65.327	90.758		2544.38	0.0	55.704	37.455	32.24								
2015/10/11 20:45:00		0.79837	357.961	23.6073	0.358333	1019.53	1.05729	27.2688	33.2476	62.038	95.285		2278.75	0.225015	56.42	37.2533	31.4467								
2015/10/11 20:50:00		0.6428	349.319	23.6115	0.357292	1019.56	1.02813	27.2782	26.7933	61.38	88.174		2096.67	1.81798	50.41	34.815	30.2467								
2015/10/11 20:55:00		0.58239	41.2145	23.6057	0.3625	1019.53	1.06458	27.2976	15.2559	51.124	66.38		1872.5	11.8829	44.0067	30.9117	27.1133								
2015/10/11 21:00:00		0.59893	25.1476	23.5016	0.355208	1019.54	1.03542	27.3478	20.0933	51.692	71.786		1648.33	5.7147	43.4383	29.3	24.6183								
2015/10/11 21:05:00		0.089497	359.7	23.5406	0.353646	1019.54	0.99896	27.4146	32.5062	57.844	90.35		1506.04	0.83577	45.8567	28.5033	23.0217								
2015/10/11 21:10:00		0.53131	2.49073	23.6021	0.353646	1019.59	0.98438	27.4729	23.3205	54.178	77.498		1428.75	4.10027	41.9433	27.68	23.0075								
2015/10/11 21:15:00		0.452812	342.783	23.5042	0.35625	1019.61	0.99896	27.5467	19.4568	53.654	73.111		1331.67	3.67167	42.0783	28.1983	22.785								
2015/10/11 21:20:00		0.50756	347.787	23.4703	0.35625	1019.62	0.98438	27.5703	28.9753	57.57	86.545		1297.5	2.7609	40.1317	26.0467	21.7217								
2015/10/11 21:25:00		0.9092	351.672	23.3943	0.357812	1019.67	1.00625	27.5926	14.6618	48.2074	62.869		1202.08	5.2503	33.0783	23.655	20.0892								
2015/10/11 21:30:00		0.67794	351.0	23.3089	0.356771	1019.67	1.05729	27.6219	23.8565	51.894	75.751		1127.29	0.92506	33.9975	23.0308	19.3533								
2015/10/11 21:35:00		0.475524	349.331	23.2453	0.361458	1019.67	1.07917	27.6723	27.6263	54.893	82.519		1090.63	3.46094	29.03	21.9758	18.705								
2015/10/11 21:40:00		0.70643	14.9056	23.1839	0.354688	1019.67	0.95521	27.7293	18.1615	51.925	70.087		1027.92	1.25365	41.4033	23.91	19.3942								
2015/10/11 21:45:00		0.58578	345.255	23.099	0.353125	1019.66	0.99896	27.7524	17.1922	51.97	69.162		1050.0	1.15365	32.6142	22.4833	18.4275								
2015/10/11 21:50:00		0.68483	31.0821	23.0031	0.356771	1019.65	1.01354	27.7873	18.3692	50.751	69.12		1012.08	1.72154	35.9317	22.18	18.23								
2015/10/11 21:55:00		0.86957	353.243	22.9245	0.350521	1019.65	1.09375	27.8149	21.3038	53.623	74.927		1028.54	0.0	32.8383	21.5283	17.44								
2015/10/11 22:00:00		0.68894	347.655	22.8719	0.355729	1019.63	0.9625	27.8407	17.4892	51.104	68.593		998.54	0.0	39.1625	20.805	16.5392								
2015/10/11 22:05:00		0.79421	356.832	22.8104	0.356771	1019.64	1.01354	27.8743	14.1013	48.5839	62.685		1002.92	4.55745	29.4067	18.3158	15.115								
2015/10/11 22:10:00		0.76038	340.778	22.812	0.355729	1019.62	0.99167	27.8069	13.304	47.1735	60.477		962.29	0.425028	32.9383	19.2133	15.4317								
2015/10/11 22:15:00		0.91052	354.095	22.8073	0.360417	1019.59	1.02813	27.5395	37.6473	60.258	97.905		960.63	0.0	39.2608	20.7433	15.7358								
2015/10/11 22:20:00		0.93616	355.352	22.8109	0.359896	1019.6	0.98438	27.4278	13.7596	54.732	68.492		974.58	4.96104	33.645	19.875	16.0342								
2015/10/11 22:25:00		0.94258	7.3456	22.7135	0.357812	1019.6	0.99896	27.4235	11.3163	45.4037	56.72		920.21	9.5185	32.34	20.3125	16.3425								
2015/10/11 22:30:00		0.91227	338.909	22.701	0.358333	1019.63	0.9625	27.4656	12.9667	50.641	63.608		858.54	0.74291	33.0992	20.4492	16.0708								
2015/10/11 22:35:00		0.84578	339.504	22.7016	0.357292	1019.64	1.02083	27.5167	32.7987	57.464	90.263		838.13	0.55004	39.5392	20.8867	15.73								
2015/10/11 22:40:00		0.81088	337.475	22.6917	0.361458	1019.68	1.01354	27.5641	9.9249	50.457	60.381		839.17	0.98935	32.9917	19.9267	15.5717								
2015/10/11 22:45:00		0.67357	350.94	22.6005	0.358854	1019.69	1.06458	27.5652	9.5028	51.956	61.459		818.96	0.0	38.0108	22.345	17.7983								
2015/10/11 22:50:00		0.60863	15.0828	22.6026	0.359375	1019.68	0.98438	27.5808	18.3468	73.044	91.391		885.83	0.0	51.186	28.0167	21.9683								
2015/10/11 22:55:00		0.81161	11.8867	22.5932	0.355208	1019.69	0.99167	27.6017	26.0228	74.163	100.186		938.13	0.0	47.5275	25.5042	20.4508								
2015/10/11 23:00:00		0.95136	13.1929	22.4974	0.357812	1019.7	0.98438	27.617	19.6466	61.295	80.941		991.88	0.0	37.8958	22.6333	18.6725								
2015/10/11 23:05:00		0.74475	353.509	22.5005	0.358333	1019.66	1.07917	27.6393	8.27	50.107	58.377		966.88	0.45003	38.2525	23.5067	18.9467								
2015/10/11 23:10:00		0.78067	25.8624	22.4547	0.360417	1019.6	1.02083	27.6737	8.0735	46.6498	54.723		919.17	3.38237	33.2767	23.6667	19.4358								
2015/10/11 23:15:00		0.58411	329.355	22.4026	0.360417	1019.54	1.00625	27.6949	15.4636	47.8822	63.346		873.33	0.0	40.8875	25.8383	20.8183								
2015/10/11 23:20:00		0.85974	344.933	22.4052	0.3625	1019.5	1.02083	27.7008	7.3722	44.0754	51.448		834.38	1.2608	35.8975	24.2308	20.7483								
2015/10/11 23:25:00		0.8566	354.002	22.4	0.359896	1019.46	1.02083	27.7059	19.5595	47.9849	67.544		767.29	0.014287	39.5208	25.98	21.41								
2015/10/11 23:30:00		1.09983	335.525	22.4021	0.359375	1019.48	1.07187	27.7167	19.2134	50.576	69.79		744.17	0.0	48.3758	28.74	22.4442								
2015/10/11 23:35:00		0.67383	349.977	22.3068	0.360417	1019.42	1.06458	27.726	21.3105	53.079	74.389		751.88	0.0	41.6433	25.8525	21.4733								
2015/10/11 23:40:00		0.73209	345.968	22.3099	0.359375	1019.4	1.05	27.7368	15.1286	48.5155	63.644		733.75	0.0	44.4175	25.5342	21.0225								
2015/10/11 23:45:00		0.60914	346.449	22.4057	0.361458	1019.36	1.02813	27.605	12.902	50.395	63.297		692.71	0.02143	38.4117	25.7775	21.5492								
2015/10/11 23:50:00		0.75371	336.321	22.3833	0.357292	1019.36	1.02813	27.2068	18.0453	46.9681	65.013		689.38	0.15001	41.3342	27.41	22.7908								
2015/10/11 23:55:00		0.92503	331.02	22.3021	0.357812	1019.33	1.04271	26.8278	15.8768	50.018	65.895		691.67	0.0	42.48	27.4367	23.2325								
2015/10/12 00:00:00		0.98172	329.06	22.3	0.363542	1019.28	1.05	26.4347	19.669	50.977	70.646		717.92	0.0	45.6617	32.51	28.64								
