-- 1st mean values --
Format: XTAB(V:1;HEAD:2;COL:TCFFFFFFFFFFFFFFFFFFFFFFFF)
StartTime: 2016/11/05 00:00:00
EndTime: 2016/11/06 00:00:00
Period: 24 h
Station: Gia Lam

Time	MeasPt	Wind Spd.	Wind Dir.	Temp	RH	Barometer	Radiation	InnerTemp	NO	NO2	NOx	SO2	CO	O3	PM-10	PM-2.5	PM-1	CH4	NMHC	THC	BENZEN	TOLUEN	ETHYL BENZEN	MP-XYLEN	O-XYLEN
		m/s	degree	°C	%	hPa	W/m²	°C	µg/m3	µg/m3	µg/m3	µg/m3	µg/m3	µg/m3	µg/m3	µg/m3	µg/m3	ppm	ppmC	ppmC	ug/m3	ug/m3	ug/m3	ug/m3	ug/m3
2016/11/05 00:05:00		1.39723	160.865	22.513	0.360938	1010.99	1.10833	26.9717	47.6973	115.363	163.06	28.6095	3938.75	5.2468	93.819	72.98	65.967				5.3386	0.0	2.86723	7.2886	0.448831
2016/11/05 00:10:00		1.35914	151.879	22.5109	0.359896	1010.96	1.11563	27.0372	49.1624	113.377	162.54	28.824	3638.96	5.3754	85.654	71.148	65.067				5.3386	0.0	2.86723	7.2886	0.448831
2016/11/05 00:15:00		1.9044	147.877	22.4182	0.360938	1010.9	1.13021	26.9507	41.3524	105.48	146.832	28.681	3410.42	5.4146	87.133	70.717	64.787				5.7667	0.0	2.2375	5.6225	0.335764
2016/11/05 00:20:00		1.87611	153.42	22.4151	0.364062	1010.86	1.07917	26.8267	43.6304	112.484	156.114	28.538	3233.75	5.0325	85.108	69.448	63.977				5.8233	0.0	2.15433	5.4025	0.32083
2016/11/05 00:25:00		1.4033	161.743	22.413	0.358854	1010.8	1.13021	26.6221	37.2051	103.604	140.809	28.2997	2917.08	5.2539	86.735	69.497	63.792				5.8233	0.0	2.15433	5.4025	0.32083
2016/11/05 00:30:00		1.41741	164.387	22.3344	0.358333	1010.81	1.18125	26.7198	33.9891	99.352	133.341	28.3998	2904.79	5.5682	95.863	74.298	64.218				4.68671	0.0	1.93954	4.75571	0.325645
2016/11/05 00:35:00		1.42965	170.939	22.3161	0.358854	1010.77	1.12292	26.9553	37.7947	111.015	148.81	28.3998	2988.13	5.1146	83.625	68.9	63.778				4.53659	0.0	1.91117	4.67029	0.32628
2016/11/05 00:40:00		1.46311	160.898	22.3135	0.363542	1010.75	1.07187	27.0594	31.5972	104.775	136.372	28.3807	2775.0	5.5039	85.48	68.932	63.45				4.53659	0.0	1.91117	4.67029	0.32628
2016/11/05 00:45:00		1.55666	155.485	22.2927	0.357812	1010.71	1.07187	26.9367	29.8105	105.976	135.787	28.3807	2683.54	5.2325	84.853	69.228	63.62				3.92979	0.0	1.60426	3.79664	0.287307
2016/11/05 00:50:00		1.36443	161.503	22.2104	0.3625	1010.68	1.20313	26.7929	26.9251	99.67	126.595	28.314	2538.75	5.2325	82.912	68.418	63.402				3.84965	0.0	1.56373	3.68126	0.28216
2016/11/05 00:55:00		1.15275	154.41	22.2115	0.360417	1010.67	1.06458	26.5864	25.0982	96.805	121.903	28.0328	2418.96	5.2896	83.101	67.802	62.917				3.84965	0.0	1.56373	3.68126	0.28216
2016/11/05 01:00:00		1.12013	147.363	22.1521	0.360938	1010.62	1.12292	26.6769	23.7381	100.225	123.963	28.0709	2453.13	5.4182	85.76	68.762	62.964				3.87429	0.0	1.5788	3.92656	0.256038
2016/11/05 01:05:00		1.25319	153.625	22.1167	0.360417	1010.52	1.14479	26.8814	29.4286	109.081	138.51	28.1281	2486.46	5.0289	89.958	69.727	63.274				3.87755	0.0	1.58079	3.95896	0.252589
2016/11/05 01:10:00		1.15478	151.135	22.1177	0.361979	1010.47	1.13021	26.9837	32.8099	110.118	142.928	28.2234	2423.96	4.99319	90.198	70.26	62.576				3.87755	0.0	1.58079	3.95896	0.252589
2016/11/05 01:15:00		1.21999	147.436	22.1167	0.363021	1010.41	1.13021	26.8691	31.7848	108.27	140.055	28.3283	2335.83	4.8146	93.078	70.498	63.012				3.53565	0.0	1.36349	3.28542	0.232077
2016/11/05 01:20:00		1.15157	130.157	22.1182	0.365625	1010.41	1.10833	26.7397	33.5402	110.183	143.724	28.09	2211.04	4.50387	85.036	67.872	62.489				3.49049	0.0	1.33478	3.19646	0.229367
2016/11/05 01:25:00		1.17308	151.519	22.1156	0.366146	1010.38	1.1375	26.5313	28.6492	98.14	126.789	27.9517	2098.54	5.1253	84.968	67.871	62.583				3.49049	0.0	1.33478	3.19646	0.229367
2016/11/05 01:30:00		0.91958	152.715	22.0932	0.359375	1010.33	1.16667	26.6369	28.8457	101.447	130.293	27.9994	2201.88	5.1718	85.662	68.136	62.223				3.35465	0.0	1.40847	3.48906	0.24088
2016/11/05 01:35:00		0.8835	161.31	22.0161	0.364062	1010.33	1.16667	26.8852	28.6023	101.909	130.512	27.9946	2255.42	5.2039	83.801	68.37	62.751				3.33671	0.0	1.41821	3.52771	0.2424
2016/11/05 01:40:00		1.24496	159.58	22.0156	0.3625	1010.28	1.13021	26.9757	29.8463	105.531	135.377	28.0328	2297.29	4.91818	84.496	69.26	62.987				3.33671	0.0	1.41821	3.52771	0.2424
2016/11/05 01:45:00		0.97616	147.769	22.0167	0.360938	1010.25	1.1375	26.8634	27.6241	104.908	132.532	27.9136	2189.58	4.83961	81.708	67.687	62.62				3.07243	0.0	1.26245	3.13422	0.02828
2016/11/05 01:50:00		0.92072	157.444	22.0141	0.358854	1010.21	1.13021	26.7182	30.3443	103.604	133.948	27.8326	2235.83	4.59316	85.526	67.828	62.434				3.03753	0.0	1.24188	3.08225	0.0
2016/11/05 01:55:00		1.27558	144.051	22.0042	0.363021	1010.2	1.19583	26.5456	28.7318	103.059	131.791	27.5657	2158.33	4.62174	82.288	67.383	62.799				3.03753	0.0	1.24188	3.08225	0.0
2016/11/05 02:00:00		1.10434	148.899	21.9156	0.3625	1010.13	1.08646	26.7123	29.2991	99.903	129.202	27.5609	2228.96	4.93604	86.232	69.267	63.59				3.26693	0.148734	1.30416	3.27033	0.0
2016/11/05 02:05:00		1.21844	151.41	21.9099	0.366146	1010.1	1.15208	26.9279	28.5621	101.57	130.132	27.6943	2210.0	5.0753	81.608	69.099	63.627				3.29242	0.16526	1.31108	3.29123	0.0
2016/11/05 02:10:00		1.33823	154.636	21.913	0.363542	1010.11	1.18125	26.9461	26.5141	100.156	126.671	27.823	2166.67	5.1039	82.641	69.401	64.075				3.29242	0.16526	1.31108	3.29123	0.0
2016/11/05 02:15:00		1.12888	157.269	21.8964	0.364583	1010.14	1.15937	26.8135	24.9865	97.192	122.178	27.6371	2188.13	4.73246	88.953	70.913	64.493				3.16972	0.25895	1.42456	3.57017	0.0
2016/11/05 02:20:00		1.12813	164.934	21.8167	0.360417	1010.13	1.1375	26.6382	37.6026	109.79	147.392	27.8945	2072.29	4.10385	84.83	69.895	64.36				3.15608	0.26936	1.43717	3.60117	0.0
2016/11/05 02:25:00		0.82192	150.67	21.8115	0.363542	1010.09	1.15937	26.5139	28.8078	96.559	125.366	27.5895	1980.21	4.63959	85.252	70.088	64.557				3.15608	0.26936	1.43717	3.60117	0.0
2016/11/05 02:30:00		1.01377	155.852	21.812	0.364583	1010.07	1.20313	26.6857	28.8145	101.293	130.107	27.5418	2172.5	4.83604	84.586	69.781	64.338				2.72833	0.026936	1.48964	3.49198	0.0
2016/11/05 02:35:00		0.98148	145.697	21.8135	0.363021	1010.07	1.15937	26.9333	32.5754	100.112	132.687	27.8087	2130.83	4.82889	85.672	70.072	63.791				2.68081	0.0	1.49547	3.47985	0.0
2016/11/05 02:40:00		0.87583	154.909	21.8125	0.3625	1010.04	1.18854	26.9362	32.7563	101.762	134.518	27.6037	2087.5	4.63245	86.221	69.767	63.812				2.68081	0.0	1.49547	3.47985	0.0
2016/11/05 02:45:00		1.12399	147.297	21.812	0.363021	1010.02	1.1375	26.7888	34.1365	105.449	139.585	27.7944	2058.33	4.25743	88.255	70.286	64.027				2.67422	0.0	1.38498	3.20688	0.0
2016/11/05 02:50:00		1.32859	145.214	21.7344	0.361979	1010.08	1.18854	26.6216	35.8383	102.834	138.672	27.7086	2045.63	4.18957	88.079	71.438	64.524				2.67348	0.0	1.3727	3.17655	0.0
2016/11/05 02:55:00		1.51199	148.21	21.7156	0.357812	1010.1	1.15937	26.4685	34.4648	102.313	136.778	27.6943	1991.67	4.36815	87.106	70.329	64.354				2.67348	0.0	1.3727	3.17655	0.0
2016/11/05 03:00:00		1.47388	150.233	21.7104	0.361458	1010.1	1.15937	26.6371	33.768	99.8	133.568	27.5561	2062.92	4.6396	89.268	70.854	64.229				2.44721	0.0	1.35863	3.07845	0.0
2016/11/05 03:05:00		1.21918	153.843	21.7125	0.364583	1010.1	1.21771	26.8812	30.8535	103.275	134.129	27.5656	2166.25	4.71103	89.101	71.564	63.906				2.42207	0.0	1.35706	3.06755	0.0
2016/11/05 03:10:00		1.04846	156.953	21.7146	0.359375	1010.06	1.13021	26.9298	34.8534	104.097	138.95	27.9041	2187.71	4.45387	86.931	70.207	63.882				2.42207	0.0	1.35706	3.06755	0.0
2016/11/05 03:15:00		1.06192	143.819	21.7156	0.361979	1010.03	1.17396	26.7885	30.8602	100.615	131.475	27.5466	2253.13	4.25386	90.463	71.088	64.113				2.37437	0.0	1.09214	2.53271	0.0
2016/11/05 03:20:00		1.10312	135.088	21.7104	0.364062	1010.0	1.17396	26.6307	33.8752	103.679	137.554	27.5513	2293.96	4.06813	88.732	70.753	64.112				2.36907	0.0	1.06271	2.47328	0.0
2016/11/05 03:25:00		0.99856	141.632	21.6417	0.359896	1010.01	1.15937	26.4962	32.2672	101.991	134.259	27.4131	2209.58	4.24671	85.818	70.047	64.208				2.36907	0.0	1.06271	2.47328	0.0
2016/11/05 03:30:00		1.2317	131.524	21.6135	0.357292	1010.03	1.07917	26.701	32.7228	102.012	134.735	27.3178	2341.88	4.49673	87.582	71.147	64.237				3.3267	0.0	1.40939	3.21255	0.183645
2016/11/05 03:35:00		1.38195	129.401	21.6177	0.365104	1010.0	1.21042	26.8927	35.0812	102.238	137.319	27.5561	2431.88	4.56102	88.668	70.62	63.758				3.45317	0.0	1.45518	3.31019	0.2079
2016/11/05 03:40:00		1.19451	130.61	21.6146	0.356771	1009.95	1.13021	26.8712	37.4284	108.492	145.921	27.6085	2426.67	4.27528	87.245	70.503	64.022				3.45317	0.0	1.45518	3.31019	0.2079
2016/11/05 03:45:00		1.31384	139.415	21.6146	0.361458	1009.9	1.12292	26.7265	41.4283	112.302	153.731	27.4989	2467.92	3.92526	86.723	70.298	64.43				3.08109	0.135553	1.56781	3.13647	0.024255
2016/11/05 03:50:00		1.43159	141.318	21.574	0.356771	1009.88	1.06458	26.5536	41.2273	114.182	155.409	27.5513	2361.67	3.82168	85.11	70.98	64.787				3.03195	0.153456	1.58269	3.11352	0.0
2016/11/05 03:55:00		1.4016	132.079	21.5073	0.357812	1009.87	1.11563	26.424	42.2346	107.773	150.008	27.1843	2328.54	4.05384	85.297	71.053	65.612				3.03195	0.153456	1.58269	3.11352	0.0
2016/11/05 04:00:00		1.15732	134.204	21.4995	0.351563	1009.8	1.08646	26.5558	44.928	105.904	150.832	27.2177	2415.0	4.37529	88.147	72.727	67.065				3.31409	0.017903	1.64717	3.45009	0.234548
2016/11/05 04:05:00		1.2762	131.054	21.4802	0.360417	1009.83	1.18854	26.7628	46.7079	109.352	156.059	27.4894	2569.38	4.53959	82.937	71.343	66.162				3.35135	0.0	1.65568	3.49454	0.265526
2016/11/05 04:10:00		1.19814	130.318	21.4063	0.355729	1009.85	1.09375	26.7961	38.3463	99.578	137.924	27.4989	2568.96	4.70746	82.622	70.822	65.82				3.35135	0.0	1.65568	3.49454	0.265526
2016/11/05 04:15:00		1.49747	134.584	21.4073	0.361458	1009.85	1.15208	26.6707	37.4128	98.88	136.292	27.3702	2499.38	4.336	85.256	71.931	66.382				3.28984	0.0	1.43513	3.16058	0.282203
2016/11/05 04:20:00		1.26559	135.901	21.3083	0.355208	1009.83	1.15208	26.5021	30.648	92.553	123.201	27.313	2483.75	4.42172	83.523	71.317	67.211				3.28301	0.0	1.41062	3.12347	0.284056
2016/11/05 04:25:00		1.27482	139.295	21.3047	0.358333	1009.83	1.1375	26.3568	38.0225	98.969	136.991	27.2987	2544.38	4.27886	84.358	72.767	68.456				3.28301	0.0	1.41062	3.12347	0.284056
2016/11/05 04:30:00		1.15232	142.176	21.3021	0.35625	1009.83	1.10833	26.5322	33.0109	93.751	126.762	27.3225	2646.67	4.76817	82.907	72.966	68.647				3.44103	0.0	1.60699	3.41232	0.332907
2016/11/05 04:35:00		0.83356	156.005	21.3042	0.355208	1009.82	1.08646	26.7501	37.9488	97.74	135.688	27.6371	2885.21	4.72889	90.971	74.355	68.782				3.46189	0.0	1.63293	3.45047	0.339359
2016/11/05 04:40:00		0.74827	147.255	21.2255	0.359375	1009.85	1.10104	26.8245	35.1884	93.83	129.019	27.4465	3113.13	4.58602	88.926	75.493	69.481				3.46189	0.0	1.63293	3.45047	0.339359
2016/11/05 04:45:00		0.6564	164.516	21.2052	0.364062	1009.88	1.16667	26.7029	37.4932	98.794	136.287	27.5799	3297.71	4.30029	89.491	75.337	69.529				3.60375	0.0	1.53737	3.29436	0.40227
2016/11/05 04:50:00		0.69384	135.605	21.2057	0.357812	1009.94	1.10104	26.5367	49.0574	100.338	149.395	27.5227	3273.75	4.06456	92.926	76.793	70.273				3.61951	0.0	1.52675	3.27702	0.40926
2016/11/05 04:55:00		1.09039	131.643	21.2661	0.363021	1009.98	1.17396	26.3485	53.45	103.237	156.688	27.4608	3526.46	4.11813	96.435	76.793	70.612				3.61951	0.0	1.52675	3.27702	0.40926
2016/11/05 05:00:00		0.84176	131.115	21.3026	0.358854	1010.02	1.18854	26.5158	62.328	103.597	165.925	27.5084	4062.92	4.30386	98.839	78.906	71.482				4.46999	0.0	2.29847	4.68237	0.55018
2016/11/05 05:05:00		1.06432	127.979	21.3062	0.359375	1010.04	1.15937	26.7416	78.231	106.989	185.221	27.3225	4208.13	4.39672	96.562	79.076	72.438				4.56448	0.0	2.38422	4.83852	0.56584
2016/11/05 05:10:00		1.11709	125.099	21.3062	0.364062	1010.07	1.15937	26.8272	89.845	113.624	203.469	27.8421	4343.75	4.48601	104.893	81.747	73.292				4.56448	0.0	2.38422	4.83852	0.56584
2016/11/05 05:15:00		1.04627	132.523	21.301	0.361979	1010.11	1.18125	26.7504	110.081	113.025	223.106	27.9899	4699.17	4.18599	109.82	84.604	75.11				5.1774	0.131811	2.98882	6.0483	0.709
2016/11/05 05:20:00		1.55975	122.753	21.3062	0.358333	1010.12	1.14479	26.5888	129.049	115.065	244.114	28.0089	5203.1	4.02884	107.24	81.597	73.069				5.2584	0.14922	3.06868	6.2081	0.72791
2016/11/05 05:25:00		1.26453	128.67	21.3073	0.356771	1010.13	1.16667	26.3853	131.101	115.712	246.813	27.7086	5275.8	4.02884	109.299	83.169	73.496				5.2584	0.14922	3.06868	6.2081	0.72791
2016/11/05 05:30:00		0.95828	133.716	21.3042	0.358854	1010.16	1.18125	26.5926	171.203	116.903	288.106	28.0804	6050.2	4.22528	117.203	85.923	74.645				6.542	0.014922	4.65819	8.588	1.40606
2016/11/05 05:35:00		0.9957	128.529	21.3078	0.3625	1010.19	1.15208	26.792	176.054	124.068	300.122	28.171	6167.5	4.23242	106.548	83.187	73.822				6.6846	0.0	4.8348	8.8525	1.48141
2016/11/05 05:40:00		0.82786	132.671	21.3078	0.361458	1010.26	1.13021	26.9018	153.256	120.378	273.634	28.0185	6394.8	4.30029	113.092	86.688	74.762				6.6846	0.0	4.8348	8.8525	1.48141
2016/11/05 05:45:00		0.92213	115.931	21.287	0.360938	1010.33	1.14479	27.0444	168.422	118.458	286.88	28.0232	6839.6	4.25385	112.98	85.404	74.732				7.7842	0.225364	4.70291	9.7399	1.53499
2016/11/05 05:50:00		0.86768	122.269	21.2401	0.359896	1010.43	1.12292	27.1912	175.976	121.183	297.158	28.3378	7122.1	4.38601	114.582	87.303	75.83				7.9294	0.25513	4.68549	9.8571	1.54207
2016/11/05 05:55:00		0.95418	111.804	21.2089	0.3625	1010.49	1.18854	27.3005	189.903	121.083	310.986	28.6381	7077.5	4.4253	126.633	92.49	78.889				7.9294	0.25513	4.68549	9.8571	1.54207
2016/11/05 06:00:00		0.80963	136.856	21.2089	0.364583	1010.53	1.1375	27.4039	225.48	122.99	348.47	28.8193	7832.9	4.58959	125.54	92.803	80.117				8.567	0.280416	4.52136	10.2213	1.48179
2016/11/05 06:05:00		0.9697	129.326	21.2068	0.3625	1010.54	1.1375	27.5193	232.048	119.348	351.395	28.8526	7940.8	4.59674	127.513	93.478	80.918				8.6512	0.283756	4.49968	10.2694	1.47383
2016/11/05 06:10:00		0.74939	129.061	21.212	0.360938	1010.59	2.12917	27.5918	238.292	115.829	354.121	28.7668	7822.1	4.58959	135.758	96.358	82.238				8.6512	0.283756	4.49968	10.2694	1.47383
2016/11/05 06:15:00		0.95174	128.619	21.2094	0.359896	1010.64	6.7156	27.6699	276.558	120.07	396.628	29.029	8477.3	4.74317	150.127	101.31	83.063				9.7847	0.319724	5.3316	12.0569	1.55922
2016/11/05 06:20:00		0.93185	114.87	21.2958	0.360417	1010.65	12.4396	27.7894	260.145	115.691	375.837	28.8288	8533.8	4.80746	144.123	99.914	83.693				9.9345	0.324474	5.4415	12.293	1.5705
2016/11/05 06:25:00		0.73259	100.037	21.3073	0.361458	1010.67	19.2354	27.8318	265.059	112.21	377.269	28.8383	8844.4	4.94676	147.222	102.967	87.0				9.9345	0.324474	5.4415	12.293	1.5705
2016/11/05 06:30:00		0.78221	98.822	21.3083	0.360938	1010.71	30.9896	27.9336	286.769	118.153	404.922	29.3102	9586.3	5.1325	144.505	104.079	90.303				10.3595	0.336464	5.9398	13.4483	1.74758
2016/11/05 06:35:00		0.58516	84.783	21.3135	0.358854	1010.76	44.0708	28.0187	323.974	119.382	443.356	29.6153	10055.2	5.1003	144.003	104.837	90.875				10.4157	0.338047	6.0056	13.6009	1.77097
2016/11/05 06:40:00		0.66849	56.201	21.4047	0.356771	1010.77	57.174	28.0571	330.775	118.393	449.167	29.3674	10441.7	5.2718	141.082	105.667	91.166				10.4157	0.338047	6.0056	13.6009	1.77097
2016/11/05 06:45:00		0.80126	66.396	21.4125	0.361458	1010.79	69.861	28.1545	310.273	113.62	423.893	29.3484	10327.7	5.1539	137.875	102.685	89.74				12.6457	0.82129	6.3238	15.514	1.64706
2016/11/05 06:50:00		0.77899	54.783	21.4089	0.358854	1010.78	82.476	28.2544	292.734	111.087	403.821	29.3055	10204.2	5.0646	140.05	104.482	90.522				12.9403	0.88512	6.3658	15.7667	1.63069
2016/11/05 06:55:00		0.9462	89.608	21.4089	0.35625	1010.79	94.318	28.2708	319.049	111.354	430.404	29.5772	10675.2	5.1182	139.462	103.915	89.9				12.9403	0.88512	6.3658	15.7667	1.63069
2016/11/05 07:00:00		1.00641	78.561	21.4109	0.358333	1010.81	108.398	28.339	285.114	109.341	394.455	29.4199	10331.5	5.0646	127.528	99.4	87.993				13.4885	0.84661	7.1069	17.9853	1.77176
2016/11/05 07:05:00		0.85582	79.307	21.412	0.359896	1010.82	125.11	28.4168	254.488	107.315	361.803	29.2959	9865.4	5.0253	132.845	101.05	87.808				13.5609	0.84152	7.2048	18.2783	1.7904
2016/11/05 07:10:00		0.80985	88.441	21.4573	0.35625	1010.86	146.256	28.4697	244.912	111.652	356.564	29.3055	10176.5	5.061	148.957	107.015	89.852				13.5609	0.84152	7.2048	18.2783	1.7904
2016/11/05 07:15:00		1.15454	85.292	21.575	0.361458	1010.92	159.483	28.5632	286.778	118.995	405.773	29.9633	10751.7	5.1182	151.225	106.713	89.682				13.5609	0.84152	7.2048	18.2783	1.7904
2016/11/05 07:20:00		1.26548	74.544	21.6943	0.3625	1011.01	178.325	28.6088	325.951	125.886	451.837	30.3589	11428.3	5.1825	151.42	107.295	88.419				13.5609	0.84152	7.2048	18.2783	1.7904
2016/11/05 07:25:00		1.23314	95.733	21.8375	0.361458	1011.06	189.839	28.6295	294.961	121.059	416.02	30.0157	11971.5	5.0575	146.855	104.414	87.908				13.5609	0.84152	7.2048	18.2783	1.7904
2016/11/05 07:30:00		1.41707	93.419	21.9688	0.360938	1011.08	206.172	28.7084	324.164	122.809	446.973	30.4209	12286.7	5.1003	139.875	101.363	85.097				15.7078	1.06968	7.5356	19.4337	1.79165
2016/11/05 07:35:00		1.01287	108.494	22.0911	0.363021	1011.08	220.646	28.7733	312.289	122.713	435.002	30.4924	12338.1	4.95033	133.845	97.968	82.466				15.9914	1.09982	7.5793	19.5863	1.79182
2016/11/05 07:40:00		0.92588	129.652	22.1969	0.367188	1011.09	241.42	28.8228	284.603	120.607	405.21	30.3875	12317.9	4.89675	137.047	95.657	81.754				15.9914	1.09982	7.5793	19.5863	1.79182
2016/11/05 07:45:00		1.06735	128.209	22.3469	0.361979	1011.15	260.903	28.9527	277.179	122.579	399.758	30.4447	12694.4	4.98247	140.697	98.092	81.947				18.243	1.21898	9.3587	24.3585	1.85628
2016/11/05 07:50:00		1.00197	93.431	22.4813	0.363021	1011.15	279.767	29.0292	308.495	133.835	442.33	31.0882	13224.6	5.0468	138.998	95.363	80.271				18.5404	1.23472	9.5938	24.9888	1.8648
2016/11/05 07:55:00		1.15891	133.312	22.6328	0.360417	1011.23	284.791	29.0641	304.325	133.202	437.527	30.7593	13669.8	4.85746	131.243	92.085	77.125				18.5404	1.23472	9.5938	24.9888	1.8648
2016/11/05 08:00:00		0.66274	152.026	22.7849	0.364062	1011.27	292.221	29.1626	312.515	140.74	453.255	31.1692	14057.1	4.77532	121.207	87.377	74.724				18.0075	1.35135	8.4758	24.3692	1.72121
2016/11/05 08:05:00		0.66761	88.501	22.9042	0.3625	1011.26	307.336	29.244	269.17	138.262	407.432	30.8356	12831.7	4.66817	113.349	82.637	72.388				17.9371	1.36675	8.3282	24.2874	1.70225
2016/11/05 08:10:00		0.69814	83.998	22.988	0.361979	1011.28	330.159	29.2802	261.773	142.65	404.424	31.0262	12802.5	4.72174	111.792	84.787	73.357				17.9371	1.36675	8.3282	24.2874	1.70225
2016/11/05 08:15:00		0.92077	119.268	23.0688	0.365625	1011.36	337.079	29.3833	220.392	139.946	360.338	30.8785	12024.8	4.64674	107.523	81.625	71.613				19.2431	1.44486	9.6052	27.8163	1.71983
2016/11/05 08:20:00		0.86973	152.012	23.1672	0.365104	1011.44	345.632	29.4443	202.523	140.884	343.407	31.0453	11053.1	4.6646	110.757	81.034	69.95				19.4156	1.45518	9.7739	28.2824	1.72215
2016/11/05 08:25:00		1.1315	140.346	23.2885	0.365625	1011.48	374.442	29.5001	214.949	150.428	365.377	31.3074	11226.0	4.5503	109.212	78.302	66.579				19.4156	1.45518	9.7739	28.2824	1.72215
2016/11/05 08:30:00		0.7775	127.633	23.4568	0.360938	1011.56	375.63	29.6062	210.358	154.762	365.12	31.46	11151.7	4.42887	105.177	74.453	64.357				14.783	1.01847	7.3538	20.9441	1.24494
2016/11/05 08:35:00		0.92544	153.825	23.6125	0.3625	1011.58	393.881	29.6964	192.498	156.765	349.262	31.7222	10860.0	4.34672	101.155	71.934	61.129				14.1712	0.9608	7.0342	19.9749	1.18191
2016/11/05 08:40:00		1.48807	139.342	23.801	0.368229	1011.64	430.66	29.4733	226.489	163.762	390.251	32.2417	11405.8	4.17171	104.692	73.092	60.717				14.1712	0.9608	7.0342	19.9749	1.18191
2016/11/05 08:45:00		1.77105	183.02	24.0141	0.3625	1011.74	444.201	29.1256	229.544	156.898	386.442	31.8794	11249.2	4.08599	78.415	56.374	48.9267				14.4881	0.91749	7.384	20.1071	1.20963
2016/11/05 08:50:00		1.25346	167.437	24.175	0.367708	1011.76	469.168	28.8021	178.396	133.561	311.958	30.7641	10508.5	4.12885	75.976	55.336	48.0308				14.5234	0.91267	7.4228	20.1218	1.21271
2016/11/05 08:55:00		1.95414	167.207	24.3188	0.363542	1011.74	501.2	28.6327	163.35	136.392	299.743	30.3112	9969.2	4.67174	82.453	59.078	50.522				14.5234	0.91267	7.4228	20.1218	1.21271
2016/11/05 09:00:00		1.33672	158.901	24.4385	0.363021	1011.76	476.554	28.787	171.632	160.445	332.076	30.6878	9767.9	4.29672	72.946	52.797	45.135				15.2295	0.95154	7.9092	21.3203	1.16921
2016/11/05 09:05:00		1.45313	154.351	24.5651	0.365104	1011.8	452.805	28.9941	160.494	161.698	322.192	30.9928	9728.8	4.0967	86.122	59.762	50.754				15.3079	0.95586	7.9632	21.4535	1.16437
2016/11/05 09:10:00		1.7233	142.535	24.7516	0.361458	1011.83	421.32	29.1181	177.432	169.51	346.941	31.5458	9852.9	4.16099	90.569	62.856	53.703				15.3079	0.95586	7.9632	21.4535	1.16437
2016/11/05 09:15:00		1.50508	194.134	24.8901	0.366667	1011.81	450.589	29.31	176.4	174.131	350.531	31.541	9949.2	4.08956	80.075	55.709	46.9858				9.8567	0.433773	5.9539	15.0814	0.492662
2016/11/05 09:20:00		0.96009	151.732	24.9385	0.364062	1011.82	502.84	29.3882	143.494	154.707	298.201	31.7937	8922.5	4.19671	61.886	45.0725	39.3792				9.251	0.375764	5.7307	14.3734	0.418027
2016/11/05 09:25:00		1.59171	133.68	24.976	0.361979	1011.82	525.46	29.0569	150.913	159.685	310.598	31.3503	9374.4	3.63953	66.096	46.6042	39.78				9.251	0.375764	5.7307	14.3734	0.418027
2016/11/05 09:30:00		2.40035	153.136	25.1078	0.364583	1011.81	511.95	28.798	152.376	156.388	308.764	31.1358	9381.7	3.48952	64.823	45.1033	37.4158				12.0598	0.76977	6.281	17.5594	0.93833
2016/11/05 09:35:00		1.16187	144.017	25.2891	0.363021	1011.82	469.365	28.5068	131.671	146.57	278.241	30.2588	9067.1	3.67882	63.799	45.0625	38.4292				12.3719	0.81355	6.3421	17.9134	0.99614
2016/11/05 09:40:00		1.49944	180.488	25.3703	0.364583	1011.76	478.866	28.2429	109.404	133.578	242.983	29.5009	8425.8	4.40029	54.697	40.22	35.0842				12.3719	0.81355	6.3421	17.9134	0.99614
2016/11/05 09:45:00		1.73202	183.674	25.4349	0.364583	1011.71	561.61	28.2941	91.98	125.787	217.767	29.6058	7325.4	5.4968	45.1725	34.5867	30.7858				11.3331	0.453005	5.2927	16.2969	0.98036
2016/11/05 09:50:00		2.46421	168.665	25.4932	0.364583	1011.63	620.29	28.5232	76.054	118.937	194.991	29.9728	6424.8	6.0861	50.614	36.4808	32.205				11.2177	0.412945	5.1761	16.1173	0.9786
2016/11/05 09:55:00		1.37695	148.373	25.6073	0.367188	1011.55	622.02	28.7435	75.462	150.709	226.171	30.2779	7158.3	4.26814	62.392	42.5558	34.8367				11.2177	0.412945	5.1761	16.1173	0.9786
2016/11/05 10:00:00		2.21875	186.345	25.8198	0.370313	1011.44	660.22	28.9506	96.038	168.496	264.534	30.6687	7334.4	3.87883	56.977	41.2658	35.4658				6.4945	0.041295	3.38436	10.3978	0.420046
2016/11/05 10:05:00		2.74023	199.914	25.9984	0.366667	1011.41	513.71	28.906	67.94	139.569	207.51	30.6163	6267.7	5.0968	54.074	39.5367	34.6058				5.9697	0.0	3.18528	9.7623	0.357984
2016/11/05 10:10:00		1.717	143.617	26.0438	0.366667	1011.42	529.49	28.6214	56.883	120.125	177.008	30.2064	6050.0	5.0968	60.681	41.8533	35.9292				5.9697	0.0	3.18528	9.7623	0.357984
2016/11/05 10:15:00		1.764	202.02	26.1599	0.371354	1011.35	683.28	28.4249	61.193	140.6	201.793	29.7917	5974.6	4.30743	56.998	41.67	35.6517				8.8413	0.329377	4.2168	12.7436	0.418506
2016/11/05 10:20:00		1.94665	181.152	26.2906	0.36875	1011.29	685.75	28.1841	48.3606	127.608	175.969	29.315	5805.4	4.74317	60.67	42.945	36.7333				9.1603	0.365975	4.33141	13.0749	0.42523
2016/11/05 10:25:00		1.91712	191.734	26.4266	0.363542	1011.2	628.71	27.8831	41.9822	122.398	164.38	28.7573	5335.4	5.4432	60.93	43.5017	37.2233				9.1603	0.365975	4.33141	13.0749	0.42523
2016/11/05 10:30:00		2.12264	144.829	26.5333	0.369271	1011.17	704.16	27.7999	43.8135	136.817	180.63	28.9146	5811.5	5.1646	63.223	43.2267	36.6517				6.5399	0.23586	3.44665	9.3472	0.388721
2016/11/05 10:35:00		2.33626	181.557	26.6734	0.370833	1011.07	687.09	27.9518	53.828	156.768	210.596	29.0242	5918.1	5.2468	61.937	41.0083	34.8017				6.2487	0.221403	3.34834	8.933	0.384665
2016/11/05 10:40:00		2.24802	178.574	26.8052	0.366667	1010.98	755.99	28.1972	42.9783	143.876	186.854	29.1434	5459.4	6.2683	60.4	39.6842	33.2317				6.2487	0.221403	3.34834	8.933	0.384665
2016/11/05 10:45:00		1.32193	168.263	26.9458	0.365104	1010.92	708.06	28.5293	46.8419	160.215	207.057	29.6534	5796.7	5.3896	62.413	39.9492	33.7617				6.3805	0.261085	3.72801	8.7965	0.296804
2016/11/05 10:50:00		1.42739	176.823	27.1021	0.366146	1010.83	685.46	28.6158	42.9224	156.648	199.571	29.9347	5340.0	5.6218	60.265	39.42	33.245				6.3952	0.265494	3.7702	8.7814	0.287041
2016/11/05 10:55:00		2.26	183.475	27.2646	0.368229	1010.75	395.755	28.4227	38.4647	142.123	180.588	29.7488	5432.7	5.4539	54.582	37.205	31.7583				6.3952	0.265494	3.7702	8.7814	0.287041
2016/11/05 11:00:00		1.87411	153.775	27.3068	0.370833	1010.69	658.98	28.2928	40.9839	147.2	188.184	29.6391	5907.3	4.4503	66.677	39.5092	32.3283				6.3261	0.241137	3.16272	8.9179	0.319328
2016/11/05 11:05:00		3.34499	206.773	27.376	0.370833	1010.6	770.14	28.1344	53.56	167.593	221.153	29.5343	6145.2	4.28243	64.534	36.2792	30.5683				6.3184	0.238431	3.09522	8.933	0.322915
2016/11/05 11:10:00		1.88697	156.915	27.499	0.369792	1010.57	770.01	27.918	36.4748	127.047	163.521	29.0242	5686.3	5.6968	55.186	35.6642	29.4383				6.3184	0.238431	3.09522	8.933	0.322915
2016/11/05 11:15:00		2.43035	169.19	27.7214	0.371875	1010.5	750.57	27.7757	47.3824	151.428	198.81	28.8193	6281.0	4.16456	56.291	35.0175	28.9892				7.2317	0.306505	3.56234	10.0846	0.299969
2016/11/05 11:20:00		1.64668	188.036	27.8792	0.370833	1010.38	760.56	27.624	62.451	167.624	230.074	28.5237	6550.6	4.01455	58.883	33.6675	28.4767				7.3332	0.314069	3.61425	10.2125	0.29742
2016/11/05 11:25:00		1.83557	172.263	27.9531	0.370313	1010.27	716.01	27.4544	44.4411	136.974	181.416	28.4713	5726.5	5.8504	53.466	32.9717	28.2592				7.3332	0.314069	3.61425	10.2125	0.29742
2016/11/05 11:30:00		1.9168	191.123	28.0354	0.367708	1010.15	716.92	27.5287	36.9773	140.343	177.32	28.1996	5837.9	5.7504	48.7108	31.0875	26.6625				7.0068	0.345866	5.0967	11.2916	0.267692
2016/11/05 11:35:00		1.25513	164.868	28.1224	0.368229	1010.04	642.49	27.8699	33.0913	143.647	176.738	28.7954	5865.6	6.2968	50.918	33.7208	28.185				6.9705	0.3494	5.2614	11.4115	0.264389
2016/11/05 11:40:00		2.34624	166.675	28.2068	0.366146	1009.93	827.72	28.2402	35.2331	167.504	202.737	29.0147	6122.5	5.3682	55.784	33.6917	28.0042				6.9705	0.3494	5.2614	11.4115	0.264389
2016/11/05 11:45:00		1.87598	148.695	28.4167	0.369271	1009.85	749.97	28.5669	38.2771	186.065	224.342	29.3436	6401.3	4.81103	55.572	31.4417	25.4808				5.5708	0.03494	4.09422	8.4131	0.248821
2016/11/05 11:50:00		1.6162	165.301	28.6536	0.364583	1009.72	636.59	28.6896	40.8231	182.799	223.622	29.5247	6191.3	4.60745	50.981	30.2283	25.3508				5.4153	0.0	3.96454	8.08	0.247091
2016/11/05 11:55:00		1.52008	156.475	28.7484	0.3625	1009.56	570.36	28.6867	45.0419	178.051	223.093	29.5295	6749.0	4.06098	54.702	30.2592	24.6458				5.4153	0.0	3.96454	8.08	0.247091
2016/11/05 12:00:00		2.80144	172.682	28.8172	0.365104	1009.46	483.525	28.627	39.1168	167.904	207.021	29.1863	6487.5	5.0218	48.7525	30.5933	25.55				6.6016	0.330636	4.55026	11.62	0.308424
2016/11/05 12:05:00		1.96321	164.374	28.7901	0.367188	1009.35	790.38	28.5634	38.7707	167.856	206.627	29.2244	6345.4	4.63245	47.7292	29.0058	24.505				6.7334	0.367373	4.61534	12.0134	0.315238
2016/11/05 12:10:00		2.55253	145.713	28.9281	0.365625	1009.24	702.55	28.7524	42.8644	165.251	208.115	29.2197	6397.1	4.90747	53.728	30.2875	23.5467				6.7334	0.367373	4.61534	12.0134	0.315238
2016/11/05 12:15:00		2.29133	171.94	29.1583	0.363542	1009.12	801.24	29.103	40.6846	170.03	210.715	29.234	6385.4	4.7646	47.7425	25.0558	19.855				8.8361	0.34272	4.72412	13.0242	0.33908
2016/11/05 12:20:00		2.93672	201.776	29.3005	0.359896	1009.03	751.56	29.4118	39.6774	157.514	197.192	29.663	5766.5	5.6397	42.165	25.0192	20.6933				9.0697	0.339981	4.73621	13.1365	0.341729
2016/11/05 12:25:00		1.82133	189.845	29.2974	0.365104	1008.96	582.76	29.5541	29.9892	132.942	162.931	29.601	4991.04	6.6969	36.7025	24.2875	20.4458				9.0697	0.339981	4.73621	13.1365	0.341729
2016/11/05 12:30:00		3.52327	164.779	29.2724	0.364583	1008.85	673.71	29.6384	32.8278	160.684	193.512	29.5152	4955.63	4.36458	62.739	25.7767	20.7958				7.4817	0.306147	4.29041	11.8826	0.286795
2016/11/05 12:35:00		2.34039	172.304	29.4677	0.367188	1008.77	642.36	29.6376	35.1259	169.342	204.468	29.3913	4906.67	4.37887	43.5808	24.0675	19.9267				7.3053	0.302388	4.24088	11.7432	0.280691
2016/11/05 12:40:00		2.7239	147.377	29.6276	0.3625	1008.65	445.499	29.5989	30.0919	149.675	179.767	29.2816	4334.58	5.5647	42.0417	23.6775	19.3083				7.3053	0.302388	4.24088	11.7432	0.280691
2016/11/05 12:45:00		2.34366	129.97	29.5568	0.365104	1008.5	483.671	29.5761	26.9474	149.658	176.605	29.3674	4159.79	5.1396	40.705	23.8775	19.1408				4.87308	0.030239	3.50542	8.0838	0.028069
2016/11/05 12:50:00		2.42533	144.182	29.562	0.364583	1008.37	741.16	29.5616	26.3578	153.482	179.84	29.3436	4184.58	4.91461	42.4692	23.4808	18.2475				4.60284	0.0	3.4237	7.6772	0.0
2016/11/05 12:55:00		2.55734	171.135	29.9734	0.370833	1008.23	553.1	29.5465	28.7542	158.716	187.47	29.396	4463.75	3.97527	48.61	22.465	17.6067				4.60284	0.0	3.4237	7.6772	0.0
2016/11/05 13:00:00		1.68797	130.898	30.187	0.364062	1008.09	643.58	29.5723	36.0884	160.315	196.403	29.2769	4771.88	3.7824	45.6267	24.8233	18.9583				4.41454	0.167983	2.46684	6.8967	0.0
2016/11/05 13:05:00		2.3366	143.239	30.451	0.364583	1008.02	544.24	29.6378	57.113	183.436	240.549	29.3531	5076.9	3.11092	41.8467	23.1075	17.5625				4.39362	0.186648	2.36052	6.8099	0.0
2016/11/05 13:10:00		2.24466	150.515	30.5641	0.367188	1007.95	683.75	29.7079	45.5533	159.633	205.187	29.4485	4551.46	3.83954	55.11	23.1583	17.3517				4.39362	0.186648	2.36052	6.8099	0.0
2016/11/05 13:15:00		2.78885	182.024	30.8073	0.363021	1007.85	570.7	29.8394	55.32	173.652	228.972	29.3388	4784.38	3.73239	41.7933	20.3567	15.6167				6.876	0.293923	3.28454	10.5462	0.239997
2016/11/05 13:20:00		2.77538	166.12	30.8484	0.360417	1007.79	568.06	29.9858	39.8583	143.352	183.21	29.0433	4113.13	5.1396	40.735	20.07	15.075				7.1518	0.305843	3.38721	10.9613	0.266664
2016/11/05 13:25:00		2.45622	136.326	30.7557	0.361458	1007.71	581.51	30.1208	35.3425	140.843	176.185	29.11	4112.29	4.76103	39.935	20.295	15.71				7.1518	0.305843	3.38721	10.9613	0.266664
2016/11/05 13:30:00		2.25822	152.534	30.8323	0.364583	1007.61	581.46	30.2596	36.5999	152.054	188.654	29.2912	4187.92	4.21814	37.8783	21.0383	15.6417				5.3536	0.217594	2.50329	8.3553	0.240647
2016/11/05 13:35:00		3.26565	159.188	31.0266	0.360938	1007.55	554.9	30.4003	37.9756	163.717	201.693	29.3293	4437.71	3.68239	37.77	19.805	15.3067				5.1538	0.207789	2.40508	8.0658	0.237756
2016/11/05 13:40:00		2.85521	166.77	31.0427	0.360938	1007.42	636.6	30.5055	33.0198	151.972	184.992	29.253	4197.5	4.49316	39.0367	20.1633	15.2633				5.1538	0.207789	2.40508	8.0658	0.237756
2016/11/05 13:45:00		2.80545	154.392	31.1677	0.363021	1007.32	642.96	30.625	29.547	144.119	173.666	29.4628	3862.71	4.55387	94.105	22.4375	12.4667				5.2762	0.215525	2.34663	7.7246	0.023776
2016/11/05 13:50:00		1.96402	168.945	31.501	0.364062	1007.23	606.66	30.7689	36.046	152.934	188.98	29.3865	4065.42	3.25379	42.6142	16.9233	11.9933				5.2898	0.216385	2.34014	7.6867	0.0
2016/11/05 13:55:00		3.46194	179.549	31.8813	0.368229	1007.17	581.86	30.9045	47.2618	158.309	205.57	30.0586	3911.88	3.60024	45.6283	17.2892	11.9667				5.2898	0.216385	2.34014	7.6867	0.0
2016/11/05 14:00:00		2.102	163.941	31.9146	0.364062	1007.09	568.71	31.0454	34.4916	132.555	167.046	29.8393	3787.71	4.68245	38.7292	17.1767	12.1475				4.74058	0.22712	2.24757	7.3924	0.216454
2016/11/05 14:05:00		2.87217	191.052	31.7948	0.361458	1007.02	572.69	31.1187	34.3219	145.362	179.683	29.7964	3785.63	4.19314	37.5742	17.3333	12.5167				4.67955	0.228313	2.23728	7.3597	0.240504
2016/11/05 14:10:00		3.0753	164.732	31.7469	0.355208	1007.0	550.32	31.1131	33.3995	142.0	175.399	29.6487	3727.92	4.00384	37.2883	18.1958	13.3625				4.67955	0.228313	2.23728	7.3597	0.240504
2016/11/05 14:15:00		2.01301	168.665	31.7036	0.3625	1006.96	537.51	31.1649	34.0427	142.311	176.354	29.949	3441.25	4.33243	30.8083	16.4533	12.2758				4.79881	0.215505	2.4301	7.8118	0.02405
2016/11/05 14:20:00		2.67553	163.354	31.7458	0.358854	1006.93	518.85	31.2481	31.3538	133.969	165.322	29.9251	3459.79	4.37172	35.8342	16.9683	12.4058				4.81206	0.214082	2.45153	7.862	0.0
2016/11/05 14:25:00		3.09453	185.613	31.7807	0.3625	1006.85	489.745	31.2951	31.6419	144.855	176.497	29.8393	3656.25	3.74668	34.1125	16.2608	11.9925				4.81206	0.214082	2.45153	7.862	0.0
2016/11/05 14:30:00		3.29344	192.648	31.6807	0.366146	1006.83	445.674	31.3212	22.9341	114.911	137.845	29.5962	2872.29	5.8754	42.34	15.45	11.4492				4.81206	0.214082	2.45153	7.862	0.0
2016/11/05 14:35:00		2.59428	195.739	31.4161	0.358854	1006.79	478.355	31.3485	21.105	111.762	132.867	29.5772	2640.63	5.4254	37.5458	16.6875	12.225				4.81206	0.214082	2.45153	7.862	0.0
2016/11/05 14:40:00		2.33559	174.89	31.2865	0.365625	1006.74	476.35	31.3115	17.2637	106.911	124.174	29.3579	2235.0	5.9147	31.6483	16.1592	12.1292				4.81206	0.214082	2.45153	7.862	0.0
2016/11/05 14:45:00		2.79331	170.637	31.0	0.360417	1006.7	453.549	31.2857	19.7561	126.52	146.276	29.6677	2656.46	4.47887	32.7083	16.4133	12.2583				4.19067	0.021408	1.85045	5.9214	0.0
2016/11/05 14:50:00		2.81538	175.494	30.7141	0.359375	1006.7	431.193	31.3295	16.1872	107.311	123.498	29.4151	2238.33	5.829	38.3117	18.37	12.5442				4.12163	0.0	1.78366	5.7058	0.0
2016/11/05 14:55:00		2.32121	169.041	30.4745	0.364062	1006.69	395.478	31.3249	18.9833	131.182	150.165	29.315	3142.71	4.27529	40.64	19.3525	13.6217				4.12163	0.0	1.78366	5.7058	0.0
2016/11/05 15:00:00		2.47033	180.15	30.3937	0.359896	1006.64	325.332	31.2994	25.058	143.989	169.047	29.458	3534.17	3.65382	49.08	20.8917	14.1967				3.13872	0.126931	2.19576	5.2579	0.0
2016/11/05 15:05:00		2.30368	151.491	30.2698	0.363021	1006.62	223.614	31.2629	25.2255	138.628	163.853	29.4294	3519.38	3.90383	45.7158	20.4075	14.0483				3.02951	0.141035	2.24155	5.2082	0.0
2016/11/05 15:10:00		1.82075	148.038	30.1667	0.360938	1006.59	190.845	31.1888	34.0293	153.536	187.566	29.4818	3627.92	3.4038	47.17	21.495	14.3317				3.02951	0.141035	2.24155	5.2082	0.0
2016/11/05 15:15:00		2.15085	133.982	30.1521	0.3625	1006.59	197.56	31.1276	39.7243	161.585	201.309	29.6582	4423.75	2.92162	53.022	23.3558	14.7467				5.4655	0.290732	2.9241	9.1918	0.21398
2016/11/05 15:20:00		2.73414	159.368	30.2297	0.361979	1006.63	185.566	31.0664	42.3931	166.056	208.449	29.4914	4648.13	2.99306	55.472	22.8	14.5783				5.7361	0.307365	2.99994	9.6344	0.237756
2016/11/05 15:25:00		2.42121	159.228	30.1786	0.364062	1006.66	170.552	30.9678	36.7205	149.316	186.036	29.539	4457.29	3.87883	43.3583	20.4683	13.9267				5.7361	0.307365	2.99994	9.6344	0.237756
2016/11/05 15:30:00		2.72412	142.831	30.0995	0.365625	1006.65	161.474	30.8817	45.9285	160.626	206.555	29.6296	4489.58	3.68239	46.59	18.9258	13.8708				6.3857	0.269977	3.15182	10.2571	0.250892
2016/11/05 15:35:00		1.9875	156.635	29.9568	0.363021	1006.67	146.366	30.8247	34.036	142.897	176.933	29.3531	4203.13	4.64674	49.5992	20.4567	14.3167				6.4579	0.265823	3.16869	10.3263	0.252352
2016/11/05 15:40:00		1.58045	162.694	29.9188	0.361979	1006.66	133.824	30.7343	41.6092	162.098	203.707	29.3817	4525.83	3.51452	48.3575	20.5642	14.655				6.4579	0.265823	3.16869	10.3263	0.252352
2016/11/05 15:45:00		2.80068	159.519	29.8979	0.360417	1006.68	116.324	30.6537	38.3419	160.154	198.496	29.3722	4962.08	3.73953	48.075	21.5508	15.0442				5.1524	0.197527	2.76043	9.0809	0.266043
2016/11/05 15:50:00		2.34149	166.856	29.7661	0.364583	1006.72	100.683	30.5705	31.3605	150.51	181.871	29.2006	4505.0	4.60388	53.387	21.2808	14.3642				5.0073	0.189938	2.71507	8.9425	0.267564
2016/11/05 15:55:00		2.56917	170.499	29.6323	0.3625	1006.76	92.925	30.4677	34.1008	161.694	195.795	29.1672	4883.54	3.42523	43.3417	20.5483	14.6967				5.0073	0.189938	2.71507	8.9425	0.267564
2016/11/05 16:00:00		2.69018	161.907	29.5083	0.355729	1006.81	86.698	30.3997	39.6015	169.116	208.717	29.1768	4713.33	3.6181	51.555	21.9617	15.055				6.4698	0.290662	3.22272	10.4993	0.284496
2016/11/05 16:05:00		1.71219	164.202	29.3969	0.357292	1006.87	83.38	30.3417	33.1583	161.845	195.003	29.0481	4777.71	3.82168	46.5817	21.8267	15.3992				6.6323	0.301853	3.27913	10.6722	0.286378
2016/11/05 16:10:00		1.36774	147.965	29.3161	0.359375	1006.9	86.195	30.2473	44.325	167.134	211.459	29.2864	5155.8	3.35022	49.515	23.38	16.625				6.6323	0.301853	3.27913	10.6722	0.286378
2016/11/05 16:15:00		2.34481	156.56	29.2365	0.358333	1006.92	80.259	30.149	69.166	183.292	252.458	29.4961	4879.58	3.24665	40.74	22.525	17.0983				6.4095	0.230484	3.01379	10.1818	0.277549
2016/11/05 16:20:00		2.2753	160.357	29.1984	0.353646	1006.94	72.188	30.1036	45.5488	165.566	211.115	29.1291	4957.5	3.60381	52.218	24.1833	17.6633				6.3847	0.222554	2.9843	10.1273	0.276568
2016/11/05 16:25:00		1.67934	166.677	29.1099	0.360938	1006.98	67.732	30.0064	49.1579	178.554	227.712	28.9289	5256.3	3.15021	47.575	23.8367	17.88				6.3847	0.222554	2.9843	10.1273	0.276568
2016/11/05 16:30:00		2.4281	161.025	29.0818	0.356771	1007.0	57.94	29.9245	49.9284	177.962	227.89	28.8479	5886.7	3.10735	60.358	23.3042	16.5183				7.1253	0.337566	3.6178	11.9015	0.324082
2016/11/05 16:35:00		2.06009	165.958	28.9781	0.358854	1007.03	49.2698	29.8816	52.03	177.513	229.543	29.1482	6043.3	3.18593	51.977	22.8233	15.945				7.2076	0.350345	3.68819	12.0987	0.329361
2016/11/05 16:40:00		1.45702	163.665	28.8693	0.360417	1007.05	42.5104	29.7976	43.7778	166.446	210.224	28.8193	5615.6	3.8324	59.212	26.3817	17.6683				7.2076	0.350345	3.68819	12.0987	0.329361
2016/11/05 16:45:00		1.92227	163.312	28.7995	0.359896	1007.1	34.1688	29.7393	52.796	178.523	231.319	29.1911	5909.4	3.08235	78.245	30.0667	19.8442				8.3876	0.332207	4.43389	14.0094	0.373419
2016/11/05 16:50:00		2.61711	161.487	28.7026	0.360938	1007.14	27.1323	29.6988	51.347	180.444	231.79	28.8574	6001.0	3.15735	65.914	30.24	21.6258				8.5187	0.330192	4.51674	14.2217	0.378314
2016/11/05 16:55:00		1.88248	168.848	28.5969	0.357812	1007.18	20.8979	29.8242	50.333	176.394	226.727	28.8336	6250.4	3.55023	65.79	30.0333	21.4125				8.5187	0.330192	4.51674	14.2217	0.378314
2016/11/05 17:00:00		2.56929	169.404	28.4854	0.35625	1007.22	15.1812	30.0486	59.588	182.015	241.603	29.1291	6691.5	3.47523	62.185	28.9408	20.8692				7.6494	0.254048	4.32136	12.183	0.340611
2016/11/05 17:05:00		2.56566	163.699	28.3677	0.359375	1007.25	9.6542	30.2972	51.081	177.774	228.854	29.234	6488.5	3.82883	73.056	31.4933	22.0958				7.5528	0.245587	4.29965	11.9565	0.336422
2016/11/05 17:10:00		2.3042	162.587	28.2568	0.361458	1007.31	4.375	30.2698	49.0574	167.113	216.171	29.0814	6112.9	3.96455	68.141	31.6192	22.7792				7.5528	0.245587	4.29965	11.9565	0.336422
2016/11/05 17:15:00		1.89104	159.836	28.1313	0.358333	1007.36	1.12292	30.1439	46.9447	173.005	219.95	28.9575	6117.3	3.52881	71.857	36.3258	28.2558				7.8039	0.437298	5.515	13.8204	0.372462
2016/11/05 17:20:00		2.00119	168.74	28.0203	0.357812	1007.4	1.05	29.9662	43.9274	165.994	209.921	28.9718	5834.2	4.15385	78.812	40.2542	31.5367				7.8318	0.458599	5.6501	14.0274	0.376466
2016/11/05 17:25:00		2.10453	164.797	27.9094	0.359375	1007.49	1.07187	29.7544	40.3273	167.805	208.132	28.9194	6050.8	4.03241	72.892	39.8392	31.71				7.8318	0.458599	5.6501	14.0274	0.376466
2016/11/05 17:30:00		1.50636	163.485	27.8344	0.358854	1007.59	1.00625	29.7605	36.2001	160.749	196.95	28.7859	6185.2	4.5253	68.074	37.6225	29.6825				7.1696	0.216508	5.1851	13.1573	0.402654
2016/11/05 17:35:00		1.71783	169.692	27.7922	0.361458	1007.69	1.10833	29.4282	42.4691	173.71	216.179	28.6715	6446.5	3.72525	71.763	35.5925	27.9767				7.096	0.189609	5.1334	13.0607	0.405563
2016/11/05 17:40:00		1.50647	162.813	27.7094	0.363021	1007.75	1.10833	28.8697	38.86	161.184	200.044	28.09	6160.0	3.98955	73.136	36.6267	28.4567				7.096	0.189609	5.1334	13.0607	0.405563
2016/11/05 17:45:00		1.52383	160.47	27.6344	0.366146	1007.79	1.03542	28.3433	47.7442	173.135	220.879	27.7944	6701.5	3.37522	84.626	39.5	30.18				8.7217	0.299254	5.159	14.5748	0.77543
2016/11/05 17:50:00		1.8469	158.293	27.6042	0.367708	1007.83	1.10104	27.8538	48.0837	176.627	224.711	27.5084	6878.1	3.54667	68.595	37.4375	30.1158				8.9023	0.311436	5.1619	14.743	0.81653
2016/11/05 17:55:00		1.55561	150.343	27.5708	0.368229	1007.81	1.15937	27.4031	57.973	173.72	231.693	27.518	7054.6	3.68239	69.231	36.7058	29.8958				8.9023	0.311436	5.1619	14.743	0.81653
2016/11/05 18:00:00		1.68488	149.274	27.4943	0.363542	1007.83	1.16667	27.0758	57.117	173.169	230.287	27.2606	7719.4	3.70739	77.455	39.1267	31.4308				9.1596	0.351711	5.2557	15.3316	0.87581
2016/11/05 18:05:00		1.83708	144.603	27.4891	0.364062	1007.86	1.13021	26.8213	56.3	177.322	233.622	26.8173	7995.0	3.65381	72.304	38.3325	30.7475				9.1882	0.356186	5.2661	15.397	0.8824
2016/11/05 18:10:00		2.36008	136.32	27.3958	0.364583	1007.94	1.11563	26.5534	54.196	172.937	227.133	26.8602	7322.9	3.80382	69.527	39.9083	31.725				9.1882	0.356186	5.2661	15.397	0.8824
2016/11/05 18:15:00		2.80137	133.469	27.3276	0.366146	1008.07	1.18125	26.3885	55.699	174.244	229.944	26.5408	7588.1	3.93241	76.412	43.9042	37.7017				9.5931	0.441695	5.2875	15.9173	0.84359
2016/11/05 18:20:00		2.9075	142.019	27.2479	0.365625	1008.2	1.10833	26.3485	50.636	166.453	217.089	26.5122	7462.1	4.63959	75.002	47.1058	41.415				9.6381	0.451196	5.2898	15.9752	0.83928
2016/11/05 18:25:00		3.57748	135.236	27.0677	0.364583	1008.3	1.15208	26.4452	49.8257	153.612	203.437	26.4931	6889.4	5.5539	69.331	47.3492	40.2408				9.6381	0.451196	5.2898	15.9752	0.83928
2016/11/05 18:30:00		3.79158	137.72	26.8609	0.366146	1008.42	1.21042	26.5714	45.4997	150.77	196.27	26.5265	6778.8	5.3111	66.479	46.0725	39.4592				7.9967	0.326005	4.11541	12.6527	0.490818
2016/11/05 18:35:00		3.94137	133.992	26.7198	0.367708	1008.52	1.28333	26.6124	43.751	152.362	196.113	26.7172	6351.0	5.2253	66.448	45.6842	39.2458				7.8144	0.312094	3.98492	12.2835	0.452101
2016/11/05 18:40:00		2.99911	131.023	26.5781	0.365104	1008.6	1.225	26.5287	39.6774	141.589	181.266	26.8077	6276.5	5.1182	68.204	48.0875	41.3867				7.8144	0.312094	3.98492	12.2835	0.452101
2016/11/05 18:45:00		2.21632	132.53	26.4891	0.369271	1008.68	1.23958	26.4618	52.53	155.765	208.295	26.9317	6352.9	4.42172	65.931	48.2258	42.6567				5.7964	0.184793	3.40986	9.6775	0.415506
2016/11/05 18:50:00		2.52846	128.339	26.4099	0.369792	1008.82	1.21042	26.3187	49.6448	155.389	205.033	26.7219	6295.4	4.52887	66.68	48.3383	43.2125				5.5722	0.170648	3.34596	9.388	0.41144
2016/11/05 18:55:00		3.10493	136.107	26.3427	0.367188	1008.89	1.21771	26.1039	57.564	153.711	211.275	26.4312	6322.1	4.41458	66.007	48.2375	42.6092				5.5722	0.170648	3.34596	9.388	0.41144
2016/11/05 19:00:00		3.06813	137.582	26.2563	0.367708	1009.0	1.20313	25.9493	65.635	152.954	218.59	26.5742	6370.2	4.21457	70.211	49.0533	42.825				6.1873	0.227321	3.19068	9.26	0.442618
2016/11/05 19:05:00		3.73928	135.557	26.1719	0.367708	1009.11	1.21771	25.7611	55.523	143.598	199.121	26.2691	5977.3	4.51459	65.217	46.7367	40.6925				6.2557	0.233619	3.17343	9.2458	0.446082
2016/11/05 19:10:00		3.97406	138.642	26.0589	0.365625	1009.16	1.20313	25.8116	48.6219	135.338	183.96	26.2596	5642.1	5.4111	67.232	46.5558	40.2533				6.2557	0.233619	3.17343	9.2458	0.446082
2016/11/05 19:15:00		2.9664	133.254	25.9667	0.370313	1009.22	1.23229	26.1042	45.2406	134.677	179.918	26.5122	5637.9	5.954	65.402	46.835	40.0683				6.5381	0.253422	3.47376	9.7533	0.453119
2016/11/05 19:20:00		2.53948	131.085	25.8969	0.370313	1009.27	1.23958	26.384	51.367	142.914	194.281	26.7982	5389.4	6.0647	66.457	47.2158	40.2983				6.5695	0.255623	3.50713	9.8097	0.453901
2016/11/05 19:25:00		3.18558	137.981	25.8182	0.369792	1009.35	1.18854	26.6616	46.1742	131.59	177.764	27.1176	5089.4	6.4504	67.817	47.6083	40.65				6.5695	0.255623	3.50713	9.8097	0.453901
2016/11/05 19:30:00		3.07781	137.25	25.7432	0.364062	1009.47	1.17396	26.9644	47.5633	134.783	182.347	27.4798	4989.38	6.1433	65.875	47.5017	41.0317				4.41977	0.025562	2.29473	6.4744	0.349108
2016/11/05 19:35:00		3.40128	139.147	25.7172	0.36875	1009.58	1.14479	27.0055	49.5175	141.582	191.1	28.0423	4813.96	5.2218	64.87	46.745	40.5383				4.18091	0.0	2.16002	6.1038	0.337464
2016/11/05 19:40:00		3.75986	146.559	25.6292	0.365625	1009.62	1.18854	26.9214	39.4965	121.843	161.34	27.7944	4508.54	5.4111	60.781	45.0525	40.5017				4.18091	0.0	2.16002	6.1038	0.337464
2016/11/05 19:45:00		3.51863	141.691	25.5714	0.361979	1009.72	1.15937	26.8882	34.4246	107.712	142.136	27.6848	4284.17	5.4396	57.585	44.8033	40.8383				4.26251	0.15388	2.25344	6.6412	0.303215
2016/11/05 19:50:00		3.04284	140.539	25.5026	0.358333	1009.78	1.18854	26.8031	31.5324	113.145	144.677	27.4894	4142.08	5.011	57.835	45.54	40.9167				4.27158	0.170978	2.26382	6.7009	0.29941
2016/11/05 19:55:00		3.33131	131.266	25.4156	0.358333	1009.82	1.18125	26.6345	31.2332	111.358	142.591	27.4656	4078.13	5.011	59.165	45.4	41.6733				4.27158	0.170978	2.26382	6.7009	0.29941
2016/11/05 20:00:00		2.93166	137.131	25.3349	0.35625	1009.85	1.15208	26.5577	27.47	103.323	130.793	27.0318	3901.88	5.5647	59.233	46.435	42.15				3.92008	0.017098	1.88074	5.3958	0.298387
2016/11/05 20:05:00		3.11427	139.267	25.2411	0.3625	1009.86	1.18125	26.5373	25.0915	99.249	124.341	27.0794	3896.46	5.8182	57.006	46.535	42.7417				3.88103	0.0	1.83817	5.2508	0.298273
2016/11/05 20:10:00		3.40051	134.318	25.1568	0.35625	1009.92	1.15937	26.66	25.8419	106.325	132.167	27.1366	3956.04	6.0468	57.948	46.4225	42.5517				3.88103	0.0	1.83817	5.2508	0.298273
2016/11/05 20:15:00		2.71238	143.378	25.1073	0.359375	1009.97	1.21042	26.893	30.7195	109.598	140.318	27.1271	3864.17	6.2504	58.087	46.0792	42.4				3.27032	0.0	1.46063	4.21525	0.252935
2016/11/05 20:20:00		2.5513	142.359	25.025	0.359896	1009.96	1.17396	27.1327	32.7027	119.372	152.074	27.5513	3780.63	6.0254	57.587	46.0	42.1492				3.20246	0.0	1.41868	4.10019	0.247897
2016/11/05 20:25:00		2.48507	135.444	24.9802	0.360938	1009.98	1.21042	27.34	36.8835	133.366	170.25	27.6038	3762.29	5.5289	60.835	46.2783	42.1342				3.20246	0.0	1.41868	4.10019	0.247897
2016/11/05 20:30:00		2.74951	137.4	24.9302	0.360417	1010.02	1.21042	27.2906	35.5569	128.509	164.065	27.8182	3576.25	5.0146	58.783	46.0858	42.3233				3.68451	0.0	1.5953	4.67085	0.280355
2016/11/05 20:35:00		2.62302	135.359	24.8901	0.364062	1010.05	1.17396	27.1625	32.7697	115.479	148.249	27.7992	3579.38	4.82175	58.352	46.0533	42.3575				3.73807	0.0	1.61492	4.73426	0.283961
2016/11/05 20:40:00		3.17509	138.433	24.8323	0.360417	1010.07	1.20313	26.9502	33.9042	113.86	147.764	27.6324	3400.63	4.57173	57.595	47.1725	43.3875				3.73807	0.0	1.61492	4.73426	0.283961
2016/11/05 20:45:00		2.6478	134.004	24.8062	0.358854	1010.11	1.15208	26.8065	34.8824	113.203	148.085	27.2463	3431.25	4.60745	58.702	48.245	44.0958				3.73807	0.0	1.61492	4.73426	0.283961
2016/11/05 20:50:00		3.25233	138.781	24.7276	0.363021	1010.11	1.14479	26.8425	35.7445	112.71	148.454	27.3654	3421.04	5.4075	64.856	49.1417	45.0842				3.73807	0.0	1.61492	4.73426	0.283961
2016/11/05 20:55:00		2.8863	136.265	24.7281	0.35625	1010.17	1.18125	27.0101	32.6089	109.235	141.844	27.2939	3469.58	5.9218	62.499	49.5442	45.0883				3.73807	0.0	1.61492	4.73426	0.283961
2016/11/05 21:00:00		3.24225	145.727	24.6682	0.361458	1010.2	1.17396	27.2283	35.7423	111.833	147.576	27.8135	3455.83	6.1754	64.652	50.277	46.0142				3.28803	0.0	1.41655	4.11369	0.274322
2016/11/05 21:05:00		3.16636	143.483	24.6276	0.363021	1010.21	1.15937	27.4573	40.8722	128.96	169.833	28.2759	3540.63	5.5932	66.423	51.662	47.2075				3.23803	0.0	1.39451	4.04474	0.273251
2016/11/05 21:10:00		2.50152	145.446	24.6307	0.361979	1010.26	1.15937	27.4017	40.87	121.405	162.275	28.4332	3445.83	5.1861	65.932	52.216	47.7542				3.23803	0.0	1.39451	4.04474	0.273251
2016/11/05 21:15:00		3.28044	143.857	24.6292	0.363021	1010.3	1.20313	27.2959	38.7126	112.823	151.535	28.1758	3435.83	5.0253	67.425	52.071	47.6233				3.54684	0.0	1.3736	3.93299	0.283615
2016/11/05 21:20:00		2.45557	142.508	24.6276	0.359375	1010.33	1.23229	27.1196	37.386	107.804	145.19	28.0328	3378.33	4.93604	65.6	51.935	47.3458				3.58115	0.0	1.37128	3.92058	0.284766
2016/11/05 21:25:00		2.83743	151.687	24.6328	0.361458	1010.33	1.1375	26.8865	34.4179	107.085	141.503	27.6753	3440.42	5.0289	62.168	50.447	46.6933				3.58115	0.0	1.37128	3.92058	0.284766
2016/11/05 21:30:00		2.19245	153.576	24.6276	0.365104	1010.35	1.19583	26.9668	33.098	100.05	133.148	27.7896	3553.54	5.8825	62.447	50.406	46.0158				3.92009	0.0	1.79916	4.7979	0.307798
2016/11/05 21:35:00		1.85984	154.86	24.6281	0.360417	1010.36	1.21042	27.1486	38.5719	112.35	150.922	28.1281	3766.04	5.8361	92.269	64.442	46.8858				3.95775	0.0	1.8467	4.89539	0.310357
2016/11/05 21:40:00		2.54572	148.357	24.6281	0.357812	1010.38	1.18854	27.3411	40.8454	123.202	164.048	28.3664	3682.92	5.7682	78.147	55.048	44.6942				3.95775	0.0	1.8467	4.89539	0.310357
2016/11/05 21:45:00		1.99083	144.689	24.6297	0.361979	1010.39	1.18854	27.5505	38.0694	121.946	160.015	28.743	3614.79	5.6968	60.558	47.1175	43.0817				3.95775	0.0	1.8467	4.89539	0.310357
2016/11/05 21:50:00		2.42037	138.104	24.563	0.359375	1010.45	1.225	27.4525	36.3274	121.022	157.349	29.0624	3574.38	4.95747	58.64	46.35	42.1767				3.95775	0.0	1.8467	4.89539	0.310357
2016/11/05 21:55:00		2.6052	138.978	24.5219	0.3625	1010.47	1.20313	27.2608	34.0427	110.957	145.0	28.7478	3396.46	4.95747	56.435	45.4642	41.705				3.95775	0.0	1.8467	4.89539	0.310357
2016/11/05 22:00:00		2.67842	138.085	24.5203	0.361458	1010.53	1.21771	27.0995	29.413	104.107	133.52	28.4999	3300.42	4.9539	52.941	43.4467	40.3758				5.5175	0.0	2.09115	5.774	0.356804
2016/11/05 22:05:00		2.5279	145.705	24.4422	0.361979	1010.55	1.18854	26.9502	31.2577	98.821	130.079	28.3092	3250.42	5.1146	54.955	43.7583	40.0967				5.6908	0.0	2.11831	5.8716	0.361965
2016/11/05 22:10:00		2.60201	144.786	24.425	0.367188	1010.55	1.17396	26.9859	34.7663	110.132	144.898	28.3045	3338.54	5.5432	51.911	43.2258	39.9258				5.6908	0.0	2.11831	5.8716	0.361965
2016/11/05 22:15:00		2.8235	147.637	24.4276	0.363021	1010.58	1.21771	27.1741	30.9741	101.43	132.404	28.1376	3261.04	6.1683	53.927	43.2883	39.4767				4.06515	0.0	1.40204	4.18136	0.264465
2016/11/05 22:20:00		2.24944	151.722	24.426	0.363021	1010.6	1.12292	27.3787	34.2236	110.714	144.938	28.7096	3250.63	5.8254	54.86	43.8033	39.6933				3.88452	0.0	1.32246	3.99356	0.253631
2016/11/05 22:25:00		2.62814	151.013	24.4255	0.361979	1010.58	1.1375	27.5684	39.2821	128.481	167.763	29.0957	3207.71	5.1182	59.32	44.6742	40.2692				3.88452	0.0	1.32246	3.99356	0.253631
2016/11/05 22:30:00		2.72159	158.252	24.3958	0.360417	1010.58	1.21771	27.5177	33.2588	118.03	151.288	29.2197	3149.58	5.2253	52.819	42.9333	39.3192				4.44314	0.0	1.79684	5.5175	0.025363
2016/11/05 22:35:00		2.62296	156.991	24.3229	0.359896	1010.56	1.12292	27.3502	30.0919	97.952	128.044	28.8908	3039.79	5.4504	52.948	43.0358	39.51				4.5052	0.0	1.84955	5.6868	0.0
2016/11/05 22:40:00		3.10073	143.491	24.3042	0.3625	1010.51	1.20313	27.1027	27.0278	89.53	116.558	28.6238	2935.0	5.0861	52.599	44.0033	40.325				4.5052	0.0	1.84955	5.6868	0.0
2016/11/05 22:45:00		3.45384	147.837	24.2214	0.361458	1010.47	1.17396	26.9966	25.2813	93.693	118.975	28.4189	2877.92	5.2932	52.238	43.295	40.2				4.59621	0.16306	1.64862	5.03	0.264607
2016/11/05 22:50:00		3.39205	145.396	24.2214	0.365104	1010.41	1.15937	27.1102	24.8436	88.418	113.261	28.171	2813.13	6.0647	56.97	44.0133	40.5383				4.60633	0.181178	1.62629	4.957	0.294007
2016/11/05 22:55:00		2.48809	156.11	24.1641	0.360417	1010.4	1.23229	27.2538	25.0893	92.009	117.098	28.3045	2693.13	6.3468	53.891	44.175	40.79				4.60633	0.181178	1.62629	4.957	0.294007
2016/11/05 23:00:00		3.34581	158.625	24.1229	0.361458	1010.44	1.15937	27.478	28.3276	104.85	133.177	28.2997	2567.92	5.9111	53.658	43.8067	40.8675				3.47685	0.018118	1.40745	4.02251	0.029401
2016/11/05 23:05:00		3.30006	150.032	24.1229	0.360417	1010.47	1.17396	27.6388	27.9368	108.215	136.152	28.743	2429.58	5.829	52.085	43.2367	39.7067				3.35135	0.0	1.38313	3.91868	0.0
2016/11/05 23:10:00		2.70845	149.922	24.125	0.361458	1010.46	1.19583	27.4541	25.4868	97.815	123.302	28.7191	2311.88	5.4432	55.408	47.06	43.5383				3.35135	0.0	1.38313	3.91868	0.0
2016/11/05 23:15:00		3.1071	150.31	24.1229	0.359375	1010.42	1.17396	27.3209	22.0363	82.547	104.583	28.3188	2238.96	5.7111	57.367	47.8467	44.24				3.29173	0.0	1.21889	3.47724	0.212828
2016/11/05 23:20:00		2.95467	153.788	24.1208	0.358854	1010.45	1.21771	27.1193	20.3345	81.694	102.029	27.7563	2124.38	5.4396	56.131	45.84	42.01				3.2851	0.0	1.20064	3.42819	0.236476
2016/11/05 23:25:00		2.37446	153.409	24.2188	0.360938	1010.44	1.1375	27.0627	19.4434	83.978	103.421	27.661	2144.58	5.9861	51.268	43.1083	39.445				3.2851	0.0	1.20064	3.42819	0.236476
2016/11/05 23:30:00		2.84375	149.916	24.2214	0.3625	1010.46	1.18125	27.1062	19.6042	85.457	105.061	27.8326	2167.5	5.6397	53.555	41.5483	37.3558				3.57351	0.0	1.21472	3.17612	0.329583
2016/11/05 23:35:00		2.01259	151.244	24.2234	0.360938	1010.48	1.16667	27.0807	18.5858	81.184	99.77	27.6991	2025.83	5.5397	45.6525	38.3158	35.0833				3.60556	0.0	1.21628	3.14812	0.339928
2016/11/05 23:40:00		2.32332	146.331	24.2219	0.359896	1010.5	1.17396	26.9665	17.7751	81.328	99.103	27.7372	1847.5	5.0468	44.1117	36.7533	33.5883				3.60556	0.0	1.21628	3.14812	0.339928
2016/11/05 23:45:00		2.79482	142.225	24.2677	0.360938	1010.48	1.17396	26.8626	18.0565	85.477	103.534	27.8182	1699.58	4.90747	46.885	37.3383	33.6325				3.74992	0.0	1.21842	2.90757	0.52619
2016/11/05 23:50:00		1.9198	140.715	24.3229	0.357812	1010.48	1.15208	26.7663	15.8723	83.793	99.665	27.3178	1675.63	4.93604	46.1958	37.205	33.3383				3.76596	0.0	1.21865	2.88084	0.54688
2016/11/05 23:55:00		1.39967	142.617	24.3234	0.361979	1010.45	1.15208	26.6895	19.3831	90.571	109.954	27.3416	1694.58	4.36815	48.6267	38.3558	33.7892				3.76596	0.0	1.21865	2.88084	0.54688
2016/11/06 00:00:00		1.45051	140.208	24.3203	0.359375	1010.45	1.13021	26.9405	26.465	108.626	135.091	27.599	1843.33	4.25743	53.303	40.1775	34.5375				2.93965	0.0	0.98616	2.6356	0.346293
