-- 1st mean values --
Format: XTAB(V:1;HEAD:2;COL:TCFFFFFFFFFFFFFFFFFFFFFFFF)
StartTime: 2016/11/08 00:00:00
EndTime: 2016/11/09 00:00:00
Period: 24 h
Station: Gia Lam

Time	MeasPt	Wind Spd.	Wind Dir.	Temp	RH	Barometer	Radiation	InnerTemp	NO	NO2	NOx	SO2	CO	O3	PM-10	PM-2.5	PM-1	CH4	NMHC	THC	BENZEN	TOLUEN	ETHYL BENZEN	MP-XYLEN	O-XYLEN
		m/s	degree	°C	%	hPa	W/m²	°C	µg/m3	µg/m3	µg/m3	µg/m3	µg/m3	µg/m3	µg/m3	µg/m3	µg/m3	ppm	ppmC	ppmC	ug/m3	ug/m3	ug/m3	ug/m3	ug/m3
2016/11/08 00:05:00		0.85007	337.539	25.2615	0.357812	1013.89	1.11563	26.7451	125.125	52.144	177.269		3173.54	4.06813	66.133	57.094	52.652				6.7857	0.213835	4.55846	8.5397	0.55683
2016/11/08 00:10:00		0.845	328.051	25.2083	0.359375	1013.85	1.09375	26.9126	112.52	51.507	164.027		3047.71	4.84675	59.43	52.261	48.3908				6.7857	0.213835	4.55846	8.5397	0.55683
2016/11/08 00:15:00		0.62336	329.575	25.1229	0.359896	1013.82	1.07187	27.1856	107.743	51.155	158.898		2976.46	5.0218	55.327	49.4508	45.6725				7.4464	0.170265	5.856	9.9506	0.63026
2016/11/08 00:20:00		0.54123	322.075	25.1234	0.355729	1013.84	1.14479	27.2917	107.796	52.141	159.937		2887.29	4.37529	56.092	49.4092	45.5342				7.4936	0.167152	5.9487	10.0514	0.6355
2016/11/08 00:25:00		0.62532	4.0527	25.1052	0.355208	1013.87	1.1375	27.2817	110.517	48.8612	159.378		2813.96	4.19671	53.648	48.0033	44.5033				7.4936	0.167152	5.9487	10.0514	0.6355
2016/11/08 00:30:00		0.54382	343.915	25.0182	0.355729	1013.86	1.05729	27.2154	94.821	49.7376	144.558		2572.71	3.97884	54.21	49.7192	46.245				7.4936	0.167152	5.9487	10.0514	0.6355
2016/11/08 00:35:00		0.65156	21.5538	25.0203	0.354688	1013.83	1.06458	27.0812	87.938	48.2245	136.162		2378.33	3.88955	52.526	48.9833	46.3042				7.4936	0.167152	5.9487	10.0514	0.6355
2016/11/08 00:40:00		0.64188	322.144	24.9495	0.357812	1013.81	1.10104	26.9392	90.423	46.6703	137.094		2218.33	3.86812	50.227	45.9075	42.8867				7.4936	0.167152	5.9487	10.0514	0.6355
2016/11/08 00:45:00		0.69306	336.958	24.9255	0.355208	1013.77	1.06458	26.9862	81.599	47.6288	129.228		2071.04	4.1217	45.905	41.9625	38.9917				6.8947	0.011143	5.002	7.8885	0.56031
2016/11/08 00:50:00		0.55148	351.451	24.924	0.354167	1013.74	1.10104	27.2436	79.214	47.7589	126.973		2133.13	4.58602	44.1217	40.02	37.2567				6.852	0.0	4.93434	7.734	0.55494
2016/11/08 00:55:00		0.71179	359.957	24.8411	0.353646	1013.72	1.03542	27.3303	74.649	50.908	125.558		2078.54	4.09313	41.9925	37.8342	35.3717				6.852	0.0	4.93434	7.734	0.55494
2016/11/08 01:00:00		0.70134	6.3505	24.8214	0.352604	1013.69	1.04271	27.3255	72.568	47.355	119.923		1956.88	3.73953	42.2242	37.6758	34.6075				4.86344	0.0	4.26764	6.5398	0.51734
2016/11/08 01:05:00		0.75729	14.8106	24.8224	0.354167	1013.63	0.99896	27.2372	68.99	51.333	120.323		1767.5	3.39665	42.1208	36.6683	32.9092				4.7214	0.0	4.22002	6.4545	0.51466
2016/11/08 01:10:00		0.76414	359.28	24.8214	0.353646	1013.59	1.03542	27.0584	67.904	51.213	119.118		1571.67	3.28236	39.7492	35.5233	32.08				4.7214	0.0	4.22002	6.4545	0.51466
2016/11/08 01:15:00		0.70947	348.368	24.8214	0.354688	1013.57	1.03542	26.9193	63.282	50.032	113.314		1433.13	3.15021	37.8575	34.1508	31.3708				4.08351	0.0	3.78249	6.198	0.418542
2016/11/08 01:20:00		0.90324	341.05	24.8245	0.358333	1013.53	1.02813	26.9153	60.501	48.2792	108.78		1400.83	3.50381	38.5175	34.2683	31.3125				4.03795	0.0	3.75124	6.1797	0.411677
2016/11/08 01:25:00		0.75921	339.501	24.7703	0.353646	1013.48	1.03542	27.1459	56.045	46.7045	102.75		1499.79	4.12527	36.8667	33.8233	31.1308				4.03795	0.0	3.75124	6.1797	0.411677
2016/11/08 01:30:00		0.74231	319.69	24.7224	0.358333	1013.45	1.06458	27.2989	52.622	46.6463	99.268		1469.79	3.8324	37.8625	33.67	30.9117				2.92685	0.0	3.92377	5.9939	0.328037
2016/11/08 01:35:00		0.444833	296.289	24.7245	0.360938	1013.44	1.13021	27.3137	51.201	48.0636	99.265		1409.38	3.51095	42.695	35.695	31.2275				2.84748	0.0	3.9361	5.9806	0.322062
2016/11/08 01:40:00		0.58744	334.55	24.7229	0.359896	1013.43	1.08646	27.2404	52.952	50.1	103.053		1320.21	3.31451	43.315	35.665	31.5267				2.84748	0.0	3.9361	5.9806	0.322062
2016/11/08 01:45:00		0.85057	337.856	24.788	0.363021	1013.41	1.08646	27.1083	54.261	49.6794	103.94		1212.92	3.12521	41.34	35.9667	32.32				2.81006	0.0	3.16322	5.0075	0.300522
2016/11/08 01:50:00		0.61698	324.667	24.8276	0.355729	1013.3	1.05729	26.9878	48.575	50.816	99.391		1181.67	3.08235	39.1317	35.1983	32.5567				2.80738	0.0	3.10802	4.93804	0.298983
2016/11/08 01:55:00		0.6589	327.203	24.826	0.355729	1013.31	1.04271	26.919	44.1396	49.4192	93.559		1172.71	3.32879	40.035	36.9325	34.5108				2.80738	0.0	3.10802	4.93804	0.298983
2016/11/08 02:00:00		0.91143	330.554	24.8271	0.358333	1013.24	1.08646	27.1703	51.052	51.234	102.285		1415.63	4.1217	43.535	40.9617	38.4833				2.87931	0.0	2.67933	4.4807	0.247853
2016/11/08 02:05:00		0.81001	334.319	24.8073	0.356771	1013.17	1.10104	27.3502	58.886	52.86	111.746		1566.25	4.12885	46.7033	43.0667	40.3267				2.88445	0.0	2.64871	4.44803	0.244201
2016/11/08 02:10:00		0.66299	325.92	24.724	0.356771	1013.15	1.11563	27.3564	55.697	52.962	108.659		1568.54	3.79311	45.6817	42.3133	39.945				2.88445	0.0	2.64871	4.44803	0.244201
2016/11/08 02:15:00		0.53438	293.288	24.7292	0.357292	1013.2	1.12292	27.3019	55.183	48.8544	104.038		1513.96	3.55381	48.475	44.0833	41.4033				3.48263	0.0	2.01077	3.59083	0.01628
2016/11/08 02:20:00		0.401455	328.67	24.7229	0.356771	1013.17	1.06458	27.1918	57.03	49.6178	106.648		1423.54	3.41094	47.3758	44.0908	41.7008				3.52536	0.0	1.9652	3.52961	0.0
2016/11/08 02:25:00		0.72377	355.681	24.724	0.359375	1013.11	1.10104	27.02	50.172	50.313	100.485		1367.71	3.36094	47.0992	43.8958	41.3533				3.52536	0.0	1.9652	3.52961	0.0
2016/11/08 02:30:00		0.56951	359.576	24.7271	0.357292	1013.05	1.08646	26.94	53.216	49.0598	102.276		1364.17	3.62167	48.3408	43.7417	40.93				4.31296	0.0	1.99352	4.02411	0.0
2016/11/08 02:35:00		0.50487	8.2114	24.724	0.360938	1013.07	1.05729	27.1553	51.414	52.185	103.599		1586.04	4.18242	46.2842	42.6725	39.4692				4.36921	0.0	1.99554	4.05943	0.0
2016/11/08 02:40:00		0.436849	351.591	24.7224	0.359896	1013.09	1.04271	27.3338	50.846	51.381	102.227		1745.63	4.18242	48.6417	41.9558	38.8667				4.36921	0.0	1.99554	4.05943	0.0
2016/11/08 02:45:00		0.63427	0.096674	24.725	0.354167	1013.08	1.10833	27.3542	51.822	48.6592	100.482		1772.92	3.76454	45.8008	41.1375	37.36				3.50774	0.0	1.63808	3.23231	0.0
2016/11/08 02:50:00		0.50279	13.7325	24.724	0.358333	1013.06	1.05	27.3078	48.135	48.2793	96.414		1698.13	3.53595	41.1208	37.81	35.1283				3.4462	0.0	1.61255	3.17323	0.0
2016/11/08 02:55:00		0.74675	11.687	24.7193	0.353125	1012.99	1.09375	27.1663	45.3054	49.183	94.488		1587.71	3.23593	38.01	35.8208	33.7467				3.4462	0.0	1.61255	3.17323	0.0
2016/11/08 03:00:00		0.71535	23.3065	24.725	0.3625	1012.95	1.07187	27.035	47.0474	50.912	97.959		1482.92	3.17521	40.6233	36.945	33.9492				3.84879	0.0	1.92178	3.45498	0.270736
2016/11/08 03:05:00		0.66777	346.645	24.7219	0.357812	1012.92	1.08646	26.926	44.3942	49.5801	93.974		1450.83	3.18235	41.3442	37.23	33.7517				3.87755	0.0	1.94387	3.47511	0.290074
2016/11/08 03:10:00		0.55303	333.466	24.7255	0.357812	1012.88	1.09375	27.0694	43.9118	48.1834	92.095		1572.08	3.92169	39.6409	36.6517	34.0633				3.87755	0.0	1.94387	3.47511	0.290074
2016/11/08 03:15:00		0.60839	16.0479	24.7245	0.358333	1012.87	1.06458	27.3051	44.651	50.484	95.135		1692.92	4.08599	41.9558	37.24	34.3592				2.97799	0.0	1.74081	2.98415	0.019338
2016/11/08 03:20:00		0.71721	18.3793	24.7297	0.355729	1012.92	1.09375	27.3671	39.6238	48.3512	87.975		1647.08	3.66096	41.545	37.5567	34.7208				2.91374	0.0	1.72631	2.94908	0.0
2016/11/08 03:25:00		0.319275	12.049	24.7229	0.356771	1012.99	1.05	27.3268	37.6808	48.9366	86.617		1582.92	3.4038	39.8975	36.5558	33.9817				2.91374	0.0	1.72631	2.94908	0.0
2016/11/08 03:30:00		0.485458	357.156	24.7276	0.361458	1013.03	1.11563	27.2074	39.3625	51.908	91.27		1524.79	3.22521	41.1	36.8525	33.7225				2.40928	0.0	1.85637	3.42102	0.0
2016/11/08 03:35:00		0.51035	357.876	24.7307	0.358333	1013.02	1.09375	27.0629	39.4697	48.6901	88.16		1462.71	3.08949	41.2317	36.6858	33.7983				2.37325	0.0	1.86566	3.45473	0.0
2016/11/08 03:40:00		0.64195	14.5606	24.7219	0.356771	1012.95	1.03542	26.9174	38.5317	51.138	89.669		1518.75	3.13235	43.8875	38.2117	34.2783				2.37325	0.0	1.86566	3.45473	0.0
2016/11/08 03:45:00		0.68245	0.6945	24.726	0.35625	1012.9	1.05	27.0415	38.5384	46.708	85.246		1631.88	3.84311	41.6	37.9858	35.3683				2.79471	0.0	1.96034	3.25968	0.0
2016/11/08 03:50:00		0.65644	21.1088	24.7234	0.355208	1012.99	1.05729	27.2691	34.1767	48.8407	83.017		1747.29	4.12885	44.9417	40.4842	37.4933				2.82482	0.0	1.9671	3.24574	0.0
2016/11/08 03:55:00		0.457726	15.1039	24.7224	0.350521	1013.03	1.05	27.2903	36.8969	47.3139	84.211		1729.38	3.6931	45.1975	40.6617	37.4925				2.82482	0.0	1.9671	3.24574	0.0
2016/11/08 04:00:00		0.55928	13.8637	24.7234	0.35625	1013.08	1.06458	27.2503	35.4899	50.58	86.07		1660.0	3.47166	45.4208	42.2942	39.5408				2.98852	0.0	2.55947	4.28251	0.0
2016/11/08 04:05:00		0.92927	6.9241	24.7224	0.359375	1013.13	1.02083	27.1325	37.6741	50.535	88.209		1636.25	3.31093	46.5117	42.1208	39.0933				3.00021	0.0	2.60179	4.35656	0.0
2016/11/08 04:10:00		0.68665	16.2011	24.6823	0.351563	1013.17	1.02813	26.9582	34.9405	48.6079	83.548		1535.63	3.25379	45.5942	41.8617	39.0517				3.00021	0.0	2.60179	4.35656	0.0
2016/11/08 04:15:00		0.69806	3.35304	24.7219	0.353125	1013.17	1.07187	26.8804	35.2554	48.1355	83.391		1602.08	3.50023	47.5375	43.6092	41.0025				3.07474	0.0	2.98889	4.86831	0.213148
2016/11/08 04:20:00		0.69038	15.9585	24.7214	0.353646	1013.19	1.03542	27.0836	35.4229	46.8312	82.254		1771.04	4.261	51.577	47.3958	44.7675				3.08007	0.0	3.01654	4.90486	0.228373
2016/11/08 04:25:00		0.57711	336.885	24.725	0.358333	1013.2	1.10833	27.26	38.659	48.6011	87.26		2010.21	4.30386	54.887	50.093	47.0158				3.08007	0.0	3.01654	4.90486	0.228373
2016/11/08 04:30:00		0.67002	335.644	24.7245	0.358333	1013.19	1.09375	27.2806	44.7627	47.7658	92.528		2106.04	4.08956	58.289	54.012	50.497				3.0459	0.0	2.5153	4.33738	0.241597
2016/11/08 04:35:00		0.69616	347.035	24.6297	0.357812	1013.23	1.07187	27.2423	46.3841	49.7581	96.142		2075.63	3.99313	64.437	58.947	55.125				3.04346	0.0	2.47949	4.29685	0.242542
2016/11/08 04:40:00		0.62651	328.218	24.6182	0.358854	1013.21	1.02083	27.0989	45.6739	50.682	96.356		2087.08	3.97884	64.163	59.22	55.351				3.04346	0.0	2.47949	4.29685	0.242542
2016/11/08 04:45:00		0.64716	359.082	24.6208	0.352604	1013.22	1.07917	26.9679	49.8346	48.6593	98.494		2140.0	3.97527	62.609	57.168	54.176				4.4045	0.0	2.92588	5.3951	0.368954
2016/11/08 04:50:00		0.419435	2.96747	24.6193	0.351042	1013.22	1.05	26.9067	50.141	49.2036	99.344		2131.04	4.08956	56.326	52.533	49.8175				4.50172	0.0	2.95776	5.4735	0.377983
2016/11/08 04:55:00		0.51739	15.7129	24.6167	0.352604	1013.25	1.00625	27.1021	49.2517	50.292	99.544		2371.88	4.65031	54.198	50.717	47.64				4.50172	0.0	2.95776	5.4735	0.377983
2016/11/08 05:00:00		0.50619	8.2041	24.6229	0.353646	1013.29	1.03542	27.3126	62.029	49.0084	111.037		2703.33	4.64317	50.307	46.875	44.1467				4.7751	0.0	3.00156	5.4868	0.432696
2016/11/08 05:05:00		0.53781	16.4544	24.5635	0.353646	1013.37	0.99167	27.3405	62.122	51.015	113.137		2706.88	4.0967	45.3975	41.95	39.2308				4.79463	0.0	3.00468	5.4878	0.436604
2016/11/08 05:10:00		0.6617	345.131	24.5099	0.354167	1013.41	1.02083	27.2906	65.077	50.049	115.126		2712.92	3.74668	42.4017	39.345	36.9217				4.79463	0.0	3.00468	5.4878	0.436604
2016/11/08 05:15:00		0.78568	340.357	24.5146	0.355729	1013.43	1.06458	27.1599	68.394	50.378	118.771		2779.79	3.49309	39.6433	37.34	35.12				4.88901	0.0	2.55521	5.2843	0.413206
2016/11/08 05:20:00		0.68384	327.689	24.5109	0.357292	1013.51	1.13021	27.0127	66.303	49.2994	115.603		2703.96	3.37165	39.7017	36.4783	34.0817				4.89575	0.0	2.5231	5.2698	0.411535
2016/11/08 05:25:00		0.5723	331.946	24.574	0.360938	1013.54	1.03542	26.9322	84.054	49.4466	133.5		3188.96	3.6181	42.6183	37.7683	34.895				4.89575	0.0	2.5231	5.2698	0.411535
2016/11/08 05:30:00		0.63682	345.062	24.6187	0.361979	1013.55	1.05	27.22	82.43	52.038	134.468		3521.04	4.46101	41.3783	38.0183	35.16				4.30342	0.0	2.21563	4.82746	0.361687
2016/11/08 05:35:00		0.76522	337.827	24.6203	0.360938	1013.63	1.05729	27.4611	89.059	55.201	144.26		3679.38	4.98247	44.7567	39.7492	36.08				4.26111	0.0	2.19367	4.79587	0.358126
2016/11/08 05:40:00		0.86658	330.311	24.6203	0.358854	1013.71	1.10104	27.7027	106.593	58.69	165.282		3927.5	5.2111	48.1467	41.7575	37.7342				4.26111	0.0	2.19367	4.79587	0.358126
2016/11/08 05:45:00		0.74043	324.046	24.6229	0.358333	1013.76	1.10104	27.9132	127.188	59.196	186.385		4153.33	5.1003	49.2042	42.5608	38.8358				5.0031	0.179809	2.77808	6.4457	0.333844
2016/11/08 05:50:00		0.93374	330.034	24.6224	0.360938	1013.81	1.09375	28.1188	128.709	58.251	186.961		4285.21	4.94676	50.356	43.5808	39.2875				5.0562	0.192653	2.81982	6.5635	0.332109
2016/11/08 05:55:00		0.78872	5.7093	24.6208	0.357812	1013.83	1.12292	28.2576	139.081	58.916	197.996		4635.0	4.82532	57.21	47.1133	41.3267				5.0562	0.192653	2.81982	6.5635	0.332109
2016/11/08 06:00:00		0.380126	357.425	24.6198	0.358854	1013.92	1.09375	28.4837	156.97	57.906	214.876		5047.7	4.87532	62.343	50.554	43.8542				6.1757	0.209812	3.30691	7.4083	0.350155
2016/11/08 06:05:00		0.77079	357.335	24.6229	0.355729	1013.97	1.12292	28.6577	161.841	57.389	219.229		5192.7	4.86461	56.326	49.03	43.9192				6.2557	0.211038	3.3417	7.4687	0.351444
2016/11/08 06:10:00		0.75836	4.31268	24.6198	0.35625	1014.02	1.46563	28.7653	159.085	56.16	215.245		5310.4	4.7396	58.401	49.3975	43.8508				6.2557	0.211038	3.3417	7.4687	0.351444
2016/11/08 06:15:00		0.84527	8.4841	24.6172	0.358333	1014.11	7.7948	28.9471	156.224	54.832	211.055		5345.4	4.64674	52.714	46.5592	42.3758				7.4338	0.331423	4.18934	9.9721	0.388421
2016/11/08 06:20:00		0.61665	14.4961	24.6172	0.358333	1014.23	14.2771	29.1111	144.975	54.339	199.313		5215.6	4.41458	58.341	47.4633	41.8933				7.518	0.340022	4.24988	10.1509	0.391062
2016/11/08 06:25:00		0.61395	29.9777	24.6224	0.358854	1014.32	22.4875	29.2077	144.653	55.3	199.954		5266.9	4.38244	57.288	46.675	40.8983				7.518	0.340022	4.24988	10.1509	0.391062
2016/11/08 06:30:00		0.63968	359.704	24.6224	0.363021	1014.38	23.6031	29.2241	142.288	55.67	197.958		5154.8	3.95384	55.357	44.895	39.8				6.0762	0.230616	3.97869	9.5184	0.417336
2016/11/08 06:35:00		0.68528	15.3218	24.6573	0.360417	1014.47	27.8177	29.0163	140.106	47.7452	187.851		5234.8	3.71096	61.358	48.1758	40.6383				5.9732	0.222801	3.95932	9.4733	0.419212
2016/11/08 06:40:00		0.70464	355.829	24.7328	0.3625	1014.51	42.4375	28.7189	147.753	46.6258	194.379		5506.5	3.60024	56.314	44.8758	38.7717				5.9732	0.222801	3.95932	9.4733	0.419212
2016/11/08 06:45:00		0.60912	29.1491	24.726	0.3625	1014.65	50.269	28.4029	137.609	42.867	180.476		5561.3	3.49666	57.372	45.5592	39.3592				6.1783	0.323761	4.27873	10.2561	0.392231
2016/11/08 06:50:00		0.74392	21.2002	24.7276	0.361979	1014.73	45.2448	28.3172	144.671	44.6505	189.321		5601.5	4.4503	59.204	46.1208	39.9083				6.1929	0.330973	4.30155	10.3121	0.390304
2016/11/08 06:55:00		0.64104	29.3728	24.8094	0.363021	1014.78	51.844	28.3591	143.331	47.0161	190.347		5886.9	5.2504	67.479	50.286	41.5092				6.1929	0.330973	4.30155	10.3121	0.390304
2016/11/08 07:00:00		0.79475	12.0658	24.8521	0.354688	1014.78	59.398	28.4872	162.68	54.133	216.814		6606.7	5.7861	64.9	49.7983	42.0158				6.9057	0.32725	4.27014	10.9446	0.385262
2016/11/08 07:05:00		0.65894	22.3266	24.9203	0.357812	1014.85	54.031	28.6579	151.46	57.313	208.774		6362.3	5.6968	63.703	49.5175	41.8741				6.9566	0.326984	4.2679	10.9897	0.384902
2016/11/08 07:10:00		0.70642	350.259	24.9427	0.354688	1014.96	52.536	28.8066	165.311	58.053	223.364		7079.8	5.4182	75.674	54.862	42.9592				6.9566	0.326984	4.2679	10.9897	0.384902
2016/11/08 07:15:00		0.35615	356.978	25.0224	0.35625	1015.06	52.157	28.9761	187.779	59.771	247.55		7716.3	5.1075	66.792	50.394	42.1167				9.1208	0.74695	5.2704	13.9355	0.417367
2016/11/08 07:20:00		0.6021	351.981	25.0927	0.361458	1015.15	50.998	28.9857	180.29	61.247	241.537		7903.5	4.42529	64.646	49.4883	41.1992				9.2754	0.77695	5.342	14.1459	0.419686
2016/11/08 07:25:00		0.7213	344.996	25.137	0.357292	1015.25	59.704	28.7599	175.424	53.911	229.334		8690.4	3.95384	77.838	53.863	42.025				9.2754	0.77695	5.342	14.1459	0.419686
2016/11/08 07:30:00		0.44648	355.612	25.2365	0.358333	1015.37	59.573	28.5315	198.662	53.603	252.264		9251.0	3.82526	73.792	52.015	41.4083				10.1834	0.79	6.3728	17.0652	0.50257
2016/11/08 07:35:00		0.78866	319.677	25.3318	0.358854	1015.45	62.993	28.278	198.139	48.1013	246.24		10555.2	3.81811	83.338	57.381	42.6642				10.2483	0.79093	6.4464	17.2737	0.50849
2016/11/08 07:40:00		0.6944	330.989	25.426	0.361979	1015.45	78.56	27.9929	237.528	54.407	291.935		11605.6	3.97169	78.614	55.092	42.4767				10.2483	0.79093	6.4464	17.2737	0.50849
2016/11/08 07:45:00		0.64787	352.697	25.5182	0.355208	1015.42	89.615	27.947	210.871	50.46	261.331		11974.2	4.90033	62.882	48.7758	40.3433				10.2483	0.79093	6.4464	17.2737	0.50849
2016/11/08 07:50:00		0.79207	352.757	25.5229	0.35625	1015.5	98.897	28.071	196.571	49.2515	245.823		12069.0	5.6754	74.412	52.756	41.7333				10.2483	0.79093	6.4464	17.2737	0.50849
2016/11/08 07:55:00		0.85595	4.58753	25.5781	0.357292	1015.68	93.049	28.2276	208.629	56.779	265.409		12288.8	6.429	63.475	48.7467	40.7625				10.2483	0.79093	6.4464	17.2737	0.50849
2016/11/08 08:00:00		0.74576	340.922	25.6151	0.364062	1015.84	74.878	28.4574	203.499	58.642	262.141		12264.6	6.8505	73.235	53.333	41.7383				16.5491	1.07423	6.8269	19.9363	1.1724
2016/11/08 08:05:00		0.80768	320.906	25.6932	0.365104	1015.93	85.101	28.6681	211.481	65.714	277.195		13149.0	6.7076	77.825	55.28	42.335				16.9991	1.09447	6.854	20.1265	1.21982
2016/11/08 08:10:00		0.69086	343.465	25.7823	0.364062	1015.96	107.122	28.8585	260.223	72.397	332.62		14060.6	6.2397	86.515	58.673	43.3292				16.9991	1.09447	6.854	20.1265	1.21982
2016/11/08 08:15:00		0.78007	339.231	25.9016	0.367708	1016.01	92.706	28.8448	245.095	71.452	316.547		14121.9	4.91462	64.032	48.3383	40.6767				15.1798	1.29409	7.6504	21.94	1.09642
2016/11/08 08:20:00		1.07926	344.55	25.9214	0.364062	1015.98	86.727	28.7202	227.612	61.141	288.753		13819.8	4.24314	72.065	51.683	41.5867				15.0499	1.30835	7.7072	22.0695	1.0876
2016/11/08 08:25:00		0.84522	350.51	25.9755	0.366667	1016.0	76.227	28.5202	214.889	57.269	272.158		13047.5	3.97884	63.523	48.2333	40.3567				15.0499	1.30835	7.7072	22.0695	1.0876
2016/11/08 08:30:00		0.82649	26.9014	25.9568	0.364062	1016.0	83.891	28.2963	200.835	55.749	256.584		12232.5	3.86454	58.613	46.6358	40.0617				19.7169	1.68071	10.282	29.602	1.46621
2016/11/08 08:35:00		0.70966	16.1894	25.9188	0.365625	1016.12	91.824	28.1057	183.902	54.736	238.637		11747.5	3.70739	65.162	48.5692	39.9408				20.0503	1.70731	10.4659	30.14	1.49326
2016/11/08 08:40:00		0.90135	22.3441	25.9495	0.366146	1016.63	84.605	27.8963	144.742	96.665	241.407		9056.5	3.0002	56.827	44.0617	37.1583				20.0503	1.70731	10.4659	30.14	1.49326
2016/11/08 08:45:00		0.717	345.825	25.9813	0.366667	1016.69	91.496	27.841	73.78	124.222	198.003		5404.6		57.141	44.4967	37.3383				10.6804	0.50499	6.3074	17.6626	0.64315
2016/11/08 08:50:00		0.87526	10.9468	26.0146	0.367188	1016.68	152.717	27.831	117.357	135.229	252.586		5643.3	2.33689	62.288	45.9883	38.2925				10.0112	0.419115	6.0103	16.7713	0.58242
2016/11/08 08:55:00		0.86222	28.0498	26.0156	0.365625	1016.63	181.293	27.8187	104.122	142.003	246.126		5551.9		53.036	43.0667	37.8667				10.0112	0.419115	6.0103	16.7713	0.58242
2016/11/08 09:00:00		0.92142	20.8609	26.0672	0.367708	1016.61	171.945	27.8278	80.999	153.057	234.056		5644.8		58.845	46.2167	39.63				13.5456	1.04369	6.6872	19.5844	0.55854
2016/11/08 09:05:00		0.68704	16.9739	26.1568	0.366146	1016.61	159.082	27.816	114.566	163.642	278.208		6930.4		60.913	47.4767	40.8292				13.7981	1.0883	6.7355	19.7853	0.55683
2016/11/08 09:10:00		0.74019	21.6084	26.2182	0.366667	1016.61	133.175	27.7658	80.369	155.31	235.678		5702.3		60.332	47.8292	42.2608				13.7981	1.0883	6.7355	19.7853	0.55683
2016/11/08 09:15:00		0.74451	26.3433	26.262	0.364583	1016.12	150.208	27.7258	87.422	157.562	244.984		5941.0		65.33	50.584	43.6275				9.795	0.51555	5.7711	15.1898	0.406138
2016/11/08 09:20:00		0.464171	355.201	26.3516	0.36875	1016.1	149.866	27.6643	113.625	150.288	263.913		6556.0		70.652	52.116	44.1716				9.5091	0.47464	5.7022	14.8615	0.395374
2016/11/08 09:25:00		0.474829	7.5077	26.4599	0.369792	1016.09	146.154	27.5631	120.573	135.167	255.74		7004.0		75.196	53.804	44.3675				9.5091	0.47464	5.7022	14.8615	0.395374
2016/11/08 09:30:00		0.702	9.0479	26.5906	0.364062	1016.09	174.11	27.4863	122.516	118.776	241.292		7444.4		57.345	46.8833	41.275				10.9118	0.421281	7.2993	15.7727	0.420144
2016/11/08 09:35:00		0.73391	9.3711	26.5859	0.363542	1016.1	183.728	27.4042	103.033	101.115	204.148		7071.9		63.191	48.205	40.6025				11.0119	0.417469	7.4134	15.8378	0.421913
2016/11/08 09:40:00		0.59922	350.594	26.6812	0.364583	1016.14	189.576	27.3019	120.64	102.553	223.193		7515.8		63.281	48.0608	41.0642				11.0119	0.417469	7.4134	15.8378	0.421913
2016/11/08 09:45:00		0.58419	353.503	26.7807	0.366146	1016.08	224.7	27.2439	120.848	102.792	223.64		8032.5		55.012	43.5783	37.4483				15.8189	1.07506	16.0269	25.7012	1.04632
2016/11/08 09:50:00		0.42116	26.5692	26.8094	0.366667	1016.5	258.366	27.2992	116.136	92.194	208.329		7741.3		51.607	38.3942	32.8058				16.1622	1.12203	16.6421	26.4057	1.09092
2016/11/08 09:55:00		0.62295	14.4262	26.9302	0.364062	1016.51	281.32	27.5899	119.133	85.559	204.692		7738.5		51.132	37.4258	31.5892				16.1622	1.12203	16.6421	26.4057	1.09092
2016/11/08 10:00:00		0.50229	0.70278	27.0464	0.366667	1016.41	314.891	27.9687	92.728	114.88	207.608	18.304	6020.2		51.307	38.1125	30.6958				10.9159	0.50436	12.0633	20.7751	0.56236
2016/11/08 10:05:00		0.53886	27.8603	27.2401	0.364062	1016.38	242.754	28.2506				18.5805	6355.2		48.5267	34.6875	28.17				10.5412	0.460245	11.7362	20.373	0.52461
2016/11/08 10:10:00		0.402786	39.4116	27.3354	0.360938	1016.33	212.494	28.4477				18.242	4403.96		47.6458	34.6408	27.6925				10.5412	0.460245	11.7362	20.373	0.52461
2016/11/08 10:15:00		0.91465	48.7396	27.3937	0.358333	1016.29	241.383	28.6968				18.5709	4267.71		42.025	31.515	26.5342				8.2402	0.400052	7.0955	14.2116	0.38099
2016/11/08 10:20:00		0.76441	39.1173	27.3911	0.360938	1016.22	267.597	28.7385				18.7664	3994.17		38.9425	30.5592	26.5583				8.0759	0.395753	6.764	13.7715	0.370732
2016/11/08 10:25:00		0.58998	33.1528	27.4089	0.361979	1016.16	245.955	28.6646				18.5471	2660.42		41.4083	31.0642	26.1133				8.0759	0.395753	6.764	13.7715	0.370732
2016/11/08 10:30:00		0.57152	20.3738	27.4901	0.363021	1016.09	211.983	28.637				19.3098	3518.54		40.6708	30.7408	25.75				8.4534	0.406579	7.4364	15.1559	0.372722
2016/11/08 10:35:00		0.77724	57.074	27.4917	0.361979	1016.04	259.962	28.7049				19.224	3883.96		44.3508	33.2358	27.8833				8.4804	0.407352	7.4845	15.2548	0.372864
2016/11/08 10:40:00		0.79936	75.302	27.5766	0.363542	1015.95	277.12	28.9132				19.2097	3961.25		42.7075	32.3633	27.4325				8.4804	0.407352	7.4845	15.2548	0.372864
2016/11/08 10:45:00		1.21756	70.275	27.6734	0.3625	1015.86	386.283	29.1503				19.448	5025.8		44.74	32.7592	27.54				7.696	0.290268	5.706	11.4245	0.492818
2016/11/08 10:50:00		0.87535	68.508	27.8667	0.367708	1015.72	357.868	29.1685				20.0534	6437.5		49.9008	35.6375	27.9842				7.64	0.281905	5.579	11.1509	0.50139
2016/11/08 10:55:00		0.93295	57.922	28.0016	0.363542	1015.67	410.266	29.1355				19.7531	4265.42		43.6367	33.1817	27.6342				7.64	0.281905	5.579	11.1509	0.50139
2016/11/08 11:00:00		0.98668	64.905	28.0812	0.3625	1015.65	312.543	29.099				19.8579	4498.54		43.2592	32.5533	27.2958				9.1989	0.388355	5.6099	12.5707	0.397886
2016/11/08 11:05:00		1.22598	55.048	28.2042	0.364583	1015.67	182.022	29.0531				20.0724	4216.25		43.6558	31.9817	26.5367				9.3103	0.395958	5.6122	12.6721	0.390493
2016/11/08 11:10:00		1.11667	87.913	28.2521	0.361458	1015.66	118.161	28.9573				19.9819	5957.1		42.0017	31.1967	26.0517				9.3103	0.395958	5.6122	12.6721	0.390493
2016/11/08 11:15:00		1.17473	83.858	28.3057	0.359896	1015.66	109.251	28.9087				20.3251	6421.3		42.6717	31.5067	26.4617				8.0573	0.380949	5.4617	12.5969	0.327111
2016/11/08 11:20:00		0.64613	73.186	28.2958	0.363021	1015.57	151.098	28.8912				20.6778	6825.4		47.3267	34.08	27.5183				7.9678	0.379877	5.451	12.5915	0.322584
2016/11/08 11:25:00		1.18743	84.237	28.2417	0.361979	1015.55	142.866	28.8056				20.2583	6118.1		42.825	31.425	25.6017				7.9678	0.379877	5.451	12.5915	0.322584
2016/11/08 11:30:00		0.6702	88.705	28.299	0.360938	1015.47	153.861	28.8826				19.939	5759.4		46.9233	33.5767	27.2533				8.7359	0.426479	4.85818	13.2373	0.351466
2016/11/08 11:35:00		1.12549	66.833	28.3005	0.35625	1015.46	130.718	29.0646				20.2488	6313.5		42.215	31.16	25.61				8.7907	0.429808	4.81584	13.2834	0.353529
2016/11/08 11:40:00		1.11121	84.08	28.2354	0.365625	1015.46	102.958	29.1742				20.6397	4742.71		44.0033	31.3533	25.0183				8.7907	0.429808	4.81584	13.2834	0.353529
2016/11/08 11:45:00		0.86006	73.068	28.2078	0.361458	1015.5	123.9	29.2724				20.878	8136.7		47.0533	32.28	25.015				10.0274	0.94843	5.7582	15.2694	0.371178
2016/11/08 11:50:00		1.45812	82.012	28.299	0.360417	1015.42	113.546	29.3401				20.94	7414.6		41.045	29.58	23.2133				10.1158	0.98547	5.8255	15.4112	0.372438
2016/11/08 11:55:00		0.9236	89.479	28.3073	0.360938	1015.35	107.195	29.3866				21.1116	16198.8		43.7867	30.3392	23.3917				10.1158	0.98547	5.8255	15.4112	0.372438
2016/11/08 12:00:00		1.11421	95.319	28.3698	0.361979	1015.33	105.547	29.4349				20.9924	10779.2		41.5583	29.5275	23.2367				9.8782	0.99047	5.8122	15.3847	0.421976
2016/11/08 12:05:00		1.35573	65.335	28.4078	0.360938	1015.3	113.786	29.4979				20.8446	9963.3		41.6092	28.815	22.2608				9.8612	0.99082	5.8112	15.3828	0.425515
2016/11/08 12:10:00		1.16611	83.028	28.4094	0.3625	1015.23	212.538	29.5559				21.4357	8834.0		41.9367	29.0917	22.6267				9.8612	0.99082	5.8112	15.3828	0.425515
2016/11/08 12:15:00		1.04449	75.17	28.4354	0.357812	1015.15	255.865	29.6435				21.4119	6386.9		40.76	28.2683	21.3075				15.8105	2.06569	7.311	21.469	0.462669
2016/11/08 12:20:00		0.79867	71.157	28.5974	0.359375	1015.03	255.755	29.7356				21.6025	6899.6		39.2642	27.8925	21.9225				16.2355	2.14246	7.4181	21.9037	0.465322
2016/11/08 12:25:00		1.16318	123.367	28.7755	0.361458	1015.01	209.672	29.8153				21.4881	8140.4		42.0317	29.2367	22.4608				16.2355	2.14246	7.4181	21.9037	0.465322
2016/11/08 12:30:00		1.19922	117.525	28.887	0.359375	1014.93	180.352	29.888				21.7741	8190.2		46.2458	31.2092	22.8767				11.1193	1.15781	5.6131	17.7106	0.45568
2016/11/08 12:35:00		1.27601	79.613	28.9104	0.359896	1014.81	223.264	29.9793				21.5835	8674.4		39.94	27.7517	21.825				10.7539	1.08748	5.4842	17.4111	0.454992
2016/11/08 12:40:00		0.87086	51.797	28.8385	0.357292	1014.74	270.455	30.0411				21.6264	3898.96		30.0775	23.4175	19.4258				10.7539	1.08748	5.4842	17.4111	0.454992
2016/11/08 12:45:00		1.41515	65.141	28.6656	0.360417	1014.76	262.784	30.0566				21.5024	2241.04		30.0967	23.0667	19.4				12.1729	1.13469	5.6257	18.1542	0.465297
2016/11/08 12:50:00		1.31177	61.73	28.6151	0.358333	1014.75	226.1	30.1176				21.7503	2681.25		30.93	23.5908	19.8442				12.2742	1.13807	5.6359	18.2072	0.466033
2016/11/08 12:55:00		1.04543	57.704	28.576	0.357812	1014.73	244.898	30.1388				21.6645	2263.75		29.8617	23.4133	19.6408				12.2742	1.13807	5.6359	18.2072	0.466033
2016/11/08 13:00:00		0.62248	62.166	28.4234	0.360417	1014.66	214.689	30.1528				21.531	3401.04		28.7092	23.0725	20.1258				6.7025	0.348157	3.98836	11.869	0.314366
2016/11/08 13:05:00		0.90219	43.4843	28.2016	0.365104	1014.67	180.228	30.1439				21.2689	2024.17		27.8783	23.8892	21.4292				6.3045	0.291735	3.87068	11.4163	0.303533
2016/11/08 13:10:00		0.74809	30.5069	27.9661	0.357812	1014.74	139.57	30.1214				21.307	2560.83		35.8667	28.1733	24.2283				6.3045	0.291735	3.87068	11.4163	0.303533
2016/11/08 13:15:00		0.57177	63.289	27.8234	0.363021	1014.73	139.468	30.127				21.2164	3735.21		34.17	28.1608	24.6825				4.94735	0.019449	3.0518	8.6165	0.250191
2016/11/08 13:20:00		0.59793	82.055	27.7036	0.365104	1014.2	135.02	30.0926				21.2069	3736.67		35.175	29.0833	25.1858				4.85042	0.0	2.99331	8.4165	0.246381
2016/11/08 13:25:00		0.73563	51.072	27.626	0.363021	1014.07	110.199	29.9798				21.4262	3773.54		36.8692	28.6808	24.1717				4.85042	0.0	2.99331	8.4165	0.246381
2016/11/08 13:30:00		0.78551	61.239	27.5104	0.364062	1014.07	94.544	29.8462				21.5072	3653.54		35.0258	28.6583	25.5342				6.4321	0.160654	2.93049	8.6465	0.016425
2016/11/08 13:35:00		0.462526	56.01	27.3984	0.358333	1014.07	91.088	29.7377				21.2307	3565.42		41.3992	33.4975	29.0317				6.5451	0.172129	2.926	8.6629	0.0
2016/11/08 13:40:00		0.10126	43.5607	27.3937	0.361458	1014.12	81.958	29.59				20.8446	3861.67		40.1233	32.1725	28.6375				6.5451	0.172129	2.926	8.6629	0.0
2016/11/08 13:45:00		0.460437	41.0767	27.3198	0.358333	1014.12	69.978	29.6496				20.4061	3769.79		33.1008	27.77	24.5733				6.5386	0.349021	3.16888	9.8881	0.283474
2016/11/08 13:50:00		0.65913	72.751	27.1109	0.3625	1014.22	56.416	29.8282				20.449	3863.54		35.2525	27.975	22.8583				6.5381	0.361656	3.18623	9.9756	0.303722
2016/11/08 13:55:00		1.57739	72.747	26.5688	0.360938	1014.5	18.0688	29.9839				21.5453	3838.13		28.36	18.9083	9.8208				6.5381	0.361656	3.18623	9.9756	0.303722
2016/11/08 14:00:00		1.43504	82.775	25.6167	0.358333	1014.55	68.556	29.9882				21.5596	3591.46		21.3167	14.2175	7.0283				7.1597	0.336704	3.67508	10.6346	0.334817
2016/11/08 14:05:00		1.80312	65.687	24.8844	0.354167	1014.58	84.707	29.8669				21.3451	3335.42		20.8925	13.9442	5.865				7.2041	0.334921	3.71	10.6817	0.337038
2016/11/08 14:10:00		1.2467	64.631	24.4333	0.358854	1014.65	57.123	29.6247				21.1688	3128.54		15.7592	10.5042	6.225				7.2041	0.334921	3.71	10.6817	0.337038
2016/11/08 14:15:00		1.20363	14.2359	24.1547	0.358333	1014.6	92.349	29.4121				20.94	3023.13		14.2342	9.5325	5.7025				5.8014	0.227858	5.8968	11.898	0.300901
2016/11/08 14:20:00		1.89537	68.374	23.9474	0.358333	1014.56	90.103	29.4582				20.7588	3020.0		15.5592	10.4967	6.1525				5.7012	0.22021	6.053	11.9849	0.29832
2016/11/08 14:25:00		1.27848	39.7082	23.8266	0.360417	1014.57	111.271	29.5122				20.959	3116.46		15.3108	10.2225	6.2208				5.7012	0.22021	6.053	11.9849	0.29832
2016/11/08 14:30:00		1.33607	32.166	23.7609	0.356771	1014.54	150.974	29.5892				21.0019	3114.17		13.8783	9.4825	6.1858				5.3953	0.176294	4.58067	8.8357	0.286068
2016/11/08 14:35:00		1.67583	30.0418	23.6693	0.357292	1014.32	230.679	29.6547				21.0448	3014.38		12.9433	8.7767	6.1167				5.3735	0.173157	4.47551	8.6108	0.285193
2016/11/08 14:40:00		1.52519	24.4414	23.6781	0.361979	1014.24	297.471	29.698				20.9733	2961.25		12.43	8.5817	6.205				5.3735	0.173157	4.47551	8.6108	0.285193
2016/11/08 14:45:00		1.3644	47.4081	23.7141	0.358854	1014.31	241.85	29.6244				20.7588	2882.29		12.3625	8.2883	5.2275				5.8551	0.011544	4.43923	8.6373	0.299922
2016/11/08 14:50:00		1.198	52.377	23.6729	0.357292	1014.3	156.246	29.4582				20.6969	2769.79		15.66	10.4433	5.52				5.8895	0.0	4.43664	8.6392	0.300974
2016/11/08 14:55:00		2.15625	52.739	23.724	0.361458	1014.35	100.311	29.2016				20.7445	2773.54		15.455	10.3992	5.76				5.8895	0.0	4.43664	8.6392	0.300974
2016/11/08 15:00:00		1.85246	33.7195	23.724	0.356771	1014.33	87.762	29.1009				20.5014	2815.42		13.29	8.9108	5.4308				5.8895	0.0	4.43664	8.6392	0.300974
2016/11/08 15:05:00		1.55092	38.7433	23.6385	0.357812	1014.35	62.883	29.1363				20.5539	2894.79		14.9433	9.9633	4.71667				5.8895	0.0	4.43664	8.6392	0.300974
2016/11/08 15:10:00		1.65727	57.715	23.6281	0.359375	1014.33	47.8917	29.1739				20.6349	2933.75		12.585	8.3942	4.2975				5.8895	0.0	4.43664	8.6392	0.300974
2016/11/08 15:15:00		1.75685	56.533	23.6255	0.357812	1014.4	39.324	29.2523				20.5491	2928.75		15.2358	10.1658	5.1858				6.0946	0.0	4.86577	8.5905	0.248826
2016/11/08 15:20:00		2.20039	62.686	23.5187	0.357292	1014.38	40.7385	29.3039				20.7731	2968.54		17.3967	11.5908	4.56667				6.1092	0.0	4.89642	8.5871	0.245101
2016/11/08 15:25:00		1.77938	65.655	23.4891	0.357292	1014.42	38.799	29.3412				20.8494	3037.29		17.835	11.8958	4.18167				6.1092	0.0	4.89642	8.5871	0.245101
2016/11/08 15:30:00		1.47165	73.488	23.4266	0.356771	1014.39	51.362	29.3887				21.1878	3139.58		17.5875	11.7225	4.49				5.0743	0.197967	5.3742	9.3876	0.245411
2016/11/08 15:35:00		1.71372	61.849	23.3406	0.358333	1014.43	63.89	29.4172				21.3022	3223.13		30.2867	20.1917	4.59583				5.0004	0.212107	5.4083	9.4448	0.245433
2016/11/08 15:40:00		1.92425	66.084	23.326	0.360938	1014.48	52.325	29.4282				20.9352	3242.71		14.4067	9.6175	4.09417				5.0004	0.212107	5.4083	9.4448	0.245433
2016/11/08 15:45:00		2.66761	57.619	23.2276	0.358854	1014.58	42.0729	29.4126				20.4109	3338.96		11.9783	8.0008	3.9825				5.4527	0.01414	4.42355	8.5646	0.016362
2016/11/08 15:50:00		1.24175	58.529	23.224	0.355208	1014.61	42.7729	29.263				20.2297	3351.67		12.4658	8.3283	4.32833				5.485	0.0	4.35321	8.5018	0.0
2016/11/08 15:55:00		1.8685	57.546	23.2026	0.355208	1014.58	42.1896	29.0201				20.2107	3370.42		10.9492	7.3508	4.02917				5.485	0.0	4.35321	8.5018	0.0
2016/11/08 16:00:00		2.87964	63.147	23.1214	0.357292	1014.56	37.0854	28.8974				19.9485	3437.71		11.8242	7.9392	3.8175				5.267	0.170827	5.9928	10.532	0.269497
2016/11/08 16:05:00		1.62302	78.163	23.0255	0.361458	1014.62	31.6313	28.8842				19.4861	3515.42		12.5083	8.3442	4.4725				5.2514	0.183028	6.1099	10.677	0.288747
2016/11/08 16:10:00		2.05139	47.8183	23.0167	0.357292	1014.64	24.8646	28.8649				19.6911	3578.96		14.2208	9.4942	4.84833				5.2514	0.183028	6.1099	10.677	0.288747
2016/11/08 16:15:00		1.53847	66.057	22.9505	0.360417	1014.73	14.7729	28.8781				19.591	3581.46		12.4683	8.3225	4.63				5.7103	0.226253	5.0437	9.8852	0.226338
2016/11/08 16:20:00		1.63253	91.423	22.8557	0.361458	1014.78	7.5542	28.9108				19.7292	3570.21		13.9008	9.2842	4.31167				5.7431	0.229341	4.96752	9.8287	0.22188
2016/11/08 16:25:00		1.63971	73.873	22.7031	0.361979	1014.86	4.09062	28.9328				19.4242	3550.83		11.2933	7.5375	4.22333				5.7431	0.229341	4.96752	9.8287	0.22188
2016/11/08 16:30:00		1.64889	50.314	22.5859	0.356771	1014.9	8.2469	28.9986				19.5243	3692.71		12.2233	8.1558	4.78833				6.3029	0.247115	5.348	10.2356	0.240413
2016/11/08 16:35:00		1.14736	53.178	22.4792	0.357812	1015.09	7.5979	29.0413				19.815	3775.83		12.8125	8.6183	5.1467				6.3429	0.248384	5.3752	10.2647	0.241736
2016/11/08 16:40:00		0.78143	85.372	22.3734	0.357812	1015.23	6.2635	29.0512				19.796	3829.38		12.7117	8.6183	5.21				6.3429	0.248384	5.3752	10.2647	0.241736
2016/11/08 16:45:00		1.55487	74.135	22.2833	0.363542	1015.3	4.09062	29.0778				20.0534	3870.21		13.665	9.1933	5.9117				6.1931	0.27848	4.79562	9.7295	0.230502
2016/11/08 16:50:00		1.19846	85.224	22.2146	0.360417	1015.25	4.84896	29.1087				20.3537	3931.67		13.3083	9.0625	6.1758				6.1825	0.28063	4.75422	9.6913	0.229699
2016/11/08 16:55:00		0.85897	72.75	22.2089	0.361458	1015.32	3.16458	29.1084				20.4109	3900.42		12.6258	8.6117	6.0442				6.1825	0.28063	4.75422	9.6913	0.229699
2016/11/08 17:00:00		1.17442	45.0979	22.1208	0.359896	1015.36	1.08646	29.1285				20.4299	3850.63		13.4083	9.1225	6.6867				6.1434	0.224008	6.484	11.4959	0.279415
2016/11/08 17:05:00		0.57723	89.031	22.1161	0.367708	1015.77	1.06458	29.1288				19.8961	5099.6		13.8342	9.4575	6.8733				6.1406	0.219963	6.6076	11.6248	0.282966
2016/11/08 17:10:00		0.60603	18.7398	22.0693	0.357812	1015.75	1.12292	28.9049				19.6244	5535.2		15.4975	10.7492	6.8983				6.1406	0.219963	6.6076	11.6248	0.282966
2016/11/08 17:15:00		0.73393	41.9771	21.9609	0.358854	1015.54	1.02813	28.823				19.5433	4139.38		12.9292	8.8275	6.57				6.5897	0.283572	5.0769	9.4088	0.337856
2016/11/08 17:20:00		0.77115	42.4103	21.8875	0.359375	1015.66	1.08646	28.866				19.6768	4249.79		12.4717	8.775	7.0183				6.6218	0.288116	4.96752	9.2505	0.341777
2016/11/08 17:25:00		1.05924	32.7182	21.7958	0.360417	1015.75	1.05	28.8826				19.6482	4272.92		14.8042	10.2508	8.2842				6.6218	0.288116	4.96752	9.2505	0.341777
2016/11/08 17:30:00		0.398774	53.16	21.699	0.359896	1015.8	1.07187	28.8133				19.5433	4253.13		15.61	10.7292	7.7883				7.6893	0.319364	4.622	10.1351	0.289584
2016/11/08 17:35:00		1.12771	29.9649	21.5969	0.357812	1015.88	1.04271	28.4751				19.3098	4148.96		15.7683	10.7933	8.3017				7.7656	0.321596	4.59732	10.1983	0.285856
2016/11/08 17:40:00		1.36419	39.8953	21.4917	0.360938	1015.98	1.12292	28.0297				19.0285	4152.08		15.38	10.5183	7.7383				7.7656	0.321596	4.59732	10.1983	0.285856
2016/11/08 17:45:00		2.23995	23.7447	21.4026	0.356771	1015.98	1.11563	27.7803				18.8236	4163.75		14.935	10.5133	7.9083				7.157	0.244973	4.88975	9.787	0.273339
2016/11/08 17:50:00		1.76826	24.7802	21.3135	0.355208	1016.07	1.07187	27.5843				18.7568	4170.0		20.435	14.1083	8.6017				7.1135	0.2395	4.91064	9.7576	0.272445
2016/11/08 17:55:00		1.74933	13.61	21.2969	0.357812	1016.54	1.11563	27.4004				18.7807	4213.33		16.89	11.5233	7.6883				7.1135	0.2395	4.91064	9.7576	0.272445
2016/11/08 18:00:00		1.51413	13.2459	21.3	0.359375	1016.7	1.12292	27.1472	1833.92	0.0	1833.92	18.2992	3761.46	277.214	14.1067	9.6817	6.9683				6.1697	0.232053	2.99549	7.3161	0.230072
2016/11/08 18:05:00		2.08181	17.9568	21.2995	0.353125	1016.34	1.05729	27.1139	82.012	18.5408	100.553	18.5852	3765.83	51.339	12.1317	8.5117	6.3417				6.1023	0.231521	2.85869	7.1417	0.227045
2016/11/08 18:10:00		2.00213	21.2986	21.3021	0.359375	1016.85	1.07187	27.0656	16.9354	22.2859	39.2213	18.652	3179.58	59.211	11.3933	7.9633	6.0933				6.1023	0.231521	2.85869	7.1417	0.227045
2016/11/08 18:15:00		2.35913	19.7196	21.2995	0.360417	1016.99	1.10833	26.8197	9.3867	22.6111	31.9978	18.509	2535.42	77.073	11.8383	8.2567	6.545				6.4407	0.239467	2.76933	7.6017	0.233813
2016/11/08 18:20:00		2.32079	24.9471	21.3	0.35625	1016.52	1.10833	26.7617	14.711	26.702	41.413	19.734	3326.46	58.118	18.875	12.89	6.2817				6.4649	0.240035	2.76294	7.6345	0.234296
2016/11/08 18:25:00		1.59161	38.2606	21.3005	0.3625	1016.52	1.11563	26.937	12.3816	25.0246	37.4062	18.4232	3164.79	45.2352	10.5692	7.3842	5.2467				6.4649	0.240035	2.76294	7.6345	0.234296
2016/11/08 18:30:00		1.32481	25.5331	21.2979	0.364062	1016.6	1.10104	27.1327	13.8623	24.8157	38.678	18.7282	3131.04	37.7632	9.6233	6.94	5.17				6.4649	0.240035	2.76294	7.6345	0.234296
2016/11/08 18:35:00		2.89077	14.5053	21.2021	0.361979	1016.76	1.11563	27.2876	11.8233	21.0056	32.8288	18.7568	2950.83	40.8813	9.4942	6.56	4.60667				6.4649	0.240035	2.76294	7.6345	0.234296
2016/11/08 18:40:00		1.17174	25.8065	21.2047	0.3625	1016.84	1.10833	27.3886	15.9438	19.8416	35.7854	18.5995	2888.33	34.788	11.0592	7.6175	5.415				6.4649	0.240035	2.76294	7.6345	0.234296
2016/11/08 18:45:00		1.48541	10.0923	21.3036	0.363542	1016.87	1.05729	27.5027	20.6606	19.8279	40.4885	18.8188	2967.5	32.4022	11.4033	7.9417	5.6125				5.2607	0.016002	1.90292	5.1045	0.01562
2016/11/08 18:50:00		1.91506	32.7986	21.2974	0.358333	1016.96	1.10104	27.6179	16.8081	16.634	33.442	18.8617	3027.92	36.1953	10.6117	7.5867	5.6733				5.1747	0.0	1.84149	4.92383	0.0
2016/11/08 18:55:00		1.70251	24.463	21.2104	0.358854	1017.08	1.1375	27.722	15.3653	15.2099	30.5752	18.8379	2929.58	38.0383	11.3783	7.9192	5.3825				5.1747	0.0	1.84149	4.92383	0.0
2016/11/08 19:00:00		1.26955	41.4482	21.2052	0.361458	1017.2	1.07917	27.8318	17.1207	15.7234	32.8441	18.7044	2833.96	34.7166	11.8908	8.16	5.8425				5.2105	0.141498	1.91625	5.0432	0.0
2016/11/08 19:05:00		1.60738	19.4073	21.2016	0.363021	1017.39	1.18854	27.9357	16.3748	14.556	30.9308	18.7425	2698.75	36.781	10.2708	7.0275	5.1842				5.2131	0.151605	1.92159	5.0518	0.0
2016/11/08 19:10:00		1.89874	19.0972	21.1693	0.360938	1017.69	1.09375	27.9438	14.4162	14.1281	28.5443	18.6949	2587.71	39.199	10.965	7.9033	6.1367				5.2131	0.151605	1.92159	5.0518	0.0
2016/11/08 19:15:00		1.39588	14.3927	21.1063	0.358333	1018.12	1.12292	27.6527	16.6562	17.1269	33.7831	18.5328	2674.79	92.374	9.6417	7.0275	5.475				4.29529	0.010107	1.87603	4.15655	0.0
2016/11/08 19:20:00		1.27173	38.499	21.1063	0.3625	1017.82	1.05	27.4729	16.4976	20.2319	36.7295	18.4661	3870.83	120.226	9.2	6.7283	5.39				4.22973	0.0	1.87277	4.0926	0.0
2016/11/08 19:25:00		0.89612	38.2175	21.1073	0.357812	1017.65	1.07187	27.5599	13.1119	23.1657	36.2776	18.5519	4243.33	67.444	9.7875	6.8792	5.0675				4.22973	0.0	1.87277	4.0926	0.0
2016/11/08 19:30:00		0.75258	41.4879	21.024	0.358333	1017.74	1.10833	27.6928	11.3208	22.8268	34.1475	18.4518	3800.63	55.079	10.8042	7.4792	5.3825				4.21346	0.0	1.68077	3.73654	0.0
2016/11/08 19:35:00		0.70773	40.2876	20.9974	0.360417	1017.83	1.09375	27.7926	10.0924	20.0162	30.1087	18.5709	3509.58	48.7104	11.84	8.1208	5.4333				4.2123	0.0	1.66706	3.71111	0.0
2016/11/08 19:40:00		0.391015	41.2971	20.999	0.354688	1017.9	1.09375	27.8375	13.0784	20.6256	33.704	18.5471	3247.08	41.0849	9.8717	6.9517	5.075				4.2123	0.0	1.66706	3.71111	0.0
2016/11/08 19:45:00		1.01225	39.4975	21.0042	0.358854	1017.98	1.07187	27.9223	13.2169	18.1163	31.3331	18.5137	3064.79	39.1955	12.7392	8.6858	5.7692				4.26762	0.0	1.88206	3.7403	0.0
2016/11/08 19:50:00		0.85476	29.785	20.9984	0.359375	1017.99	1.06458	27.9873	14.7824	17.7671	32.5495	18.6853	2933.33	36.731	9.6717	6.85	5.1933				4.27158	0.0	1.89742	3.74239	0.0
2016/11/08 19:55:00		1.57203	15.0297	20.9495	0.361458	1017.94	1.10833	28.0141	14.3983	17.5104	31.9086	18.6043	2768.54	38.9812	9.3075	6.8917	4.90083				4.27158	0.0	1.89742	3.74239	0.0
2016/11/08 20:00:00		0.66199	75.661	20.888	0.359896	1018.02	1.03542	28.1016	12.7613	16.1239	28.8852	18.6806	2547.08	39.0026	9.3733	6.8192	5.0042				4.43105	0.0	2.05005	4.05731	0.0
2016/11/08 20:05:00		0.65595	32.5303	20.8005	0.363542	1018.08	1.05729	28.1382	21.6298	17.6404	39.2703	18.5328	2467.5	31.8235	10.9333	7.8217	5.995				4.44244	0.0	2.06095	4.0798	0.0
2016/11/08 20:10:00		0.63375	75.654	20.7917	0.358854	1018.08	1.11563	28.1733	18.492	15.2338	33.7258	18.7807	2341.04	36.3131	8.7925	6.4192	4.94083				4.44244	0.0	2.06095	4.0798	0.0
2016/11/08 20:15:00		0.87007	351.255	20.7052	0.364062	1018.11	1.07187	28.2472	14.2375	15.3845	29.622	18.509	2244.79	38.2525	9.8842	6.8242	4.43583				4.11047	0.0	1.52255	3.49994	0.0
2016/11/08 20:20:00		0.74228	35.8182	20.7073	0.363542	1018.17	1.05	28.2976	18.0364	14.5902	32.6267	18.6186	2116.25	34.6952	10.39	7.1967	5.0033				4.08676	0.0	1.48409	3.45852	0.0
2016/11/08 20:25:00		0.358566	86.455	20.6839	0.363542	1018.15	1.02813	28.2966	16.8148	15.7679	32.5826	18.6996	2025.21	35.7095	7.6725	5.7508	4.48583				4.08676	0.0	1.48409	3.45852	0.0
2016/11/08 20:30:00		1.63561	16.5843	20.6057	0.354167	1018.19	1.07917	28.3626	15.2849	14.5731	29.8581	18.7139	1923.75	36.6382	8.1733	6.1167	4.5225				3.84918	0.0	1.62876	3.34839	0.0
2016/11/08 20:35:00		0.75236	60.036	20.6036	0.358854	1018.21	1.04271	28.401	18.7399	13.7104	32.4504	18.4804	1838.13	34.3487	8.5825	6.0858	4.14083				3.83221	0.0	1.63909	3.34052	0.0
2016/11/08 20:40:00		1.13126	31.7998	20.5286	0.360417	1018.24	1.07917	28.3953	15.6378	15.4872	31.125	18.509	1771.25	37.1239	7.2875	5.5242	4.34333				3.83221	0.0	1.63909	3.34052	0.0
2016/11/08 20:45:00		1.32362	8.8259	20.5026	0.360938	1018.38	1.02083	28.4426	14.1348	12.8033	26.938	18.59	1672.71	38.4668	7.3925	5.4608	4.1325				3.4472	0.0	1.50372	2.85797	0.0
2016/11/08 20:50:00		1.00197	349.326	20.4245	0.360417	1018.45	1.08646	28.4885	12.9846	15.8843	28.8689	18.5185	1627.08	36.0774	5.4142	4.44167	3.675				3.4197	0.0	1.49405	2.8235	0.0
2016/11/08 20:55:00		1.65183	9.7441	20.3969	0.359375	1018.48	1.03542	28.4944	12.5111	13.529	26.0401	18.5137	1585.42	38.6597	5.3283	4.47917	3.7025				3.4197	0.0	1.49405	2.8235	0.0
2016/11/08 21:00:00		1.31753	347.946	20.2974	0.360417	1018.62	1.06458	28.5269	14.8852	14.0562	28.9414	18.7378	1563.33	36.006	6.105	4.715	3.68167				3.85353	0.201576	1.7471	4.14334	0.0
2016/11/08 21:05:00		1.39443	26.7872	20.251	0.356771	1018.65	0.99896	28.5495	14.9254	15.2304	30.1558	18.9189	1482.29	35.0559	8.0442	6.2667	4.3125				3.88452	0.215974	1.76518	4.23761	0.0
2016/11/08 21:10:00		1.47558	6.9048	20.1995	0.358854	1018.61	1.03542	28.5307	15.2358	15.7473	30.9831	18.7664	1474.38	35.0559	6.2592	5.1033	4.045				3.88452	0.215974	1.76518	4.23761	0.0
2016/11/08 21:15:00		2.14231	354.483	20.199	0.356771	1018.67	0.99896	28.5769	16.8438	13.5085	30.3523	18.9713	1491.04	34.6666	5.9783	4.47667	3.61667				3.29545	0.014398	1.2343	2.76429	0.0
2016/11/08 21:20:00		1.82493	7.7952	20.1005	0.365104	1018.67	1.04271	28.5709	12.29	13.1524	25.4425	18.8236	1442.5	38.6847	4.96083	4.06667	3.3125				3.25337	0.0	1.19638	2.65905	0.0
2016/11/08 21:25:00		0.79929	24.3148	20.037	0.361458	1018.73	1.05	28.543	11.9684	14.0151	25.9836	18.8331	1441.67	38.274	5.415	4.2975	3.36667				3.25337	0.0	1.19638	2.65905	0.0
2016/11/08 21:30:00		1.69905	0.287305	19.9615	0.359896	1018.9	1.00625	28.5777	12.5759	13.9535	26.5294	18.8808	1369.17	37.5239	5.3083	4.22333	3.37				3.19414	0.0	1.20124	2.56971	0.0
2016/11/08 21:35:00		1.54081	347.337	19.8953	0.358333	1018.95	1.05729	28.5546	12.4575	14.2856	26.7431	18.7378	1407.29	36.9632	5.0267	4.04333	3.325				3.18991	0.0	1.20159	2.56332	0.0
2016/11/08 21:40:00		0.91239	328.86	19.8635	0.363542	1019.0	1.02813	28.5344	13.4715	14.1726	27.6441	18.8522	1396.04	36.0095	5.8033	4.61667	3.53667				3.18991	0.0	1.20159	2.56332	0.0
2016/11/08 21:45:00		1.75109	333.733	19.7974	0.360938	1018.95	1.13021	28.5444	11.9975	15.1414	27.1389	18.9952	1450.0	35.4988	6.8425	5.2733	4.22				2.82442	0.0	0.98703	2.19975	0.0
2016/11/08 21:50:00		1.28177	343.049	19.8016	0.365625	1018.95	1.09375	28.5304	18.8717	14.669	33.5407	18.9856	1534.79	30.8377	10.8067	7.9958	6.195				2.79832	0.0	0.9717	2.17378	0.0
2016/11/08 21:55:00		1.37148	319.232	19.7401	0.364062	1019.0	1.10104	28.4947	21.8487	15.203	37.0517	18.9809	1659.79	30.3663	12.0783	8.8992	6.6533				2.79832	0.0	0.9717	2.17378	0.0
2016/11/08 22:00:00		1.56209	326.4	19.7255	0.364062	1019.04	1.11563	28.4971	17.1252	14.7135	31.8387	18.8379	1713.54	35.0845	9.675	8.1017	6.8983				3.3223	0.0	1.02612	2.49976	0.0
2016/11/08 22:05:00		0.67948	348.36	19.6328	0.3625	1018.97	1.1375	28.4837	16.6115	14.8128	31.4243	19.2097	1720.0	36.0131	10.1633	8.6025	7.7125				3.35973	0.0	1.03	2.52304	0.0
2016/11/08 22:10:00		1.10571	309.678	19.6349	0.363021	1018.95	1.06458	28.427	14.0142	13.06	27.0742	19.1096	1714.17	37.3704	11.45	9.3467	8.2258				3.35973	0.0	1.03	2.52304	0.0
2016/11/08 22:15:00		1.22807	328.399	19.6292	0.360938	1018.92	1.10833	28.4351	14.7958	15.2475	30.0434	19.3098	1709.58	35.7988	10.2183	8.7733	7.6192				3.35973	0.0	1.03	2.52304	0.0
2016/11/08 22:20:00		1.0131	333.926	19.6276	0.364062	1018.94	1.14479	28.4149	14.6797	13.4023	28.0821	19.4194	1667.08	37.6954	10.3925	9.2617	8.3425				3.35973	0.0	1.03	2.52304	0.0
2016/11/08 22:25:00		0.92727	349.537	19.5276	0.3625	1018.91	1.11563	28.3867	15.8031	16.7778	32.5808	19.448	1681.67	33.9201	14.5342	11.5775	10.1367				3.35973	0.0	1.03	2.52304	0.0
2016/11/08 22:30:00		0.71265	315.458	19.5266	0.361979	1018.93	1.11563	28.3994	15.9371	14.9463	30.8833	19.6053	1630.83	37.3275	10.4042	9.0058	8.0683				4.25635	0.0	1.20387	2.40406	0.0
2016/11/08 22:35:00		1.23454	335.037	19.4542	0.363542	1018.91	1.12292	28.3779	12.3615	13.3476	25.7091	19.4909	1589.38	39.7527	10.8733	9.375	8.2367				4.32039	0.0	1.21628	2.39556	0.0
2016/11/08 22:40:00		0.96122	1.52576	19.4286	0.358333	1018.96	1.07917	28.3371	11.8121	14.912	26.7241	19.4766	1553.13	38.2097	11.5917	9.7125	8.7133				4.32039	0.0	1.21628	2.39556	0.0
2016/11/08 22:45:00		1.04262	348.767	19.4198	0.364583	1018.98	1.09375	28.343	11.658	15.0113	26.6693	19.3717	1528.54	38.7026	11.6833	10.3025	9.2583				3.36877	0.0	1.19859	2.34868	0.0
2016/11/08 22:50:00		0.88497	320.377	19.3339	0.360417	1019.0	1.09375	28.339	10.0947	13.909	24.0037	19.3002	1479.79	41.3599	11.8883	10.1625	9.155				3.3008	0.0	1.19732	2.34533	0.0
2016/11/08 22:55:00		0.95088	5.1194	19.3276	0.360417	1018.98	1.13021	28.2821	10.0545	16.2882	26.3427	19.1954	1467.5	38.8955	12.8583	11.2508	10.2992				3.3008	0.0	1.19732	2.34533	0.0
2016/11/08 23:00:00		0.60175	313.523	19.2885	0.357292	1018.99	1.14479	28.2869	8.9579	13.5222	22.4801	19.3574	1395.83	42.9028	12.6767	11.2458	10.1842				3.07586	0.0	1.09375	2.00047	0.0
2016/11/08 23:05:00		0.64423	301.341	19.2276	0.360417	1018.97	1.10833	28.295	10.414	15.5727	25.9868	19.4337	1409.58	38.1454	10.8792	9.2725	8.1475				3.06403	0.0	1.0883	1.98232	0.0
2016/11/08 23:10:00		0.82682	352.478	19.2323	0.359375	1018.92	1.06458	28.2552	10.7133	15.2167	25.93	19.2859	1396.25	39.9241	10.8242	9.2375	8.1183				3.06403	0.0	1.0883	1.98232	0.0
2016/11/08 23:15:00		0.8787	322.978	19.2234	0.358333	1018.96	1.14479	28.2676	8.8261	14.5184	23.3445	19.2335	1342.71	40.417	11.745	10.0983	9.1692				2.86257	0.0	0.89188	1.72092	0.0
2016/11/08 23:20:00		0.86759	315.282	19.1391	0.363021	1018.91	1.11563	28.281	10.3805	16.0965	26.477	19.1811	1362.29	37.3954	12.2975	10.4967	9.47				2.84818	0.0	0.87785	1.70225	0.0
2016/11/08 23:25:00		1.00235	312.83	19.0958	0.360938	1018.86	1.1375	28.238	7.6514	15.3468	22.9982	19.1096	1264.38	40.7598	8.85	8.0583	7.2917				2.84818	0.0	0.87785	1.70225	0.0
2016/11/08 23:30:00		0.62657	287.553	18.963	0.360938	1018.9	1.05729	28.0796	7.2516	14.0322	21.2839	19.0381	1173.33	36.9239	9.2442	8.1508	7.2333				3.08869	0.0	0.83759	1.74648	0.0
2016/11/08 23:35:00		1.38785	315.745	18.8625	0.366667	1018.93	1.10833	27.7475	8.1963	12.5226	20.7189	18.7378	1160.0	35.2952	9.6358	8.6733	7.7008				3.10587	0.0	0.83471	1.74964	0.0
2016/11/08 23:40:00		0.86284	311.539	18.7635	0.360417	1018.91	1.08646	27.4082	7.4102	11.5127	18.9229	18.5995	1116.25	35.8845	10.0133	8.6858	7.7425				3.10587	0.0	0.83471	1.74964	0.0
2016/11/08 23:45:00		1.42991	322.668	18.6276	0.359896	1018.91	1.07187	27.028	6.4588	11.4442	17.903	18.4327	1042.29	37.0739	9.7125	8.4525	7.4125				3.10587	0.0	0.83471	1.74964	0.0
2016/11/08 23:50:00		0.69492	317.208	18.5151	0.358854	1018.89	1.03542	26.8549	7.0529	12.0878	19.1407	18.6138	1099.38	41.8635	10.7442	8.8283	7.5033				3.10587	0.0	0.83471	1.74964	0.0
2016/11/08 23:55:00		1.58354	316.502	18.399	0.364062	1018.84	1.05729	26.8369	5.6459	9.7873	15.4332	18.4565	1272.29	47.9496	8.3158	7.4242	6.58				3.10587	0.0	0.83471	1.74964	0.0
2016/11/09 00:00:00		0.88695	316.039	18.3177	0.363542	1018.85	1.07187	26.8992	5.9161	10.6123	16.5284	18.4994	1309.79	46.871	9.4383	7.7808	6.645				2.28268	0.0	0.61947	1.23731	0.0
