-- 1st mean values --
Format: XTAB(V:1;HEAD:2;COL:TCFFFFFFFFFFFFFFFFFFFFFFFF)
StartTime: 2016/11/09 00:00:00
EndTime: 2016/11/10 00:00:00
Period: 24 h
Station: Gia Lam

Time	MeasPt	Wind Spd.	Wind Dir.	Temp	RH	Barometer	Radiation	InnerTemp	NO	NO2	NOx	SO2	CO	O3	PM-10	PM-2.5	PM-1	CH4	NMHC	THC	BENZEN	TOLUEN	ETHYL BENZEN	MP-XYLEN	O-XYLEN
		m/s	degree	°C	%	hPa	W/m²	°C	µg/m3	µg/m3	µg/m3	µg/m3	µg/m3	µg/m3	µg/m3	µg/m3	µg/m3	ppm	ppmC	ppmC	ug/m3	ug/m3	ug/m3	ug/m3	ug/m3
2016/11/09 00:05:00		1.41011	315.213	18.3219	0.361979	1018.89	1.10104	26.8734	7.9998	12.3617	20.3615	18.3469	1320.21	41.9635	8.7958	7.705	6.6983				2.23935	0.0	0.60814	1.21034	0.0
2016/11/09 00:10:00		1.40544	332.379	18.2911	0.366667	1018.89	1.08646	26.6624	6.3605	12.0638	18.4244	18.2087	1198.96	39.5848	7.8633	6.7583	6.0133				2.23935	0.0	0.60814	1.21034	0.0
2016/11/09 00:15:00		2.10961	313.23	18.2219	0.361458	1018.9	1.10104	26.4556	6.3181	11.3723	17.6904	18.2134	1113.33	40.367	5.8567	5.3475	4.74083				2.2771	0.0	0.51878	1.16744	0.0
2016/11/09 00:20:00		0.92879	318.111	18.2214	0.363542	1018.9	1.09375	26.4301	6.3248	13.464	19.7888	17.9274	1168.33	41.6992	9.6133	7.1742	4.08				2.2798	0.0	0.51239	1.16437	0.0
2016/11/09 00:25:00		1.35242	320.909	18.2219	0.3625	1018.87	1.05729	26.4516	10.1773	12.4849	22.6622	17.9465	1246.04	41.1099	4.9375	4.32667	3.76				2.2798	0.0	0.51239	1.16437	0.0
2016/11/09 00:30:00		1.52676	331.396	18.2188	0.360417	1018.81	1.05	26.5101	8.5157	11.2867	19.8024	17.7606	1195.63	45.7816	5.055	4.44583	3.8525				2.12013	0.0	0.495283	0.92126	0.0
2016/11/09 00:35:00		1.4475	320.121	18.2182	0.361458	1018.81	1.07917	26.5563	7.8569	11.7797	19.6366	17.8655	1145.21	41.8135	6.1633	5.2667	4.65167				2.11173	0.0	0.494382	0.90847	0.0
2016/11/09 00:40:00		1.40833	316.738	18.1651	0.361979	1018.78	1.05729	26.3757	6.4365	10.9102	17.3466	17.8512	1042.71	40.517	6.9817	6.4825	6.1092				2.11173	0.0	0.494382	0.90847	0.0
2016/11/09 00:45:00		1.45622	328.312	18.1161	0.367708	1018.65	1.06458	26.2253	6.8273	11.2525	18.0798	17.5795	1007.71	40.7956	7.0117	6.615	6.1883				2.0892	0.0	0.497985	1.06514	0.0
2016/11/09 00:50:00		1.94519	327.929	18.0458	0.364583	1018.58	1.05729	26.214	6.0121	11.0916	17.1037	17.6986	1077.08	45.7638	6.0058	5.7225	5.2858				2.08801	0.0	0.498174	1.07338	0.0
2016/11/09 00:55:00		1.20627	329.834	17.888	0.363021	1018.53	1.07187	26.2205	5.7129	12.1734	17.8862	17.6176	1118.33	46.3959	4.96833	4.76	4.51667				2.08801	0.0	0.498174	1.07338	0.0
2016/11/09 01:00:00		1.48904	324.315	17.7557	0.365104	1018.48	1.07187	26.2919	6.2913	13.149	19.4403	17.5461	1069.17	44.6065	4.59583	4.45167	4.11083				1.90511	0.0	0.402925	0.90221	0.0
2016/11/09 01:05:00		1.26775	330.566	17.6099	0.3625	1018.43	1.07917	26.3767	6.8831	11.3347	18.2178	17.7797	1017.08	44.1029	4.40667	4.20833	3.93917				1.89205	0.0	0.396122	0.88998	0.0
2016/11/09 01:10:00		1.71777	319.75	17.4917	0.358333	1018.38	1.11563	26.2841	5.025	10.5713	15.5963	17.8369	961.25	41.1313	4.55	4.365	4.08167				1.89205	0.0	0.396122	0.88998	0.0
2016/11/09 01:15:00		2.05128	314.343	17.3854	0.359375	1018.37	1.07187	26.0688	6.2466	10.0646	16.3112	17.8035	938.33	40.3348	4.54917	4.33	3.97917				1.84435	0.0	0.437549	0.92015	0.0
2016/11/09 01:20:00		1.45973	340.104	17.3078	0.360417	1018.39	1.07917	25.9888	7.8859	11.8139	19.6998	17.9179	982.5	41.7314	3.92167	3.84	3.62167				1.84183	0.0	0.43973	0.92173	0.0
2016/11/09 01:25:00		0.93678	320.415	17.2135	0.360938	1018.4	1.13021	25.9512	6.604	10.5541	17.1581	17.6319	1012.08	43.385	4.78667	4.36333	4.005				1.84183	0.0	0.43973	0.92173	0.0
2016/11/09 01:30:00		0.88763	318.926	17.2167	0.358333	1018.42	1.18854	25.9866	7.3834	12.8717	20.2551	17.6224	1036.25	41.5992	5.2517	5.1067	4.81167				1.71165	0.0	0.437252	0.83902	0.0
2016/11/09 01:35:00		1.10918	329.334	17.1896	0.363021	1018.43	1.09375	26.0588	6.1394	9.6196	15.759	17.5509	1020.63	44.8708	6.3742	6.2342	5.9525				1.70235	0.0	0.437075	0.83312	0.0
2016/11/09 01:40:00		1.51536	316.857	17.1109	0.360417	1018.41	1.13021	26.0766	6.0456	11.1053	17.1509	17.365	963.54	45.2637	6.2642	6.0592	5.7592				1.70235	0.0	0.437075	0.83312	0.0
2016/11/09 01:45:00		1.81373	322.865	17.026	0.360417	1018.4	1.15208	26.1233	5.6369	9.7154	15.3524	17.4126	989.38	44.8959	6.1975	5.9283	5.5242				1.9689	0.0	0.42752	0.81233	0.0
2016/11/09 01:50:00		0.406353	331.654	16.9943	0.365625	1018.39	1.15208	26.1533	5.6012	10.3795	15.9807	17.4651	997.92	44.703	6.0058	5.8375	5.5183				1.98794	0.0	0.426837	0.81084	0.0
2016/11/09 01:55:00		1.1311	315.014	16.9094	0.3625	1018.36	1.15208	26.1609	5.3354	10.6911	16.0265	17.3888	976.67	42.5814	6.4342	5.9658	5.3367				1.98794	0.0	0.426837	0.81084	0.0
2016/11/09 02:00:00		1.43705	319.637	16.8708	0.364583	1018.34	1.1375	26.1939	6.5615	12.6492	19.2107	17.3793	991.46	39.8634	6.3383	5.9733	5.525				2.10753	0.0	0.379601	0.76222	0.0
2016/11/09 02:05:00		0.51294	335.813	16.8146	0.360417	1018.35	1.05729	26.2097	5.0741	11.3415	16.4156	17.3078	961.04	43.0957	6.7575	6.4025	5.8883				2.11382	0.0	0.377115	0.75966	0.0
2016/11/09 02:10:00		1.24775	327.92	16.7208	0.363542	1018.2	1.13021	26.1928	5.0831	11.2593	16.3424	17.4841	925.83	44.2315	6.6342	6.5258	6.1625				2.11382	0.0	0.377115	0.75966	0.0
2016/11/09 02:15:00		0.57517	347.65	16.6812	0.363021	1018.11	1.13021	26.1982	4.90663	11.6804	16.587	17.3364	935.21	43.6743	7.1725	6.8608	6.3883				1.61129	0.0	0.379636	0.67142	0.0
2016/11/09 02:20:00		0.81266	333.485	16.6089	0.361458	1018.08	1.10833	26.2052	3.91057	10.674	14.5845	17.2553	932.92	44.8101	8.4458	8.195	7.845				1.58484	0.0	0.379769	0.66678	0.0
2016/11/09 02:25:00		0.53249	348.103	16.5307	0.360938	1018.1	1.13021	26.1864	5.6749	10.7048	16.3797	17.3459	972.29	44.8959	10.2175	9.8742	9.5333				1.58484	0.0	0.379769	0.66678	0.0
2016/11/09 02:30:00		1.05416	13.6894	16.5026	0.363542	1018.15	1.09375	26.177	5.0875	9.9482	15.0357	17.3268	984.79	46.3745	9.2442	9.1692	8.8833				1.66555	0.0	0.390387	0.73666	0.0
2016/11/09 02:35:00		0.255347	4.62898	16.5031	0.355729	1018.18	1.05729	26.1743	5.5387	9.9996	15.5382	17.2172	991.46	45.8388	7.0983	7.0317	6.8425				1.67132	0.0	0.391145	0.74165	0.0
2016/11/09 02:40:00		0.99744	16.81	16.4057	0.361979	1018.09	1.10833	26.149	4.80613	10.3487	15.1549	17.3077	992.5	45.8816	7.1808	6.9275	6.49				1.67132	0.0	0.391145	0.74165	0.0
2016/11/09 02:45:00		0.027602	104.637	16.4052	0.359896	1018.07	1.00625	26.1362	5.6057	10.7561	16.3618	17.3364	999.79	44.8958	7.2467	7.0167	6.5558				2.00987	0.0	0.388713	0.65071	0.0
2016/11/09 02:50:00		0.8637	350.64	16.4031	0.358333	1018.03	1.06458	26.1364	4.9647	10.4241	15.3887	17.3983	1010.42	46.5459	7.7258	7.495	7.0692				2.02769	0.0	0.388585	0.64593	0.0
2016/11/09 02:55:00		0.360237	354.763	16.4047	0.360417	1017.99	1.10833	26.0978	4.83293	10.7527	15.5856	17.2839	1017.71	45.5173	8.4842	8.3033	7.8692				2.02769	0.0	0.388585	0.64593	0.0
2016/11/09 03:00:00		0.59343	320.969	16.3141	0.360938	1017.97	1.11563	26.0838	4.21653	11.3004	15.517	17.4365	1026.88	45.4102	8.4158	8.1992	7.765				1.89585	0.0	0.450051	0.73101	0.0
2016/11/09 03:05:00		1.15945	319.414	16.3031	0.360938	1017.98	1.12292	26.0709	3.97757	12.5671	16.5446	17.4508	1043.33	45.1101	8.8408	8.645	8.3267				1.88891	0.0	0.453286	0.73549	0.0
2016/11/09 03:10:00		1.0833	313.983	16.3068	0.358333	1018.03	1.10104	26.0443	4.71903	12.0878	16.8068	17.222	1067.92	43.4386	8.8533	8.6408	8.2475				1.88891	0.0	0.453286	0.73549	0.0
2016/11/09 03:15:00		0.5588	1.77174	16.3047	0.358854	1018.0	1.10104	26.0312	4.80837	12.1631	16.9715	17.2363	1058.75	43.46	9.1833	8.9083	8.425				1.73619	0.0	0.348186	0.68282	0.0
2016/11/09 03:20:00		1.32036	16.8925	16.3036	0.358854	1018.0	1.18125	26.0269	4.8039	11.6222	16.4261	17.1838	1047.92	45.0459	7.6817	7.5283	7.1858				1.72816	0.0	0.342655	0.68005	0.0
2016/11/09 03:25:00		1.35971	0.199852	16.2458	0.363542	1017.88	1.09375	25.9885	5.1702	11.2662	16.4364	17.384	1035.83	44.553	7.2175	7.0042	6.6908				1.72816	0.0	0.342655	0.68005	0.0
2016/11/09 03:30:00		1.3704	9.5682	16.2073	0.361458	1017.82	1.10104	25.9681	4.91557	9.8078	14.7234	17.4889	1035.0	45.4102	7.4908	7.1975	6.78				2.10282	0.0	0.333108	0.65709	0.0
2016/11/09 03:35:00		0.97047	342.952	16.2052	0.359896	1017.84	1.04271	25.9646	4.53367	12.3343	16.8679	17.508	1046.67	43.3958	7.3458	7.205	6.8667				2.12254	0.0	0.332606	0.65588	0.0
2016/11/09 03:40:00		1.05297	13.1663	16.2021	0.358854	1017.95	1.05729	25.9391	5.1657	11.1498	16.3155	17.3793	1055.21	43.5029	7.2942	7.0875	6.7075				2.12254	0.0	0.332606	0.65588	0.0
2016/11/09 03:45:00		1.43765	336.864	16.2052	0.359375	1018.03	1.10104	25.9319	5.3756	10.8383	16.2139	17.3745	1052.29	41.6706	7.8833	7.5333	7.0342				1.7449	0.0	0.380923	0.69369	0.0
2016/11/09 03:50:00		1.05337	7.4205	16.2073	0.358854	1018.06	1.08646	25.9348	5.025	9.9687	14.9937	17.4174	1051.67	44.1886	8.3275	7.9917	7.5083				1.72502	0.0	0.383466	0.69569	0.0
2016/11/09 03:55:00		1.30878	345.903	16.237	0.358854	1018.1	1.07187	25.9082	4.4689	11.3004	15.7693	17.3507	1057.5	42.2171	8.8408	8.4792	7.9608				1.72502	0.0	0.383466	0.69569	0.0
2016/11/09 04:00:00		1.65817	353.711	16.2995	0.361979	1018.08	1.10104	25.9163	4.06913	12.3925	16.4616	17.5604	1043.54	42.56	8.8242	8.4542	8.0108				1.72833	0.0	0.367075	0.76502	0.0
2016/11/09 04:05:00		1.40891	22.9613	16.3021	0.357292	1018.14	1.04271	25.9013	4.70563	11.5229	16.2286	17.6033	1061.88	42.9243	8.5267	8.195	7.7917				1.72851	0.0	0.366213	0.76867	0.0
2016/11/09 04:10:00		1.48194	342.557	16.301	0.359375	1018.19	1.08646	25.8911	5.1501	11.0916	16.2417	17.527	1059.38	42.5386	8.3967	8.145	7.68				1.72851	0.0	0.366213	0.76867	0.0
2016/11/09 04:15:00		1.38587	13.69	16.3026	0.356771	1018.15	1.05729	25.8865	5.0161	11.4716	16.4877	17.4984	1054.17	43.7815	8.1017	7.9067	7.485				1.86962	0.0	0.378371	0.74841	0.0
2016/11/09 04:20:00		1.0051	354.457	16.3062	0.363542	1018.17	1.07187	25.8784	5.0965	11.1532	16.2497	17.6891	1063.13	42.0671	8.8583	8.5167	8.105				1.87705	0.0	0.379011	0.74734	0.0
2016/11/09 04:25:00		1.41296	336.715	16.3026	0.363021	1018.25	1.07187	25.8529	4.63417	11.8276	16.4618	17.5652	1066.67	42.8957	9.57	9.16	8.6883				1.87705	0.0	0.379011	0.74734	0.0
2016/11/09 04:30:00		1.01999	324.8	16.3031	0.360417	1018.32	1.09375	25.8508	7.1601	11.6975	18.8576	17.5366	1082.5	39.8134	10.0625	9.8058	9.3892				2.12119	0.0	0.436154	0.90716	0.0
2016/11/09 04:35:00		1.67988	5.0359	16.3052	0.361979	1018.36	1.18125	25.8543	5.3444	11.7215	17.0659	17.589	1085.42	42.6671	10.5633	10.145	9.6717				2.13404	0.0	0.439161	0.91557	0.0
2016/11/09 04:40:00		1.07107	358.905	16.301	0.359375	1018.41	1.08646	25.8272	5.9608	12.1391	18.0999	17.5938	1096.25	41.4885	10.2308	10.055	9.6625				2.13404	0.0	0.439161	0.91557	0.0
2016/11/09 04:45:00		1.44101	352.923	16.3026	0.358854	1018.37	1.07187	25.832	5.1233	11.8995	17.0228	17.3459	1091.04	42.1957	10.0167	9.4842	9.0108				1.88493	0.0	0.430605	0.84309	0.0
2016/11/09 04:50:00		1.66063	10.2554	16.2146	0.359896	1018.36	1.08646	25.8266	6.3873	13.2312	19.6185	17.5699	1150.0	40.7813	9.7383	9.3525	8.93				1.87182	0.0	0.430155	0.83928	0.0
2016/11/09 04:55:00		1.56386	13.6392	16.2042	0.359896	1018.32	1.14479	25.8043	6.5012	12.259	18.7602	17.4841	1127.08	43.8458	8.3275	8.1667	7.7133				1.87182	0.0	0.430155	0.83928	0.0
2016/11/09 05:00:00		2.05067	4.45354	16.1203	0.360938	1018.25	1.13021	25.8086	7.9931	10.4035	18.3966	17.5699	1133.75	42.3421	8.93	8.4083	7.8092				2.42669	0.0	0.46726	0.95633	0.0
2016/11/09 05:05:00		1.06911	30.2261	16.1026	0.356771	1018.3	1.09375	25.8041	7.0082	11.362	18.3702	17.6033	1169.58	42.1707	9.2667	8.9567	8.4742				2.45589	0.0	0.469213	0.96249	0.0
2016/11/09 05:10:00		1.12851	18.8198	16.1042	0.359896	1018.35	1.08646	25.7845	7.7072	12.0809	19.7882	17.4126	1187.92	41.8956	10.63	10.4333	9.9375				2.45589	0.0	0.469213	0.96249	0.0
2016/11/09 05:15:00		0.81068	351.173	16.1833	0.361979	1018.39	1.08646	25.7861	8.0757	13.3544	21.4302	17.4937	1217.29	39.9027	12.0983	11.6192	11.0442				2.21208	0.0	0.69171	1.13987	0.0
2016/11/09 05:20:00		1.10666	5.4411	16.1526	0.359375	1018.46	1.03542	25.7874	7.8256	13.2106	21.0363	17.3936	1215.21	40.6527	10.6708	10.3983	9.9175				2.19925	0.0	0.70342	1.14921	0.0
2016/11/09 05:25:00		0.81682	39.8226	16.1021	0.360417	1018.55	1.09375	25.778	8.241	12.0056	20.2466	17.3268	1239.38	40.717	9.6042	9.4133	8.9633				2.19925	0.0	0.70342	1.14921	0.0
2016/11/09 05:30:00		0.91618	21.9034	16.1063	0.358854	1018.55	1.06458	25.7633	10.4006	13.5461	23.9468	17.6462	1276.88	37.3311	9.9458	9.4883	8.8733				2.19925	0.0	0.70342	1.14921	0.0
2016/11/09 05:35:00		0.61316	342.432	16.1047	0.365104	1018.58	1.13021	25.6677	13.4826	13.9912	27.4738	17.5747	1317.29	36.2417	10.005	9.5475	8.9				2.19925	0.0	0.70342	1.14921	0.0
2016/11/09 05:40:00		1.27508	352.514	16.1063	0.358333	1018.64	1.09375	25.5611	14.7757	13.1969	27.9727	17.4603	1359.17	35.0416	10.7025	9.9383	9.2067				2.19925	0.0	0.70342	1.14921	0.0
2016/11/09 05:45:00		0.96042	19.5708	16.1047	0.3625	1018.64	1.10104	25.5399	12.9243	13.5632	26.4875	17.3316	1373.54	38.2347	9.5167	9.2242	8.64				3.25234	0.0	0.81599	1.53548	0.0
2016/11/09 05:50:00		1.64612	32.2597	16.0469	0.360938	1018.62	1.13021	25.4806	10.4855	12.7964	23.2819	17.3888	1405.63	41.8992	8.82	8.4667	7.9542				3.30777	0.0	0.82192	1.55581	0.0
2016/11/09 05:55:00		0.114603	29.6709	16.0036	0.359896	1018.6	1.07917	25.4038	10.2823	11.4374	21.7196	17.3364	1396.04	43.2636	8.1258	7.8558	7.3958				3.30777	0.0	0.82192	1.55581	0.0
2016/11/09 06:00:00		0.481385	6.9123	16.0	0.363542	1018.61	1.06458	25.4006	12.2387	12.1973	24.436	17.2601	1450.83	38.6704	8.835	8.1675	7.475				2.73269	0.0	0.98628	1.89212	0.0
2016/11/09 06:05:00		0.98466	358.495	16.0031	0.361979	1018.66	1.11563	25.3726	11.2538	12.9779	24.2316	17.1886	1452.92	38.1668	7.86	7.4	6.8692				2.70242	0.0	0.99493	1.90982	0.0
2016/11/09 06:10:00		1.2317	34.5394	16.0031	0.3625	1018.75	1.07187	25.3224	12.2722	13.7515	26.0237	17.1981	1441.04	40.7777	6.285	6.0883	5.68				2.70242	0.0	0.99493	1.90982	0.0
2016/11/09 06:15:00		0.328455	319.135	15.999	0.358333	1018.85	1.14479	25.3286	17.3597	13.9877	31.3474	17.4317	1482.5	35.4595	6.1133	5.6983	5.245				2.31352	0.0	1.12146	2.04443	0.0
2016/11/09 06:20:00		0.66506	358.135	16.0026	0.356771	1018.99	1.09375	25.2918	14.6462	13.8987	28.5449	17.2601	1477.5	36.6846	5.7258	5.2617	4.81583				2.29305	0.0	1.12812	2.05151	0.0
2016/11/09 06:25:00		0.92474	320.368	16.0016	0.361458	1019.12	1.10833	25.2387	17.114	13.0908	30.2049	17.16	1625.42	36.0167	6.0467	5.2608	4.6975				2.29305	0.0	1.12812	2.05151	0.0
2016/11/09 06:30:00		0.488031	348.154	16.0052	0.358854	1019.18	1.1375	25.2636	20.5534	12.7314	33.2847	17.1505	1667.08	34.3237	5.77	5.2308	4.74333				2.31326	0.0	1.23124	2.19468	0.0
2016/11/09 06:35:00		1.06083	321.21	16.0021	0.367188	1019.28	1.25417	25.2475	18.463	13.0497	31.5127	17.2696	1637.92	35.7917	5.3325	4.77667	4.19083				2.31432	0.0	1.23667	2.20221	0.0
2016/11/09 06:40:00		1.26602	340.831	16.0234	0.359375	1019.35	1.38542	25.2099	18.76	12.2624	31.0224	17.4555	1690.21	35.7488	5.1525	4.54917	4.04917				2.31432	0.0	1.23667	2.20221	0.0
2016/11/09 06:45:00		0.63217	350.107	16.1068	0.361979	1019.41	2.85104	25.2164	22.8939	14.1247	37.0186	17.4031	1766.46	32.1021	5.1383	4.67917	4.2625				3.03184	0.0	1.68606	3.4934	0.0
2016/11/09 06:50:00		0.82981	352.35	16.1042	0.358854	1019.5	4.12708	25.2231	22.7554	11.7763	34.5317	17.3602	1773.75	34.5916	6.4475	5.9158	5.3767				3.06961	0.0	1.70972	3.56136	0.0
2016/11/09 06:55:00		0.7601	349.052	16.1693	0.364062	1019.5	6.3948	25.1901	30.2416	13.1867	43.4282	17.4126	1879.38	30.8913	7.2975	6.3842	5.6692				3.06961	0.0	1.70972	3.56136	0.0
2016/11/09 07:00:00		1.02909	329.884	16.2198	0.364583	1019.58	9.6469	25.2255	27.4097	14.2411	41.6508	17.3364	1998.75	31.3485	7.7458	7.0308	6.3458				3.11002	0.0	1.72908	3.90441	0.0
2016/11/09 07:05:00		1.42116	348.799	16.3036	0.364583	1019.71	10.6604	25.2134	31.7736	12.8307	44.6043	17.4794	2135.0	30.8485	9.4525	8.495	7.7283				3.11215	0.0	1.7301	3.92247	0.0
2016/11/09 07:10:00		1.41653	342.629	16.3005	0.3625	1019.82	8.7937	25.1662	30.6503	12.146	42.7963	17.2887	2204.58	32.495	11.0975	10.5533	9.8242				3.11215	0.0	1.7301	3.92247	0.0
2016/11/09 07:15:00		1.52273	330.716	16.3042	0.361979	1019.89	12.2719	25.178	27.1841	12.0809	39.2651	17.5747	2301.04	35.0916	10.8092	9.9475	9.3858				4.684	0.155278	1.4311	4.2232	0.0
2016/11/09 07:20:00		1.07873	349.984	16.275	0.363021	1019.96	16.2313	25.1651	28.3209	12.9231	41.244	17.3602	2401.04	33.2415	12.035	11.0267	10.1717				4.76673	0.163451	1.41536	4.23903	0.0
2016/11/09 07:25:00		0.95683	335.289	16.2057	0.363021	1020.05	21.1313	25.1356	26.4002	13.3305	39.7307	17.4365	2514.58	33.6487	12.835	11.685	10.8767				4.76673	0.163451	1.41536	4.23903	0.0
2016/11/09 07:30:00		0.73702	15.8684	16.2047	0.3625	1020.2	20.2052	25.1485	37.5356	11.1909	48.7265	17.2935	2742.5	30.3877	12.3967	11.1467	10.2733				4.89261	0.008173	1.51623	4.87157	0.0
2016/11/09 07:35:00		1.16469	350.39	16.2031	0.361979	1020.3	23.8	25.1326	43.9833	10.6876	54.671	17.4365	3089.38	30.3056	11.13	9.7867	8.88				4.89923	0.0	1.52154	4.90486	0.0
2016/11/09 07:40:00		1.58686	343.778	16.2026	0.361458	1020.3	36.0573	25.0771	36.0706	10.9992	47.0697	17.3793	3154.38	32.72	9.7783	8.805	8.0633				4.89923	0.0	1.52154	4.90486	0.0
2016/11/09 07:45:00		1.47475	354.691	16.1995	0.3625	1020.52	27.3146	25.109	31.9277	11.5606	43.4883	17.5461	3264.38	33.8987	9.7975	8.7892	8.0808				6.2243	0.211739	1.87818	6.1519	0.0
2016/11/09 07:50:00		1.93458	340.342	16.1	0.3625	1020.71	15.3927	25.101	36.6602	9.1163	45.7765	17.4746	3328.96	33.2308	9.8925	8.9258	8.1083				6.294	0.222883	1.89695	6.2176	0.0
2016/11/09 07:55:00		1.15672	343.775	16.1031	0.364062	1020.81	14.8896	25.0451	34.5653	10.2495	44.8148	17.5175	3449.17	32.4772	9.8117	8.6658	7.7542				6.294	0.222883	1.89695	6.2176	0.0
2016/11/09 08:00:00		1.1782	2.8023	16.1063	0.365104	1020.86	20.2635	25.0556	40.2782	11.1806	51.459	17.4746	3704.38	31.6985	9.4425	8.5817	7.76				5.8038	0.235113	1.96224	6.6813	0.0
2016/11/09 08:05:00		1.26253	335.068	16.1068	0.360938	1020.94	29.4292	25.0618	37.2207	11.2354	48.4561	17.4698	3770.21	31.8378	10.2925	9.1467	8.2808				5.778	0.235757	1.96568	6.7057	0.0
2016/11/09 08:10:00		1.10484	358.397	16.1026	0.364583	1021.0	39.2438	25.04	44.5483	8.9041	53.452	17.6796	3823.75	31.6307	10.4967	9.0242	8.1517				5.778	0.235757	1.96568	6.7057	0.0
2016/11/09 08:15:00		1.22557	350.431	16.187	0.363542	1021.14	46.5427	25.0763	34.2392	11.0094	45.2487	17.5127	3700.21	33.8915	9.7867	8.3358	7.5733				5.9337	0.265961	2.13904	7.345	0.0
2016/11/09 08:20:00		1.12998	359.703	16.2109	0.364062	1021.33	55.592	25.0113	42.2949	12.8923	55.187	17.5175	3814.58	31.3271	9.7833	8.6317	7.8775				5.9418	0.267551	2.14817	7.3786	0.0
2016/11/09 08:25:00		0.77311	325.192	16.2214	0.3625	1021.32	63.394	24.9476	28.3678	19.3521	47.7199	17.3745	3538.54	36.856	10.1925	8.9142	7.9058				5.9418	0.267551	2.14817	7.3786	0.0
2016/11/09 08:30:00		0.394599	19.2998	16.3036	0.358854	1021.21	82.111	25.0014	33.94	18.6709	52.611	17.4126	3893.13	32.3129	9.8925	8.4867	7.6333				6.6011	0.276186	2.48769	7.2841	0.0
2016/11/09 08:35:00		1.00835	21.0914	16.3031	0.364583	1021.22	82.76	25.0475	29.8775	18.6743	48.5518	17.4603	3788.13	35.6774	9.3358	8.0808	7.2383				6.6358	0.27664	2.50556	7.2791	0.0
2016/11/09 08:40:00		0.96427	11.5362	16.3047	0.363542	1021.32	63.117	25.0615	27.6956	15.4187	43.1143	17.4937	3639.79	36.306	8.915	7.8083	6.9542				6.6358	0.27664	2.50556	7.2791	0.0
2016/11/09 08:45:00		1.143	342.266	16.3031	0.360417	1021.41	50.662	25.1332	32.5687	16.343	48.9117	17.4603	3487.29	32.47	8.9717	7.8092	6.9125				5.5326	0.013832	2.28987	6.3157	0.0
2016/11/09 08:50:00		1.06423	6.1487	16.3104	0.363021	1021.4	70.277	25.1243	35.5122	14.9702	50.482	17.6367	3398.13	33.6058	9.8217	8.7675	8.125				5.4746	0.0	2.27852	6.265	0.0
2016/11/09 08:55:00		1.32674	324.256	16.3151	0.364062	1021.39	75.257	25.0918	28.7564	14.176	42.9324	17.6176	3284.79	35.2988	9.8917	8.6525	7.7875				5.4746	0.0	2.27852	6.265	0.0
2016/11/09 09:00:00		0.85756	351.97	16.3516	0.359375	1021.52	64.05	25.1305	30.2416	13.4777	43.7192	17.651	3153.75	35.4666	10.2992	9.0883	8.0492				4.67293	0.0	1.84848	4.84681	0.0
2016/11/09 09:05:00		0.436355	14.9726	16.3057	0.361458	1021.63	55.584	25.1463	29.6676	11.6701	41.3377	17.589	3003.75	34.8952	9.7925	8.0533	7.0042				4.63074	0.0	1.82585	4.77217	0.0
2016/11/09 09:10:00		0.88426	336.293	16.3052	0.366667	1021.68	56.612	25.1418	26.8112	12.1426	38.9537	17.7034	2879.58	36.6131	9.1975	8.265	7.4525				4.63074	0.0	1.82585	4.77217	0.0
2016/11/09 09:15:00		1.00984	329.604	16.3057	0.363542	1021.74	65.326	25.1538	28.3455	14.2479	42.5934	17.3936	2824.79	35.0702	8.7667	7.5958	6.8783				4.87256	0.0	1.99516	4.95676	0.0
2016/11/09 09:20:00		0.883	337.694	16.3083	0.3625	1021.75	53.951	25.1477	32.4146	14.3438	46.7584	17.4984	2757.5	32.87	8.3033	7.1633	6.3842				4.88529	0.0	2.00407	4.96647	0.0
2016/11/09 09:25:00		0.65127	337.879	16.3031	0.364583	1021.77	50.692	25.1283	24.4684	14.5663	39.0347	17.5318	2690.0	37.356	8.0508	7.1742	6.3725				4.88529	0.0	2.00407	4.96647	0.0
2016/11/09 09:30:00		0.77284	345.913	16.3068	0.369792	1021.75	53.638	25.1501	32.9149	14.1212	47.0361	17.6367	2799.38	32.1879	10.0508	8.5042	7.5675				4.73953	0.153676	2.06306	5.1195	0.0
2016/11/09 09:35:00		0.329801	70.891	16.3073	0.361979	1021.74	48.001	25.1603	29.0266	12.9539	41.9805	17.527	2786.88	36.331	9.6092	8.885	8.1275				4.73186	0.161764	2.06616	5.1276	0.0
2016/11/09 09:40:00		0.57028	4.6158	16.3458	0.358333	1021.78	59.536	25.1278	34.7127	13.529	48.2417	17.7987	2816.25	32.82	9.4367	8.46	7.72				4.73186	0.161764	2.06616	5.1276	0.0
2016/11/09 09:45:00		0.89569	5.11	16.3911	0.360938	1021.8	69.169	25.1528	35.7534	13.9022	49.6556	17.6939	2872.71	32.6272	9.0108	7.8925	7.1125				5.3745	0.179699	2.36787	5.8164	0.0
2016/11/09 09:50:00		1.27944	29.7319	16.3333	0.359375	1021.79	70.423	25.142	32.1019	12.3206	44.4225	17.8702	2815.83	35.856	8.0792	7.3592	6.5625				5.4083	0.180643	2.38374	5.8527	0.0
2016/11/09 09:55:00		0.60298	30.2136	16.301	0.358333	1021.76	79.268	25.1396	31.3493	12.8683	44.2176	18.4518	2728.96	36.7417	8.1133	7.5375	6.9383				5.4083	0.180643	2.38374	5.8527	0.0
2016/11/09 10:00:00		1.05489	29.9166	16.2276	0.361458	1021.74	64.611	25.1694	29.1651	13.7755	42.9406	17.4794	2681.67	35.6738	7.5342	6.8367	6.2525				5.521	0.222686	3.02362	6.9151	0.0
2016/11/09 10:05:00		0.72161	356.467	16.2016	0.365625	1021.7	83.577	25.1616	25.5382	12.2624	37.8006	17.5842	2555.83	39.6026	10.9817	9.0992	8.1842				5.5269	0.224899	3.0573	6.9711	0.0
2016/11/09 10:10:00		0.9156	33.2838	16.2094	0.360938	1021.7	98.547	25.1197	27.6688	12.882	40.5508	17.4984	2526.67	37.9097	8.0308	7.4183	6.6667				5.5269	0.224899	3.0573	6.9711	0.0
2016/11/09 10:15:00		0.88124	349.195	16.2042	0.363542	1021.68	89.294	25.1391	27.2712	13.0874	40.3586	17.5509	2473.75	37.0667	6.945	6.5275	5.8283				3.89707	0.011245	2.14634	5.0532	0.0
2016/11/09 10:20:00		0.92395	348.09	16.1656	0.363542	1021.6	68.432	25.1168	35.5279	12.1563	47.6841	17.3554	2520.83	33.4844	7.5408	6.7467	6.15				3.81129	0.0	2.0984	4.95226	0.0
2016/11/09 10:25:00		1.10985	359.678	16.1656	0.366667	1021.54	76.584	25.0857	32.2873	13.0121	45.2994	17.4508	2573.54	35.7417	7.3017	6.7283	6.1475				3.81129	0.0	2.0984	4.95226	0.0
2016/11/09 10:30:00		0.88031	331.595	16.1349	0.3625	1021.55	59.361	25.087	34.9963	11.7694	46.7658	17.4746	2630.21	35.6381	10.1833	8.7483	7.8733				3.81792	0.0	2.44423	5.0108	0.0
2016/11/09 10:35:00		1.18202	328.703	16.2073	0.367708	1021.49	49.9771	25.0698	44.5572	11.6873	56.244	17.4984	2806.88	31.3414	9.5333	8.045	7.1858				3.81827	0.0	2.46243	5.0139	0.0
2016/11/09 10:40:00		1.04895	351.814	16.1729	0.364583	1021.41	56.744	25.0435	32.7094	13.1216	45.8311	17.4651	2686.88	35.1559	7.9167	7.2233	6.49				3.81827	0.0	2.46243	5.0139	0.0
2016/11/09 10:45:00		1.49771	13.398	16.1026	0.363021	1021.34	63.591	25.0572	31.4833	12.7485	44.2318	17.2315	2648.13	36.2167	6.2125	5.7408	5.2692				4.43111	0.169618	2.91858	6.2609	0.0
2016/11/09 10:50:00		2.30084	19.743	16.0297	0.360938	1021.21	58.246	25.0301	24.3456	11.0231	35.3687	17.0504	2460.42	41.1099	8.14	7.5567	6.975				4.46336	0.178545	2.94259	6.3266	0.0
2016/11/09 10:55:00		1.41258	350.386	16.0	0.359896	1021.09	77.066	24.9979	33.7725	12.9847	46.7572	17.2744	2521.88	34.3023	10.0533	9.1967	8.4617				4.46336	0.178545	2.94259	6.3266	0.0
2016/11/09 11:00:00		1.68869	355.745	15.9995	0.359896	1020.95	83.402	24.9987	27.3047	13.1079	40.4127	17.2315	2461.67	38.2097	9.0317	8.0017	7.1				4.34741	0.008927	3.13172	6.0204	0.0
2016/11/09 11:05:00		1.28805	352.171	15.9979	0.364062	1020.9	44.5667	24.9847	29.7279	13.3099	43.0378	17.2363	2438.96	36.5453	8.5942	7.7567	6.9217				4.34131	0.0	3.14167	6.0043	0.0
2016/11/09 11:10:00		1.51738	7.8003	16.0042	0.363021	1020.83	99.779	24.9627	29.1115	11.8721	40.9836	17.3125	2470.42	37.2953	6.8917	6.3775	5.88				4.34131	0.0	3.14167	6.0043	0.0
2016/11/09 11:15:00		1.55907	13.721	16.0036	0.359896	1020.72	112.656	24.9836	28.8234	12.6526	41.476	17.1123	2475.0	37.5239	7.2008	5.9508	5.2067				4.81502	0.182512	3.37042	6.9452	0.0
2016/11/09 11:20:00		1.14761	355.535	16.0318	0.364583	1020.66	99.349	24.9895	33.969	13.6557	47.6247	17.3173	2523.75	33.688	8.59	7.5017	6.6				4.83996	0.192118	3.38246	6.9948	0.0
2016/11/09 11:25:00		1.34561	345.96	16.1083	0.366667	1020.63	77.423	24.957	34.8065	14.1658	48.9722	17.1219	2546.25	35.5917	6.8425	6.2533	5.7125				4.83996	0.192118	3.38246	6.9948	0.0
2016/11/09 11:30:00		1.52096	24.6344	16.1042	0.365625	1020.59	83.46	24.9879	24.8525	12.3993	37.2518	17.1076	2463.96	40.6527	6.8175	6.1433	5.6058				4.05486	0.009606	2.76646	5.7297	0.0
2016/11/09 11:35:00		1.87396	8.1247	16.0792	0.363021	1020.54	80.675	25.0744	24.0083	11.3141	35.3224	17.2077	2356.04	42.8671	6.5542	5.7908	5.2308				4.01354	0.0	2.73403	5.6631	0.0
2016/11/09 11:40:00		1.38753	22.1029	16.1057	0.365104	1020.5	83.978	25.1345	29.2321	12.9573	42.1894	17.3411	2334.38	37.7847	6.8692	5.9742	5.2642				4.01354	0.0	2.73403	5.6631	0.0
2016/11/09 11:45:00		1.58083	18.0154	16.1042	0.360938	1020.45	56.751	25.1761	23.7135	12.4335	36.1471	17.3554	2280.83	41.3099	6.3225	5.8292	5.2117				3.99366	0.0	3.0524	6.0683	0.0
2016/11/09 11:50:00		1.05277	354.705	16.1688	0.361979	1020.42	40.9281	25.2134	27.8564	14.2137	42.07	17.2887	2300.83	35.5524	7.7483	6.9175	6.43				3.99261	0.0	3.06915	6.0896	0.0
2016/11/09 11:55:00		0.9631	15.4909	16.2052	0.364062	1020.38	75.046	25.2282	26.2975	14.3917	40.6892	17.2267	2269.58	37.7704	6.9775	6.6317	6.1292				3.99261	0.0	3.06915	6.0896	0.0
2016/11/09 12:00:00		1.22127	345.271	16.2089	0.364062	1020.22	81.244	25.2634	28.1757	14.9429	43.1186	17.2506	2317.29	36.8524	6.4842	5.84	5.1833				3.98267	0.146408	2.49006	5.3288	0.0
2016/11/09 12:05:00		1.14249	26.4624	16.2036	0.363021	1020.08	77.35	25.2881	26.7241	13.3168	40.0408	17.1838	2281.88	41.0527	5.7317	5.5108	5.1042				3.98215	0.154114	2.45959	5.2887	0.0
2016/11/09 12:10:00		0.90304	321.791	16.2411	0.365104	1020.01	94.959	25.2932	30.2081	13.4229	43.631	17.2839	2284.38	36.581	6.7542	6.1133	5.5892				3.98215	0.154114	2.45959	5.2887	0.0
2016/11/09 12:15:00		0.74836	10.5567	16.3427	0.363021	1019.96	82.709	25.327	24.0485	13.8782	37.9267	17.2792	2287.08	40.2455	6.4067	5.5458	4.99583				4.19747	0.007706	2.30063	5.2707	0.0
2016/11/09 12:20:00		0.88279	30.7202	16.4057	0.361979	1019.91	88.317	25.3423	27.0144	15.1688	42.1832	17.4603	2188.54	39.2633	5.6342	5.2183	4.80417				4.20881	0.0	2.29227	5.2698	0.0
2016/11/09 12:25:00		0.91075	337.923	16.4969	0.363021	1019.84	76.037	25.3546	26.4337	15.8432	42.2769	17.303	2216.04	39.1312	5.5833	5.0142	4.565				4.20881	0.0	2.29227	5.2698	0.0
2016/11/09 12:30:00		0.81763	9.7535	16.5615	0.361979	1019.75	91.459	25.3901	25.422	14.2103	39.6323	17.2792	2156.46	38.6919	6.0225	5.3867	4.70667				3.98023	0.155434	2.02479	4.94112	0.0
2016/11/09 12:35:00		0.470329	5.8886	16.6073	0.361979	1019.63	117.323	25.4274	24.1669	14.4225	38.5894	17.2077	2070.83	40.8992	7.6692	6.0383	5.1533				3.9682	0.163615	2.01071	4.92383	0.0
2016/11/09 12:40:00		0.68311	353.282	16.6573	0.358333	1019.58	109.368	25.4266	25.8419	14.8059	40.6478	17.222	2062.08	39.4205	9.2808	6.9508	5.5642				3.9682	0.163615	2.01071	4.92383	0.0
2016/11/09 12:45:00		0.91534	5.3392	16.7104	0.364583	1019.49	98.394	25.457	22.1815	12.615	34.7965	17.4174	1977.29	43.085	9.78	7.2017	5.4567				3.9682	0.163615	2.01071	4.92383	0.0
2016/11/09 12:50:00		0.17449	51.818	16.7094	0.360938	1019.44	84.219	25.4806	25.4488	14.7511	40.2	17.4079	1916.46	38.7454	10.885	7.8067	5.9292				3.9682	0.163615	2.01071	4.92383	0.0
2016/11/09 12:55:00		1.06643	0.93139	16.712	0.360938	1019.41	68.717	25.4817	20.5243	14.4054	34.9297	17.5032	1893.75	43.5136	9.3433	7.3883	5.8992				3.9682	0.163615	2.01071	4.92383	0.0
2016/11/09 13:00:00		0.55624	43.2696	16.6427	0.359375	1019.38	92.56	25.5042	20.8884	12.9744	33.8628	17.1695	1808.13	43.46	9.0492	7.0867	5.7558				4.54461	0.008181	1.58698	4.6708	0.0
2016/11/09 13:05:00		0.8011	337.917	16.5995	0.360938	1019.35	91.445	25.531	19.2022	11.9337	31.1359	17.3554	1728.54	45.1923	7.6625	6.1442	5.2725				4.57495	0.0	1.56467	4.65749	0.0
2016/11/09 13:10:00		1.11368	348.034	16.5052	0.358854	1019.3	88.893	25.5198	19.9615	12.8512	32.8127	17.2363	1696.04	42.7493	8.7417	6.4867	4.87667				4.57495	0.0	1.56467	4.65749	0.0
2016/11/09 13:15:00		1.02691	356.911	16.5068	0.361979	1019.28	85.728	25.5359	18.8315	12.1528	30.9843	17.1505	1641.88	44.0958	10.2567	7.6058	6.1067				3.37146	0.0	1.20984	3.38971	0.0
2016/11/09 13:20:00		0.58401	41.435	16.5583	0.360938	1019.23	80.485	25.5431	23.7091	15.8192	39.5283	17.2696	1621.25	38.0811	11.3242	8.3392	6.5775				3.30812	0.0	1.19116	3.32299	0.0
2016/11/09 13:25:00		0.81714	40.6642	16.5474	0.35625	1019.2	80.879	25.5077	17.3887	13.8131	31.2019	17.1123	1604.58	46.2352	10.68	8.1267	6.0275				3.30812	0.0	1.19116	3.32299	0.0
2016/11/09 13:30:00		0.66952	327.294	16.5792	0.360417	1019.14	84.955	25.5096	21.076	15.4837	36.5597	17.5747	1575.83	40.217	10.9033	8.3558	6.5167				3.15176	0.0	1.08039	3.07402	0.0
2016/11/09 13:35:00		0.54659	317.347	16.6328	0.363542	1019.08	84.897	25.5171	21.8442	16.7572	38.6015	17.4317	1763.96	38.9312	10.3383	7.595	5.4917				3.14353	0.0	1.07456	3.06092	0.0
2016/11/09 13:40:00		0.98535	23.288	16.7099	0.363542	1019.03	84.007	25.4886	21.7638	16.8565	38.6203	17.241	1868.75	40.2634	10.8042	7.5408	4.75				3.14353	0.0	1.07456	3.06092	0.0
2016/11/09 13:45:00		0.85197	30.0949	16.7135	0.360417	1019.01	76.832	25.5077	20.4082	15.2544	35.6626	17.4746	1924.17	40.7099	12.775	8.7683	4.68667				3.16043	0.0	1.13085	3.04832	0.0
2016/11/09 13:50:00		1.13613	358.097	16.8083	0.359896	1018.97	80.668	25.5101	24.5265	16.8839	41.4103	17.2982	2080.83	38.2133	9.74	7.1683	5.1517				3.16132	0.0	1.13381	3.04765	0.0
2016/11/09 13:55:00		1.97377	34.9849	16.8099	0.364062	1018.92	81.295	25.476	22.5075	13.6317	36.1392	17.4555	2135.0	42.035	10.3533	7.3317	5.13				3.16132	0.0	1.13381	3.04765	0.0
2016/11/09 14:00:00		2.6611	2.64291	16.8068	0.364583	1018.85	86.939	25.5007	21.0268	14.7785	35.8054	17.4126	2086.04	43.7172	9.3233	6.655	4.82833				4.279	0.0	1.68768	4.83002	0.0
2016/11/09 14:05:00		1.66355	9.2701	16.8057	0.361979	1018.82	89.534	25.52	20.6472	14.3232	34.9704	17.4651	2071.67	42.5064	10.7658	7.6383	5.07				4.33783	0.0	1.71683	4.92383	0.0
2016/11/09 14:10:00		1.98464	3.24	16.8052	0.359896	1018.81	86.523	25.4986	20.5645	14.2274	34.7919	17.4412	2095.21	42.31	10.2567	7.8258	6.43				4.33783	0.0	1.71683	4.92383	0.0
2016/11/09 14:15:00		1.506	11.8766	16.8151	0.359375	1018.83	70.343	25.5206	19.0548	13.9809	33.0357	17.5699	2140.42	43.3672	15.4558	12.2058	10.2542				3.69849	0.172314	1.99286	4.6591	0.0
2016/11/09 14:20:00		1.55859	354.4	16.826	0.359896	1018.86	62.468	25.5345	22.5924	16.9284	39.5208	17.5747	2135.42	37.9168	12.485	9.5508	7.7183				3.66484	0.181383	2.00739	4.64517	0.0
2016/11/09 14:25:00		1.7497	21.4747	16.9104	0.357292	1018.85	63.839	25.5249	30.4247	15.696	46.1207	17.6128	2252.5	37.2311	13.6667	10.4658	8.6358				3.66484	0.181383	2.00739	4.64517	0.0
2016/11/09 14:30:00		1.36525	10.954	16.9094	0.361979	1018.88	57.014	25.563	20.4015	13.998	34.3995	17.3983	2173.96	43.7601	11.6442	8.9367	7.12				3.79403	0.009069	1.89662	4.72935	0.0
2016/11/09 14:35:00		2.18667	10.912	16.9094	0.358333	1018.9	43.6406	25.5638	22.6572	15.0216	37.6787	17.6224	2143.13	40.2919	12.5	9.3558	7.3008				3.80083	0.0	1.89079	4.73378	0.0
2016/11/09 14:40:00		1.4499	7.3112	16.9167	0.361979	1018.9	41.7229	25.5506	27.3204	15.4666	42.787	17.5556	2130.0	37.4846	11.5467	8.6192	6.9325				3.80083	0.0	1.89079	4.73378	0.0
2016/11/09 14:45:00		1.54806	12.5885	16.9516	0.359375	1018.89	45.4344	25.5882	25.1831	14.6347	39.8178	17.6653	2183.75	40.1027	12.5192	9.3033	6.98				4.54287	0.188061	3.47584	6.5756	0.0
2016/11/09 14:50:00		1.92721	351.834	17.0073	0.358854	1018.86	45.3906	25.6097	24.9843	13.5119	38.4962	17.5938	2145.42	41.4528	9.5208	7.2792	5.49				4.58192	0.197959	3.55927	6.6725	0.0
2016/11/09 14:55:00		1.51214	16.2442	17.0146	0.360417	1018.83	38.5365	25.5912	20.464	12.3343	32.7983	17.6128	2064.79	44.5351	9.545	7.025	5.1258				4.58192	0.197959	3.55927	6.6725	0.0
2016/11/09 15:00:00		1.07312	40.318	17.0078	0.360938	1018.8	30.3552	25.6167	20.071	14.3643	34.4353	17.813	1981.25	42.8922	12.2417	8.6025	5.8642				4.36991	0.009898	3.64347	6.8481	0.0
2016/11/09 15:05:00		1.30637	25.2553	17.0146	0.364583	1018.73	29.8302	25.6532	28.2829	15.7063	43.9892	17.7225	1981.67	36.8453	12.7892	8.9008	5.7058				4.35875	0.0	3.6479	6.8573	0.0
2016/11/09 15:10:00		0.87804	355.618	17.0568	0.361979	1018.74	32.1854	25.6443	23.8944	16.0041	39.8985	17.6891	2110.63	37.3382	14.7575	10.0267	6.5167				4.35875	0.0	3.6479	6.8573	0.0
2016/11/09 15:15:00		1.55467	8.1403	17.1089	0.364583	1018.72	34.9125	25.6661	20.7097	14.4328	35.1425	17.6843	2275.83	42.2421	10.8058	7.5467	5.2592				4.09043	0.0	2.21775	4.78594	0.0
2016/11/09 15:20:00		1.21447	5.4199	17.1094	0.363542	1018.77	38.8719	25.6814	21.3596	15.1756	36.5352	17.6986	2272.5	40.2777	14.3575	9.8892	7.0042				4.07631	0.0	2.14248	4.67692	0.0
2016/11/09 15:25:00		0.96889	12.337	17.1135	0.358333	1018.78	43.349	25.6918	23.1351	15.7542	38.8893	17.7034	2300.83	40.7563	12.4217	8.4675	5.2408				4.07631	0.0	2.14248	4.67692	0.0
2016/11/09 15:30:00		1.33824	0.345765	17.1094	0.3625	1018.81	42.1677	25.731	21.4422	16.4731	37.9153	17.6605	2310.0	38.9776	13.89	9.7467	5.855				4.86803	0.219593	2.8436	6.6042	0.0
2016/11/09 15:35:00		1.6948	6.4027	17.2083	0.361979	1018.83	53.616	25.759	24.1669	17.3152	41.4821	17.6653	2274.38	37.7918	12.3758	8.7258	5.6933				4.9097	0.231151	2.8805	6.7057	0.0
2016/11/09 15:40:00		0.89807	17.5773	17.2141	0.356771	1018.82	44.9313	25.7697	24.4036	15.9972	40.4009	17.7606	2271.04	37.2989	16.7808	11.5417	7.1558				4.9097	0.231151	2.8805	6.7057	0.0
2016/11/09 15:45:00		0.95833	3.93274	17.2141	0.361458	1018.85	32.7906	25.7901	32.1712	17.1817	49.3529	17.8893	2375.83	33.5558	17.2292	11.7533	7.2375				4.72088	0.191374	3.94996	7.4395	0.0
2016/11/09 15:50:00		0.55939	35.526	17.3073	0.35625	1018.9	34.3365	25.817	29.4219	17.0585	46.4804	17.7797	2390.0	34.9095	13.8283	9.9167	6.7442				4.71094	0.18928	4.00624	7.4781	0.0
2016/11/09 15:55:00		0.89945	14.6517	17.288	0.361458	1018.97	24.2448	25.8148	26.2819	15.5248	41.8067	17.813	2332.29	39.274	12.7342	8.8025	6.3858				4.71094	0.18928	4.00624	7.4781	0.0
2016/11/09 16:00:00		0.90992	25.9578	17.2125	0.35625	1019.04	17.0406	25.8586	24.9597	14.3985	39.3583	17.7463	2273.13	39.2633	12.7533	8.8333	6.0592				5.4298	0.239763	4.36514	8.7387	0.0
2016/11/09 16:05:00		1.035	22.7182	17.2151	0.360938	1019.07	9.4427	25.879	26.8246	14.0733	40.8979	17.7701	2260.42	41.5956	11.7025	8.3925	5.7967				5.4676	0.24242	4.38403	8.8051	0.0
2016/11/09 16:10:00		0.384976	72.425	17.212	0.359375	1019.07	4.26563	25.8696	23.2535	15.3434	38.5969	17.8512	2241.46	39.4419	13.7417	9.6417	6.2583				5.4676	0.24242	4.38403	8.8051	0.0
2016/11/09 16:15:00		0.345182	26.1887	17.2151	0.356771	1019.05	4.27292	25.897	26.5141	16.6203	43.1344	17.7511	2345.42	35.5059	15.4692	10.7067	6.9992				4.58977	0.184513	3.6631	6.6261	0.0
2016/11/09 16:20:00		0.480403	56.918	17.2266	0.360938	1019.06	5.7021	25.9061	24.3456	16.4046	40.7502	17.875	2371.67	38.3347	16.0258	10.9108	7.2308				4.54356	0.181465	3.62515	6.5114	0.0
2016/11/09 16:25:00		0.2091	275.258	17.3109	0.359896	1019.05	5.8479	25.887	29.9914	17.9691	47.9605	18.2182	2517.29	32.5772	16.8992	11.6658	8.3033				4.54356	0.181465	3.62515	6.5114	0.0
2016/11/09 16:30:00		0.51371	29.5749	17.3094	0.358854	1019.04	4.87083	25.9007	32.2583	15.4427	47.7009	18.1038	2539.58	34.9559	17.0675	12.16	8.6783				4.96758	0.221985	4.88239	8.1276	0.0
2016/11/09 16:35:00		0.54503	355.585	17.3073	0.360417	1019.12	2.45729	25.8991	29.8239	15.4118	45.2358	17.9227	2554.17	35.8738	16.4967	11.8058	8.6475				4.9899	0.224117	4.94856	8.2127	0.0
2016/11/09 16:40:00		0.79556	352.961	17.3109	0.359375	1019.17	1.42188	25.8682	34.6323	16.0794	50.712	18.1086	2639.58	33.7951	17.4683	11.995	8.6358				4.9899	0.224117	4.94856	8.2127	0.0
2016/11/09 16:45:00		0.59694	36.8052	17.312	0.353125	1019.19	1.10833	25.883	37.7724	13.9295	51.702	18.0847	2743.75	33.8094	17.545	12.1283	8.2883				5.7021	0.227673	5.7096	9.3202	0.0
2016/11/09 16:50:00		0.61381	39.2048	17.3094	0.355208	1019.19	1.06458	25.8937	46.0156	11.8516	57.867	18.1181	2998.54	32.1736	18.2783	12.52	8.5783				5.7396	0.22786	5.7496	9.3785	0.0
2016/11/09 16:55:00		0.73909	23.268	17.2172	0.363021	1019.21	1.09375	25.8736	39.97	11.3141	51.284	17.9131	3106.25	35.3059	18.0483	12.4433	8.4483				5.7396	0.22786	5.7496	9.3785	0.0
2016/11/09 17:00:00		0.57663	11.0225	17.2151	0.360938	1019.22	1.10833	25.8887	42.0939	13.9364	56.03	18.1848	3441.46	32.4343	16.7083	11.605	8.14				6.0808	0.21985	5.1867	9.8242	0.0
2016/11/09 17:05:00		0.85846	18.708	17.212	0.35625	1019.21	0.99167	25.9039	48.5147	9.4142	57.929	17.9751	3485.83	31.9771	23.3883	15.8017	10.0367				6.0988	0.219429	5.1571	9.8477	0.0
2016/11/09 17:10:00		0.87459	43.518	17.2146	0.357292	1019.25	1.05729	25.9013	59.851	8.2639	68.115	18.161	3820.0	31.2235	21.6383	14.8825	9.9975				6.0988	0.219429	5.1571	9.8477	0.0
2016/11/09 17:15:00		1.24226	7.0521	17.2641	0.355208	1019.32	1.02083	25.9321	52.081	8.9246	61.006	18.304	4034.17	33.3272	20.8958	14.3492	9.8525				6.3042	0.241622	5.666	10.631	0.0
2016/11/09 17:20:00		1.47442	355.532	17.3089	0.361458	1019.3	1.07187	25.9453	45.4684	9.6538	55.122	18.1372	4186.04	34.3273	22.1242	15.1225	10.2667				6.315	0.24279	5.6927	10.6722	0.0
2016/11/09 17:25:00		0.89284	9.9597	17.3078	0.355729	1019.37	1.03542	25.9418	53.229	8.5515	61.781	18.3421	4322.92	32.4236	19.3367	13.3558	9.8317				6.315	0.24279	5.6927	10.6722	0.0
2016/11/09 17:30:00		1.49107	2.76663	17.3062	0.360417	1019.4	1.00625	25.9702	43.7577	10.3487	54.106	18.3517	4202.71	33.9201	19.6467	13.3258	9.3358				8.5444	0.3647	6.4537	13.1934	0.265441
2016/11/09 17:35:00		1.73251	17.7833	17.3104	0.355729	1019.39	1.05729	25.9112	46.7816	10.2255	57.007	18.2706	4235.63	33.6094	17.48	11.9233	8.6817				8.6617	0.371116	6.4938	13.3261	0.279411
2016/11/09 17:40:00		1.56057	2.71727	17.3089	0.355729	1019.42	1.07917	25.8312	44.8297	10.6158	55.445	18.2325	4144.38	32.1772	19.175	13.0533	8.9967				8.6617	0.371116	6.4938	13.3261	0.279411
2016/11/09 17:45:00		1.55724	352.565	17.3047	0.356771	1019.47	1.07187	25.8057	50.007	8.5857	58.592	18.3946	4207.71	32.2843	18.6833	12.9858	9.2433				7.8501	0.346695	6.1155	12.6463	0.300436
2016/11/09 17:50:00		1.19813	7.1365	17.3099	0.359896	1019.47	1.07917	25.7864	49.0261	8.483	57.509	18.1801	4201.46	31.87	18.545	12.8117	9.1567				7.8074	0.34541	6.0956	12.6105	0.301542
2016/11/09 17:55:00		1.23074	6.2577	17.3094	0.360938	1019.45	1.07917	25.7418	42.8085	9.3217	52.13	18.0323	3955.63	33.7523	18.2558	12.585	9.2717				7.8074	0.34541	6.0956	12.6105	0.301542
2016/11/09 18:00:00		1.21073	4.83499	17.3109	0.358854	1019.45	1.10104	25.7313	46.4064	10.8896	57.296	18.0514	3898.54	31.5128	20.4058	14.1217	10.3425				7.3834	0.31294	6.2172	12.3629	0.242656
2016/11/09 18:05:00		1.09969	349.918	17.3104	0.358333	1019.42	1.09375	25.7214	49.8123	9.308	59.12	18.1419	4010.63	32.4772	22.4708	15.5717	11.2042				7.3611	0.311231	6.2236	12.3498	0.239556
2016/11/09 18:10:00		0.93317	359.288	17.3073	0.357812	1019.45	0.99896	25.6943	45.6694	10.3042	55.974	18.1658	3957.71	31.8379	21.35	14.7167	11.0692				7.3611	0.311231	6.2236	12.3498	0.239556
2016/11/09 18:15:00		1.29518	351.736	17.301	0.358854	1019.49	1.05	25.7262	45.2205	9.9482	55.169	18.2563	3902.71	32.2807	19.2292	13.8142	10.9858				6.7482	0.281887	5.3635	11.2063	0.011978
2016/11/09 18:20:00		1.21418	11.8738	17.212	0.363542	1019.52	1.08646	25.7241	43.1703	10.4206	53.591	18.2611	3738.33	32.9486	20.9333	14.8817	11.4517				6.716	0.280342	5.3183	11.1461	0.0
2016/11/09 18:25:00		1.09003	1.69371	17.2109	0.358854	1019.59	1.06458	25.6913	52.349	6.5796	58.929	18.6043	3696.67	31.9486	23.2875	16.0633	12.1225				6.716	0.280342	5.3183	11.1461	0.0
2016/11/09 18:30:00		1.16103	357.366	17.2167	0.356771	1019.65	1.16667	25.7254	46.3461	9.0958	55.442	18.5471	3606.25	35.7631	19.12	13.5642	11.1617				5.8712	0.229273	3.98359	8.8501	0.233431
2016/11/09 18:35:00		1.36874	344.026	17.212	0.363021	1019.72	1.07917	25.7085	35.1326	9.9037	45.0363	18.3612	3394.58	37.1846	16.7717	12.36	9.8408				5.8268	0.226585	3.91335	8.7292	0.245717
2016/11/09 18:40:00		0.84774	2.08823	17.2172	0.358854	1019.78	1.10104	25.6701	42.1385	9.6333	51.772	18.3803	3410.21	34.3737	18.3692	13.0875	9.9783				5.8268	0.226585	3.91335	8.7292	0.245717
2016/11/09 18:45:00		0.64311	340.048	17.2135	0.360938	1019.83	1.10104	25.6935	32.7161	10.9786	43.6947	18.3374	3240.21	36.9667	15.7108	11.3158	9.0825				5.4856	0.19603	3.16044	7.4101	0.012286
2016/11/09 18:50:00		0.8944	352.317	17.2141	0.359896	1019.92	1.04271	25.6932	33.3816	11.2936	44.6752	18.4041	3083.33	35.4238	16.9517	12.2108	9.29				5.4676	0.194422	3.12082	7.3407	0.0
2016/11/09 18:55:00		0.66728	18.1718	17.2146	0.360417	1020.03	1.16667	25.6693	35.8718	11.8961	47.7679	18.4708	3102.92	34.4416	15.6775	11.7958	9.26				5.4676	0.194422	3.12082	7.3407	0.0
2016/11/09 19:00:00		0.57841	334.104	17.2391	0.363021	1020.17	1.11563	25.7012	34.4201	12.2761	46.6962	18.5948	3045.0	33.3665	15.7642	11.62	9.0675				4.55664	0.009721	2.14231	5.774	0.0
2016/11/09 19:05:00		0.64302	354.326	17.3115	0.360417	1020.25	1.18125	25.6994	38.3486	12.5226	50.871	18.733	3054.58	33.1915	16.6983	12.0208	9.1317				4.50869	0.0	2.09081	5.6915	0.0
2016/11/09 19:10:00		0.53486	31.3838	17.3104	0.365625	1020.35	1.15208	25.6655	34.6412	13.0326	47.6739	18.4375	2967.08	32.6129	16.1308	11.7042	8.97				4.50869	0.0	2.09081	5.6915	0.0
2016/11/09 19:15:00		0.77139	16.8742	17.3104	0.359375	1020.46	1.13021	25.6857	35.8718	12.7006	48.5723	18.3088	2848.54	32.7843	13.8517	10.4767	8.2808				4.59813	0.0	2.17637	5.8176	0.0
2016/11/09 19:20:00		0.69814	351.793	17.3703	0.358854	1020.52	1.18854	25.6886	43.3691	11.1806	54.55	18.6949	2870.0	31.0878	19.145	13.2892	9.6142				4.60284	0.0	2.18088	5.8242	0.0
2016/11/09 19:25:00		0.291675	15.942	17.4115	0.359896	1020.58	1.17396	25.6494	38.793	12.1905	50.983	18.6615	2788.13	32.1307	17.7525	12.9392	9.6608				4.60284	0.0	2.18088	5.8242	0.0
2016/11/09 19:30:00		0.041922	14.6061	17.4109	0.356771	1020.68	1.15208	25.6604	38.688	12.2316	50.92	18.3803	2683.96	31.9986	16.2625	11.7858	9.1508				4.66909	0.0	2.41953	6.3285	0.0
2016/11/09 19:35:00		0.95256	344.946	17.388	0.359896	1020.7	1.13021	25.6615	35.003	13.0669	48.0699	18.4565	2578.54	32.9308	15.3133	11.1683	9.0925				4.67258	0.0	2.43209	6.355	0.0
2016/11/09 19:40:00		0.392347	357.367	17.3109	0.361979	1020.78	1.1375	25.6196	29.8485	12.3103	42.1588	18.6138	2526.04	36.0024	14.5492	10.8208	8.4967				4.67258	0.0	2.43209	6.355	0.0
2016/11/09 19:45:00		0.5772	8.3104	17.3146	0.357812	1020.81	1.12292	25.639	31.7513	13.4742	45.2255	18.3469	2517.08	32.7807	16.5742	11.8925	9.1608				4.32475	0.0	2.32853	5.7967	0.0
2016/11/09 19:50:00		0.82568	359.717	17.4078	0.358333	1020.86	1.17396	25.6234	40.2737	11.03	51.304	18.6949	2584.17	30.6699	17.4733	12.2033	8.9867				4.30644	0.0	2.32307	5.7674	0.0
2016/11/09 19:55:00		0.55072	19.1756	17.4099	0.359896	1020.88	1.13021	25.6046	36.8053	10.9204	47.7258	18.7997	2616.25	33.8737	15.9833	11.3567	8.7192				4.30644	0.0	2.32307	5.7674	0.0
2016/11/09 20:00:00		0.64741	43.9656	17.4109	0.358333	1020.93	1.15937	25.6357	35.9366	11.0231	46.9597	19.0142	2555.83	33.9915	13.2933	9.9108	8.0				4.30644	0.0	2.32307	5.7674	0.0
2016/11/09 20:05:00		0.71131	24.3694	17.3906	0.359896	1021.03	1.07917	25.6513	31.0947	11.3038	42.3985	18.5709	2393.54	36.3488	13.79	10.4192	8.515				4.30644	0.0	2.32307	5.7674	0.0
2016/11/09 20:10:00		0.80571	12.9191	17.3099	0.358333	1021.08	1.18854	25.6097	30.9629	11.6085	42.5715	18.876	2281.67	34.3201	15.3267	11.0892	8.835				4.30644	0.0	2.32307	5.7674	0.0
2016/11/09 20:15:00		0.63392	48.6215	17.313	0.359896	1021.13	1.16667	25.6709	34.9159	11.5743	46.4902	18.9427	2191.67	34.5773	14.6817	10.9033	8.6467				4.61121	0.0	1.6904	4.532	0.0
2016/11/09 20:20:00		1.3338	321.304	17.3031	0.361979	1021.19	1.14479	25.68	37.348	10.0167	47.3647	19.0476	2201.88	32.395	21.6733	15.415	11.5917				4.62725	0.0	1.6571	4.46698	0.0
2016/11/09 20:25:00		0.71241	341.661	17.312	0.361979	1021.26	1.19583	25.6569	48.0881	10.4891	58.577	19.0095	2318.54	30.7127	15.8233	11.41	9.0167				4.62725	0.0	1.6571	4.46698	0.0
2016/11/09 20:30:00		1.13299	342.109	17.3089	0.355729	1021.35	1.17396	25.6857	33.2253	10.9855	44.2108	19.1334	2258.75	32.3914	15.7917	11.3667	8.8633				3.39726	0.0	1.32388	3.54091	0.0
2016/11/09 20:35:00		1.21299	335.811	17.3099	0.357292	1021.4	1.14479	25.702	35.5457	11.4647	47.0105	19.3574	2235.83	32.3593	15.2675	11.4075	9.0083				3.33252	0.0	1.30634	3.49217	0.0
2016/11/09 20:40:00		0.86669	339.512	17.3167	0.358333	1021.47	1.15208	25.6669	34.84	12.3719	47.2119	19.4861	2335.21	31.6378	17.4767	12.2458	9.3225				3.33252	0.0	1.30634	3.49217	0.0
2016/11/09 20:45:00		1.11871	325.587	17.3109	0.356771	1021.56	1.21771	25.7061	39.8538	11.6907	51.545	19.4671	2536.67	30.5163	17.7742	12.51	9.9				4.23456	0.0	1.45494	4.16523	0.0
2016/11/09 20:50:00		0.89453	336.741	17.3115	0.356771	1021.63	1.17396	25.7442	36.1286	12.2487	48.3773	19.5052	2584.79	31.8628	17.67	13.0608	10.8317				4.28204	0.0	1.46276	4.20065	0.0
2016/11/09 20:55:00		1.61111	340.332	17.312	0.359896	1021.67	1.14479	25.6937	29.6587	11.9337	41.5924	19.3574	2562.08	36.131	17.3433	13.3125	11.1675				4.28204	0.0	1.46276	4.20065	0.0
2016/11/09 21:00:00		1.67403	337.393	17.3109	0.360417	1021.7	1.08646	25.7383	28.906	12.6218	41.5279	19.7817	2525.42	36.3881	16.7383	13.0142	11.095				4.55699	0.0	1.42764	4.02687	0.0
2016/11/09 21:05:00		1.28041	344.391	17.2214	0.359896	1021.69	1.13021	25.7651	29.0758	12.4199	41.4956	19.5862	2499.38	34.9095	17.0008	12.6833	10.4333				4.57146	0.0	1.42579	4.01773	0.0
2016/11/09 21:10:00		1.88511	337.288	17.2151	0.358333	1021.67	1.10833	25.7294	30.0227	12.9128	42.9355	19.5147	2536.67	35.4881	16.925	12.94	10.9075				4.57146	0.0	1.42579	4.01773	0.0
2016/11/09 21:15:00		0.98467	0.355579	17.2135	0.358854	1021.72	1.12292	25.7375	39.8605	9.5956	49.4561	19.4909	2547.5	33.5344	22.7317	15.8967	10.6433				4.56483	0.0	1.31187	3.16188	0.0
2016/11/09 21:20:00		1.30856	334.532	17.212	0.361979	1021.71	1.15937	25.7418	27.5236	12.1939	39.7175	19.0619	2520.0	36.1096	13.8067	10.7308	9.1867				4.56448	0.0	1.30587	3.11684	0.0
2016/11/09 21:25:00		0.78523	324.053	17.2188	0.361458	1021.73	1.06458	25.7082	28.2941	11.8995	40.1936	19.0428	2451.04	34.0773	15.8192	11.8008	10.0025				4.56448	0.0	1.30587	3.11684	0.0
2016/11/09 21:30:00		1.31537	331.72	17.2161	0.359896	1021.79	1.1375	25.7308	30.8446	13.6043	44.4489	19.0333	2479.17	33.6594	18.83	13.65	11.1367				4.37566	0.0	1.41529	3.4707	0.0
2016/11/09 21:35:00		0.83788	320.837	17.2135	0.360938	1021.82	1.20313	25.7125	36.4368	10.5062	46.943	18.9952	2464.17	32.8308	18.0083	13.9792	11.5425				4.36572	0.0	1.42105	3.48932	0.0
2016/11/09 21:40:00		1.13912	1.57959	17.2146	0.361979	1021.82	1.20313	25.7018	24.2406	11.8208	36.0614	18.8951	2291.04	39.1883	15.1275	12.7933	11.3783				4.36572	0.0	1.42105	3.48932	0.0
2016/11/09 21:45:00		1.40452	340.588	17.2135	0.360417	1021.81	1.1375	25.7477	25.4511	11.6599	37.1109	18.8474	2244.38	35.7131	16.5225	12.8567	10.9442				4.16697	0.0	1.51156	3.5402	0.0
2016/11/09 21:50:00		0.92564	352.976	17.2135	0.359896	1021.8	1.17396	25.7394	30.1098	12.4541	42.5639	18.9189	2181.67	33.6915	15.2842	11.9167	10.1408				4.15651	0.0	1.51633	3.54288	0.0
2016/11/09 21:55:00		1.00037	333.631	17.2146	0.3625	1021.78	1.12292	25.712	24.5466	12.9779	37.5244	18.9523	2102.92	35.0166	14.2	11.2892	9.4825				4.15651	0.0	1.51633	3.54288	0.0
2016/11/09 22:00:00		1.12615	311.889	17.2172	0.360417	1021.73	1.15208	25.7434	26.6191	13.3887	40.0078	18.8712	2106.67	33.1629	15.3167	11.86	10.0825				4.35858	0.0	1.06918	2.66588	0.0
2016/11/09 22:05:00		1.05879	331.636	17.2146	0.364062	1021.69	1.17396	25.7404	26.6392	13.0224	39.6616	18.9189	2073.54	34.7595	13.5775	10.71	9.3542				4.36921	0.0	1.04564	2.61972	0.0
2016/11/09 22:10:00		1.04269	331.382	17.2167	0.361458	1021.69	1.10833	25.6921	22.943	12.1426	35.0856	18.9189	1947.08	39.4705	11.2708	10.1117	9.0758				4.36921	0.0	1.04564	2.61972	0.0
2016/11/09 22:15:00		0.89372	351.292	17.2156	0.360938	1021.7	1.18854	25.7289	18.4898	11.6017	30.0914	19.1763	1869.38	42.91	14.7092	12.1992	10.695				4.23008	0.0	0.94613	2.62647	0.0
2016/11/09 22:20:00		0.70132	335.363	17.2151	0.3625	1021.72	1.13021	25.7334	24.8123	13.642	38.4543	19.3908	1884.79	35.5524	14.6133	11.5208	9.8983				4.22276	0.0	0.94089	2.62683	0.0
2016/11/09 22:25:00		0.58329	337.877	17.212	0.357292	1021.75	1.12292	25.6671	18.8337	11.7592	30.5928	19.2716	1841.88	41.6742	12.355	9.6558	8.4475				4.22276	0.0	0.94089	2.62683	0.0
2016/11/09 22:30:00		0.62114	342.973	17.2141	0.363021	1021.78	1.15208	25.6714	17.0515	17.5104	34.5618	19.5529	1766.46	39.8562	11.9708	9.8708	8.7208				3.33331	0.0	0.98457	2.15817	0.0
2016/11/09 22:35:00		1.1855	328.668	17.2146	0.359375	1021.8	1.16667	25.6647	16.7098	14.4636	31.1734	19.4575	1747.71	41.0027	11.7517	10.22	9.0375				3.2865	0.0	0.98687	2.1335	0.0
2016/11/09 22:40:00		0.9389	3.82981	17.2135	0.356771	1021.79	1.14479	25.6075	13.2213	12.8272	26.0486	19.3717	1734.79	46.6496	11.8567	9.8758	9.0117				3.2865	0.0	0.98687	2.1335	0.0
2016/11/09 22:45:00		0.78437	346.867	17.2109	0.357812	1021.79	1.10833	25.6175	12.2811	13.5085	25.7896	19.4766	1675.0	44.253	10.6483	9.2883	8.5392				3.07747	0.0	1.03235	2.14655	0.0
2016/11/09 22:50:00		0.63863	350.146	17.1344	0.3625	1021.77	1.13021	25.5909	11.5843	14.6313	26.2156	19.4337	1607.71	45.0637	9.0433	8.0883	7.5142				3.06647	0.0	1.03474	2.14724	0.0
2016/11/09 22:55:00		0.76538	356.546	17.1083	0.357292	1021.76	1.15208	25.5523	11.0528	15.1619	26.2147	19.3622	1551.25	43.8279	9.4492	8.1867	7.2908				3.06647	0.0	1.03474	2.14724	0.0
2016/11/09 23:00:00		0.60973	325.993	17.0187	0.361979	1021.79	1.12292	25.5796	10.0813	16.8394	26.9206	18.9952	1554.79	42.8386	12.265	9.67	7.99				2.82597	0.0	0.99016	1.76367	0.0
2016/11/09 23:05:00		0.374291	29.52	17.0089	0.363021	1021.75	1.10833	25.5646	10.0232	14.9805	25.0037	19.2812	1537.08	44.7494	9.68	8.2908	7.3525				2.81331	0.0	0.98782	1.74348	0.0
2016/11/09 23:10:00		0.333787	327.934	17.0104	0.360417	1021.7	1.15208	25.5225	8.8083	16.5279	25.3361	19.1334	1573.33	42.1457	9.9875	8.5592	7.4217				2.81331	0.0	0.98782	1.74348	0.0
2016/11/09 23:15:00		0.358124	316.401	17.0078	0.3625	1021.63	1.10833	25.5184	11.6379	15.1551	26.793	19.3002	1526.25	40.7241	11.1367	8.6583	7.395				2.6341	0.0	0.81625	1.77769	0.0
2016/11/09 23:20:00		0.70601	49.0327	17.0078	0.358854	1021.62	1.13021	25.5114	9.0874	14.2684	23.3559	19.1286	1502.5	44.9959	9.2175	8.1175	7.3333				2.62466	0.0	0.80722	1.7795	0.0
2016/11/09 23:25:00		0.294731	328.998	17.0083	0.3625	1021.57	1.06458	25.4784	7.5397	13.3784	20.9181	19.2383	1442.5	45.8602	10.245	8.8108	7.8108				2.62466	0.0	0.80722	1.7795	0.0
2016/11/09 23:30:00		0.73723	343.149	17.0083	0.3625	1021.56	1.09375	25.342	6.4588	13.7241	20.1829	19.081	1388.33	43.9779	10.4867	9.28	8.44				2.80256	0.0	0.75409	1.83037	0.0
2016/11/09 23:35:00		0.67179	359.575	17.0083	0.361458	1021.48	1.11563	25.2545	8.3102	15.5727	23.883	19.1191	1391.88	44.3779	10.1817	8.84	8.135				2.81192	0.0	0.75129	1.83305	0.0
2016/11/09 23:40:00		1.10421	17.9107	16.987	0.356771	1021.32	1.07917	25.2362	8.0914	14.4054	22.4968	18.8331	1386.88	45.0351	9.5867	8.9683	8.4383				2.81192	0.0	0.75129	1.83305	0.0
2016/11/09 23:45:00		0.99475	352.267	16.9099	0.363021	1021.21	1.09375	25.3275	7.5018	13.6523	21.154	18.876	1336.04	45.9245	10.59	9.6125	9.0458				2.50848	0.0	0.60584	1.48143	0.0
2016/11/09 23:50:00		0.94881	349.777	16.9083	0.358854	1021.21	1.1375	25.4167	6.365	14.1658	20.5308	18.7759	1303.33	45.7923	11.0567	10.4	9.7183				2.49251	0.0	0.59819	1.46293	0.0
2016/11/09 23:55:00		1.0031	352.783	16.8391	0.357812	1021.2	1.18854	25.4586	6.9099	14.1863	21.0962	18.8188	1284.58	45.3244	11.4033	10.3467	9.7517				2.49251	0.0	0.59819	1.46293	0.0
2016/11/10 00:00:00		1.47712	334.78	16.8083	0.361458	1021.22	1.10104	25.5012	5.6302	14.491	20.1212	18.7282	1243.54	46.2388	10.6433	10.2833	9.6367				2.22153	0.0	0.75985	1.53496	0.0
