-- 1st mean values --
Format: XTAB(V:1;HEAD:2;COL:TCFFFFFFFFFFFFFFFFFFFFFFFF)
StartTime: 2016/11/13 00:00:00
EndTime: 2016/11/14 00:00:00
Period: 24 h
Station: Gia Lam

Time	MeasPt	Wind Spd.	Wind Dir.	Temp	RH	Barometer	Radiation	InnerTemp	NO	NO2	NOx	SO2	CO	O3	PM-10	PM-2.5	PM-1	CH4	NMHC	THC	BENZEN	TOLUEN	ETHYL BENZEN	MP-XYLEN	O-XYLEN
		m/s	degree	°C	%	hPa	W/m²	°C	µg/m3	µg/m3	µg/m3	µg/m3	µg/m3	µg/m3	µg/m3	µg/m3	µg/m3	ppm	ppmC	ppmC	ug/m3	ug/m3	ug/m3	ug/m3	ug/m3
2016/11/13 00:05:00		0.58701	96.434	22.7193	0.361979	1014.03	1.05729	27.0074	96.987	0.054773	97.042	22.1698	7782.1	115.615	135.033	107.738	95.827				17.7872	0.91062	17.1588	23.1642	1.6179
2016/11/13 00:10:00		0.65421	74.698	22.7172	0.358854	1014.01	1.11563	26.9577	100.096	0.0	100.096	22.2985	7530.0	112.507	134.225	108.47	96.593				17.7872	0.91062	17.1588	23.1642	1.6179
2016/11/13 00:15:00		0.64173	66.685	22.7125	0.361979	1013.97	1.08646	26.8428	92.529	0.0	92.529	21.8027	7257.1	111.186	136.808	109.742	96.656				17.3963	0.67078	9.0766	17.0503	1.45712
2016/11/13 00:20:00		0.50625	80.438	22.7125	0.356771	1013.9	1.04271	26.6787	103.182	0.0	103.182	21.9028	7202.1	111.197	155.522	116.912	99.901				17.3897	0.66672	8.9396	16.9467	1.4544
2016/11/13 00:25:00		0.59062	312.75	22.7099	0.35625	1013.85	1.01354	26.6879	98.157	0.5717	98.729	21.9839	7285.6	121.08	148.892	113.45	99.38				17.3897	0.66672	8.9396	16.9467	1.4544
2016/11/13 00:30:00		0.445083	357.361	22.7078	0.363021	1013.85	1.02083	26.8804	95.549	0.003423	95.552	22.2794	7406.9	125.637	137.057	110.178	98.844				15.9187	0.430117	7.8257	15.5067	1.4283
2016/11/13 00:35:00		0.57132	351.908	22.7089	0.357812	1013.78	1.10833	26.9851	101.25	0.0	101.25	22.799	7167.5	121.851	144.848	112.242	99.52				15.8937	0.426107	7.8068	15.4823	1.42786
2016/11/13 00:40:00		0.51775	7.0368	22.6776	0.357812	1013.73	1.07917	26.9295	96.949	0.0	96.949	22.7084	6853.1	117.865	144.59	113.875	101.72				15.8937	0.426107	7.8068	15.4823	1.42786
2016/11/13 00:45:00		0.0	502.0	22.6156	0.358854	1013.65	1.07917	26.8264	109.52	0.0	109.52	22.5892	6752.3	117.108	146.947	114.142	103.057				18.222	0.85725	8.6458	16.5681	1.55042
2016/11/13 00:50:00		0.53495	346.719	22.6099	0.356771	1013.59	1.13021	26.6481	98.367	0.0	98.367	22.3032	6493.8	117.89	148.658	122.46	110.498				18.2614	0.86455	8.66	16.5865	1.5525
2016/11/13 00:55:00		0.88777	13.2089	22.5469	0.359896	1013.58	1.04271	26.6245	79.81	1.27006	81.08	22.0601	6250.2	133.262	156.73	130.45	120.13				18.2614	0.86455	8.66	16.5865	1.5525
2016/11/13 01:00:00		0.64059	51.821	22.4995	0.356771	1013.56	1.07187	26.7977	88.75	0.280713	89.031	22.4844	6158.1	142.106	158.485	129.402	118.237				22.1532	1.17598	10.1049	17.1084	1.60189
2016/11/13 01:05:00		0.5797	327.357	22.4115	0.356771	1013.55	1.08646	26.9161	85.867	0.157473	86.025	22.8609	6029.2	138.388	151.99	125.807	115.297				22.2192	1.18125	10.1294	17.1173	1.60273
2016/11/13 01:10:00		0.0	502.0	22.4115	0.357292	1013.59	1.10104	26.8557	89.807	0.75313	90.56	22.9515	5811.9	131.73	149.165	124.798	114.105				22.2192	1.18125	10.1294	17.1173	1.60273
2016/11/13 01:15:00		0.0	502.0	22.4052	0.355208	1013.61	0.98438	26.7494	80.619	0.46215	81.081	22.3652	5582.5	130.23	143.822	123.548	113.88				19.8841	1.04253	10.5489	16.8982	1.66144
2016/11/13 01:20:00		0.0	502.0	22.4068	0.361979	1013.6	1.04271	26.5877	89.675	0.116393	89.791	22.37	5583.8	129.984	148.167	125.06	114.387				19.8445	1.04018	10.556	16.8945	1.66244
2016/11/13 01:25:00		0.0	502.0	22.4115	0.357812	1013.58	1.02083	26.5826	107.676	0.0	107.676	22.1316	5862.5	138.513	145.377	125.738	115.167				19.8445	1.04018	10.556	16.8945	1.66244
2016/11/13 01:30:00		0.73187	322.859	22.4089	0.363542	1013.59	1.10833	26.7335	81.983	0.058197	82.042	21.898	6011.7	142.785	143.148	122.525	113.578				13.4256	0.82137	13.1382	18.889	1.8563
2016/11/13 01:35:00		0.97626	320.011	22.3677	0.364062	1013.58	1.14479	26.8234	82.988	0.0	82.988	22.2222	5996.0	137.509	147.188	122.222	112.917				13.3168	0.81766	13.1819	18.9228	1.85958
2016/11/13 01:40:00		0.77832	318.0	22.3099	0.364062	1013.55	1.08646	26.7639	81.798	0.0	81.798	22.3795	5849.2	131.53	142.017	122.59	114.272				13.3168	0.81766	13.1819	18.9228	1.85958
2016/11/13 01:45:00		0.59344	330.934	22.3062	0.358333	1013.5	1.07187	26.6455	81.231	0.0	81.231	22.041	5661.0	130.141	146.873	127.595	119.79				15.3502	0.433037	13.3218	19.6218	1.91038
2016/11/13 01:50:00		0.6586	313.594	22.3042	0.361458	1013.47	1.09375	26.4895	86.939	0.0	86.939	21.8647	5547.5	136.045	148.39	133.232	125.05				15.3846	0.426518	13.3241	19.6337	1.91124
2016/11/13 01:55:00		0.59545	293.36	22.3099	0.357292	1013.44	1.09375	26.5287	90.379	0.0	90.379	22.0315	5609.4	146.156	146.428	132.082	125.33				15.3846	0.426518	13.3241	19.6337	1.91124
2016/11/13 02:00:00		0.60729	331.178	22.2625	0.368229	1013.4	1.10104	26.7155	80.858	0.003423	80.861	22.3795	5631.9	151.464	150.025	131.577	123.122				12.5044	0.284153	13.189	17.8862	1.7528
2016/11/13 02:05:00		0.71366	324.589	22.3057	0.363542	1013.34	1.10833	26.8041	76.038	0.0	76.038	22.1984	5524.4	144.924	148.855	129.175	121.382				12.4556	0.28174	13.1867	17.8566	1.75011
2016/11/13 02:10:00		0.76665	331.038	22.3083	0.359375	1013.29	1.10104	26.7271	78.897	0.68809	79.585	22.3366	5320.8	140.452	150.417	132.837	123.82				12.4556	0.28174	13.1867	17.8566	1.75011
2016/11/13 02:15:00		0.74299	322.717	22.3089	0.363542	1013.27	1.08646	26.61	84.753	0.119817	84.873	22.3461	5176.7	138.866	143.54	130.302	123.782				11.5572	0.166918	9.2062	13.327	1.52969
2016/11/13 02:20:00		0.74202	321.795	22.3073	0.360417	1013.28	1.1375	26.4809	71.793	1.07835	72.871	21.8599	5089.0	141.292	146.792	131.95	124.033				11.542	0.164972	9.1387	13.2502	1.52596
2016/11/13 02:25:00		0.70649	313.022	22.3083	0.359896	1013.3	1.14479	26.5389	65.486	2.68389	68.17	21.5692	5119.0	148.906	147.957	129.628	121.992				11.542	0.164972	9.1387	13.2502	1.52596
2016/11/13 02:30:00		0.72661	313.238	22.3068	0.359896	1013.26	1.1375	26.7276	76.858	0.301253	77.159	21.7122	5220.8	152.132	140.067	124.582	117.35				11.3774	0.00275	9.423	12.6165	1.4514
2016/11/13 02:35:00		0.58983	323.719	22.3104	0.364583	1013.27	1.1375	26.8071	67.277	0.02054	67.297	21.817	5243.3	140.827	139.238	122.667	115.588				11.3746	0.0	9.4279	12.6057	1.45013
2016/11/13 02:40:00		0.5221	333.421	22.3109	0.357292	1013.28	1.09375	26.7295	73.888	0.130087	74.018	21.674	5146.9	133.93	136.248	121.483	114.353				11.3746	0.0	9.4279	12.6057	1.45013
2016/11/13 02:45:00		0.88186	326.826	22.3115	0.360938	1013.33	1.10833	26.5851	66.716	0.89349	67.61	21.45	5054.6	130.116	133.257	118.807	112.253				10.7505	0.0	9.6143	12.8667	1.56244
2016/11/13 02:50:00		0.72262	308.875	22.2365	0.364583	1013.31	1.12292	26.4484	60.302	2.93722	63.239	21.1211	4838.96	127.651	128.218	114.992	109.227				10.74	0.0	9.6175	12.8711	1.56434
2016/11/13 02:55:00		0.85885	308.845	22.2099	0.3625	1013.31	1.1375	26.5118	56.168	6.2065	62.375	20.654	4745.63	133.02	126.022	114.005	107.488				10.74	0.0	9.6175	12.8711	1.56434
2016/11/13 03:00:00		0.79372	321.637	22.2104	0.361458	1013.29	1.12292	26.7021	58.853	3.97791	62.831	21.0162	4639.58	135.513	125.327	113.405	107.577				12.7904	0.215286	8.6806	13.1367	1.39379
2016/11/13 03:05:00		0.54999	330.003	22.2073	0.361979	1013.28	1.13021	26.7682	62.842	2.56408	65.406	21.1926	4562.92	124.887	117.625	108.672	103.222				12.8252	0.218935	8.6647	13.1412	1.3909
2016/11/13 03:10:00		0.99899	323.351	22.2078	0.359896	1013.25	1.11563	26.6935	58.116	4.15935	62.275	21.0544	4347.71	116.579	119.14	106.383	100.677				12.8252	0.218935	8.6647	13.1412	1.3909
2016/11/13 03:15:00		0.76674	326.151	22.2073	0.3625	1013.26	1.10104	26.5695	54.705	5.7923	60.498	20.4967	4215.0	111.254	112.853	103.688	97.936				8.5048	0.0	8.7785	11.9138	0.7426
2016/11/13 03:20:00		0.86051	318.136	22.2109	0.363021	1013.27	1.15208	26.4393	51.536	7.0521	58.588	20.2965	4148.33	110.29	112.845	101.191	95.511				8.5048	0.0	8.7785	11.9138	0.7426
2016/11/13 03:25:00		1.01419	314.797	22.2078	0.364583	1013.24	1.05	26.4911	45.3947	9.6401	55.035	20.1296	4177.08	114.243	108.237	97.045	92.276				8.5048	0.0	8.7785	11.9138	0.7426
2016/11/13 03:30:00		1.00419	307.307	22.2052	0.3625	1013.27	1.10833	26.6871	47.9899	8.1304	56.12	20.2202	4184.58	115.425	108.782	97.083	91.48				9.244	0.0	7.11	10.0751	0.61891
2016/11/13 03:35:00		0.86094	311.615	22.2078	0.363021	1013.25	1.17396	26.7722	48.374	9.445	57.819	20.3918	4145.0	106.454	106.138	96.757	91.436				9.244	0.0	7.11	10.0751	0.61891
2016/11/13 03:40:00		1.23756	317.971	22.2125	0.365625	1013.21	1.14479	26.6812	42.9068	12.1152	55.022	20.225	4031.04	99.61	105.629	93.135	86.813				9.244	0.0	7.11	10.0751	0.61891
2016/11/13 03:45:00		0.62027	320.596	22.2089	0.363542	1013.22	1.08646	26.5536	35.0901	14.8983	49.9885	19.8675	3858.96	91.324	95.378	85.035	79.505				9.244	0.0	7.11	10.0751	0.61891
2016/11/13 03:50:00		0.87837	305.094	22.1859	0.365625	1013.22	1.06458	26.4371	31.3873	13.2928	44.6801	19.9771	3636.67	90.013	91.34	82.549	77.313				9.244	0.0	7.11	10.0751	0.61891
2016/11/13 03:55:00		0.83929	302.754	22.1109	0.361979	1013.25	1.16667	26.4943	27.5571	13.6009	41.158	19.653	3599.17	94.421	87.269	78.854	73.708				9.244	0.0	7.11	10.0751	0.61891
2016/11/13 04:00:00		1.18432	301.736	22.1099	0.363021	1013.29	1.09375	26.6975	31.2175	12.7793	43.9968	19.4003	3460.0	93.963	88.372	76.733	71.193				8.4281	0.0	4.42005	6.9189	0.451816
2016/11/13 04:05:00		0.88173	302.655	22.1078	0.360938	1013.34	1.10833	26.7547	24.3835	13.3578	37.7414	19.9342	3276.04	82.391	83.287	74.328	69.325				8.4281	0.0	4.42005	6.9189	0.451816
2016/11/13 04:10:00		0.78112	298.443	22.0552	0.364583	1013.34	1.15937	26.6589	20.1357	14.1897	34.3254	19.734	3072.71	77.205	82.263	73.367	68.482				8.4281	0.0	4.42005	6.9189	0.451816
2016/11/13 04:15:00		0.82711	302.431	22.012	0.363021	1013.35	1.13021	26.5209	17.8108	15.4016	33.2124	19.6387	2956.04	72.948	79.648	72.07	67.478				5.6315	0.0	3.67682	5.6536	0.438499
2016/11/13 04:20:00		1.03927	313.228	22.0052	0.360417	1013.36	1.12292	26.3944	18.9744	15.0798	34.0542	19.4957	2859.17	75.012	80.332	72.113	67.27				5.6315	0.0	3.67682	5.6536	0.438499
2016/11/13 04:25:00		0.5038	306.193	22.0094	0.356771	1013.4	1.07917	26.4669	20.2541	14.5526	34.8067	19.4528	2872.71	80.838	79.253	70.862	66.03				5.6315	0.0	3.67682	5.6536	0.438499
2016/11/13 04:30:00		1.10053	304.874	21.9979	0.359896	1013.49	1.11563	26.6447	14.7824	15.4221	30.2045	19.6053	2849.79	84.791	77.7	69.598	64.86				5.4014	0.0	2.87149	4.98543	0.367225
2016/11/13 04:35:00		0.99232	305.73	21.9161	0.361458	1013.52	1.10833	26.6994	19.3876	15.9596	35.3471	19.796	2813.13	75.291	84.299	71.204	64.74				5.4014	0.0	2.87149	4.98543	0.367225
2016/11/13 04:40:00		1.02181	317.285	21.9094	0.363542	1013.57	1.07187	26.6001	19.6935	17.0859	36.7794	19.6434	2777.08	69.39	77.712	69.477	64.695				5.4014	0.0	2.87149	4.98543	0.367225
2016/11/13 04:45:00		1.33027	300.378	21.9073	0.365104	1013.62	1.11563	26.4486	15.0214	17.6986	32.72	19.3336	2671.46	68.262	79.265	69.066	64.376				4.95154	0.236868	2.63591	4.45514	0.337891
2016/11/13 04:50:00		0.72232	303.133	21.9073	0.363542	1013.65	1.06458	26.3217	17.86	16.5963	34.4563	19.5719	2649.79	70.648	88.428	72.058	64.755				4.95154	0.236868	2.63591	4.45514	0.337891
2016/11/13 04:55:00		1.19788	297.274	21.9078	0.354688	1013.68	1.08646	26.3947	12.8618	16.7161	29.5779	19.0762	2683.75	77.948	78.268	69.269	63.753				4.95154	0.236868	2.63591	4.45514	0.337891
2016/11/13 05:00:00		0.90185	324.525	21.9104	0.361979	1013.72	1.07187	26.588	13.7037	16.3909	30.0946	19.5052	2740.63	79.72	79.659	69.626	64.3				5.1264	0.003948	2.36977	4.21188	0.357183
2016/11/13 05:05:00		1.08895	304.247	21.9109	0.365104	1013.79	1.12292	26.6686	19.4032	16.2916	35.6948	19.4718	2844.79	72.023	79.545	69.837	64.26				5.1294	0.0	2.36526	4.20776	0.35751
2016/11/13 05:10:00		1.22042	306.171	21.9073	0.361979	1013.82	1.11563	26.5679	14.9499	17.0961	32.0461	19.4575	2716.67	69.355	81.984	71.073	65.257				5.1294	0.0	2.36526	4.20776	0.35751
2016/11/13 05:15:00		1.12317	311.164	21.9052	0.364062	1013.85	1.10833	26.45	17.9471	17.6507	35.5978	19.4718	2702.29	66.54	88.593	74.703	66.733				4.3956	0.0	2.02967	3.74782	0.267059
2016/11/13 05:20:00		0.71753	323.97	21.9083	0.363021	1013.92	1.05729	26.3335	23.9302	17.0413	40.9715	19.3574	2828.75	68.383	90.131	75.339	67.273				4.38316	0.0	2.02398	3.74002	0.265526
2016/11/13 05:25:00		1.02744	302.154	21.9021	0.363021	1013.96	1.13021	26.421	19.1531	19.1844	38.3374	19.4766	2948.96	75.587	85.839	73.662	66.645				4.38316	0.0	2.02398	3.74002	0.265526
2016/11/13 05:30:00		1.11697	291.032	21.8083	0.363021	1014.03	1.13021	26.6991	28.2025	16.1444	44.347	19.7245	3071.46	74.319	82.405	72.028	65.808				4.83234	0.0	2.03097	3.91943	0.261891
2016/11/13 05:35:00		0.80125	320.574	21.8089	0.363021	1014.07	1.07187	26.8855	37.0197	15.1654	52.185	19.7102	3231.04	74.076	87.877	74.158	67.137				4.83996	0.0	2.03109	3.92247	0.26183
2016/11/13 05:40:00		1.19891	291.154	21.8099	0.367188	1014.15	1.11563	27.0195	55.25	12.502	67.752	20.1106	3552.5	74.359	82.767	71.733	66.201				4.83996	0.0	2.03109	3.92247	0.26183
2016/11/13 05:45:00		1.19099	301.443	21.7354	0.365104	1014.19	1.09375	27.173	36.4569	16.7161	53.173	19.877	3460.42	73.391	85.709	72.957	66.48				4.71443	0.0	2.22401	4.394	0.265384
2016/11/13 05:50:00		0.88246	308.209	21.7109	0.364062	1014.24	1.05729	27.3048	65.613	7.076	72.689	20.3251	3697.71	74.341	87.275	74.778	67.332				4.71443	0.0	2.22401	4.394	0.265384
2016/11/13 05:55:00		1.25181	294.983	21.6365	0.360417	1014.32	1.1375	27.4063	63.733	9.2498	72.982	20.2107	3877.08	72.819	84.878	73.569	67.017				4.71443	0.0	2.22401	4.394	0.265384
2016/11/13 06:00:00		1.67054	294.381	21.612	0.367188	1014.43	1.18125	27.5403	49.1378	13.1011	62.239	20.1201	3815.63	72.583	81.718	72.076	66.327				5.377	0.0	2.66625	6.0659	0.279791
2016/11/13 06:05:00		1.31123	295.155	21.5078	0.361458	1014.52	1.15208	27.6337	46.0067	11.3552	57.362	19.8484	3681.04	71.948	81.263	70.881	65.362				5.377	0.0	2.66625	6.0659	0.279791
2016/11/13 06:10:00		1.1329	303.783	21.5063	0.358333	1014.58	1.13021	27.7231	45.7007	11.677	57.378	20.0724	3623.33	70.669	80.035	70.262	64.363				5.377	0.0	2.66625	6.0659	0.279791
2016/11/13 06:15:00		1.14742	307.78	21.4214	0.363021	1014.63	1.14479	27.8386	41.1961	11.588	52.784	19.8961	3543.13	69.497	77.138	68.072	62.416				6.0918	0.0	2.93785	6.3503	0.339407
2016/11/13 06:20:00		1.06216	317.937	21.4031	0.361458	1014.68	1.13021	27.8917	44.0949	11.4374	55.532	20.3441	3569.38	68.962	78.913	68.405	62.186				6.0918	0.0	2.93785	6.3503	0.339407
2016/11/13 06:25:00		1.18027	307.462	21.4042	0.357812	1014.76	1.08646	27.9612	49.5331	12.0022	61.535	20.1296	3838.75	68.522	76.734	66.933	61.578				6.0918	0.0	2.93785	6.3503	0.339407
2016/11/13 06:30:00		1.22422	303.105	21.4047	0.360938	1014.78	1.12292	28.0743	38.6389	14.0459	52.685	20.0963	3747.5	68.269	75.827	66.444	61.057				4.68653	0.0	2.08181	4.51532	0.278985
2016/11/13 06:35:00		1.35686	289.809	21.4042	0.359375	1014.84	1.14479	28.1374	43.2038	13.9638	57.168	20.1439	3779.79	67.855	79.744	67.968	61.354				4.68653	0.0	2.08181	4.51532	0.278985
2016/11/13 06:40:00		1.48237	304.823	21.4031	0.361979	1014.91	1.12292	28.1911	45.9307	11.451	57.382	19.9962	3782.08	67.412	80.074	67.213	60.802				4.68653	0.0	2.08181	4.51532	0.278985
2016/11/13 06:45:00		1.25601	298.69	21.4068	0.360938	1014.98	1.1375	28.2971	46.7258	10.1365	56.862	20.101	3825.63	66.54	82.032	67.495	60.502				5.3209	0.0	2.44024	5.7698	0.255359
2016/11/13 06:50:00		0.74627	313.401	21.4057	0.358333	1015.05	3.11354	28.3553	46.9692	11.006	57.975	20.2488	3859.58	65.236	82.047	67.639	60.921				5.3316	0.0	2.44631	5.7911	0.254958
2016/11/13 06:55:00		1.24986	300.434	21.4063	0.357292	1015.09	5.5781	28.39	68.666	5.289	73.955	20.5253	4024.58	66.165	83.91	68.782	61.433				5.3316	0.0	2.44631	5.7911	0.254958
2016/11/13 07:00:00		0.84501	303.425	21.4063	0.360938	1015.09	8.5094	28.4823	63.523	6.2236	69.746	20.2822	4191.88	65.901	81.28	68.053	60.442				5.5025	0.0	2.22685	5.1892	0.263015
2016/11/13 07:05:00		0.78554	303.481	21.4182	0.358854	1015.12	13.176	28.5312	49.1311	8.7637	57.895	20.3108	4216.88	66.501	76.482	65.738	59.763				5.5025	0.0	2.22685	5.1892	0.263015
2016/11/13 07:10:00		0.71188	297.969	21.5057	0.359896	1015.17	17.7844	28.5417	50.145	8.9691	59.114	20.9066	4252.71	66.59	79.653	67.708	61.028				5.5025	0.0	2.22685	5.1892	0.263015
2016/11/13 07:15:00		1.08083	304.29	21.5047	0.363021	1015.25	22.4875	28.6185	52.573	7.3704	59.943	20.4871	4452.5	66.012	81.827	68.27	60.643				5.6664	0.209886	2.38564	6.4119	0.383385
2016/11/13 07:20:00		1.08989	306.388	21.5063	0.3625	1015.29	29.3417	28.6663	50.522	10.828	61.35	20.2011	4497.71	66.597	80.108	68.02	60.652				5.6664	0.209886	2.38564	6.4119	0.383385
2016/11/13 07:25:00		0.63533	309.785	21.613	0.360938	1015.33	32.1854	28.6748	56.497	8.216	64.713	20.4442	4560.83	67.215	84.065	69.658	61.393				5.6664	0.209886	2.38564	6.4119	0.383385
2016/11/13 07:30:00		0.89329	305.107	21.6495	0.359896	1015.35	35.0292	28.7629	79.044	2.70101	81.745	21.0019	4840.63	67.204	88.878	71.31	62.267				5.4984	0.003498	2.97992	7.7027	0.390282
2016/11/13 07:35:00		1.04352	326.471	21.7135	0.363542	1015.41	42.9698	28.8048	58.927	6.6447	65.571	20.7636	4918.33	67.505	85.946	71.13	62.638				5.4955	0.0	2.98999	7.7246	0.390399
2016/11/13 07:40:00		0.72167	317.458	21.7266	0.363542	1015.51	46.9948	28.8155	65.723	5.7854	71.508	20.6254	5073.8	68.447	88.313	73.002	64.108				5.4955	0.0	2.98999	7.7246	0.390399
2016/11/13 07:45:00		0.90035	311.851	21.812	0.365104	1015.58	48.9781	28.8853	56.43	6.3126	62.742	20.6349	5054.2	68.705	89.548	74.617	64.762				7.6261	0.268044	3.3052	8.715	0.485273
2016/11/13 07:50:00		1.32131	307.066	21.8406	0.361458	1015.56	49.9844	28.9293	69.499	4.83717	74.336	20.7112	5404.0	68.94	89.041	73.603	64.712				7.6261	0.268044	3.3052	8.715	0.485273
2016/11/13 07:55:00		1.01018	312.451	21.9141	0.3625	1015.55	48.7813	28.9613	52.412	8.7466	61.158	20.6492	5359.2	68.447	91.688	74.302	65.352				7.6261	0.268044	3.3052	8.715	0.485273
2016/11/13 08:00:00		0.97347	302.71	21.9229	0.363021	1015.57	54.111	29.0534	78.87	2.27309	81.143	20.9018	5701.5	69.447	92.924	75.139	65.498				8.048	0.283386	3.58344	9.4875	0.423904
2016/11/13 08:05:00		1.35534	295.21	22.013	0.363542	1015.68	49.4594	29.1135	65.577	5.224	70.801	20.7588	5644.2	69.044	90.491	74.369	65.199				8.048	0.283386	3.58344	9.4875	0.423904
2016/11/13 08:10:00		1.34806	308.137	21.9875	0.358333	1015.8	52.42	29.1146	56.887	7.4355	64.323	20.6778	5426.0	68.576	92.186	74.667	64.834				8.048	0.283386	3.58344	9.4875	0.423904
2016/11/13 08:15:00		0.93087	301.117	22.0083	0.363542	1015.85	55.3	29.2094	65.238	3.36171	68.6	20.8971	5419.4	68.79	93.585	74.075	64.182				8.5397	0.301154	4.26079	11.5963	0.424046
2016/11/13 08:20:00		1.02048	308.457	22.013	0.363021	1015.88	67.105	29.27	62.654	6.7474	69.401	20.816	5267.5	68.405	90.642	72.978	63.235				8.5397	0.301154	4.26079	11.5963	0.424046
2016/11/13 08:25:00		1.26747	300.069	22.0151	0.3625	1015.95	88.477	29.2824	51.903	9.8797	61.782	20.9114	5011.7	67.89	87.54	71.192	62.452				8.5397	0.301154	4.26079	11.5963	0.424046
2016/11/13 08:30:00		1.37372	311.2	22.0115	0.365625	1015.99	90.745	29.3796	61.327	5.4363	66.764	20.8446	5134.8	66.883	95.412	72.575	62.178				6.6602	0.19072	4.27026	8.8335	0.426889
2016/11/13 08:35:00		1.09143	309.22	22.012	0.366667	1016.05	102.922	29.4048	67.183	3.86152	71.045	21.0496	5343.3	66.047	82.189	68.95	60.307				6.6602	0.19072	4.27026	8.8335	0.426889
2016/11/13 08:40:00		0.91216	311.128	22.0667	0.364062	1016.09	124.695	29.4295	56.905	7.1513	64.057	20.9447	5175.4	65.919	82.903	67.677	59.325				6.6602	0.19072	4.27026	8.8335	0.426889
2016/11/13 08:45:00		1.03901	311.52	22.1536	0.365104	1016.15	141.998	29.5065	63.721	6.4564	70.178	20.9066	5436.7	65.533	80.694	66.311	58.607				5.4362	0.0	3.68582	7.7435	0.433382
2016/11/13 08:50:00		0.77303	300.928	22.2573	0.363021	1016.18	157.821	29.5621	52.144	11.0437	63.188	21.0591	5260.0	65.919	78.545	66.563	58.732				5.4362	0.0	3.68582	7.7435	0.433382
2016/11/13 08:55:00		1.07818	300.301	22.3823	0.363021	1016.24	137.827	29.5782	67.377	8.774	76.151	21.1735	5235.2	65.662	77.773	66.395	58.699				5.4362	0.0	3.68582	7.7435	0.433382
2016/11/13 09:00:00		0.82412	316.763	22.4828	0.3625	1016.31	124.214	29.6687	64.615	8.7227	73.337	21.1211	5277.1	65.64	88.772	70.055	59.47				7.2913	0.25443	4.23045	9.2316	0.416226
2016/11/13 09:05:00		0.6987	344.215	22.5969	0.364583	1016.35	131.323	29.7294	83.516	4.13196	87.647	21.4643	5615.2	65.126	88.654	69.956	58.658				7.2913	0.25443	4.23045	9.2316	0.416226
2016/11/13 09:10:00		1.02014	318.49	22.6906	0.364062	1016.4	138.017	29.7734	75.12	7.8292	82.95	21.6073	5949.4	65.251	78.238	65.677	57.149				7.2913	0.25443	4.23045	9.2316	0.416226
2016/11/13 09:15:00		0.78688	308.775	22.7557	0.363542	1016.38	168.839	29.8773	64.936	10.4514	75.388	21.6264	5845.0	64.94	86.282	67.957	57.997				7.6191	0.299426	4.08683	9.786	0.68526
2016/11/13 09:20:00		1.65987	307.599	22.8266	0.364062	1016.31	220.121	29.924	71.384	9.6264	81.01	21.45	6069.8	65.022	79.068	65.609	57.96				7.6191	0.299426	4.08683	9.786	0.68526
2016/11/13 09:25:00		1.38473	288.786	22.913	0.360938	1016.23	264.294	29.8532	48.6643	13.0018	61.666	21.2784	5654.0	64.154	77.14	66.208	58.486				7.6191	0.299426	4.08683	9.786	0.68526
2016/11/13 09:30:00		1.23614	294.486	22.925	0.366146	1016.19	282.231	29.5624	43.1927	13.3681	56.561	21.0734	5244.0	65.397	78.493	67.692	60.531				8.7335	0.339507	4.81301	11.7246	0.66895
2016/11/13 09:35:00		0.93574	191.678	23.0432	0.367188	1016.22	317.924	29.2246	44.6041	14.9565	59.561	20.7159	5028.1	62.001	81.702	71.392	63.263				8.7524	0.340186	4.82532	11.7575	0.66867
2016/11/13 09:40:00		0.48347	254.298	23.1885	0.361458	1016.12	452.273	28.939	40.8499	19.7081	60.558	20.5443	5356.3	77.716	86.032	74.079	66.414				8.7524	0.340186	4.82532	11.7575	0.66867
2016/11/13 09:45:00		0.72699	146.639	23.3557	0.364062	1016.02	459.791	28.9745	36.0438	23.3095	59.353	20.4299	5440.8	84.774	95.848	77.618	67.772				5.8965	0.0	3.25164	6.9853	0.45447
2016/11/13 09:50:00		0.76658	168.812	23.601	0.365104	1015.96	526.89	29.1194	60.838	28.2802	89.118	21.0734	6165.6	78.948	100.199	79.325	68.4				5.8965	0.0	3.25164	6.9853	0.45447
2016/11/13 09:55:00		1.61952	209.201	23.8917	0.366146	1015.88	551.0	29.2289	48.2132	33.5144	81.728	20.9352	6721.3	82.473	85.064	72.99	64.627				5.8965	0.0	3.25164	6.9853	0.45447
2016/11/13 10:00:00		1.55984	185.944	24.0995	0.363542	1015.81	560.71	29.4107	32.5933	30.1116	62.705	20.8732	6586.7	91.903	82.39	70.423	62.393				8.0201	0.279848	3.40901	8.7671	0.30159
2016/11/13 10:05:00		1.17639	172.126	24.2766	0.361979	1015.69	569.03	29.5482	27.6554	29.7111	57.366	21.1926	6259.2	93.924	81.851	70.284	62.597				8.0201	0.279848	3.40901	8.7671	0.30159
2016/11/13 10:10:00		0.91663	133.134	24.4318	0.364583	1015.59	659.9	29.3919	38.9404	41.2272	80.168	21.4881	6329.6	76.948	87.43	71.598	62.8				8.0201	0.279848	3.40901	8.7671	0.30159
2016/11/13 10:15:00		1.35774	107.604	24.6359	0.364583	1015.59	614.83	29.1626	41.8817	47.0434	88.925	21.2021	6687.9	73.462	92.453	72.257	63.228				10.1193	0.355857	5.3989	14.1933	0.42741
2016/11/13 10:20:00		1.86483	134.233	24.876	0.360938	1015.62	640.2	28.8636	64.159	45.7974	109.957	21.3547	7435.6	70.058	92.198	71.412	61.273				10.1193	0.355857	5.3989	14.1933	0.42741
2016/11/13 10:25:00		1.14867	135.056	25.163	0.361458	1015.54	588.0	28.5065	48.336	45.4139	93.75	20.4585	7776.0	78.552	86.385	69.048	60.625				10.1193	0.355857	5.3989	14.1933	0.42741
2016/11/13 10:30:00		1.42448	115.344	25.3557	0.3625	1015.39	641.56	28.31	36.8991	50.583	87.482	19.9533	8215.2	87.995	87.877	69.9	60.818				11.3676	0.319909	6.2663	14.1554	0.365661
2016/11/13 10:35:00		1.01493	125.945	25.5078	0.361458	1015.3	636.04	28.3556	37.0733	57.93	95.003	20.163	8688.5	99.167	89.345	70.992	62.052				11.3676	0.319909	6.2663	14.1554	0.365661
2016/11/13 10:40:00		2.42795	147.397	25.6599	0.36875	1015.23	666.09	28.4689	35.8986	59.542	95.441	20.2536	8903.8	102.232	82.966	65.048	56.599				11.3676	0.319909	6.2663	14.1554	0.365661
2016/11/13 10:45:00		1.08394	156.107	25.9411	0.367708	1015.18	501.0	28.6944	44.7046	65.885	110.59	20.5968	9049.6	100.289	82.332	66.265	58.173				11.2909	0.357461	5.3657	14.018	0.350971
2016/11/13 10:50:00		1.79329	175.491	26.163	0.367188	1015.12	499.494	28.9079	40.0035	68.405	108.409	20.7016	9028.5	97.682	82.53	67.141	58.876				11.2909	0.357461	5.3657	14.018	0.350971
2016/11/13 10:55:00		2.37765	157.017	26.3016	0.369792	1015.03	665.65	29.0008	29.3706	56.108	85.479	20.8732	8768.3	104.118	77.786	64.381	57.583				11.2909	0.357461	5.3657	14.018	0.350971
2016/11/13 11:00:00		2.53623	163.765	26.399	0.365104	1014.91	663.11	28.8917	28.4705	65.286	93.757	20.8208	8636.0	90.367	85.506	67.052	59.648				11.2909	0.357461	5.3657	14.018	0.350971
2016/11/13 11:05:00		1.79878	129.778	26.5198	0.366667	1014.79	662.63	28.7143	28.3767	65.543	93.92	20.5729	8579.4	89.099	90.274	70.636	61.84				11.2909	0.357461	5.3657	14.018	0.350971
2016/11/13 11:10:00		1.51425	111.055	26.7042	0.364062	1014.74	658.15	28.4667	33.7903	71.51	105.3	20.654	8772.7	84.423	86.943	69.053	61.128				11.2909	0.357461	5.3657	14.018	0.350971
2016/11/13 11:15:00		1.33455	139.2	26.8604	0.369271	1014.64	694.39	28.3009	34.2303	72.465	106.695	20.101	8986.3	80.402	88.46	67.507	59.122				10.5203	0.278409	5.5979	12.5963	0.415041
2016/11/13 11:20:00		2.20626	154.113	27.0854	0.370313	1014.59	666.9	28.0807	41.3345	76.659	117.993	20.0391	9069.8	80.145	85.088	65.672	57.592				10.5203	0.278409	5.5979	12.5963	0.415041
2016/11/13 11:25:00		1.62927	149.14	27.2589	0.371354	1014.51	707.86	27.8224	28.8949	65.434	94.328	19.5147	8817.9	87.424	78.47	62.067	54.322				10.5203	0.278409	5.5979	12.5963	0.415041
2016/11/13 11:30:00		1.66692	166.03	27.4318	0.364583	1014.38	699.77	27.8584	35.6775	72.099	107.776	19.591	8900.2	86.895	79.133	63.273	55.444				13.2785	0.423227	5.7496	15.0653	0.42343
2016/11/13 11:35:00		2.08191	193.046	27.6927	0.370833	1014.28	684.41	28.165	33.8551	68.532	102.387	19.939	8805.2	98.621	66.284	54.252	48.445				13.2785	0.423227	5.7496	15.0653	0.42343
2016/11/13 11:40:00		2.25269	147.684	27.824	0.367708	1014.16	699.62	28.4654	28.0306	59.604	87.634	20.3346	8239.8	103.675	70.531	55.982	49.4558				13.2785	0.423227	5.7496	15.0653	0.42343
2016/11/13 11:45:00		1.60906	197.693	27.9682	0.367188	1014.07	727.56	28.7352	28.2718	67.59	95.862	20.9686	8024.0	87.545	62.399	50.336	44.6067				10.4296	0.303951	4.43521	11.3215	0.389025
2016/11/13 11:50:00		2.41208	203.004	28.076	0.365625	1013.98	698.1	28.8187	19.0012	45.8076	64.809	21.1259	7237.3	104.078	60.151	49.3625	44.4408				10.4296	0.303951	4.43521	11.3215	0.389025
2016/11/13 11:55:00		2.35887	175.111	28.074	0.36875	1013.88	614.8	28.8037	16.2274	48.3991	64.626	20.9495	6564.2	101.364	67.597	53.867	47.7842				10.4296	0.303951	4.43521	11.3215	0.389025
2016/11/13 12:00:00		2.0151	162.158	28.1604	0.369792	1013.79	639.04	28.6928	20.1893	62.192	82.381	20.9114	6405.2	80.22	72.389	54.094	47.6192				7.6051	0.285154	3.92235	9.9472	0.270076
2016/11/13 12:05:00		2.58699	172.015	28.3589	0.369271	1013.66	684.45	28.6203	23.5594	66.882	90.441	20.6683	6546.9	78.373	67.592	51.79	45.9042				7.6051	0.285154	3.92235	9.9472	0.270076
2016/11/13 12:10:00		2.47453	166.708	28.4854	0.364062	1013.52	727.26	28.794	24.187	62.421	86.608	20.7255	6480.8	83.038	56.543	44.7983	39.68				7.6051	0.285154	3.92235	9.9472	0.270076
2016/11/13 12:15:00		2.77377	184.324	28.6036	0.368229	1013.38	744.36	29.114	17.9136	46.6326	64.546	21.102	6165.2	105.811	41.5833	33.7925	30.285				7.5947	0.187429	3.14357	7.3455	0.0
2016/11/13 12:20:00		3.38223	193.376	28.7365	0.367708	1013.27	734.39	29.4021	14.4184	43.983	58.401	21.0401	5667.3	100.507	46.1458	36.725	33.1225				7.5947	0.187429	3.14357	7.3455	0.0
2016/11/13 12:25:00		2.98481	168.386	28.8797	0.366667	1013.18	706.5	29.5355	12.0846	36.8008	48.8854	21.3785	5049.6	103.782	46.415	38.6617	34.91				7.5947	0.187429	3.14357	7.3455	0.0
2016/11/13 12:30:00		3.72565	162.811	29.0177	0.367708	1013.11	693.98	29.6222	14.1995	50.956	65.156	21.5072	4715.21	81.923	51.985	37.7417	34.0333				5.8407	0.0	2.69801	7.0042	0.0
2016/11/13 12:35:00		3.65991	166.925	29.1943	0.364062	1013.0	676.17	29.6303	13.1409	50.357	63.498	21.8599	4414.79	80.941	53.576	40.9083	36.9242				5.8407	0.0	2.69801	7.0042	0.0
2016/11/13 12:40:00		3.86633	196.635	29.4271	0.364583	1012.88	647.11	29.6005	10.213	41.2477	51.461	22.0506	4026.67	104.2	53.647	43.3708	39.7108				5.8407	0.0	2.69801	7.0042	0.0
2016/11/13 12:45:00		2.77892	159.757	29.5823	0.365625	1012.77	674.73	29.5863	8.4755	42.1275	50.603	22.0411	3771.67	101.767	60.568	47.4533	41.9142				3.82872	0.0	2.05669	5.1039	0.0
2016/11/13 12:50:00		3.79677	159.772	29.8703	0.370833	1012.6	679.18	29.6059	10.548	48.1526	58.701	21.9648	3713.54	87.909	53.851	40.6367	35.91				3.82872	0.0	2.05669	5.1039	0.0
2016/11/13 12:55:00		2.97604	161.344	30.2766	0.367188	1012.44	665.2	29.6255	9.7172	51.216	60.934	21.7789	3611.88	84.231	56.65	39.83	34.9317				3.82872	0.0	2.05669	5.1039	0.0
2016/11/13 13:00:00		2.72425	165.485	30.6615	0.368229	1012.33	641.12	29.669	9.5676	48.1012	57.669	22.084	3451.67	81.93	45.5475	34.0783	29.1567				4.77719	0.0	1.87894	4.49447	0.0
2016/11/13 13:05:00		4.07776	156.716	30.8703	0.364583	1012.22	650.78	29.7323	9.2348	44.8902	54.125	22.3509	3381.46	85.963	69.023	30.4425	25.8417				4.77719	0.0	1.87894	4.49447	0.0
2016/11/13 13:10:00		2.59501	157.209	30.9458	0.364062	1012.15	651.2	29.8429	8.2432	40.5391	48.7823	22.4033	3091.88	83.723	45.12	29.0908	24.8842				4.77719	0.0	1.87894	4.49447	0.0
2016/11/13 13:15:00		3.76503	165.915	31.1667	0.365104	1012.06	625.61	29.9683	11.8434	49.4809	61.324	22.4558	3096.04	69.955	39.7425	26.7325	23.0392				5.5827	0.0	2.0164	5.2413	0.0
2016/11/13 13:20:00		4.32787	154.771	31.2552	0.363542	1012.01	623.18	30.1211	9.9674	40.7206	50.688	22.3843	2931.25	79.166	45.12	26.3067	21.7583				5.5827	0.0	2.0164	5.2413	0.0
2016/11/13 13:25:00		3.65269	169.178	31.1276	0.365104	1011.88	612.09	30.2668	9.0472	40.5323	49.5795	22.513	2833.54	79.78	46.4217	24.9933	21.24				5.5827	0.0	2.0164	5.2413	0.0
2016/11/13 13:30:00		4.02268	168.588	31.2042	0.363021	1011.78	612.26	30.4073	9.3197	41.9187	51.238	22.2794	2775.21	75.584	41.28	26.3617	22.0				4.35527	0.0	1.76186	4.72478	0.0
2016/11/13 13:35:00		3.56924	163.07	31.3766	0.360938	1011.69	597.69	30.5563	9.1232	41.1587	50.282	22.4844	2750.83	77.58	39.4875	24.8725	20.4883				4.35527	0.0	1.76186	4.72478	0.0
2016/11/13 13:40:00		4.10977	164.643	31.4969	0.361979	1011.68	598.86	30.6913	8.2231	37.2835	45.5066	22.2698	2560.83	79.83	38.9133	24.0783	20.2517				4.35527	0.0	1.76186	4.72478	0.0
2016/11/13 13:45:00		3.99807	168.373	31.4	0.361458	1011.62	517.04	30.8285	10.3001	41.8023	52.102	22.022	2565.42	72.251	35.7575	23.0492	19.3183				3.43504	0.0	1.67322	4.64991	0.0
2016/11/13 13:50:00		3.94311	156.443	31.212	0.361979	1011.54	418.082	30.9526	10.3783	39.9845	50.363	22.0649	2528.96	73.216	38.8183	24.515	20.5417				3.43504	0.0	1.67322	4.64991	0.0
2016/11/13 13:55:00		3.87054	157.281	30.9964	0.361979	1011.49	462.664	31.0467	9.4917	41.0492	50.541	22.1269	2462.08	71.944	40.3733	25.1333	21.0267				3.43504	0.0	1.67322	4.64991	0.0
2016/11/13 14:00:00		3.73916	147.851	30.8365	0.366146	1011.38	358.765	31.0647	9.849	42.5349	52.384	21.6979	2360.21	68.326	36.4425	25.455	21.6092				3.63694	0.0	1.59122	4.59304	0.0
2016/11/13 14:05:00		3.3917	160.73	30.7328	0.365104	1011.28	458.879	31.0446	10.1282	41.4908	51.619	21.7169	2266.25	66.89	43.615	28.62	22.8175				3.63694	0.0	1.59122	4.59304	0.0
2016/11/13 14:10:00		3.76418	144.263	30.8208	0.361458	1011.21	442.4	31.0497	13.1945	46.0199	59.214	21.7074	2275.83	65.144	44.08	28.11	22.78				3.63694	0.0	1.59122	4.59304	0.0
2016/11/13 14:15:00		3.29057	151.507	30.7578	0.360417	1011.16	265.541	31.0857	9.8423	41.4018	51.244	21.7312	2450.42	71.733	36.8542	26.2192	21.8592				4.12163	0.0	1.51111	4.44328	0.0
2016/11/13 14:20:00		2.85661	146.773	30.5974	0.3625	1011.05	418.695	31.141	11.9751	44.1678	56.143	21.5882	2535.0	66.001	38.2533	25.8892	21.5008				4.12163	0.0	1.51111	4.44328	0.0
2016/11/13 14:25:00		3.58174	147.558	30.6307	0.365104	1010.97	315.62	31.1829	14.3804	48.1012	62.482	21.9791	2686.25	61.293	38.9958	24.9325	20.4417				4.12163	0.0	1.51111	4.44328	0.0
2016/11/13 14:30:00		2.97507	158.969	30.6339	0.364062	1010.91	391.154	31.2229	10.9947	38.6974	49.6921	21.6121	2681.88	70.212	39.2	25.2192	20.7292				4.11117	0.0	2.31265	5.3646	0.0
2016/11/13 14:35:00		2.88296	146.115	30.5714	0.360417	1010.83	339.58	31.2583	12.2543	43.8974	56.152	21.6359	2634.17	67.437	39.1692	25.3992	20.9117				4.11117	0.0	2.31265	5.3646	0.0
2016/11/13 14:40:00		3.902	161.829	30.3594	0.364583	1010.8	391.417	31.2495	11.9238	43.9008	55.825	21.5501	2640.0	70.126	39.5017	26.095	21.4925				4.11117	0.0	2.31265	5.3646	0.0
2016/11/13 14:45:00		3.64872	164.772	30.2193	0.361979	1010.74	393.67	31.2293	12.6451	45.0819	57.727	21.2403	2675.63	68.301	39.0492	26.3933	22.1908				4.80508	0.227037	2.60226	7.0422	0.0
2016/11/13 14:50:00		3.87545	148.781	30.1276	0.360417	1010.68	370.84	31.2092	11.7652	41.8811	53.646	21.2403	2637.5	73.194	40.2175	25.7375	20.82				4.80508	0.227037	2.60226	7.0422	0.0
2016/11/13 14:55:00		3.98635	155.277	30.0964	0.361458	1010.69	347.433	31.1574	10.921	39.4745	50.395	21.0734	2468.13	75.176	37.4942	23.7967	19.795				4.80508	0.227037	2.60226	7.0422	0.0
2016/11/13 15:00:00		3.45784	164.08	30.0177	0.364062	1010.68	313.243	31.1018	10.6441	41.6346	52.279	20.9972	2547.08	70.93	36.93	24.1092	19.7958				4.45639	0.0	2.02967	6.246	0.0
2016/11/13 15:05:00		4.98675	165.537	30.0099	0.360417	1010.7	187.943	31.0468	12.9667	44.4931	57.46	20.9447	2557.29	61.19	35.1475	20.9792	17.3242				4.45639	0.0	2.02967	6.246	0.0
2016/11/13 15:10:00		4.03143	164.274	29.9156	0.357292	1010.73	155.385	30.9587	14.9924	41.7338	56.726	20.8828	2576.67	55.872	35.8167	20.66	16.4033				4.45639	0.0	2.02967	6.246	0.0
2016/11/13 15:15:00		3.227	168.751	29.8849	0.363021	1010.76	152.921	30.9125	13.371	40.3029	53.674	20.7159	2451.67	58.611	46.4692	21.4392	16.0917				3.9682	0.0	1.86614	5.7058	0.0
2016/11/13 15:20:00		3.78901	154.554	29.8229	0.364062	1010.78	164.85	30.8454	13.9271	38.8206	52.748	20.735	2466.04	56.111	32.5583	19.3608	15.44				3.9682	0.0	1.86614	5.7058	0.0
2016/11/13 15:25:00		3.08074	160.647	29.8214	0.361979	1010.79	157.587	30.7659	19.6332	40.9499	60.583	20.6778	2534.38	49.764	35.2392	20.3108	16.2708				3.9682	0.0	1.86614	5.7058	0.0
2016/11/13 15:30:00		2.61408	161.45	29.8245	0.361979	1010.8	126.707	30.705	22.7934	43.6749	66.468	20.8732	2574.17	47.0281	37.63	21.295	16.9658				3.888	0.0	1.9325	5.8621	0.0
2016/11/13 15:35:00		3.07017	165.39	29.8734	0.361979	1010.82	125.519	30.6516	47.4382	50.854	98.292	22.2556	2913.75	184.177	109.907	97.318	92.19				3.888	0.0	1.9325	5.8621	0.0
2016/11/13 15:40:00		3.87353	158.708	29.9937	0.363021	1010.81	108.041	30.5882	30.3912	50.638	81.029	23.2852	3066.25	174.93	79.618	67.434	63.493				3.888	0.0	1.9325	5.8621	0.0
2016/11/13 15:45:00		4.01738	161.979	29.9859	0.36875	1010.78	111.679	30.5211	22.1614	42.2542	64.416	23.1612	3129.79	125.365	67.938	56.731	52.327				4.86087	0.223665	2.43683	7.4829	0.0
2016/11/13 15:50:00		3.65699	161.364	29.8813	0.368229	1010.79	89.068	30.4524	18.0074	39.2999	57.307	22.8562	3077.5	123.34	73.548	60.253	54.197				4.86087	0.223665	2.43683	7.4829	0.0
2016/11/13 15:55:00		3.81006	162.504	29.7792	0.364062	1010.78	75.381	30.3925	21.3172	43.6441	64.961	23.5473	3493.75	174.415	128.515	111.172	100.293				4.86087	0.223665	2.43683	7.4829	0.0
2016/11/13 16:00:00		3.36122	167.143	29.6734	0.361458	1010.81	84.372	30.3404	29.7011	49.5117	79.213	22.3938	3720.63	119.09	65.74	56.1	50.206				12.8147	0.0	3.21704	9.1889	1.64112
2016/11/13 16:05:00		3.61832	162.67	29.5781	0.361458	1010.82	75.688	30.2779	23.2043	41.5148	64.719	21.8504	3754.58	105.382	46.0083	37.3633	34.4125				12.8147	0.0	3.21704	9.1889	1.64112
2016/11/13 16:10:00		3.96502	168.552	29.4797	0.357292	1010.82	63.824	30.2078	19.6779	38.5809	58.259	21.3785	3685.83	93.495	29.7692	22.1317	19.5242				12.8147	0.0	3.21704	9.1889	1.64112
2016/11/13 16:15:00		3.82475	160.234	29.412	0.357812	1010.84	52.099	30.1522	18.2486	37.1192	55.368	21.798	3606.04	86.963	35.9033	27.7842	24.7283				11.2386	0.17945	4.42147	10.5348	1.43734
2016/11/13 16:20:00		3.84156	157.481	29.3224	0.360417	1010.87	50.735	30.0915	21.0469	39.2382	60.285	20.9257	3875.42	76.98	31.5708	23.2033	20.1383				11.2386	0.17945	4.42147	10.5348	1.43734
2016/11/13 16:25:00		3.76223	154.694	29.2865	0.35625	1010.89	48.949	30.011	18.5099	37.1774	55.687	21.45	3698.75	70.398	32.6308	24.3742	20.7825				11.2386	0.17945	4.42147	10.5348	1.43734
2016/11/13 16:30:00		2.57704	160.728	29.2188	0.358854	1010.95	41.6281	29.9377	23.0636	38.9952	62.059	21.0496	3873.96	67.476	33.1958	25.3308	21.6717				6.7229	0.0	2.97672	8.3217	0.377793
2016/11/13 16:35:00		3.00953	160.803	29.1448	0.357812	1011.02	36.4729	29.8671	17.2391	31.8165	49.0555	20.7493	3873.33	68.297	30.1075	22.48	19.72				6.7229	0.0	2.97672	8.3217	0.377793
2016/11/13 16:40:00		3.18737	159.159	29.0589	0.357292	1011.06	27.3583	29.7906	23.7068	37.1945	60.901	20.6826	3944.79	55.111	51.107	35.4933	17.5783				6.7229	0.0	2.97672	8.3217	0.377793
2016/11/13 16:45:00		3.01075	160.3	28.9823	0.360938	1011.07	17.5583	29.7264	20.8839	35.3493	56.233	20.3203	3918.54	57.05	27.4517	19.8317	17.0883				6.559	0.248055	2.97672	8.8572	0.366751
2016/11/13 16:50:00		3.36334	163.333	28.863	0.361458	1011.1	13.3802	29.6711	19.0503	35.0002	54.05	20.2679	3716.25	53.35	29.0217	21.2167	17.7833				6.559	0.248055	2.97672	8.8572	0.366751
2016/11/13 16:55:00		2.28346	160.49	28.749	0.359896	1011.15	7.5031	29.647	17.9605	33.4357	51.396	20.0963	3569.79	57.918	28.775	21.2833	18.2617				6.559	0.248055	2.97672	8.8572	0.366751
2016/11/13 17:00:00		1.94145	156.866	28.6307	0.357812	1011.18	2.01979	29.8215	15.3363	33.422	48.7583	20.0343	3598.54	65.111	31.445	22.4667	18.665				6.1371	0.239294	2.96677	9.2221	0.322821
2016/11/13 17:05:00		2.35586	157.985	28.5109	0.364583	1011.19	1.08646	30.047	18.3759	34.0964	52.472	20.1153	3641.04	65.029	32.0017	22.645	19.1033				6.1371	0.239294	2.96677	9.2221	0.322821
2016/11/13 17:10:00		1.52593	160.216	28.4156	0.357812	1011.2	1.1375	30.145	18.1726	34.2641	52.437	20.3394	3576.25	57.5	36.2642	25.8708	21.1108				6.1371	0.239294	2.96677	9.2221	0.322821
2016/11/13 17:15:00		2.20337	161.302	28.3125	0.363021	1011.22	1.09375	30.1573	16.9153	37.8141	54.729	20.4156	3491.67	53.361	35.715	26.7333	22.7517				4.57843	0.0	2.56102	7.0137	0.0
2016/11/13 17:20:00		2.68874	150.58	28.3104	0.357292	1011.25	1.05	30.0478	26.9385	39.1595	66.098	20.6349	3832.5	48.0782	39.21	27.7158	23.2617				4.57843	0.0	2.56102	7.0137	0.0
2016/11/13 17:25:00		2.77961	159.601	28.2188	0.366146	1011.28	1.06458	29.8975	18.5925	36.1607	54.753	19.9914	3943.54	53.293	37.8975	27.5067	23.14				4.57843	0.0	2.56102	7.0137	0.0
2016/11/13 17:30:00		2.27198	154.771	28.1823	0.360417	1011.33	1.10104	29.8797	17.3977	33.9629	51.361	19.958	3984.38	58.186	37.6792	27.3175	23.265				6.0325	0.258543	3.26349	9.4164	0.323816
2016/11/13 17:35:00		2.11917	146.847	28.1104	0.364062	1011.37	1.10104	29.5058	21.8844	34.473	56.357	19.7435	4089.79	50.185	39.8542	28.2792	23.6925				6.0325	0.258543	3.26349	9.4164	0.323816
2016/11/13 17:40:00		2.13894	153.493	28.0464	0.360417	1011.39	1.18125	28.9562	23.153	35.6198	58.773	19.2001	4126.46	49.0247	45.6733	32.165	23.205				6.0325	0.258543	3.26349	9.4164	0.323816
2016/11/13 17:45:00		2.02356	153.429	28.0016	0.361979	1011.43	1.15937	28.4571	21.2234	35.1234	56.347	18.671	4223.75	48.4961	39.9442	27.8517	22.915				7.3855	0.291653	4.67554	12.4351	0.398218
2016/11/13 17:50:00		2.10423	143.056	27.9031	0.360417	1011.47	1.18125	27.9556	33.3861	33.9321	67.318	18.3278	4542.71	44.7816	43.2367	30.1975	24.6342				7.3855	0.291653	4.67554	12.4351	0.398218
2016/11/13 17:55:00		2.16161	147.341	27.8714	0.361458	1011.5	1.17396	27.4796	28.3745	31.7617	60.136	18.0132	4747.92	47.171	44.7692	31.4267	26.0217				7.3855	0.291653	4.67554	12.4351	0.398218
2016/11/13 18:00:00		2.19443	147.495	27.7849	0.365625	1011.55	1.18125	27.1019	32.6335	31.1489	63.782	17.8035	4811.88	47.0174	49.5683	35.47	27.0042				7.7934	0.356515	5.2756	13.5867	0.396417
2016/11/13 18:05:00		2.31466	143.556	27.6984	0.363542	1011.64	1.18854	26.7499	29.911	28.6567	58.568	17.3554	4898.13	47.146	44.5733	31.6625	26.8725				7.7934	0.356515	5.2756	13.5867	0.396417
2016/11/13 18:10:00		2.03241	153.553	27.6036	0.363021	1011.71	1.14479	26.4532	31.4297	29.4681	60.898	17.3364	4915.0	48.4532	43.3733	32.35	27.88				7.7934	0.356515	5.2756	13.5867	0.396417
2016/11/13 18:15:00		2.53217	145.349	27.5021	0.363542	1011.77	1.1375	26.293	26.9117	28.9409	55.853	17.2744	4908.96	51.657	44.3442	32.4467	28.1742				7.7934	0.356515	5.2756	13.5867	0.396417
2016/11/13 18:20:00		2.42965	145.163	27.4203	0.360417	1011.79	1.18854	26.2159	24.6225	28.5951	53.218	16.8788	4969.17	55.739	45.1817	33.3842	28.5208				7.7934	0.356515	5.2756	13.5867	0.396417
2016/11/13 18:25:00		2.17225	152.096	27.3214	0.366146	1011.85	1.21771	26.1485	30.3912	26.8184	57.21	16.7215	4900.42	53.361	45.1717	33.2658	28.335				7.7934	0.356515	5.2756	13.5867	0.396417
2016/11/13 18:30:00		1.91572	155.327	27.2984	0.367708	1011.94	1.21042	26.1582	43.445	26.2262	69.671	17.2315	5205.6	52.996	46.6133	33.7017	28.77				7.0995	0.279643	3.22841	9.8097	0.365187
2016/11/13 18:35:00		1.74066	160.54	27.2547	0.363021	1012.01	1.21042	26.1386	40.8186	25.4627	66.281	17.3125	5405.8	53.575	43.6892	33.3917	28.6125				7.0995	0.279643	3.22841	9.8097	0.365187
2016/11/13 18:40:00		2.15159	162.242	27.1938	0.360417	1012.03	1.21042	26.0811	43.6058	23.6244	67.23	17.1409	5742.5	52.932	44.4867	33.1067	28.055				7.0995	0.279643	3.22841	9.8097	0.365187
2016/11/13 18:45:00		2.35243	155.002	27.1719	0.365104	1012.07	1.15937	26.0986	35.6217	23.7408	59.362	17.1219	5662.1	52.718	41.8383	31.9083	27.415				6.7195	0.265576	3.25212	9.8287	0.399355
2016/11/13 18:50:00		2.26061	156.667	27.0927	0.364062	1012.1	1.16667	26.0739	37.6339	22.9226	60.557	17.2077	5541.3	52.396	42.2592	31.4533	27.0367				6.7195	0.265576	3.25212	9.8287	0.399355
2016/11/13 18:55:00		1.93275	148.903	27.0318	0.361979	1012.23	1.18125	26.0298	44.9414	21.1083	66.05	17.0408	5405.0	52.846	42.4183	31.925	27.6783				6.7195	0.265576	3.25212	9.8287	0.399355
2016/11/13 19:00:00		1.98233	154.361	26.9922	0.366146	1012.33	1.21042	26.0344	48.6018	18.6777	67.28	17.5413	5378.8	52.932	49.1633	35.9442	30.075				6.5939	0.27442	3.30804	10.6296	0.407696
2016/11/13 19:05:00		2.84113	151.489	26.913	0.361979	1012.4	1.16667	25.9966	50.77	18.1608	68.931	17.222	5359.8	53.943	47.0958	36.0433	30.9825				6.5939	0.27442	3.30804	10.6296	0.407696
2016/11/13 19:10:00		2.08858	148.853	26.8687	0.368229	1012.46	1.10833	25.9378	47.2238	16.6374	63.861	16.9169	5340.2	53.854	46.5117	35.3358	30.2892				6.5939	0.27442	3.30804	10.6296	0.407696
2016/11/13 19:15:00		2.35308	148.031	26.7839	0.365104	1012.55	1.15937	25.9496	36.4949	17.1612	53.656	16.7787	5027.5	53.875	46.1333	34.8458	30.2892				5.9732	0.246615	2.95681	9.2932	0.440395
2016/11/13 19:20:00		2.45697	143.725	26.6938	0.369792	1012.54	1.23958	25.9573	44.7873	14.1384	58.926	16.7215	4972.08	60.29	45.3117	34.9558	29.9658				5.9732	0.246615	2.95681	9.2932	0.440395
2016/11/13 19:25:00		2.28761	154.97	26.6302	0.3625	1012.59	1.1375	26.2006	39.4161	16.3498	55.766	16.7215	5108.1	81.705	42.405	31.685	27.4075				5.9732	0.246615	2.95681	9.2932	0.440395
2016/11/13 19:30:00		2.58877	146.17	26.5505	0.366146	1012.61	1.11563	26.4957	32.2605	16.7743	49.0348	17.098	4810.63	94.424	42.0517	31.2875	26.385				5.5095	0.192365	2.54017	7.7577	0.361443
2016/11/13 19:35:00		2.22927	147.585	26.4797	0.363021	1012.65	1.15937	26.7676	38.7595	15.6823	54.442	17.0027	4700.63	105.1	41.2417	31.0633	26.225				5.5095	0.192365	2.54017	7.7577	0.361443
2016/11/13 19:40:00		1.92289	147.303	26.4057	0.366667	1012.68	1.15208	26.9918	54.384	11.1361	65.52	17.4365	4756.88	103.564	41.4667	31.08	25.8983				5.5095	0.192365	2.54017	7.7577	0.361443
2016/11/13 19:45:00		1.95971	150.945	26.3646	0.3625	1012.75	1.08646	27.0568	40.1419	15.1277	55.27	17.794	4765.0	60.872	39.6958	30.3375	25.4775				4.32039	0.180972	2.32355	6.9568	0.302348
2016/11/13 19:50:00		1.82626	151.764	26.3234	0.363542	1012.85	1.13021	26.995	44.9101	14.3506	59.261	17.8273	4928.33	50.603	40.4417	30.38	25.19				4.32039	0.180972	2.32355	6.9568	0.302348
2016/11/13 19:55:00		1.82038	157.918	26.2391	0.36875	1012.9	1.09375	26.842	74.37	5.3781	79.748	18.0847	5154.4	48.0032	41.3017	30.765	25.5083				4.32039	0.180972	2.32355	6.9568	0.302348
2016/11/13 20:00:00		2.57705	149.257	26.2005	0.364583	1012.89	1.10104	26.7418	54.475	9.3423	63.818	17.6367	5072.1	47.3603	40.8267	30.4317	24.8683				5.4746	0.232631	2.76674	8.5065	0.331114
2016/11/13 20:05:00		2.20936	147.724	26.1245	0.363021	1012.93	1.07917	26.5824	47.7107	8.3016	56.012	17.4317	4998.96	47.446	39.9983	29.9517	24.905				5.4746	0.232631	2.76674	8.5065	0.331114
2016/11/13 20:10:00		2.05275	158.034	26.0578	0.367188	1013.03	1.14479	26.4965	66.2	5.0802	71.281	18.7139	5031.3	62.168	44.7608	33.6767	28.2675				5.4746	0.232631	2.76674	8.5065	0.331114
2016/11/13 20:15:00		1.65667	159.077	26.0208	0.367708	1013.08	1.17396	26.708	63.029	5.7067	68.736	17.7892	5186.3	79.073	41.3542	31.6658	26.0317				6.0709	0.245258	2.87196	9.3406	0.330119
2016/11/13 20:20:00		2.433	156.913	25.9453	0.364062	1013.12	1.1375	26.9421	55.224	8.1715	63.395	17.527	5171.9	87.599	38.8542	29.8367	25.1367				6.0709	0.245258	2.87196	9.3406	0.330119
2016/11/13 20:25:00		1.27094	167.569	25.9167	0.367188	1013.15	1.19583	27.1639	51.431	8.5446	59.976	17.4555	5132.1	94.217	42.3742	31.9817	26.27				6.0709	0.245258	2.87196	9.3406	0.330119
2016/11/13 20:30:00		2.10909	162.142	25.8542	0.363542	1013.16	1.12292	27.3252	62.569	7.1479	69.717	18.9475	5242.1	81.273	39.6683	31.4292	26.4717				5.3456	0.239459	2.53874	8.2838	0.33301
2016/11/13 20:35:00		1.90703	159.567	25.8177	0.363021	1013.19	1.07917	27.268	55.967	7.1719	63.139	18.0085	5189.0	51.268	40.3625	30.2592	25.5242				5.3456	0.239459	2.53874	8.2838	0.33301
2016/11/13 20:40:00		1.9005	163.537	25.7927	0.360417	1013.17	1.15208	27.1438	51.878	8.4146	60.293	17.8941	5186.3	47.1781	41.1458	31.11	25.585				5.3456	0.239459	2.53874	8.2838	0.33301
2016/11/13 20:45:00		2.6571	156.246	25.7177	0.366146	1013.15	1.15208	27.045	55.778	5.3062	61.084	17.9084	5052.5	45.9888	40.1192	30.3283	24.6742				5.8826	0.28063	2.94354	9.606	0.344715
2016/11/13 20:50:00		1.81284	149.636	25.701	0.368229	1013.16	1.13021	26.8559	43.1123	7.7778	50.89	17.6128	4737.29	44.8816	38.7708	30.4483	25.395				5.8826	0.28063	2.94354	9.606	0.344715
2016/11/13 20:55:00		1.74095	147.737	25.6219	0.36875	1013.2	1.21042	26.7926	51.677	6.987	58.664	17.6081	4701.88	62.876	41.3667	32.2133	27.2167				5.8826	0.28063	2.94354	9.606	0.344715
2016/11/13 21:00:00		1.36887	146.887	25.625	0.365625	1013.2	1.1375	26.9738	49.1825	5.3746	54.557	17.5795	4706.88	75.948	41.2342	31.9083	26.5517				5.6245	0.204005	2.66341	8.4591	0.31429
2016/11/13 21:05:00		1.30152	163.606	25.5271	0.360938	1013.23	1.18854	27.1853	62.317	3.32063	65.637	17.8416	4833.75	83.763	41.7625	31.5467	25.6625				5.6245	0.204005	2.66341	8.4591	0.31429
2016/11/13 21:10:00		1.15153	161.78	25.5271	0.359896	1013.21	1.1375	27.38	72.612	1.40699	74.019	18.0514	4960.83	89.542	40.3358	31.2825	25.6208				5.6245	0.204005	2.66341	8.4591	0.31429
2016/11/13 21:15:00		1.86717	155.728	25.4667	0.358333	1013.22	1.16667	27.4807	55.152	4.21755	59.37	17.7415	4998.75	71.819	41.2408	31.2558	25.6692				4.74232	0.197095	2.2259	7.0943	0.283771
2016/11/13 21:20:00		2.0267	138.315	25.4312	0.364583	1013.25	1.15937	27.4026	58.225	3.59792	61.823	17.7511	4932.29	49.0604	38.635	30.5592	26.1208				4.74232	0.197095	2.2259	7.0943	0.283771
2016/11/13 21:25:00		2.17372	156.192	25.4094	0.358333	1013.25	1.18125	27.2581	56.637	2.31417	58.951	17.8273	4733.13	46.7424	42.5325	32.0542	27.2517				4.74232	0.197095	2.2259	7.0943	0.283771
2016/11/13 21:30:00		2.06548	157.041	25.3349	0.360417	1013.19	1.14479	27.1207	60.327	0.6162	60.943	17.732	4602.71	46.0566	41.015	32.0275	27.9058				6.2417	0.343147	2.87955	9.568	0.418596
2016/11/13 21:35:00		2.46866	157.516	25.3323	0.356771	1013.2	1.11563	26.9346	46.6074	3.19739	49.8048	17.5699	4340.63	46.053	38.5592	32.1675	27.8125				6.2417	0.343147	2.87955	9.568	0.418596
2016/11/13 21:40:00		1.95335	152.492	25.2365	0.360938	1013.17	1.15937	26.8519	44.4344	4.18331	48.6177	17.3697	4206.04	64.433	41.21	32.3	27.8242				6.2417	0.343147	2.87955	9.568	0.418596
2016/11/13 21:45:00		2.26702	148.272	25.1833	0.359896	1013.2	1.15208	27.0463	46.7079	4.32367	51.032	17.3793	4122.5	76.937	41.0725	32.5733	28.32				4.87134	0.0	2.20789	7.0564	0.381252
2016/11/13 21:50:00		2.22827	159.041	25.1318	0.358333	1013.21	1.1375	27.2305	48.4723	4.13196	52.604	17.7225	3891.46	86.556	43.6542	34.0317	29.0967				4.87134	0.0	2.20789	7.0564	0.381252
2016/11/13 21:55:00		1.73143	147.806	25.0458	0.357812	1013.24	1.19583	27.4211	44.651	6.8877	51.539	17.6128	3858.54	93.074	45.9125	34.9042	28.99				4.87134	0.0	2.20789	7.0564	0.381252
2016/11/13 22:00:00		1.74405	155.465	25.0203	0.363021	1013.22	1.07917	27.5797	51.146	5.7238	56.869	17.6939	3958.75	92.795	47.5542	35.3767	28.9708				3.66484	0.0	1.741	5.3882	0.318034
2016/11/13 22:05:00		1.73323	154.386	25.0271	0.359375	1013.18	1.13021	27.5204	54.58	5.7238	60.304	17.7987	4223.75	53.307	43.625	33.8375	28.8225				3.66484	0.0	1.741	5.3882	0.318034
2016/11/13 22:10:00		1.95039	148.841	24.9349	0.359896	1013.18	1.15937	27.3891	58.279	3.4473	61.726	17.9894	4261.46	47.8353	46.5858	35.6883	30.0983				3.66484	0.0	1.741	5.3882	0.318034
2016/11/13 22:15:00		1.72086	147.751	24.9307	0.359896	1013.2	1.17396	27.2726	55.809	3.41991	59.229	17.7177	4265.83	46.9638	48.15	36.4742	31.135				4.36921	0.174227	1.85808	6.1038	0.353529
2016/11/13 22:20:00		1.62306	143.96	24.9302	0.361979	1013.18	1.1375	27.0627	53.694	2.75921	56.453	17.7654	4336.67	47.2781	47.1217	37.4025	32.5967				4.36921	0.174227	1.85808	6.1038	0.353529
2016/11/13 22:25:00		1.52103	153.776	24.9286	0.360938	1013.17	1.20313	27.0082	48.2646	5.4157	53.68	17.5842	4417.71	70.144	46.32	38.825	34.1125				4.36921	0.174227	1.85808	6.1038	0.353529
2016/11/13 22:30:00		1.67644	139.492	24.8578	0.358333	1013.18	1.11563	27.1609	48.6889	4.98437	53.673	17.5652	4399.17	79.337	49.765	39.9808	34.8842				5.3491	0.218853	1.95952	7.2791	0.34571
2016/11/13 22:35:00		1.62993	157.679	24.8281	0.360417	1013.2	1.17396	27.3325	42.6343	6.6789	49.3132	17.4317	4269.58	87.902	50.613	41.91	36.8817				5.3491	0.218853	1.95952	7.2791	0.34571
2016/11/13 22:40:00		2.08994	153.149	24.8302	0.357812	1013.24	1.14479	27.4793	41.033	8.4659	49.4989	17.7082	4192.08	95.842	51.062	43.1492	38.6425				5.3491	0.218853	1.95952	7.2791	0.34571
2016/11/13 22:45:00		1.53442	165.709	24.8323	0.360417	1013.28	1.14479	27.6286	38.9471	9.5203	48.4674	17.651	4038.54	95.156	50.133	42.7833	38.1417				5.0178	0.214616	2.00691	6.8621	0.306187
2016/11/13 22:50:00		1.79725	147.695	24.8312	0.359896	1013.22	1.15208	27.5411	33.1896	9.7497	42.9392	17.8655	3877.29	57.5	47.8567	40.8825	36.5992				5.0178	0.214616	2.00691	6.8621	0.306187
2016/11/13 22:55:00		1.79825	154.691	24.8318	0.358854	1013.15	1.19583	27.3872	34.7216	9.2909	44.0126	17.8321	3823.13	50.636	46.9017	38.795	34.0033				5.0178	0.214616	2.00691	6.8621	0.306187
2016/11/13 23:00:00		1.35607	154.843	24.8036	0.359375	1013.08	1.14479	27.2656	28.6849	9.2327	37.9177	17.9227	3715.63	48.839	44.1333	37.6733	33.5683				4.40757	0.181136	1.8467	6.445	0.316139
2016/11/13 23:05:00		1.08399	152.118	24.7323	0.357292	1013.08	1.06458	27.1145	30.753	8.0859	38.8389	17.7987	3565.42	57.065	46.6017	37.8933	32.295				4.40757	0.181136	1.8467	6.445	0.316139
2016/11/13 23:10:00		1.12911	146.297	24.7339	0.361979	1013.02	1.09375	27.188	32.7049	11.0916	43.7965	17.5127	3620.0	74.609	44.4583	36.365	31.5208				4.40757	0.181136	1.8467	6.445	0.316139
2016/11/13 23:15:00		1.06522	144.806	24.7333	0.358854	1012.96	1.1375	27.3636	29.4934	10.2186	39.7121	17.3745	3529.17	83.991	44.0767	36.0067	31.3217				4.06933	0.170237	1.66611	5.5588	0.283487
2016/11/13 23:20:00		1.49165	135.742	24.7344	0.358333	1012.92	1.13021	27.5236	42.1296	8.3221	50.452	17.6033	3435.21	90.924	43.5583	35.3117	30.7583				4.06933	0.170237	1.66611	5.5588	0.283487
2016/11/13 23:25:00		1.8521	137.014	24.7344	0.361458	1012.86	1.11563	27.6681	35.2509	10.7767	46.0276	17.6462	3336.04	96.049	41.6417	34.37	30.3467				4.06933	0.170237	1.66611	5.5588	0.283487
2016/11/13 23:30:00		1.47951	149.854	24.7302	0.358854	1012.83	1.15208	27.6117	29.9043	11.475	41.3793	17.6939	3110.0	49.7319	40.4733	34.4517	30.11				3.51489	0.0	1.48931	4.6826	0.260313
2016/11/13 23:35:00		1.40106	141.88	24.7365	0.364583	1012.72	1.11563	27.5005	28.8033	10.2803	39.0836	17.6748	2904.58	42.835	41.0958	34.5508	30.4875				3.51489	0.0	1.48931	4.6826	0.260313
2016/11/13 23:40:00		1.45049	139.574	24.7172	0.360417	1012.61	1.12292	27.3217	31.653	9.3971	41.0501	17.7558	2802.29	41.4813	41.9133	34.5742	29.9925				3.51489	0.0	1.48931	4.6826	0.260313
2016/11/13 23:45:00		1.41609	130.425	24.626	0.360417	1012.58	1.13021	27.1811	33.6608	8.6645	42.3253	17.794	2548.75	43.2243	43.0475	34.8317	29.9358				3.75899	0.0	1.68223	5.5541	0.326043
2016/11/13 23:50:00		1.32263	130.993	24.625	0.361979	1012.58	1.10833	27.0887	36.0549	11.4682	47.5231	17.5509	2509.58	42.5743	41.5742	34.0867	29.1417				3.75899	0.0	1.68223	5.5541	0.326043
2016/11/13 23:55:00		1.13701	132.088	24.626	0.356771	1012.52	1.10833	27.0074	36.6557	9.8215	46.4773	17.813	2427.92	42.2921	40.7467	33.66	29.0508				3.75899	0.0	1.68223	5.5541	0.326043
2016/11/14 00:00:00		1.43542	140.09	24.6276	0.359375	1012.5	1.04271	26.962	33.4888	10.6911	44.1799	17.67	2313.54	42.3885	40.91	33.4067	28.5633				2.90049	0.0	1.3054	3.87224	0.281117
