-- 1st mean values --
Format: XTAB(V:1;HEAD:2;COL:TCFFFFFFFFFFFFFFFFFFFFFFFF)
StartTime: 2016/11/15 00:00:00
EndTime: 2016/11/16 00:00:00
Period: 24 h
Station: Gia Lam

Time	MeasPt	Wind Spd.	Wind Dir.	Temp	RH	Barometer	Radiation	InnerTemp	NO	NO2	NOx	SO2	CO	O3	PM-10	PM-2.5	PM-1	CH4	NMHC	THC	BENZEN	TOLUEN	ETHYL BENZEN	MP-XYLEN	O-XYLEN
		m/s	degree	°C	%	hPa	W/m²	°C	µg/m3	µg/m3	µg/m3	µg/m3	µg/m3	µg/m3	µg/m3	µg/m3	µg/m3	ppm	ppmC	ppmC	ug/m3	ug/m3	ug/m3	ug/m3	ug/m3
2016/11/15 00:05:00		1.73631	144.051	25.5297	0.357292	1013.35	1.16667	27.0455	23.3026	9.7565	33.0591	17.9227	1291.04	36.2453	28.3292	22.8992	18.715				2.77984	0.0	6.6502	6.4735	0.28415
2016/11/15 00:10:00		1.54147	144.009	25.5151	0.359896	1013.38	1.08646	27.0146	28.8859	7.9045	36.7904	17.9751	1256.46	35.1452	29.4467	23.0583	18.5525				2.77541	0.0	6.632	6.4544	0.283627
2016/11/15 00:15:00		1.90674	134.216	25.4328	0.360417	1013.36	1.13021	27.0074	22.6996	7.634	30.3336	17.8035	1195.83	36.2381	26.5725	21.88	17.925				2.51413	0.0	5.56	5.3314	0.252778
2016/11/15 00:20:00		1.92166	136.686	25.4318	0.357812	1013.35	1.07187	26.9931	22.4249	7.6957	30.1206	17.5652	1113.96	35.0595	26.035	21.0425	17.5992				2.51413	0.0	5.56	5.3314	0.252778
2016/11/15 00:25:00		1.58234	136.98	25.4323	0.357292	1013.32	1.08646	26.9633	20.933	7.8531	28.7862	17.6748	1096.88	34.888	27.5992	22.0358	17.7142				2.50825	0.0	5.5246	5.313	0.252908
2016/11/15 00:30:00		1.78055	136.733	25.4245	0.355208	1013.34	1.10104	26.9577	21.2256	8.1338	29.3594	17.6986	1016.04	34.1844	25.8783	21.2517	17.4017				2.16124	0.0	3.43508	4.22813	0.26055
2016/11/15 00:35:00		2.44953	135.412	25.3344	0.354167	1013.33	1.04271	26.9518	18.9722	8.5857	27.5579	17.7415	974.38	33.8701	25.5875	20.685	17.0875				2.16124	0.0	3.43508	4.22813	0.26055
2016/11/15 00:40:00		2.13381	136.565	25.3375	0.359375	1013.34	1.16667	26.9204	20.9755	7.5758	28.5513	17.5413	896.25	33.5308	23.3158	19.3467	16.3492				2.17743	0.0	3.41007	4.23183	0.260104
2016/11/15 00:45:00		2.00047	139.558	25.3344	0.360938	1013.34	1.16667	26.8889	16.1224	8.5686	24.691	17.6939	781.46	33.7272	23.105	19.11	16.2				3.13237	0.0	1.93487	4.44992	0.233775
2016/11/15 00:50:00		1.76223	136.739	25.3365	0.355729	1013.35	1.13021	26.8728	15.611	9.3868	24.9978	17.5366	741.25	33.6237	22.815	19.3483	15.9983				3.13237	0.0	1.93487	4.44992	0.233775
2016/11/15 00:55:00		2.43175	137.234	25.3344	0.355208	1013.37	1.07917	26.8363	13.4156	8.4488	21.8644	17.5747	661.67	34.4309	24.8933	20.1067	16.195				3.112	0.0	1.92165	4.42382	0.229879
2016/11/15 01:00:00		1.87364	141.129	25.3276	0.358333	1013.37	1.09375	26.8401	15.4279	8.1749	23.6028	17.5032	584.38	33.5379	23.2767	19.5967	16.1717				1.90983	0.0	1.14187	2.88368	0.0
2016/11/15 01:05:00		2.13643	137.255	25.2344	0.359375	1013.39	1.15208	26.8218	15.7785	9.4929	25.2714	17.5127	547.5	33.3915	24.8542	20.1117	16.6767				1.90983	0.0	1.14187	2.88368	0.0
2016/11/15 01:10:00		1.74555	146.61	25.238	0.357812	1013.39	1.12292	26.7859	14.0008	8.9794	22.9802	17.4365	518.75	33.6022	25.4575	20.3025	16.5808				1.90099	0.0	1.13696	2.87072	0.0
2016/11/15 01:15:00		1.7073	154.094	25.2385	0.361458	1013.37	1.10104	26.7716	12.8439	8.0722	20.9161	17.4031	448.125	33.5737	25.0508	19.9925	16.3808				1.37946	0.0	0.84751	2.10601	0.0
2016/11/15 01:20:00		1.97471	145.758	25.2354	0.359375	1013.34	1.21042	26.7513	15.4547	10.6021	26.0567	17.3459	415.417	33.6844	23.9567	19.6217	16.1592				1.37946	0.0	0.84751	2.10601	0.0
2016/11/15 01:25:00		2.25329	130.789	25.2245	0.360417	1013.25	1.14479	26.7153	13.2146	10.1365	23.3511	17.3173	383.75	33.2593	22.9483	19.3658	16.1883				1.37681	0.0	0.84856	2.10708	0.0
2016/11/15 01:30:00		2.68982	142.237	25.1318	0.359375	1013.17	1.08646	26.6914	10.691	8.1099	18.8008	17.1552	324.167	34.1773	23.2942	19.8858	16.49				1.22045	0.0	0.91055	2.16999	0.0
2016/11/15 01:35:00		2.28527	137.323	25.1307	0.357812	1013.12	1.16667	26.6535	12.2498	9.1608	21.4107	17.1838	324.792	33.0058	25.4467	20.9542	16.7517				1.22045	0.0	0.91055	2.16999	0.0
2016/11/15 01:40:00		2.27338	141.432	25.1016	0.357292	1013.09	1.14479	26.6261	12.1069	9.5066	21.6135	17.4508	308.125	32.9379	25.1792	21.085	16.8625				1.22062	0.0	0.90817	2.16422	0.0
2016/11/15 01:45:00		1.73611	139.949	25.0266	0.355729	1013.08	1.14479	26.6073	13.8221	9.9551	23.7772	17.2887	275.833	32.2272	27.0558	21.8908	17.4542				1.23056	0.0	0.76741	1.82404	0.0
2016/11/15 01:50:00		2.49174	154.595	25.026	0.355729	1013.07	1.07917	26.6466	11.5508	10.8246	22.3754	17.0647	259.792	37.9775	26.3333	21.8517	17.6542				1.23056	0.0	0.76741	1.82404	0.0
2016/11/15 01:55:00		1.84441	148.198	25.026	0.358854	1013.01	1.1375	26.872	10.5838	9.3217	19.9055	17.1838	371.875	51.3	23.8825	20.8875	17.48				1.23005	0.0	0.76945	1.82711	0.0
2016/11/15 02:00:00		1.77532	143.867	25.0286	0.355729	1012.97	1.09375	27.0903	11.3565	7.812	19.1686	17.1409	415.833	44.1958	24.7917	21.0467	17.6142				1.19988	0.0	0.89017	2.00839	0.0
2016/11/15 02:05:00		2.25526	144.73	25.0151	0.361458	1012.97	1.14479	27.1496	10.988	10.7595	21.7475	17.3507	350.625	36.5239	25.7	21.5917	17.6733				1.19988	0.0	0.89017	2.00839	0.0
2016/11/15 02:10:00		2.30867	145.211	24.9307	0.358333	1012.95	1.16667	27.1105	10.8205	10.5302	21.3507	17.4079	322.917	33.9451	25.6042	21.4358	17.6308				1.19562	0.0	0.88793	2.00984	0.0
2016/11/15 02:15:00		1.86702	149.238	24.9302	0.356771	1012.96	1.06458	26.9974	10.9188	10.5404	21.4592	17.4698	231.458	31.6485	25.0767	21.2242	17.6117				0.94463	0.0	0.75556	2.09559	0.0
2016/11/15 02:20:00		1.56102	140.889	24.9271	0.358854	1012.94	1.11563	26.8948	9.9294	9.9756	19.905	17.1886	180.625	31.6235	26.2458	21.9908	18.26				0.94463	0.0	0.75556	2.09559	0.0
2016/11/15 02:25:00		2.36528	135.615	24.9469	0.360938	1012.9	1.09375	26.8447	10.519	9.7462	20.2652	17.2553	167.917	37.1882	25.88	22.34	18.75				0.9493	0.0	0.75353	2.08824	0.0
2016/11/15 02:30:00		2.51468	134.793	24.9979	0.358854	1012.89	1.12292	27.0847	11.7652	10.0543	21.8195	17.2601	331.042	49.0747	27.9925	23.2208	19.3792				1.22463	0.0	0.63374	1.65486	0.0
2016/11/15 02:35:00		2.37173	131.157	25.0234	0.356771	1012.88	1.06458	27.2508	15.1442	10.3145	25.4587	17.4746	368.75	42.435	28.84	23.8042	19.4717				1.22463	0.0	0.63374	1.65486	0.0
2016/11/15 02:40:00		1.3719	128.553	25.0245	0.357812	1012.89	1.05	27.2796	13.9963	9.9996	23.9959	17.5747	337.708	36.7989	27.0758	23.01	19.5533				1.22381	0.0	0.63445	1.65638	0.0
2016/11/15 02:45:00		1.68351	134.076	25.0224	0.35625	1012.89	1.10833	27.2353	10.7289	10.561	21.2899	17.3411	315.208	34.1916	27.5217	22.9442	19.4375				1.17512	0.0	0.6764	1.74585	0.0
2016/11/15 02:50:00		2.55597	134.309	25.0266	0.356771	1012.9	1.07917	27.1145	10.7982	10.2084	21.0065	17.2458	231.25	32.4807	26.8917	23.1242	19.7117				1.17512	0.0	0.6764	1.74585	0.0
2016/11/15 02:55:00		2.81187	134.376	25.024	0.357812	1012.9	1.10833	26.9953	9.5006	9.3731	18.8737	17.2649	150.625	32.87	26.5475	22.9608	19.7817				1.17707	0.0	0.7053	1.75914	0.0
2016/11/15 03:00:00		2.82993	132.056	25.0255	0.355208	1012.91	1.1375	26.9569	11.0461	8.6816	19.7276	17.2601	150.833	37.8739	26.8683	22.9992	19.86				1.29228	0.0	2.41029	2.54342	0.0
2016/11/15 03:05:00		2.2774	135.68	24.9937	0.355208	1012.97	1.08646	27.151	11.9416	8.2297	20.1713	17.2649	281.875	50.193	26.5033	23.0625	19.78				1.29228	0.0	2.41029	2.54342	0.0
2016/11/15 03:10:00		2.44398	134.344	24.9318	0.355729	1013.02	1.08646	27.3008	11.4101	10.0338	21.4439	17.5366	341.042	42.7957	25.5575	23.025	20.0992				1.28949	0.0	2.41088	2.53975	0.0
2016/11/15 03:15:00		1.99583	141.901	24.9286	0.360938	1013.05	1.1375	27.3556	9.3956	10.1228	19.5184	17.3221	302.5	37.3989	25.91	22.85	20.1				1.12456	0.0	2.44537	2.32306	0.0
2016/11/15 03:20:00		2.05535	131.683	24.926	0.355208	1013.06	1.19583	27.29	16.3458	11.6085	27.9543	17.2744	239.375	32.0878	26.0283	22.8133	20.08				1.12456	0.0	2.44537	2.32306	0.0
2016/11/15 03:25:00		2.85921	130.638	24.8849	0.358854	1013.06	1.13021	27.1467	13.5809	10.0406	23.6215	17.2792	188.125	32.2593	23.4058	21.5342	19.4208				1.12585	0.0	2.42991	2.31753	0.0
2016/11/15 03:30:00		2.40967	131.227	24.8344	0.358854	1013.08	1.11563	27.0288	10.1706	8.4282	18.5988	17.3078	120.833	32.5629	24.5517	22.4117	19.9492				1.20232	0.0	1.51775	1.99133	0.0
2016/11/15 03:35:00		1.93441	150.244	24.8312	0.355208	1013.09	1.11563	26.9547	9.9071	9.13	19.0371	17.3221	160.833	36.0917	25.8225	22.9125	20.2725				1.20232	0.0	1.51775	1.99133	0.0
2016/11/15 03:40:00		1.12814	123.163	24.8276	0.363542	1013.11	1.10833	27.1035	10.9411	10.626	21.5671	17.5413	413.75	48.5889	27.0425	24.0317	21.3				1.20253	0.0	1.53022	1.99636	0.0
2016/11/15 03:45:00		1.55732	133.911	24.8323	0.359375	1013.11	1.1375	27.307	11.7652	10.4617	22.2269	17.2744	556.04	44.5887	23.3808	21.2225	18.8042				1.21487	0.0	2.26619	2.2932	0.0
2016/11/15 03:50:00		1.67748	132.207	24.8323	0.35625	1013.13	1.15937	27.3556	10.854	10.5815	21.4355	17.303	512.71	36.5024	21.9183	20.04	18.0283				1.21487	0.0	2.26619	2.2932	0.0
2016/11/15 03:55:00		1.63344	131.589	24.8328	0.35625	1013.11	1.1375	27.3088	14.5814	11.4339	26.0154	17.3125	531.04	32.245	20.8333	19.3258	17.7767				1.22658	0.0	2.2667	2.31199	0.0
2016/11/15 04:00:00		2.05806	129.746	24.8333	0.358854	1013.12	1.06458	27.188	12.567	12.1049	24.6719	17.2887	487.708	31.1699	21.2783	19.4417	17.6783				1.91715	0.0	2.29653	3.42014	0.0
2016/11/15 04:05:00		1.57507	145.641	24.7995	0.353646	1013.14	1.10833	27.06	11.9528	10.5986	22.5514	17.303	433.542	30.7056	21.7842	20.075	18.2908				1.91715	0.0	2.29653	3.42014	0.0
2016/11/15 04:10:00		1.39349	130.329	24.737	0.358333	1013.16	1.15937	26.9663	12.2923	11.2799	23.5721	17.1981	432.292	34.8773	24.0592	21.6958	19.6458				1.91232	0.0	2.27557	3.40443	0.0
2016/11/15 04:15:00		1.36887	142.095	24.7328	0.357292	1013.17	1.13021	27.1644	13.0538	10.3967	23.4505	17.4937	584.58	48.1496	25.275	23.42	21.33				1.62703	0.0	1.03901	2.47802	0.0
2016/11/15 04:20:00		1.39765	137.127	24.7297	0.357812	1013.15	1.13021	27.3311	12.0756	9.6435	21.7192	17.5413	758.54	43.7101	25.7683	23.5767	21.49				1.62703	0.0	1.03901	2.47802	0.0
2016/11/15 04:25:00		1.7357	126.46	24.7313	0.358333	1013.12	1.10833	27.3354	11.2672	9.1985	20.4657	17.2029	777.08	36.9775	26.5292	24.7617	22.3092				1.62635	0.0	1.04661	2.47894	0.0
2016/11/15 04:30:00		2.33015	132.841	24.7354	0.355208	1013.12	1.07917	27.2726	14.1504	10.4069	24.5573	17.2744	797.08	32.5665	27.3	25.0717	22.7667				1.58624	0.0	1.495	2.533	0.0
2016/11/15 04:35:00		1.79546	130.872	24.7297	0.354688	1013.1	1.15937	27.1311	12.8171	10.8896	23.7067	17.1266	748.75	31.5414	29.5033	26.4025	23.3458				1.58624	0.0	1.495	2.533	0.0
2016/11/15 04:40:00		1.27561	141.0	24.6406	0.360417	1013.11	1.10104	26.9674	18.0922	8.8048	26.897	17.2982	872.92	31.0914	31.3242	27.2283	23.8733				1.59033	0.0	1.51942	2.54982	0.0
2016/11/15 04:45:00		1.43145	124.351	24.6297	0.358854	1013.17	1.18125	27.0297	29.0423	7.6477	36.69	17.2744	1155.83	42.6528	39.8142	30.3908	24.5325				1.83172	0.0	2.9606	3.5424	0.0
2016/11/15 04:50:00		1.98945	124.416	24.6495	0.354167	1013.22	1.08646	27.2315	26.2238	7.747	33.9708	17.3459	1496.46	48.3032	29.18	26.0592	22.955				1.83172	0.0	2.9606	3.5424	0.0
2016/11/15 04:55:00		1.81331	131.08	24.7333	0.361979	1013.25	1.10833	27.3134	22.5098	6.8672	29.377	17.2649	1627.71	39.0883	27.9175	25.5558	22.5958				1.83879	0.0	2.93456	3.53948	0.0
2016/11/15 05:00:00		1.73351	127.14	24.7292	0.363542	1013.27	1.15208	27.3193	19.7002	8.8254	28.5256	17.5509	1655.63	35.9167	28.305	25.8333	22.9				2.25574	0.0	1.3983	3.36706	0.0
2016/11/15 05:05:00		1.5358	136.189	24.7333	0.361458	1013.32	1.06458	27.2313	26.2729	7.8086	34.0816	17.4889	1652.29	31.9843	29.4483	26.3767	23.12				2.25574	0.0	1.3983	3.36706	0.0
2016/11/15 05:10:00		1.55587	137.013	24.7339	0.356771	1013.37	1.10833	27.0653	27.3695	6.833	34.2025	17.5127	1606.04	31.5521	29.2358	26.4433	23.155				2.26567	0.0	1.4025	3.37971	0.004636
2016/11/15 05:15:00		1.29183	146.693	24.7302	0.359375	1013.42	1.05729	26.9512	53.301	0.99961	54.3	17.5366	1662.29	31.645	31.6992	27.9292	23.8083				2.85167	0.0	1.65047	4.12625	0.278179
2016/11/15 05:20:00		1.54062	133.686	24.7302	0.357812	1013.44	1.10104	27.0264	55.277	0.40053	55.678	17.5509	2035.63	46.3781	32.6667	28.2217	24.0958				2.85167	0.0	1.65047	4.12625	0.278179
2016/11/15 05:25:00		1.32877	119.601	24.7344	0.356771	1013.47	1.06458	27.2305	44.9168	2.11904	47.0358	17.4031	2366.04	50.125	33.7317	28.4692	23.9717				2.84841	0.0	1.67915	4.13702	0.277268
2016/11/15 05:30:00		1.29677	126.234	24.7568	0.35625	1013.5	1.06458	27.5274	58.732	1.19132	59.924	17.4746	2826.04	58.604	34.8042	27.91	23.1025				2.6564	0.0	3.37156	4.77217	0.223491
2016/11/15 05:35:00		1.15068	117.086	24.8344	0.359375	1013.53	1.05729	27.7765	57.167	1.88968	59.056	17.5556	2979.17	58.407	37.5725	28.7208	22.8342				2.6564	0.0	3.37156	4.77217	0.223491
2016/11/15 05:40:00		1.34833	119.013	24.8323	0.355729	1013.56	1.10833	27.9768	58.484	1.96842	60.453	17.6367	3127.29	58.829	43.25	30.9633	23.5042				2.67663	0.003496	3.40014	4.81593	0.224341
2016/11/15 05:45:00		1.38348	108.109	24.8438	0.354167	1013.59	1.16667	28.2128	74.292	0.0	74.292	17.8035	3349.38	60.39	54.702	40.0117	31.7092				3.87057	0.209763	5.086	7.3976	0.274483
2016/11/15 05:50:00		1.31347	92.452	24.9281	0.356771	1013.62	1.12292	28.3988	85.155	0.0	85.155	17.875	3694.38	61.504	64.492	43.575	29.7408				3.87057	0.209763	5.086	7.3976	0.274483
2016/11/15 05:55:00		0.88614	69.243	24.9323	0.353125	1013.64	1.06458	28.553	87.265	0.0	87.265	17.9465	3964.79	61.654	58.212	41.1575	30.3783				3.87708	0.209855	5.0496	7.3918	0.274518
2016/11/15 06:00:00		0.8622	106.1	24.9312	0.355729	1013.73	1.05729	28.7709	79.621	0.0	79.621	18.6424	4092.5	62.047	57.076	40.9642	31.2733				4.26111	0.215275	2.90325	7.0516	0.276568
2016/11/15 06:05:00		1.19209	78.138	24.9281	0.356771	1013.77	1.04271	28.9355	85.217	0.0	85.217	18.4661	4418.96	61.743	57.584	40.4033	31.0658				4.26111	0.215275	2.90325	7.0516	0.276568
2016/11/15 06:10:00		1.2348	112.901	24.9339	0.353646	1013.81	1.07917	29.081	94.369	0.0	94.369	18.8665	4668.13	61.815	55.454	39.87	31.0983				4.28279	0.216563	2.90789	7.0778	0.27835
2016/11/15 06:15:00		1.81055	100.351	25.0313	0.357812	1013.86	1.12292	29.2515	128.122	0.0	128.122	19.1668	5118.5	62.961	57.402	40.3367	31.7042				5.5618	0.292558	3.18149	8.6202	0.38348
2016/11/15 06:20:00		0.94197	110.178	25.0266	0.355729	1013.91	2.61042	29.3868	116.882	0.0	116.882	19.3574	5589.2	62.651	52.828	37.9458	29.695				5.5618	0.292558	3.18149	8.6202	0.38348
2016/11/15 06:25:00		1.245	98.924	25.0333	0.359375	1013.98	12.4177	29.4153	103.848	0.0	103.848	19.3145	5759.4	54.114	51.95	38.05	29.475				5.5618	0.292558	3.18149	8.6202	0.38348
2016/11/15 06:30:00		1.15852	94.074	25.0807	0.359375	1014.08	24.3979	29.1935	140.671	0.0	140.671	19.7197	6275.2	49.389	62.082	42.2908	30.8792				5.5618	0.292558	3.18149	8.6202	0.38348
2016/11/15 06:35:00		0.92544	79.759	25.1422	0.360938	1014.17	39.8417	28.9336	153.128	0.0	153.128	19.7006	6883.3	48.8711	60.129	42.49	31.5592				5.5618	0.292558	3.18149	8.6202	0.38348
2016/11/15 06:40:00		0.91377	66.98	25.1359	0.363542	1014.23	36.4365	28.6238	156.306	0.0	156.306	19.9151	7590.4	49.2676	58.549	41.5475	31.7683				5.6359	0.302536	3.20578	8.7086	0.39674
2016/11/15 06:45:00		1.06103	80.642	25.1422	0.359896	1014.31	38.0917	28.3508	158.886	0.0	158.886	19.8293	7948.1	52.103	61.272	42.64	30.9383				10.0077	0.89129	4.63904	13.9232	1.17906
2016/11/15 06:50:00		0.94233	90.208	25.2036	0.360938	1014.39	43.2833	28.2944	181.662	0.0	181.662	19.7292	8631.5	71.801	63.57	43.0833	31.4533				10.0077	0.89129	4.63904	13.9232	1.17906
2016/11/15 06:55:00		0.8254	80.337	25.2401	0.361979	1014.46	48.0594	28.365	190.106	0.0	190.106	19.6625	8982.3	83.873	62.775	42.7517	31.1133				10.0323	0.89519	4.65478	13.9755	1.18094
2016/11/15 07:00:00		0.91459	91.76	25.2823	0.355208	1014.48	49.0948	28.5315	195.993	0.0	195.993	19.9676	9682.9	88.931	63.415	43.4967	31.8667				11.4827	1.12532	5.5837	17.0651	1.29185
2016/11/15 07:05:00		0.82501	101.184	25.337	0.357812	1014.57	44.45	28.6936	198.93	0.0	198.93	20.4204	10349.6	91.167	56.288	40.3367	31.2133				11.4827	1.12532	5.5837	17.0651	1.29185
2016/11/15 07:10:00		0.73902	84.715	25.3391	0.358854	1014.67	44.3625	28.8515	154.259	0.0	154.259	19.9008	9981.7	85.306	58.875	41.3517	31.59				11.553	1.13131	5.6062	17.1462	1.29498
2016/11/15 07:15:00		0.68008	83.579	25.3776	0.356771	1014.73	53.2	29.0762	184.091	0.0	184.091	20.8589	10611.9	81.116	63.537	43.475	32.875				15.6985	1.4852	6.9346	21.9321	1.47952
2016/11/15 07:20:00		0.82646	100.676	25.4339	0.355208	1014.76	74.426	29.2284	180.364	0.0	180.364	20.7588	11031.9	77.537	63.708	43.6967	32.625				15.6985	1.4852	6.9346	21.9321	1.47952
2016/11/15 07:25:00		0.8494	114.443	25.4932	0.359375	1014.77	62.563	29.1323	174.861	0.0	174.861	20.8351	11749.0	61.072	61.307	43.4475	32.425				15.6655	1.47907	6.9324	21.922	1.47944
2016/11/15 07:30:00		0.79005	125.42	25.5625	0.358854	1014.78	95.01	28.9661	157.81	0.0	157.81	20.2679	11426.3	54.225	62.994	43.6216	32.3442				13.7214	1.11709	6.8019	21.3255	1.47525
2016/11/15 07:35:00		0.60175	146.195	25.6812	0.367708	1014.79	179.557	28.7245	186.503	0.0	186.503	20.6206	11833.1	52.454	64.395	44.0183	31.6633				13.7214	1.11709	6.8019	21.3255	1.47525
2016/11/15 07:40:00		1.18221	85.414	25.799	0.367188	1014.78	169.692	28.4217	170.327	0.0	170.327	20.1582	12419.6	51.3	61.563	42.4675	30.3117				13.7792	1.12347	6.847	21.4243	1.47881
2016/11/15 07:45:00		0.9571	99.249	25.9318	0.366667	1014.79	139.256	28.1851	171.792	0.0	171.792	19.877	13009.2	51.336	55.507	37.9475	27.955				17.1909	1.4996	9.5084	27.254	1.68898
2016/11/15 07:50:00		1.04959	98.028	26.0521	0.366146	1014.83	174.169	27.9765	153.079	0.0	153.079	19.3527	12446.3	59.458	52.212	36.5125	27.3583				17.1909	1.4996	9.5084	27.254	1.68898
2016/11/15 07:55:00		1.18575	100.208	26.176	0.366667	1014.87	189.292	28.0275	180.795	0.0	180.795	20.0581	12841.0	75.841	52.734	36.4742	25.86				17.2394	1.50048	9.5334	27.2887	1.68885
2016/11/15 08:00:00		1.32353	108.712	26.3276	0.370313	1014.92	236.265	28.219	169.858	0.0	169.858	20.3823	13057.1	84.209	51.778	36.185	25.4292				20.0991	1.55266	11.0063	29.3344	1.6814
2016/11/15 08:05:00		1.8417	131.651	26.4557	0.365625	1015.03	282.151	28.4281	168.764	0.0	168.764	20.7636	13276.9	85.252	45.2933	31.0642	21.9917				20.0991	1.55266	11.0063	29.3344	1.6814
2016/11/15 08:10:00		2.24463	140.308	26.6276	0.368229	1015.1	344.684	28.6187	181.304	0.0	181.304	21.0496	12899.4	87.191	48.9633	33.3567	22.2175				20.0808	1.55591	10.9915	29.3169	1.67943
2016/11/15 08:15:00		2.15412	139.603	26.8266	0.365104	1015.17	360.558	28.8563	182.93	0.0	182.93	21.7646	12918.3	86.32	52.258	35.6625	25.6092				19.0042	1.74761	10.1199	28.2824	1.5634
2016/11/15 08:20:00		2.21956	140.221	26.9755	0.361979	1015.23	178.398	28.8687	153.39	0.0	153.39	21.7455	13012.7	65.576	53.147	36.5575	25.8117				19.0042	1.74761	10.1199	28.2824	1.5634
2016/11/15 08:25:00		1.29816	132.894	26.9995	0.367188	1015.27	155.575	28.7336	156.534	0.0	156.534	21.879	13184.0	52.211	47.7817	32.1533	21.4308				18.9124	1.74202	10.1075	28.2406	1.55985
2016/11/15 08:30:00		1.93284	126.242	27.0323	0.365104	1015.33	195.344	28.6316	161.825	0.0	161.825	21.9886	13557.7	47.9853	48.315	32.365	21.5358				13.4982	1.41199	9.3757	25.7802	1.35062
2016/11/15 08:35:00		1.63652	129.349	27.1036	0.365104	1015.41	164.092	28.4616	151.174	0.0	151.174	21.6073	12985.4	46.5995	50.183	33.5817	21.5675				13.4982	1.41199	9.3757	25.7802	1.35062
2016/11/15 08:40:00		1.71161	134.162	27.1151	0.365104	1015.52	118.672	28.22	151.221	0.0	151.221	21.4452	12611.5	45.628	48.4433	32.475	21.59				13.5316	1.41059	9.3591	25.7621	1.34981
2016/11/15 08:45:00		1.7661	154.98	27.0979	0.364062	1015.55	145.396	28.0554	156.61	0.0	156.61	21.2117	12495.8	47.3424	49.425	33.0475	21.955				15.5032	1.32768	8.3756	24.6997	1.30228
2016/11/15 08:50:00		2.54167	147.617	27.1615	0.367188	1015.6	213.274	27.8595	147.804	0.0	147.804	20.5491	12149.6	46.1602	46.1133	31.3458	21.3783				15.5032	1.32768	8.3756	24.6997	1.30228
2016/11/15 08:55:00		2.17638	139.025	27.2016	0.366146	1015.6	291.572	27.6471	129.261	0.0	129.261	20.163	11586.3	44.5923	38.2817	26.3275	19.9783				15.4921	1.32901	8.3708	24.6945	1.30247
2016/11/15 09:00:00		2.10518	141.966	27.1984	0.373437	1015.64	386.232	27.5405	123.016	0.0	123.016	20.1296	10982.5	46.4174	38.3267	26.5417	19.9825				14.8407	1.40747	8.0864	24.3916	1.31365
2016/11/15 09:05:00		1.90664	125.596	27.262	0.364062	1015.67	280.642	27.4511	127.479	0.0	127.479	19.591	10528.8	45.9352	36.9508	25.5158	18.695				14.8407	1.40747	8.0864	24.3916	1.31365
2016/11/15 09:10:00		1.74994	149.514	27.3203	0.365104	1015.7	258.14	27.3365	130.927	0.0	130.927	19.6482	10411.7	45.3959	41.4408	28.0533	20.2642				14.7765	1.39915	8.0577	24.2927	1.31064
2016/11/15 09:15:00		1.74643	138.192	27.3964	0.363542	1015.66	379.903	27.2976	139.577	0.0	139.577	19.5338	10356.9	46.2602	38.325	26.6508	19.6333				10.991	0.90856	6.3611	18.4537	1.13309
2016/11/15 09:20:00		1.97459	159.055	27.4917	0.359896	1015.65	183.991	27.2253	136.774	0.0	136.774	19.5433	10060.4	47.6103	38.8608	26.6008	19.76				10.991	0.90856	6.3611	18.4537	1.13309
2016/11/15 09:25:00		1.94539	159.459	27.5448	0.363021	1015.65	193.309	27.1137	129.156	0.0	129.156	19.1096	10019.2	46.7603	39.5775	27.0175	19.4483				11.0065	0.91281	6.3568	18.474	1.12421
2016/11/15 09:30:00		2.44106	157.495	27.599	0.363542	1015.59	175.386	27.1029	120.113	0.0	120.113	19.0333	10156.9	46.5031	39.7733	27.2583	20.5167				11.9221	1.16357	6.1051	19.6716	0.59996
2016/11/15 09:35:00		2.64811	164.558	27.6109	0.367188	1015.62	235.514	27.0474	102.459	0.0	102.459	18.8903	9866.5	46.7388	43.9708	30.3267	22.8108				11.9221	1.16357	6.1051	19.6716	0.59996
2016/11/15 09:40:00		1.64439	154.719	27.7016	0.365625	1015.59	214.637	26.9792	113.132	0.0	113.132	19.0142	9667.7	48.9568	43.955	31.385	23.89				11.9322	1.16412	6.1095	19.688	0.60563
2016/11/15 09:45:00		1.92315	168.556	27.7979	0.367188	1015.59	207.426	26.9741	99.26	0.0	99.26	18.5471	9376.5	48.2889	43.6758	30.4283	23.8233				12.5323	1.19688	6.3658	20.6573	0.94022
2016/11/15 09:50:00		1.96932	166.167	27.8995	0.370313	1015.54	263.966	26.9389	102.517	0.0	102.517	18.5948	9027.5	48.889	45.0175	31.2792	23.5583				12.5323	1.19688	6.3658	20.6573	0.94022
2016/11/15 09:55:00		2.5524	157.486	28.0	0.369792	1015.51	277.907	26.8962	94.85	0.0	94.85	18.447	8596.0	47.746	40.8583	28.2967	21.8917				12.511	1.1943	6.3537	20.6329	0.93295
2016/11/15 10:00:00		2.45956	139.479	28.0948	0.36875	1015.49	313.469	26.9217	92.884	0.0	92.884	18.7092	8584.8	46.8888	39.21	27.0217	20.085				11.2526	1.04182	5.6406	19.1929	0.50423
2016/11/15 10:05:00		2.07071	156.114	28.2365	0.368229	1015.43	307.614	26.9145	87.64	0.0	87.64	18.9761	8635.6	46.5246	38.065	26.7583	20.4483				11.2526	1.04182	5.6406	19.1929	0.50423
2016/11/15 10:10:00		2.43053	139.461	28.3813	0.365104	1015.38	348.068	26.8916	95.995	0.366297	96.362	18.5471	8541.3	44.853	35.68	24.7942	18.4817				11.2188	1.03141	5.6257	19.1386	0.5037
2016/11/15 10:15:00		1.93097	152.898	28.5026	0.365104	1015.37	321.883	26.9335	71.411	3.12893	74.54	18.2849	7901.9	44.4458	31.5267	22.5083	17.6617				9.2266	0.417058	4.74474	15.9325	0.472573
2016/11/15 10:20:00		2.5156	158.708	28.6	0.369271	1015.33	274.816	26.9572	73.943	2.32444	76.268	18.4756	7428.8	44.3387	34.025	23.975	18.4717				9.2266	0.417058	4.74474	15.9325	0.472573
2016/11/15 10:25:00		2.06266	144.635	28.6286	0.370313	1015.3	255.77	26.944	68.085	5.1555	73.241	18.4041	7159.2	43.8708	34.05	24.2483	18.4817				9.1938	0.415776	4.73276	15.9038	0.471029
2016/11/15 10:30:00		1.70405	141.856	28.7047	0.364062	1015.26	322.751	26.9896	70.098	6.8843	76.982	18.6377	7146.0	44.9601	36.16	25.2	18.435				7.2599	0.340145	4.02615	14.2075	0.379973
2016/11/15 10:35:00		2.10094	138.555	28.7661	0.3625	1015.25	285.848	27.0254	74.462	6.8261	81.288	18.3421	7094.6	44.2958	34.82	24.4417	17.9992				7.2599	0.340145	4.02615	14.2075	0.379973
2016/11/15 10:40:00		1.89514	161.91	28.8385	0.368229	1015.21	248.077	27.0313	89.213	2.81056	92.023	18.8569	7274.4	44.6887	38.2883	26.525	18.8542				7.2638	0.341006	4.02438	14.1931	0.379289
2016/11/15 10:45:00		2.81158	171.461	28.9073	0.366146	1015.15	281.276	27.0766	92.956	3.05361	96.009	18.8093	7352.1	45.4709	32.1933	23.0583	17.2175				7.4936	0.391804	3.91951	13.3403	0.338933
2016/11/15 10:50:00		2.43069	166.01	28.9635	0.364062	1015.08	292.709	27.1075	66.272	7.0144	73.286	18.4947	7116.3	44.0601	30.9133	22.0542	17.0192				7.4936	0.391804	3.91951	13.3403	0.338933
2016/11/15 10:55:00		1.00747	162.796	28.9969	0.363542	1015.05	268.982	27.118	56.695	9.3491	66.045	18.3707	6841.7	45.5173	31.4792	22.1925	17.0025				7.5408	0.402329	3.93397	13.3952	0.340336
2016/11/15 11:00:00		2.05232	166.857	29.087	0.360938	1015.05	283.259	27.1784	89.88	2.36895	92.249	18.8093	6881.3	45.6459	37.2275	25.5467	18.3408				10.3285	1.02331	4.7874	16.6386	0.423098
2016/11/15 11:05:00		1.98106	156.622	29.1885	0.364062	1015.49	305.003	27.3687	73.948	14.022	87.97	19.367	7926.3	78.809	35.2183	24.5758	19.3975				10.3285	1.02331	4.7874	16.6386	0.423098
2016/11/15 11:10:00		1.80059	158.035	29.2078	0.364062	1015.39	340.47	27.5765	57.87	39.9777	97.848	18.9904	8646.3	74.505	35.2567	24.5117	18.4517				10.2959	1.01212	4.77328	16.5828	0.421517
2016/11/15 11:15:00		1.66195	128.039	29.2547	0.36875	1015.3	361.244	27.8635	63.57	42.3535	105.923	18.5376	8686.0	75.484	39.9792	27.2764	19.4514				8.3758	0.351579	3.94036	13.2882	0.328271
2016/11/15 11:20:00		2.32503	158.21	29.3599	0.364062	1015.24	404.673	28.045	72.825	38.0401	110.865	18.6329	8108.8	74.926							8.3758	0.351579	3.94036	13.2882	0.328271
2016/11/15 11:25:00		1.75589	151.535	29.4172	0.368229	1015.2	444.398	28.139	39.3692	47.7932	87.162	18.5566	6830.8	72.301							8.3779	0.353576	3.94714	13.3103	0.329643
2016/11/15 11:30:00		2.15447	143.891	29.5578	0.366667	1015.12	447.548	28.561	52.24	46.2218	98.462	18.7616	8387.7	71.008							8.5048	0.47135	4.34705	14.6151	0.410587
2016/11/15 11:35:00		2.61165	152.41	29.725	0.370313	1015.08	528.86	29.0466	54.201	45.9582	100.159	18.9761	7105.0	68.083	31.5244	21.3	14.5885				8.5048	0.47135	4.34705	14.6151	0.410587
2016/11/15 11:40:00		2.48748	171.435	29.8932	0.367708	1015.02	359.771	29.434	38.9739	49.7479	88.722	19.1906	8133.3	75.594	33.2008	22.8775	16.5742				8.5022	0.470815	4.33997	14.5939	0.409579
2016/11/15 11:45:00		2.74389	165.068	29.938	0.364583	1014.93	412.643	29.8019	31.4386	51.374	82.813	19.3098	6794.2	72.612	30.9617	21.0933	15.8675				8.3514	0.439268	3.92235	13.345	0.35007
2016/11/15 11:50:00		2.88811	171.924	30.0135	0.3625	1014.66	430.165	30.0459	27.4946	52.158	79.652	19.3574	6156.5	72.105	30.1775	20.9017	15.8975				8.3514	0.439268	3.92235	13.345	0.35007
2016/11/15 11:55:00		2.24259	187.046	30.0156	0.366667	1014.36	567.98	30.0134	19.4345	41.5011	60.936	19.8532	6141.3	61.34	25.3442	18.63	14.815				8.3594	0.440262	3.93058	13.373	0.350465
2016/11/15 12:00:00		2.16794	165.08	29.9943	0.366667	1014.24	465.092	29.9576	57.091	32.33	89.421	20.4824	4665.21	55.286	27.155	19.0367	15.1875				8.8361	0.498907	4.41626	15.0226	0.373765
2016/11/15 12:05:00		1.88348	140.868	30.0708	0.360938	1014.14	394.399	29.8969	44.7895	38.759	83.548	20.5539	4479.79	44.603	32.1983	21.9	16.16				8.8361	0.498907	4.41626	15.0226	0.373765
2016/11/15 12:10:00		1.71283	169.371	30.2115	0.366146	1014.06	361.951	29.8395	45.1089	36.9207	82.03	20.6111	4500.0	42.1921	30.975	21.225	15.48				8.7438	0.490592	4.38062	14.9044	0.371457
2016/11/15 12:15:00		1.43152	145.764	30.3651	0.360417	1013.97	390.133	29.8005	50.712	32.2957	83.008	21.1259	4839.17	41.5778	34.0025	19.3233	14.645				3.29835	0.0	2.27805	7.9283	0.235291
2016/11/15 12:20:00		1.60425	161.35	30.4443	0.365625	1013.87	585.4	29.818	73.361	28.5095	101.87	21.4119	5314.4	39.4633	39.99	20.5967	15.21				3.29835	0.0	2.27805	7.9283	0.235291
2016/11/15 12:25:00		0.99961	116.483	30.6432	0.3625	1013.72	887.74	29.858	54.134	25.2984	79.432	21.1116	5165.8	44.2244	38.1017	19.6067	14.2083				3.37141	0.006375	2.31013	8.0057	0.236967
2016/11/15 12:30:00		1.54998	141.402	31.0318	0.361979	1013.6	710.31	29.9202	71.799	28.2767	100.076	21.2975	5348.3	39.5098	35.1475	20.9883	14.895				7.6819	0.382509	4.20296	12.5726	0.335853
2016/11/15 12:35:00		1.6693	166.039	31.4844	0.363542	1013.43	817.22	30.0303	61.077	25.0006	86.078	21.5358	5533.5	45.2102	40.0833	19.815	14.0158				7.6819	0.382509	4.20296	12.5726	0.335853
2016/11/15 12:40:00		1.76272	160.562	31.9922	0.363542	1013.37	806.0	30.1243	63.112	23.1691	86.281	21.1592	5406.0	45.0101	32.4942	17.0733	12.3458				7.691	0.383112	4.20075	12.5976	0.335706
2016/11/15 12:45:00		1.38058	162.891	32.4589	0.3625	1013.26	784.23	30.2612	46.8911	21.7656	68.657	20.797	5254.8	49.5497	27.4908	15.5233	11.4742				8.2293	0.418703	4.07024	14.0748	0.327038
2016/11/15 12:50:00		2.08269	172.015	32.8833	0.363542	1013.18	791.24	30.4099	40.5462	18.979	59.525	20.4633	4871.46	53.064	27.0733	13.7792	10.9742				8.2293	0.418703	4.07024	14.0748	0.327038
2016/11/15 12:55:00		2.78382	194.953	33.1521	0.363542	1013.08	729.79	30.5778	35.883	17.3289	53.212	20.4776	4438.33	57.254	31.8008	15.7233	10.11				8.2019	0.418258	4.05851	14.0414	0.326422
2016/11/15 13:00:00		2.41698	196.521	33.075	0.3625	1012.95	521.04	30.7523	33.2655	19.8553	53.121	20.0629	3970.63	56.839	26.0208	13.595	10.1925				6.5835	0.39201	3.36635	12.0702	0.290074
2016/11/15 13:05:00		1.84324	142.452	32.9036	0.3625	1012.84	472.974	30.9134	36.8143	25.1067	61.921	20.3108	3806.04	48.689	30.1117	15.24	10.8383				6.5835	0.39201	3.36635	12.0702	0.290074
2016/11/15 13:10:00		1.65211	189.566	32.9068	0.360417	1012.75	685.48	31.0006	35.7378	25.1101	60.848	20.5443	3868.13	48.9318	27.6283	14.4817	10.5983				6.5348	0.388726	3.34424	11.9915	0.28524
2016/11/15 13:15:00		2.08962	161.414	33.0615	0.358854	1012.65	676.21	31.0334	27.7291	17.9828	45.7118	20.0724	3465.42	56.422	23.5883	13.37	9.8433				3.66484	0.194997	2.03962	7.3455	0.0
2016/11/15 13:20:00		2.23187	158.139	33.351	0.359896	1012.61	699.9	31.0545	59.936	19.0269	78.963	20.6635	3352.5	41.2278	24.27	13.42	9.635				3.66484	0.194997	2.03962	7.3455	0.0
2016/11/15 13:25:00		2.28529	191.297	33.687	0.364583	1012.54	711.96	31.0714	44.995	19.537	64.532	20.2536	3303.54	47.1281	27.1183	12.7567	9.1683				3.68983	0.195643	2.04792	7.378	0.004283
2016/11/15 13:30:00		2.08124	184.089	33.8948	0.364062	1012.47	679.0	31.1007	35.9098	16.0931	52.003	19.9056	3051.46	53.643	28.1083	11.2	8.615				5.1642	0.233701	2.53732	9.2979	0.256996
2016/11/15 13:35:00		3.01521	190.832	34.0047	0.367708	1012.42	537.23	31.1783	26.704	12.3753	39.0793	19.591	2597.5	63.09	24.4867	11.7667	8.4317				5.1642	0.233701	2.53732	9.2979	0.256996
2016/11/15 13:40:00		1.54052	195.74	33.9385	0.358854	1012.34	515.62	31.2135	23.4589	13.9467	37.4056	19.3622	2209.17	61.851	18.625	11.1283	8.6267				5.1642	0.233701	2.53732	9.2979	0.256996
2016/11/15 13:45:00		1.90423	162.142	33.7792	0.363021	1012.26	565.23	31.2637	26.0005	19.0645	45.065	19.7578	2098.75	56.072	28.9375	13.58	9.4433				5.1642	0.233701	2.53732	9.2979	0.256996
2016/11/15 13:50:00		1.40371	143.335	33.8	0.366146	1012.2	703.41	31.3236	43.4004	27.5407	70.941	20.4919	2715.63	38.8133	37.1167	15.0442	9.7158				5.1642	0.233701	2.53732	9.2979	0.256996
2016/11/15 13:55:00		2.21272	135.655	34.1349	0.358333	1012.15	576.41	31.3574	34.8311	27.4141	62.245	20.4442	3419.58	45.1066	31.505	14.3225	9.1275				5.1386	0.232879	2.52204	9.2432	0.252713
2016/11/15 14:00:00		2.41775	159.787	34.0693	0.358854	1012.08	605.48	31.3953	35.1035	25.9146	61.018	20.4395	3749.17	45.7709	39.5133	14.5108	9.4575				3.62648	0.184386	1.62013	6.0138	0.0
2016/11/15 14:05:00		1.61877	143.994	34.0141	0.361458	1012.03	674.55	31.4744	42.4534	24.7165	67.17	20.4299	3900.0	41.3956	30.5508	13.1183	9.4317				3.62648	0.184386	1.62013	6.0138	0.0
2016/11/15 14:10:00		1.67527	146.78	34.0469	0.359896	1011.99	636.26	31.5303	62.129	26.4247	88.554	21.0639	4006.04	36.006	35.9367	15.2058	9.9083				3.67995	0.187082	1.64826	6.1231	0.005027
2016/11/15 14:15:00		1.61831	131.619	34.3151	0.359896	1011.91	546.84	31.5802	74.069	20.5982	94.667	21.1831	4378.13	37.5346	33.1242	14.5708	9.7367				6.8345	0.34615	3.30757	12.5726	0.301637
2016/11/15 14:20:00		1.77512	125.056	34.5833	0.361979	1011.87	294.904	31.6626	65.667	21.9264	87.593	21.3261	4743.54	37.9275	49.845	18.0092	10.6783				6.8345	0.34615	3.30757	12.5726	0.301637
2016/11/15 14:25:00		2.46104	122.428	34.2505	0.358854	1011.85	444.901	31.6967	47.8648	21.6663	69.531	20.8399	4810.0	45.5352	37.7475	15.7383	10.35				6.8366	0.346807	3.30955	12.5704	0.301586
2016/11/15 14:30:00		1.5032	136.527	33.9458	0.363021	1011.8	345.472	31.726	60.481	22.3201	82.801	21.2307	4953.54	40.5741	32.825	15.08	10.5875				6.9566	0.385594	3.42607	12.4399	0.298557
2016/11/15 14:35:00		1.50715	155.214	33.6776	0.360938	1011.75	183.232	31.7555	85.595	18.2258	103.821	21.4309	5166.0	33.5951	43.7817	17.915	11.8275				6.9566	0.385594	3.42607	12.4399	0.298557
2016/11/15 14:40:00		2.02887	168.439	33.2422	0.358333	1011.72	279.475	31.7526	60.3	21.211	81.511	21.0115	5206.0	45.4566	29.4392	15.175	10.7958				6.9532	0.385846	3.4264	12.4409	0.298612
2016/11/15 14:45:00		2.54112	151.11	32.7703	0.359896	1011.72	363.3	31.7096	49.915	18.1197	68.035	20.6635	4883.54	48.0675	28.7125	13.5258	9.6375				6.7543	0.40073	3.44551	12.5015	0.301874
2016/11/15 14:50:00		2.51701	143.02	32.375	0.361979	1011.66	374.828	31.6406	56.157	20.742	76.899	20.6492	4737.5	40.5777	31.7292	14.2383	9.92				6.7543	0.40073	3.44551	12.5015	0.301874
2016/11/15 14:55:00		2.3536	163.357	32.1286	0.3625	1011.62	371.211	31.567	50.697	20.1292	70.826	20.6635	4775.63	46.3602	36.0625	15.4058	11.0108				6.7261	0.398733	3.43348	12.4659	0.300938
2016/11/15 15:00:00		2.33207	163.277	31.9672	0.360938	1011.58	314.183	31.5378	60.021	23.5868	83.608	20.8351	5047.5	42.3492	51.065	18.85	11.6617				5.0596	0.280918	2.72408	10.3642	0.245717
2016/11/15 15:05:00		2.92935	173.364	31.8573	0.3625	1011.56	152.556	31.4862	43.1994	17.0379	60.237	20.2917	4888.75	56.118	25.5758	12.9783	9.2458				5.0596	0.280918	2.72408	10.3642	0.245717
2016/11/15 15:10:00		2.14124	157.96	31.7469	0.358333	1011.55	178.303	31.4036	44.689	21.6492	66.338	20.1773	4607.71	46.9281	33.5242	14.7417	10.2558				5.0936	0.282905	2.73389	10.3947	0.24709
2016/11/15 15:15:00		2.59822	163.535	31.6974	0.365104	1011.49	168.817	31.3316	51.4	22.5084	73.909	20.3918	4656.67	44.478	37.22	15.1767	10.3267				7.0995	0.400154	3.31279	12.1934	0.328081
2016/11/15 15:20:00		3.03319	187.086	31.5948	0.358333	1011.48	131.753	31.2734	36.5597	18.0923	54.652	20.3203	4464.79	55.568	27.7192	13.7333	10.1675				7.0995	0.400154	3.31279	12.1934	0.328081
2016/11/15 15:25:00		2.56755	172.198	31.3865	0.357812	1011.52	108.223	31.2304	28.2182	19.6465	47.8647	19.9533	4027.71	59.136	28.2167	14.175	10.2583				7.0783	0.399758	3.30988	12.1743	0.327157
2016/11/15 15:30:00		3.25218	165.984	31.2245	0.358854	1011.57	100.26	31.2022	34.7395	24.3707	59.11	20.1249	3789.17	47.9425	32.4383	16.1	10.9925				5.8268	0.376381	3.13835	11.0466	0.272635
2016/11/15 15:35:00		2.41073	163.692	31.0589	0.35625	1011.57	96.994	31.1963	32.6268	24.4323	57.059	20.2726	3721.67	48.8783	35.5033	15.855	11.1192				5.8268	0.376381	3.13835	11.0466	0.272635
2016/11/15 15:40:00		2.13761	160.349	30.9609	0.359896	1011.54	81.36	31.1673	51.434	22.7789	74.213	20.449	4129.58	41.8921	33.9192	16.0633	11.355				5.7987	0.374252	3.1251	10.996	0.272575
2016/11/15 15:45:00		2.35802	163.472	30.8823	0.359896	1011.51	70.211	31.145	44.5438	22.0189	66.563	20.2536	4528.75	44.0136	35.8258	17.1008	11.165				4.13907	0.248672	2.34345	8.0089	0.26908
2016/11/15 15:50:00		2.33103	167.011	30.7958	0.358854	1011.51	75.068	31.1251	55.561	21.6355	77.196	20.4633	4749.79	40.2205	42.1708	17.8692	11.9333				4.13907	0.248672	2.34345	8.0089	0.26908
2016/11/15 15:55:00		1.68858	159.937	30.725	0.364062	1011.5	59.784	31.083	52.807	24.1516	76.959	20.7159	5118.8	39.1419	42.8475	17.9433	11.5875				4.20945	0.257908	2.36941	8.0957	0.271685
2016/11/15 16:00:00		2.35836	163.562	30.6307	0.359375	1011.51	67.032	31.0567	60.534	23.1862	83.721	20.8828	5666.7	36.4703	57.93	20.9658	11.9025				8.3618	0.80286	3.90054	13.2171	0.425373
2016/11/15 16:05:00		1.86829	156.412	30.5859	0.363021	1011.5	60.287	31.0154	57.479	22.5769	80.056	20.5157	6242.5	38.3133	41.3758	17.985	11.8075				8.3618	0.80286	3.90054	13.2171	0.425373
2016/11/15 16:10:00		2.34663	153.237	30.5141	0.364583	1011.57	45.1573	30.9431	57.879	20.1532	78.032	20.4919	6269.8	41.1599	36.6967	16.5633	11.1542				8.3934	0.80815	3.92662	13.2791	0.434475
2016/11/15 16:15:00		3.10913	145.212	30.412	0.358333	1011.64	32.1854	30.8946	41.3144	21.3582	62.673	20.7207	5987.3	47.2317	34.6858	16.8408	11.4767				10.2588	1.12038	5.4652	16.9419	0.9715
2016/11/15 16:20:00		2.40166	143.557	30.2901	0.360417	1011.69	26.024	30.8384	40.2849	20.1429	60.428	20.4347	5684.6	46.896	39.0367	17.0267	11.6067				10.2588	1.12038	5.4652	16.9419	0.9715
2016/11/15 16:25:00		2.77895	144.329	30.1724	0.357812	1011.77	25.324	30.7638	52.454	21.0398	73.494	20.6397	5567.7	42.0349	41.8383	17.4117	11.89				10.1988	1.10758	5.4492	16.8831	0.96179
2016/11/15 16:30:00		2.99517	139.646	30.0484	0.3625	1011.78	28.1531	30.6811	50.094	20.5366	70.63	20.9161	5460.0	41.6706	52.272	19.12	11.4367				6.6602	0.352484	4.5011	13.4161	0.389261
2016/11/15 16:35:00		3.51424	140.202	29.9453	0.358333	1011.79	29.7719	30.6315	41.2407	19.8759	61.117	21.2117	5522.9	45.2709	40.2833	16.4467	11.3667				6.6602	0.352484	4.5011	13.4161	0.389261
2016/11/15 16:40:00		2.38372	141.269	29.8943	0.361458	1011.79	30.7635	30.5498	45.1759	19.7937	64.97	21.7026	5594.2	44.2958	40.335	17.3733	12.0067				6.6538	0.353378	4.48631	13.3879	0.388512
2016/11/15 16:45:00		2.33466	136.134	29.8224	0.359375	1011.8	26.1771	30.4739	58.069	21.6081	79.677	22.3223	6161.3	38.274	41.3408	18.1742	12.2625				6.2801	0.406159	3.61377	11.7243	0.344288
2016/11/15 16:50:00		2.951	156.345	29.8234	0.363542	1011.81	24.2958	30.4258	51.143	18.9447	70.088	22.103	6344.4	42.1314	39.2625	17.9367	12.4108				6.2801	0.406159	3.61377	11.7243	0.344288
2016/11/15 16:55:00		2.10022	164.101	29.7667	0.359375	1011.82	19.4104	30.3769	55.228	17.7603	72.988	21.4262	6584.0	41.0456	44.0092	18.6692	12.5383				6.3058	0.416965	3.62946	11.771	0.34568
2016/11/15 17:00:00		2.36887	143.824	29.726	0.361458	1011.8	11.1417	30.3232	67.181	15.4974	82.678	21.4023	7067.9	35.8524	46.435	20.5817	13.8633				7.8248	1.05457	4.55514	14.525	0.42779
2016/11/15 17:05:00		2.95885	140.85	29.6411	0.361979	1011.82	4.66667	30.3001	63.858	14.9805	78.838	21.5263	7430.0	40.2955	70.322	27.7267	14.3742				7.8248	1.05457	4.55514	14.525	0.42779
2016/11/15 17:10:00		2.92014	142.743	29.5271	0.35625	1011.86	1.15937	30.2312	52.048	14.2274	66.275	21.2975	7487.9	44.7351	59.011	25.5942	14.6				7.8523	1.05605	4.56004	14.5499	0.42805
2016/11/15 17:15:00		2.40727	148.053	29.4271	0.358333	1011.89	1.05729	30.178	60.825	16.3841	77.209	21.4643	7797.5	38.8669	42.6892	28.4758	15.8492				9.4707	1.143	4.84902	16.0178	0.443428
2016/11/15 17:20:00		1.90263	139.732	29.3563	0.3625	1011.92	1.12292	30.1393	61.888	16.0554	77.943	22.4272	7972.7	38.1668	43.75	29.165	16.2275				9.4707	1.143	4.84902	16.0178	0.443428
2016/11/15 17:25:00		2.57886	141.296	29.2641	0.354167	1011.94	1.09375	30.1047	57.948	16.4388	74.387	22.4653	7905.6	41.3742	50.607	33.7392	17.2917				9.4722	1.14051	4.84815	16.0177	0.448264
2016/11/15 17:30:00		1.56375	135.489	29.1641	0.355208	1011.99	1.12292	30.1643	75.058	10.8417	85.9	22.6941	8186.0	43.0993	43.2617	28.8642	17.8617				9.5613	0.9937	4.79688	16.0131	0.7336
2016/11/15 17:35:00		2.45634	138.908	29.0901	0.360938	1012.0	1.13021	29.858	76.411	10.8965	87.308	22.6131	8526.7	40.0134	38.0425	25.3642	17.3933				9.5613	0.9937	4.79688	16.0131	0.7336
2016/11/15 17:40:00		3.12251	144.809	28.9839	0.363542	1012.05	1.10833	29.3385	68.298	11.7215	80.019	21.9028	8452.1	39.1347	39.2808	26.3708	18.8433				9.577	0.99866	4.83646	16.0662	0.73054
2016/11/15 17:45:00		2.43624	150.859	28.9047	0.367188	1012.08	1.21771	28.8517	74.667	9.2327	83.9	21.7932	8509.8	38.1633	35.0875	23.4267	17.0492				10.5028	1.29148	7.1716	19.2024	0.5502
2016/11/15 17:50:00		2.0051	140.064	28.8141	0.365104	1012.12	1.21771	28.4031	58.337	11.8208	70.158	20.7684	8401.3	39.5598	34.1758	22.8033	16.72				10.5028	1.29148	7.1716	19.2024	0.5502
2016/11/15 17:55:00		2.45886	141.009	28.7177	0.365104	1012.19	1.19583	27.9835	66.169	11.2285	77.398	20.7112	8441.7	38.0811	36.8975	24.6858	17.5108				10.5112	1.28947	7.1952	19.2144	0.55813
2016/11/15 18:00:00		2.45753	142.415	28.6417	0.363542	1012.2	1.15937	27.6662	57.895	11.7523	69.647	19.9008	8155.8	39.6919	37.2842	25.2675	18.9617				11.005	1.17097	8.5889	19.918	1.02599
2016/11/15 18:05:00		2.95291	142.719	28.5406	0.363542	1012.25	1.13021	27.3926	63.456	11.4476	74.903	19.6673	8095.2	42.71	39.54	26.56	20.5008				11.005	1.17097	8.5889	19.918	1.02599
2016/11/15 18:10:00		2.96616	143.921	28.438	0.361458	1012.29	1.10833	27.1223	58.435	11.4031	69.838	18.9475	7924.2	42.8421	43.3492	29.3833	21.6842				10.9774	1.16858	8.565	19.8651	1.0246
2016/11/15 18:15:00		3.23608	142.193	28.3344	0.367188	1012.3	1.14479	26.991	53.269	9.6641	62.934	18.5805	7686.3	44.803	42.6175	28.9275	22.2508				9.3521	1.02743	7.1574	16.7429	0.94259
2016/11/15 18:20:00		2.9375	142.224	28.1995	0.3625	1012.34	1.18125	26.8524	60.619	8.8219	69.441	18.3707	7464.8	44.4887	46.36	31.1967	23.605				9.3521	1.02743	7.1574	16.7429	0.94259
2016/11/15 18:25:00		2.54762	138.214	28.0755	0.367708	1012.43	1.14479	26.6766	50.447	11.968	62.414	18.1372	7261.7	45.5173	44.7867	30.1067	23.1683				9.3169	1.01733	7.1857	16.7163	0.93614
2016/11/15 18:30:00		2.41875	144.666	27.9641	0.363542	1012.48	1.18854	26.5928	57.155	10.3556	67.511	17.875	7347.1	46.6317	42.36	29.5333	23.3158				7.239	0.421583	8.8543	15.1459	0.55588
2016/11/15 18:35:00		2.83487	142.356	27.8599	0.366146	1012.51	1.15208	26.523	59.947	7.7333	67.68	17.937	7186.0	46.6317	42.945	30.4208	23.3125				7.239	0.421583	8.8543	15.1459	0.55588
2016/11/15 18:40:00		2.12674	140.21	27.7479	0.363021	1012.6	1.15937	26.4154	56.566	9.5169	66.083	17.9274	7182.7	46.7996	43.8092	30.3342	23.6008				7.2499	0.422337	8.8118	15.1177	0.55761
2016/11/15 18:45:00		3.15109	142.505	27.663	0.366667	1012.68	1.08646	26.432	62.795	8.24	71.035	17.875	7215.2	50.811	42.9542	29.2667	22.5542				7.8911	0.466825	6.3042	13.454	0.65967
2016/11/15 18:50:00		3.39431	146.198	27.5479	0.360938	1012.76	1.09375	26.5547	52.568	8.5549	61.123	17.9799	6981.5	60.211	39.4858	27.075	21.2775				7.8911	0.466825	6.3042	13.454	0.65967
2016/11/15 18:55:00		2.69441	138.632	27.4292	0.360417	1012.87	1.11563	26.6602	50.237	8.1304	58.367	18.2325	6592.3	58.161	40.515	28.1683	21.6775				7.8823	0.467065	6.2769	13.4411	0.65844
2016/11/15 19:00:00		3.51342	139.186	27.3208	0.363542	1012.92	1.18854	26.7818	49.3879	8.2605	57.648	18.6615	6227.9	52.307	39.1308	27.415	21.4317				7.3645	0.481221	4.66559	12.6768	0.58574
2016/11/15 19:05:00		3.18747	138.332	27.2151	0.364583	1012.92	1.15208	26.7824	44.6756	9.0273	53.703	19.0524	5813.3	48.7961	36.8117	25.6117	20.1425				7.3645	0.481221	4.66559	12.6768	0.58574
2016/11/15 19:10:00		2.98002	139.668	27.099	0.359896	1012.99	1.13021	26.6849	53.709	8.6508	62.36	19.0762	5612.3	45.5387	37.775	25.7467	19.8292				7.3207	0.478422	4.63835	12.6247	0.58295
2016/11/15 19:15:00		2.9195	141.689	27.0177	0.363021	1013.08	1.1375	26.6116	40.5283	8.4351	48.9634	19.1429	5291.0	46.0495	34.88	24.51	19.4833				4.73186	0.313287	3.0317	9.5491	0.418312
2016/11/15 19:20:00		2.59051	140.122	26.9234	0.364062	1013.12	1.17396	26.4656	45.1625	8.2126	53.375	18.8236	4992.92	42.4243	34.8225	23.9542	18.83				4.73186	0.313287	3.0317	9.5491	0.418312
2016/11/15 19:25:00		2.99525	139.062	26.8396	0.364583	1013.2	1.15937	26.25	43.0319	7.9901	51.022	18.5185	4791.88	39.074	33.6083	23.46	18.4367				4.72808	0.312955	3.02629	9.5372	0.417207
2016/11/15 19:30:00		3.1739	141.536	26.7521	0.364583	1013.22	1.15937	26.0967	44.9481	9.5888	54.537	18.2992	4567.92	38.4561	34.8967	24.3217	18.7183				4.5052	0.293381	2.70701	8.8335	0.35206
2016/11/15 19:35:00		2.53662	135.783	26.6812	0.365104	1013.31	1.14479	25.9131	42.6701	9.4724	52.142	18.1372	4460.42	37.7454	33.5883	23.2467	17.8467				4.5052	0.293381	2.70701	8.8335	0.35206
2016/11/15 19:40:00		2.24192	149.484	26.5885	0.365625	1013.37	1.1375	25.7125	46.6052	9.3834	55.989	17.9751	4352.92	38.7526	33.7367	23.81	18.3383				4.49637	0.293114	2.72894	8.8307	0.351616
2016/11/15 19:45:00		3.0132	135.836	26.5344	0.364583	1013.41	1.16667	25.7415	41.8393	9.5408	51.38	17.8607	4348.33	52.946	34.8417	24.3067	18.45				3.97518	0.277381	4.02237	8.6629	0.32538
2016/11/15 19:50:00		1.97642	152.145	26.4875	0.366146	1013.44	1.16667	26.0325	44.9682	9.4176	54.386	18.3946	4556.67	72.362	35.0683	24.3283	18.7517				3.97518	0.277381	4.02237	8.6629	0.32538
2016/11/15 19:55:00		2.15509	143.815	26.4063	0.365625	1013.53	1.1375	26.352	45.3925	8.5652	53.958	18.8617	4537.08	82.13	34.55	24.555	18.79				3.96931	0.276771	4.01956	8.6482	0.324685
2016/11/15 20:00:00		2.60884	137.143	26.3703	0.369271	1013.56	1.18854	26.7163	42.5226	9.332	51.855	19.6291	4512.71	86.288	33.265	23.5	18.5733				3.62299	0.240775	3.8541	7.7814	0.283676
2016/11/15 20:05:00		2.93105	132.768	26.3198	0.364583	1013.64	1.11563	26.966	59.793	4.64889	64.442	20.6683	4440.21	79.659	36.635	25.7483	19.8783				3.62299	0.240775	3.8541	7.7814	0.283676
2016/11/15 20:10:00		2.99771	141.071	26.2521	0.363542	1013.72	1.18125	27.0025	43.8872	9.2738	53.161	20.6111	4372.5	53.832	33.0483	23.6375	18.815				3.63264	0.238841	3.94398	7.8244	0.283288
2016/11/15 20:15:00		2.32888	145.403	26.2167	0.366667	1013.77	1.14479	27.031	40.1888	8.5686	48.7574	20.244	4244.79	48.9461	34.5375	24.2575	18.8033				3.91241	0.182741	6.5507	9.0704	0.272018
2016/11/15 20:20:00		2.981	131.558	26.1297	0.368229	1013.78	1.1375	26.9402	40.5998	8.5926	49.1923	20.0867	4110.83	46.6388	32.9533	23.9075	19.4158				3.91241	0.182741	6.5507	9.0704	0.272018
2016/11/15 20:25:00		2.74337	135.926	26.0797	0.368229	1013.75	1.18854	26.7797	41.2028	7.5313	48.7341	19.8103	4036.04	44.4208	35.6383	24.6492	18.9867				3.91305	0.182106	6.5343	9.0627	0.271699
2016/11/15 20:30:00		3.03039	134.038	26.0187	0.367708	1013.76	1.09375	26.6836	36.5373	9.8147	46.352	19.4814	3928.96	44.5994	31.8017	23.3667	19.1683				3.95077	0.144695	5.5695	8.606	0.252826
2016/11/15 20:35:00		3.24591	130.578	25.9323	0.368229	1013.78	1.15937	26.5214	39.1637	7.8942	47.0579	19.3574	3849.38	44.2565	35.5258	25.9308	20.6				3.95077	0.144695	5.5695	8.606	0.252826
2016/11/15 20:40:00		2.58384	137.711	25.9109	0.369271	1013.81	1.16667	26.552	36.0795	9.5032	45.5827	19.1286	3685.42	63.486	34.7967	25.0025	19.6733				3.93694	0.139872	5.5589	8.5705	0.254456
2016/11/15 20:45:00		2.55522	139.614	25.8177	0.366667	1013.79	1.10833	26.839	43.8403	7.9216	51.762	19.6339	3737.5	75.941	38.2208	27.3058	20.6433				3.53582	0.0	5.2519	7.5397	0.301732
2016/11/15 20:50:00		1.89814	134.674	25.8203	0.366146	1013.84	1.19583	27.0973	46.9938	8.5857	55.58	20.2345	3638.13	80.623	34.3292	25.0575	19.6058				3.53582	0.0	5.2519	7.5397	0.301732
2016/11/15 20:55:00		2.1328	140.475	25.737	0.368229	1013.9	1.15937	27.3217	47.4851	11.0471	58.532	20.7255	3538.13	82.798	35.52	25.6308	19.6492				3.53582	0.0	5.2519	7.5397	0.301732
2016/11/15 21:00:00		1.85698	146.513	25.7182	0.370833	1013.97	1.21771	27.446	53.665	8.4796	62.144	21.245	3525.42	62.186	37.2825	26.0017	19.675				3.53582	0.0	5.2519	7.5397	0.301732
2016/11/15 21:05:00		2.03905	144.136	25.7198	0.366667	1014.03	1.1375	27.3821	75.248	3.30694	78.555	21.7169	3859.38	46.5317	39.5758	27.1592	20.0325				3.53582	0.0	5.2519	7.5397	0.301732
2016/11/15 21:10:00		2.1667	155.292	25.6766	0.364062	1014.06	1.07917	27.2559	60.063	4.2689	64.332	20.9733	4078.96	44.0279	36.8442	26.0842	20.01				3.56546	0.00361	5.2369	7.563	0.302118
2016/11/15 21:15:00		2.11368	149.67	25.624	0.368229	1014.08	1.10833	27.1397	64.907	3.20424	68.112	20.5014	4106.46	42.56	36.9992	26.4108	20.7108				5.3142	0.216591	4.34895	8.9377	0.324858
2016/11/15 21:20:00		2.66208	152.242	25.5536	0.361458	1014.16	1.17396	26.9485	50.391	3.34802	53.739	19.5958	4029.79	43.2672	35.2158	25.7225	20.4967				5.3142	0.216591	4.34895	8.9377	0.324858
2016/11/15 21:25:00		1.66649	143.192	25.5281	0.361979	1014.22	1.11563	26.8001	50.359	4.38187	54.741	19.2001	3930.0	53.136	43.6983	29.7342	21.9767				5.3202	0.21811	4.32801	8.9497	0.326752
2016/11/15 21:30:00		1.66266	153.683	25.4354	0.360938	1014.28	1.11563	27.0181	53.611	4.26547	57.877	19.0857	4159.79	71.44	90.067	61.053	25.3042				5.6733	0.307776	3.09238	9.6533	0.438499
2016/11/15 21:35:00		1.97836	146.797	25.4286	0.358854	1014.32	1.08646	27.2364	51.778	4.48799	56.266	18.9809	4154.38	81.902	54.622	37.53	24.76				5.6733	0.307776	3.09238	9.6533	0.438499
2016/11/15 21:40:00		1.14144	157.004	25.3969	0.357812	1014.37	1.16667	27.4431	54.114	5.9771	60.091	19.1477	4110.0	83.077	46.4692	32.1542	22.9925				5.6507	0.306199	3.06876	9.5887	0.435748
2016/11/15 21:45:00		1.23574	165.495	25.3307	0.357292	1014.43	1.14479	27.609	66.109	5.8197	71.929	19.7578	4308.75	77.269	46.0283	31.8908	23.46				4.99338	0.260476	2.38374	7.7151	0.355946
2016/11/15 21:50:00		1.83371	155.136	25.3307	0.358333	1014.47	1.17396	27.5406	59.534	6.5146	66.049	19.367	4646.25	50.921	42.3492	29.57	22.7458				4.99338	0.260476	2.38374	7.7151	0.355946
2016/11/15 21:55:00		1.7189	151.143	25.3344	0.352083	1014.54	1.18854	27.4179	67.507	3.62189	71.129	19.2621	4801.67	46.8495	43.445	31.0033	23.7683				5.0063	0.26055	2.38956	7.7449	0.357825
2016/11/15 22:00:00		1.54492	147.348	25.3198	0.358333	1014.58	1.15937	27.3301	67.239	2.49561	69.735	19.0428	4865.0	46.9531	45.2383	32.6175	26.0108				5.7675	0.264877	2.73261	9.5017	0.468687
2016/11/15 22:05:00		1.02912	164.721	25.2344	0.365104	1014.56	1.14479	27.133	73.052	0.80448	73.857	18.6949	4909.58	43.8136	43.1317	30.495	23.6125				5.7675	0.264877	2.73261	9.5017	0.468687
2016/11/15 22:10:00		1.33474	148.835	25.2349	0.358854	1014.48	1.1375	26.9751	85.91	0.003423	85.913	18.5519	4899.58	56.572	47.3033	32.435	24.2725				5.7692	0.266384	2.73368	9.5001	0.467842
2016/11/15 22:15:00		1.48088	149.449	25.2203	0.355208	1014.44	1.15937	27.1625	85.668	0.065043	85.733	18.3946	4964.79	73.051	39.5425	28.735	23.2325				5.8721	0.355281	2.79707	9.4069	0.41798
2016/11/15 22:20:00		1.60701	148.735	25.1286	0.358333	1014.44	1.1375	27.3419	64.394	0.116393	64.51	18.4708	4853.13	82.03	41.4317	29.6792	23.1417				5.8721	0.355281	2.79707	9.4069	0.41798
2016/11/15 22:25:00		2.07974	166.571	25.113	0.358854	1014.49	1.14479	27.5021	64.476	0.362873	64.839	18.5757	4666.04	84.988	40.6742	29.535	23.27				5.851	0.352549	2.78721	9.3646	0.415999
2016/11/15 22:30:00		2.01862	157.216	25.0234	0.35625	1014.51	1.15208	27.674	68.112	0.89349	69.006	18.6043	4541.67	83.209	44.2267	31.1692	23.8283				5.2375	0.273309	2.5013	8.1369	0.358553
2016/11/15 22:35:00		1.34168	162.63	25.0234	0.359375	1014.5	1.12292	27.6219	66.453	1.59527	68.048	18.8569	4561.04	54.911	41.4933	29.8733	24.0367				5.2375	0.273309	2.5013	8.1369	0.358553
2016/11/15 22:40:00		2.1593	161.397	25.0063	0.356771	1014.46	1.13021	27.4702	65.079	2.17724	67.257	18.5328	4476.25	48.689	42.8017	31.0467	24.9517				5.2322	0.272583	2.50036	8.1328	0.35852
2016/11/15 22:45:00		1.98124	162.665	24.9297	0.35625	1014.44	1.10833	27.351	51.967	4.52565	56.493	18.2992	4351.67	46.5888	41.4667	29.9667	24.3583				4.92364	0.229752	2.44489	7.8904	0.356562
2016/11/15 22:50:00		1.45948	167.061	24.9245	0.359375	1014.45	1.13021	27.1429	56.045	2.25598	58.301	18.1848	4223.75	48.6175	44.1183	31.6083	25.295				4.92364	0.229752	2.44489	7.8904	0.356562
2016/11/15 22:55:00		1.49423	160.458	24.8896	0.358854	1014.41	1.14479	27.1668	50.739	4.41952	55.159	18.2611	4194.58	69.622	45.4533	32.8333	25.78				4.92295	0.230096	2.44669	7.8976	0.356274
2016/11/15 23:00:00		1.7405	157.391	24.8323	0.358333	1014.35	1.15937	27.3591	52.709	5.3027	58.012	18.1467	4091.88	78.53	43.2642	31.415	25.6425				4.8818	0.250358	2.55296	8.3217	0.339265
2016/11/15 23:05:00		2.19739	165.192	24.7911	0.357292	1014.24	1.19583	27.5435	47.1725	8.0072	55.18	18.6472	3955.0	81.852	42.8283	30.8717	24.69				4.8818	0.250358	2.55296	8.3217	0.339265
2016/11/15 23:10:00		1.65851	164.549	24.726	0.359375	1014.23	1.13021	27.7105	44.1418	8.6131	52.755	18.6424	3731.88	84.088	43.375	30.685	24.6233				4.86379	0.248022	2.5383	8.2666	0.336774
2016/11/15 23:15:00		1.48512	160.333	24.6307	0.361458	1014.2	1.10833	27.7631	45.3925	10.561	55.953	18.6615	3497.71	61.201	42.17	30.3317	24.6333				4.34131	0.180273	2.11309	6.6678	0.264531
2016/11/15 23:20:00		1.94034	164.144	24.6313	0.365104	1014.18	1.08646	27.6213	43.4473	10.1296	53.577	18.6138	3451.04	48.0353	42.5942	30.6475	24.6558				4.34131	0.180273	2.11309	6.6678	0.264531
2016/11/15 23:25:00		1.62357	163.643	24.524	0.360938	1014.18	1.03542	27.409	46.8665	7.1787	54.045	18.59	3276.67	44.6744	44.3783	31.9175	25.6633				4.30408	0.174264	2.10205	6.636	0.266066
2016/11/15 23:30:00		1.8662	166.657	24.5214	0.360938	1014.19	1.10833	27.3446	43.5701	8.0756	51.646	18.6996	3138.33	43.7815	44.6742	32.1867	25.6025				3.22443	0.0	1.78177	5.7152	0.310594
2016/11/15 23:35:00		1.48039	158.489	24.5234	0.358333	1014.08	1.09375	27.2874	58.951	4.01899	62.97	18.7807	2996.67	40.6884	48.8067	33.7458	26.1858				3.22443	0.0	1.78177	5.7152	0.310594
2016/11/15 23:40:00		1.7988	164.915	24.525	0.363021	1014.06	1.13021	27.151	44.727	8.3358	53.063	18.7568	2855.21	39.7526	45.2617	32.3025	26.1075				3.23833	0.0	1.78143	5.7182	0.310998
2016/11/15 23:45:00		1.71598	162.258	24.4401	0.357292	1014.06	1.10833	27.0186	47.9095	6.8261	54.736	18.8379	2624.79	39.349	45.005	32.8225	26.9033				4.05887	0.0	1.76186	5.8953	0.334858
2016/11/15 23:50:00		1.46787	162.566	24.424	0.3625	1014.03	1.05	26.8659	41.6986	7.5382	49.2367	18.6853	2443.54	37.9739	44.845	32.2425	26.3567				4.05887	0.0	1.76186	5.8953	0.334858
2016/11/15 23:55:00		1.38114	149.326	24.426	0.361979	1014.0	1.1375	26.7365	43.2105	7.4457	50.656	18.6043	2305.63	38.2311	46.0792	34.0617	27.2725				4.04446	0.0	1.75848	5.8836	0.332111
2016/11/16 00:00:00		1.23583	146.193	24.426	0.361979	1013.99	1.07187	26.8758	50.509	6.9254	57.434	18.8617	2357.92	50.243	49.41	35.2717	27.7475				3.62648	0.0	1.66042	5.5446	0.252446
