-- 1st mean values --
Format: XTAB(V:1;HEAD:2;COL:TCFFFFFFFFFFFFFFFFFFFFFFFF)
StartTime: 2016/11/23 00:00:00
EndTime: 2016/11/24 00:00:00
Period: 24 h
Station: Gia Lam

Time	MeasPt	Wind Spd.	Wind Dir.	Temp	RH	Barometer	Radiation	InnerTemp	NO	NO2	NOx	SO2	CO	O3	PM-10	PM-2.5	PM-1	CH4	NMHC	THC	BENZEN	TOLUEN	ETHYL BENZEN	MP-XYLEN	O-XYLEN
		m/s	degree	°C	%	hPa	W/m²	°C	µg/m3	µg/m3	µg/m3	µg/m3	µg/m3	µg/m3	µg/m3	µg/m3	µg/m3	ppm	ppmC	ppmC	ug/m3	ug/m3	ug/m3	ug/m3	ug/m3
2016/11/23 00:05:00		1.88326	158.07	26.4911	0.363542	1010.45	1.10833	26.6076	27.6799	3.79305	31.473	18.0275	1401.67	43.085	20.42	15.855	12.91				1.69468	0.0	0.93899	3.09362	0.0
2016/11/23 00:10:00		2.12315	166.716	26.4901	0.359896	1010.47	1.1375	26.6227	25.6543	4.84402	30.4983	18.2087	1352.5	44.0315	19.7567	15.6133	12.9483				1.65957	0.0	0.9187	3.02843	0.0
2016/11/23 00:15:00		2.23029	168.017	26.4911	0.364583	1010.45	1.15208	26.6675	27.3673	3.73143	31.0987	18.2611	1237.08	42.7636	19.255	15.7033	12.805				1.39375	0.0	0.76504	2.53489	0.0
2016/11/23 00:20:00		2.05506	162.878	26.4349	0.364583	1010.42	1.10104	26.729	23.5639	4.2107	27.7746	18.2182	1154.79	44.7887	18.635	15.1067	12.4867				1.39375	0.0	0.76504	2.53489	0.0
2016/11/23 00:25:00		2.51155	160.27	26.4063	0.363021	1010.39	1.15208	26.7603	23.0212	5.5458	28.567	18.2706	1088.75	44.9244	18.8017	15.0833	12.345				1.43492	0.0	0.76609	2.52322	0.0
2016/11/23 00:30:00		1.84081	160.161	26.4063	0.360938	1010.38	1.12292	26.8138	21.5517	6.2613	27.8129	18.366	1006.04	44.6423	20.4067	15.5467	12.41				1.74664	0.0	0.77404	2.4349	0.0
2016/11/23 00:35:00		1.76604	156.34	26.4016	0.360417	1010.34	1.11563	26.8592	22.4227	5.6827	28.1054	18.2611	944.38	44.1994	20.71	15.795	12.2367				1.74664	0.0	0.77404	2.4349	0.0
2016/11/23 00:40:00		2.31322	163.287	26.324	0.365104	1010.35	1.14479	26.8949	18.521	7.124	25.645	18.5328	843.13	44.6065	17.6592	14.4483	11.8567				1.70665	0.0	0.75109	2.38569	0.0
2016/11/23 00:45:00		2.15465	169.465	26.3255	0.3625	1010.34	1.10833	26.947	19.1799	7.2746	26.4544	18.6043	792.29	43.6208	17.8525	14.4742	11.7917				1.40387	0.0	0.57733	2.01313	0.0
2016/11/23 00:50:00		1.89465	159.127	26.326	0.368229	1010.37	1.14479	26.9802	19.9526	6.3982	26.3508	18.7425	705.63	44.0601	17.0025	13.8042	11.5808				1.40387	0.0	0.57733	2.01313	0.0
2016/11/23 00:55:00		2.07422	170.62	26.2849	0.363542	1010.32	1.12292	26.9883	18.6238	7.771	26.3947	18.5042	660.0	43.435	15.7242	13.48	11.4242				1.38214	0.0	0.58026	2.00649	0.0
2016/11/23 01:00:00		2.04092	165.934	26.2177	0.367188	1010.3	1.12292	27.0071	19.7739	7.2472	27.0211	18.5852	668.13	43.0421	16.4858	13.5342	11.2658				1.21766	0.0	0.60245	1.95626	0.0
2016/11/23 01:05:00		1.60397	172.312	26.2208	0.358854	1010.26	1.07917	27.028	19.057	8.7637	27.8208	18.4422	612.29	42.4671	16.4308	13.2125	10.835				1.21766	0.0	0.60245	1.95626	0.0
2016/11/23 01:10:00		2.23344	179.697	26.2224	0.369271	1010.22	1.1375	27.0264	18.6617	7.189	25.8507	18.6663	538.75	41.3527	14.9533	12.4425	10.4842				1.19899	0.0	0.60256	1.95648	0.0
2016/11/23 01:15:00		2.00737	180.908	26.2177	0.360417	1010.17	1.13021	27.0546	17.5518	6.3195	23.8712	18.5662	510.42	41.8956	14.3417	12.1925	10.1308				1.05761	0.0	0.6034	1.95815	0.0
2016/11/23 01:20:00		1.91395	175.449	26.2177	0.360938	1010.15	1.1375	27.0568	16.1113	7.949	24.0602	18.2992	472.917	41.0277	13.7983	11.6758	9.7775				1.05761	0.0	0.6034	1.95815	0.0
2016/11/23 01:25:00		1.62443	163.762	26.2271	0.366667	1010.12	1.14479	27.0455	18.1637	7.213	25.3767	18.366	434.583	40.4741	15.0375	12.4183	9.9333				1.0633	0.0	0.60318	1.96108	0.0
2016/11/23 01:30:00		1.93292	168.02	26.2229	0.363542	1010.08	1.10104	27.0659	21.871	6.3879	28.259	18.3421	403.333	40.0063	14.4575	11.9242	9.8083				1.10643	0.0	0.60151	1.98327	0.0
2016/11/23 01:35:00		1.5752	160.866	26.2229	0.360417	1010.01	1.15937	27.078	18.3491	8.8801	27.2292	18.3374	393.542	40.292	14.7917	11.8867	9.7092				1.10643	0.0	0.60151	1.98327	0.0
2016/11/23 01:40:00		2.08695	159.888	26.2177	0.364062	1009.99	1.10833	27.0774	16.2073	7.5758	23.7831	18.4994	393.542	40.6706	12.7833	11.0592	9.4183				1.11489	0.0	0.59813	2.0102	0.0
2016/11/23 01:45:00		1.59466	163.677	26.1677	0.364062	1009.96	1.10833	27.0766	16.2363	7.7538	23.9902	18.4279	384.792	39.6741	13.5467	11.3083	9.3625				1.17895	0.0	0.57259	2.21406	0.0
2016/11/23 01:50:00		1.36112	158.791	26.1234	0.361979	1009.92	1.14479	27.0718	15.9728	7.0041	22.9769	18.5137	338.125	40.142	13.2608	11.1692	9.39				1.17895	0.0	0.57259	2.21406	0.0
2016/11/23 01:55:00		1.21957	160.199	26.1234	0.361458	1009.9	1.12292	27.0772	15.6646	7.9866	23.6512	18.3469	324.167	39.4133	14.1708	11.6417	9.6467				1.15841	0.0	0.55978	2.14534	0.0
2016/11/23 02:00:00		1.58273	159.297	26.1276	0.366146	1009.89	1.18125	27.0858	15.7495	8.5857	24.3352	18.4708	332.5	38.9954	13.6717	11.0933	9.4083				1.00286	0.0	0.462766	1.625	0.0
2016/11/23 02:05:00		1.53692	168.549	26.1234	0.360938	1009.91	1.12292	27.0952	17.985	8.1099	26.0949	18.2706	301.042	38.6204	15.3167	11.9583	9.5133				1.00286	0.0	0.462766	1.625	0.0
2016/11/23 02:10:00		1.7957	159.944	26.0255	0.3625	1009.91	1.10833	27.0879	19.3183	8.4248	27.7432	18.3517	323.125	38.6276	14.5025	11.5733	9.4525				0.99802	0.0	0.466233	1.62522	0.0
2016/11/23 02:15:00		2.4145	166.5	26.0182	0.361458	1009.81	1.10833	27.0954	16.9488	8.7637	25.7125	18.4613	300.417	39.2526	13.485	11.545	9.6092				0.96137	0.0	0.492486	1.6269	0.0
2016/11/23 02:20:00		1.86782	164.321	26.0198	0.364062	1009.8	1.17396	27.1021	18.3535	8.1201	26.4737	18.3469	262.917	38.7812	14.3583	12.0142	10.1208				0.96137	0.0	0.492486	1.6269	0.0
2016/11/23 02:25:00		1.64912	152.481	26.0167	0.363542	1009.78	1.10104	27.0992	15.0795	9.5271	24.6066	18.2325	261.458	39.7955	15.43	12.6733	10.6458				0.98557	0.0	0.488963	1.60523	0.0
2016/11/23 02:30:00		1.22503	146.973	26.0229	0.357812	1009.82	1.09375	27.1094	17.7438	9.712	27.4558	18.4565	246.875	38.149	16.46	12.9017	10.6975				1.16884	0.0	0.462292	1.44113	0.0
2016/11/23 02:35:00		0.88299	149.346	26.0187	0.359375	1009.81	1.08646	27.1062	14.4139	9.7702	24.1841	18.0847	242.708	39.1598	14.6675	11.9175	10.1375				1.16884	0.0	0.462292	1.44113	0.0
2016/11/23 02:40:00		1.618	166.741	25.9797	0.359896	1009.83	1.13021	27.1005	14.2286	9.1369	23.3654	18.2754	241.667	39.6241	13.9967	11.9508	10.2067				1.34756	0.0	0.461556	1.43737	0.0
2016/11/23 02:45:00		1.27385	179.653	25.9198	0.363021	1009.89	1.10104	27.1185	20.971	9.397	30.3681	18.4279	240.208	40.0527	14.91	12.5558	10.47				2.70068	0.0	0.455988	1.4089	0.0
2016/11/23 02:50:00		1.50507	179.295	25.924	0.363021	1009.88	1.13021	27.1091	16.109	9.6161	25.7252	18.0466	236.875	40.4063	18.1117	14.87	12.3625				2.70068	0.0	0.455988	1.4089	0.0
2016/11/23 02:55:00		1.19139	152.245	25.9203	0.357812	1009.9	1.09375	27.0976	19.7717	8.4146	28.1863	18.4232	245.625	41.8778	20.2308	16.1592	13.6642				2.70068	0.0	0.455988	1.4089	0.0
2016/11/23 03:00:00		1.68029	163.046	25.9177	0.365625	1009.92	1.11563	27.1056	19.7136	9.4518	29.1655	18.3183	282.5	40.5634	18.6833	14.7567	12.2742				2.70068	0.0	0.455988	1.4089	0.0
2016/11/23 03:05:00		1.71788	167.937	25.924	0.364062	1009.9	1.10833	27.1024	21.8018	9.7942	31.596	18.4661	311.458	40.6027	18.6617	14.7275	12.2883				2.70068	0.0	0.455988	1.4089	0.0
2016/11/23 03:10:00		1.7286	158.324	25.8844	0.3625	1009.88	1.06458	27.0804	20.0732	8.4111	28.4843	18.4136	378.542	40.4884	17.3967	14.2017	11.8433				2.691	0.0	0.493979	1.51804	0.0
2016/11/23 03:15:00		1.32626	162.779	25.8193	0.364062	1009.87	1.13021	27.093	20.5511	8.6268	29.1779	18.4279	388.333	39.8991	18.0667	14.105	11.465				2.61769	0.0	0.78163	2.34438	0.0
2016/11/23 03:20:00		1.14795	159.094	25.8224	0.363021	1009.88	1.10104	27.0801	20.1536	8.661	28.8146	18.3231	475.208	39.4919	17.895	13.5883	11.065				2.61769	0.0	0.78163	2.34438	0.0
2016/11/23 03:25:00		1.06114	164.882	25.8208	0.359896	1009.9	1.11563	27.0592	21.9269	7.7744	29.7013	18.4708	511.04	39.6241	15.9867	12.95	10.7217				2.52766	0.0	0.78898	2.36069	0.0
2016/11/23 03:30:00		0.90914	166.222	25.7182	0.367708	1009.91	1.11563	27.0584	19.5618	7.6409	27.2026	18.2659	572.92	39.6884	15.0967	12.4417	10.515				1.84602	0.0	0.84467	2.48418	0.0
2016/11/23 03:35:00		1.02402	171.819	25.7229	0.364062	1009.93	1.03542	27.0613	27.767	6.0422	33.8092	18.3135	641.04	37.9382	16.865	13.0283	10.5975				1.84602	0.0	0.84467	2.48418	0.0
2016/11/23 03:40:00		1.19152	153.053	25.7224	0.363542	1009.94	1.10833	27.0543	24.3366	6.9049	31.2415	18.2754	744.38	39.0597	15.5233	12.7133	10.5517				1.83035	0.0	0.84456	2.50304	0.0
2016/11/23 03:45:00		0.89513	161.557	25.7193	0.361458	1009.93	1.11563	27.0484	25.2903	6.6618	31.9521	18.6186	768.54	39.4205	14.2167	12.2217	10.2658				1.71177	0.0	0.84372	2.64578	0.0
2016/11/23 03:50:00		0.79292	128.021	25.7208	0.369271	1009.95	1.18854	27.0348	20.368	7.4594	27.8274	18.4565	826.46	39.2455	16.6583	13.0458	10.9292				1.71177	0.0	0.84372	2.64578	0.0
2016/11/23 03:55:00		0.56303	130.124	25.6411	0.359375	1009.99	1.10104	27.0208	20.5065	8.4043	28.9107	18.2659	862.29	39.1705	15.2508	12.4108	10.6958				1.7341	0.0	0.86114	2.6914	0.0
2016/11/23 04:00:00		0.74124	118.697	25.6214	0.359896	1010.01	1.10833	27.0337	27.298	7.7812	35.0793	18.6186	914.58	39.1169	15.32	12.7867	10.9358				1.90321	0.0	0.99303	3.03675	0.0
2016/11/23 04:05:00		0.55656	107.816	25.6208	0.360938	1010.03	1.12292	27.0143	35.9567	6.6755	42.6322	18.7854	1048.75	39.1848	16.16	13.1817	10.9975				1.90321	0.0	0.99303	3.03675	0.0
2016/11/23 04:10:00		0.62491	149.32	25.6234	0.363021	1010.06	1.12292	26.9907	34.5809	6.5351	41.1161	18.5662	1207.29	38.9455	19.4083	15.0092	11.7158				1.86399	0.0	0.98059	2.99838	0.0
2016/11/23 04:15:00		0.72497	138.482	25.6229	0.359896	1010.13	1.14479	26.9845	38.6858	4.97068	43.6565	18.5614	1418.96	40.1634	21.285	15.81	11.785				1.56706	0.0	0.88638	2.70786	0.0
2016/11/23 04:20:00		0.63154	133.534	25.6198	0.358333	1010.21	1.08646	26.9679	39.2218	4.13196	43.3538	18.8188	1523.75	39.4312	19.0525	14.2367	11.4317				1.56706	0.0	0.88638	2.70786	0.0
2016/11/23 04:25:00		0.67629	147.745	25.6234	0.363542	1010.24	1.10104	26.9255	39.4764	4.51195	43.9883	18.8998	1703.54	39.7741	17.8367	14.1175	11.5942				1.73841	0.037443	0.94063	2.90469	0.0
2016/11/23 04:30:00		0.94814	150.0	25.6182	0.358854	1010.27	1.16667	26.9137	39.3938	3.08442	42.4782	18.7616	1984.79	39.4955	17.7708	13.7525	11.3408				3.03578	0.320937	1.35137	4.39495	0.0
2016/11/23 04:35:00		0.97977	132.769	25.625	0.364062	1010.31	1.07917	26.8919	33.8283	4.96383	38.7921	18.4327	2141.88	40.2313	17.5383	13.7575	11.5167				3.03578	0.320937	1.35137	4.39495	0.0
2016/11/23 04:40:00		0.70174	156.054	25.6208	0.355729	1010.37	1.11563	26.853	42.8331	2.86533	45.6984	18.7235	2316.25	40.4027	24.8542	18.4525	14.08				3.10755	0.324685	1.38361	4.5241	0.037823
2016/11/23 04:45:00		0.58997	107.547	25.6208	0.356771	1010.43	1.10833	26.8508	43.1994	2.89614	46.0955	18.8188	2372.29	39.7669	21.3725	15.945	11.965				3.65089	0.35306	1.62772	5.502	0.324195
2016/11/23 04:50:00		0.68463	122.217	25.6203	0.35625	1010.45	1.08646	26.8366	38.1498	4.73447	42.8843	18.795	2506.46	39.3205	16.2317	13.095	11.1233				3.65089	0.35306	1.62772	5.502	0.324195
2016/11/23 04:55:00		0.50062	92.475	25.6208	0.359896	1010.49	1.06458	26.8208	39.4786	4.54961	44.0282	18.5757	2486.04	38.6883	16.86	13.445	11.3283				3.61289	0.340569	1.62418	5.4555	0.318843
2016/11/23 05:00:00		0.59285	94.513	25.6245	0.360938	1010.56	1.07917	26.8261	48.2579	1.73221	49.9901	18.9999	2597.71	41.5135	18.7233	14.7158	12.1875				3.32521	0.245998	1.59738	5.1039	0.278321
2016/11/23 05:05:00		0.52142	103.039	25.6255	0.363021	1010.66	1.07187	26.8055	57.196	0.448457	57.644	19.2907	3029.79	45.3638	32.1467	23.9033	19.2392				3.32521	0.245998	1.59738	5.1039	0.278321
2016/11/23 05:10:00		0.5622	136.519	25.6203	0.354167	1010.7	1.02083	26.8047	69.439	0.0	69.439	19.7626	3731.25	49.0211	30.88	24.4367	21.0				3.30991	0.250423	1.60789	5.1172	0.278924
2016/11/23 05:15:00		0.69933	76.936	25.6229	0.360938	1010.73	1.11563	26.8232	83.096	0.0	83.096	19.7197	4226.04	46.9888	28.7583	22.705	18.8008				3.19409	0.28392	1.68744	5.2176	0.283487
2016/11/23 05:20:00		0.64311	83.281	25.6214	0.360417	1010.76	1.10104	26.8146	89.548	0.0	89.548	19.2955	4531.67	45.353	25.3	19.5358	15.7358				3.19409	0.28392	1.68744	5.2176	0.283487
2016/11/23 05:25:00		0.66957	91.957	25.6203	0.360417	1010.79	1.10833	26.8549	97.257	0.0	97.257	19.5719	4750.63	47.6425	24.425	18.1275	14.4192				3.48781	0.309338	1.87424	5.8905	0.301047
2016/11/23 05:30:00		0.70635	88.1	25.6219	0.357812	1010.83	1.05729	27.1056	118.965	0.0	118.965	19.6768	5169.2	65.597	26.51	18.8267	14.215				5.7117	0.50179	3.28861	10.985	0.433998
2016/11/23 05:35:00		0.64828	132.644	25.6224	0.358854	1010.84	1.05	27.3972	123.066	0.0	123.066	19.9628	5586.3	72.366	25.8983	19.5083	15.1508				5.7117	0.50179	3.28861	10.985	0.433998
2016/11/23 05:40:00		0.74977	138.07	25.6229	0.365625	1010.88	1.10104	27.6834	113.427	0.0	113.427	20.0629	5692.7	71.223	24.1792	17.9433	13.8592				5.7992	0.57794	3.28656	10.9618	0.42383
2016/11/23 05:45:00		0.76743	142.155	25.6234	0.359375	1010.95	1.14479	27.9862	124.385	0.0	124.385	20.5348	5894.6	67.705	24.265	17.56	13.0908				6.4614	1.15452	3.27107	10.786	0.346847
2016/11/23 05:50:00		0.73893	129.178	25.626	0.3625	1011.04	1.07187	28.2136	127.088	0.0	127.088	20.6969	6214.0	65.872	23.52	16.7258	12.3608				6.4614	1.15452	3.27107	10.786	0.346847
2016/11/23 05:55:00		0.75648	110.985	25.6224	0.361458	1011.14	1.07187	28.4031	128.49	0.0	128.49	21.1354	6629.2	65.84	25.91	18.4233	14.25				6.3499	1.07621	3.2521	10.739	0.349523
2016/11/23 06:00:00		0.72849	127.155	25.6203	0.35625	1011.23	1.05	28.6557	141.124	0.0	141.124	21.4977	7067.1	63.393	23.8767	16.9108	12.665				5.506	0.483278	3.10849	10.3832	0.369784
2016/11/23 06:05:00		0.68665	123.114	25.6219	0.356771	1011.35	1.10833	28.822	131.655	0.0	131.655	21.3594	7161.7	61.018	22.9267	16.5308	12.3				5.506	0.483278	3.10849	10.3832	0.369784
2016/11/23 06:10:00		0.69775	110.616	25.6203	0.361979	1011.43	1.07187	28.9919	147.474	0.0	147.474	21.817	7330.8	61.608	26.6675	18.3583	13.0233				5.698	0.59288	3.20084	10.711	0.384364
2016/11/23 06:15:00		0.0	502.0	25.6219	0.35625	1011.55	1.10104	29.2238	151.049	0.0	151.049	21.9886	7536.0	61.44	26.665	18.7275	13.4992				7.1518	1.42269	3.90007	13.1934	0.494751
2016/11/23 06:20:00		0.0	502.0	25.6203	0.363021	1011.62	1.44375	29.3103	146.473	0.0	146.473	22.0554	7700.8	57.343	23.1708	17.2542	12.94				7.1518	1.42269	3.90007	13.1934	0.494751
2016/11/23 06:25:00		0.71092	173.944	25.6245	0.358333	1011.71	5.5344	29.041	129.728	0.0	129.728	21.7884	7381.9	48.121	21.285	16.0083	12.4667				7.3211	1.42926	3.94658	13.3222	0.499285
2016/11/23 06:30:00		0.64721	175.321	25.6245	0.365625	1011.77	12.3156	28.8566	134.507	0.0	134.507	21.7217	7182.9	47.7317	24.5367	17.945	13.4617				8.6024	1.47903	4.29871	14.2976	0.53361
2016/11/23 06:35:00		0.5877	179.776	25.625	0.364062	1011.84	23.8802	28.5564	135.682	0.0	135.682	21.1783	7148.1	46.1923	23.6767	17.5117	13.5867				8.6024	1.47903	4.29871	14.2976	0.53361
2016/11/23 06:40:00		0.60634	91.229	25.7057	0.361458	1011.86	32.8781	28.252	130.498	0.0	130.498	20.9495	7076.0	46.5602	27.3417	19.3483	14.6083				8.3242	1.37164	4.18794	13.9448	0.52538
2016/11/23 06:45:00		0.58288	93.399	25.7443	0.365104	1011.94	49.0438	28.1723	149.524	0.0	149.524	21.0925	7605.2	65.59	32.4767	22.4067	15.395				6.2173	0.55855	3.34929	11.2741	0.463047
2016/11/23 06:50:00		0.0	502.0	25.8229	0.370313	1011.96	40.7823	28.2772	176.811	0.0	176.811	21.2212	8336.0	81.316	34.1633	23.5233	16.4883				6.2173	0.55855	3.34929	11.2741	0.463047
2016/11/23 06:55:00		0.60586	97.364	25.8771	0.36875	1012.0	43.5604	28.4294	165.731	0.0	165.731	20.9781	8800.0	90.467	32.0417	22.3025	15.7817				6.3581	0.66858	3.37904	11.325	0.45675
2016/11/23 07:00:00		0.0	502.0	25.9219	0.363542	1012.06	61.432	28.605	196.556	0.0	196.556	22.0125	9737.7	100.685	30.8958	21.8283	15.7992				7.4238	1.50166	3.60429	11.7101	0.40907
2016/11/23 07:05:00		0.65723	115.229	25.949	0.366667	1012.13	84.671	28.8166	164.284	0.0	164.284	21.6359	10235.8	92.006	27.8458	19.4042	14.2717				7.4238	1.50166	3.60429	11.7101	0.40907
2016/11/23 07:10:00		0.83126	131.435	26.0203	0.363021	1012.18	108.07	29.0115	188.482	0.0	188.482	22.2746	10628.3	87.856	37.9958	25.9158	17.2383				8.0808	1.60602	3.97845	12.8374	0.5078
2016/11/23 07:15:00		0.67786	173.997	26.1052	0.361979	1012.23	119.992	29.0789	166.897	0.0	166.897	22.5988	11122.3	66.304	26.2425	19.3075	14.435				13.0553	2.39623	6.8114	21.3729	1.25536
2016/11/23 07:20:00		0.56281	170.2	26.1286	0.368229	1012.31	129.916	28.8625	138.811	0.0	138.811	22.0458	10834.6	52.061	24.61	17.8642	13.7433				13.0553	2.39623	6.8114	21.3729	1.25536
2016/11/23 07:25:00		0.58553	150.21	26.1969	0.367188	1012.4	155.677	28.6252	164.259	0.0	164.259	22.7275	11217.5	50.775	34.6692	24.5425	17.1475				13.3763	2.39062	6.8706	21.6582	1.27482
2016/11/23 07:30:00		0.53855	110.424	26.3036	0.367188	1012.48	160.417	28.471	199.785	0.0	199.785	23.2995	12263.8	53.05	44.2967	30.7217	20.3358				15.8066	2.34811	7.3186	23.8182	1.42217
2016/11/23 07:35:00		0.61145	132.708	26.4333	0.363542	1012.55	156.654	28.2128	163.056	0.0	163.056	22.5273	13148.1	48.8497	30.97	22.9483	17.33				15.8066	2.34811	7.3186	23.8182	1.42217
2016/11/23 07:40:00		0.74789	124.649	26.5104	0.36875	1012.61	123.878	27.9414	149.124	0.0	149.124	22.5606	12717.9	48.614	30.8292	22.9442	17.5967				16.2667	2.37705	7.4911	24.3086	1.44329
2016/11/23 07:45:00		0.87881	150.18	26.601	0.364062	1012.68	121.698	27.8812	135.501	0.0	135.501	23.0087	12227.1	64.361	31.7833	23.5625	17.8867				19.7504	2.59613	8.7974	28.0217	1.6032
2016/11/23 07:50:00		0.57187	134.412	26.6839	0.366146	1012.75	130.907	28.0412	166.189	0.0	166.189	25.7305	12219.2	82.505	37.0108	26.5208	19.3683				19.7504	2.59613	8.7974	28.0217	1.6032
2016/11/23 07:55:00		1.01623	93.519	26.7771	0.3625	1012.85	98.634	28.2525	162.142	0.0	162.142	28.1519	12157.3	91.32	36.7475	26.2292	19.745				18.6467	2.46206	8.3971	26.8269	1.48925
2016/11/23 08:00:00		1.27272	73.412	26.8828	0.363542	1012.92	141.298	28.5089	187.598	0.0	187.598	31.0834	12748.3	103.668	43.9333	30.4367	21.4475				10.2901	1.44695	5.3657	17.7807	0.6265
2016/11/23 08:05:00		1.02203	111.067	26.9693	0.365104	1013.02	137.083	28.7288	194.668	0.0	194.668	34.5726	13344.4	107.325	41.7408	28.5542	20.7025				10.2901	1.44695	5.3657	17.7807	0.6265
2016/11/23 08:10:00		0.69926	100.397	27.0729	0.3625	1013.11	147.532	28.8045	183.993	0.0	183.993	37.0608	13617.1	85.216	39.1733	27.8875	20.29				11.0956	1.57406	5.8324	18.7355	0.70805
2016/11/23 08:15:00		1.15489	84.356	27.149	0.3625	1013.18	155.305	28.7798	184.907	0.0	184.907	38.7482	14123.5	63.233	41.9275	28.5642	20.46				17.1944	2.53649	9.3662	25.965	1.3255
2016/11/23 08:20:00		0.77952	99.765	27.2563	0.361979	1013.24	234.938	28.6453	173.59	0.0	173.59	38.8388	14200.8	52.364	34.3608	24.3658	18.2342				17.1944	2.53649	9.3662	25.965	1.3255
2016/11/23 08:25:00		0.9916	90.712	27.3354	0.364062	1013.29	383.25	28.4646	175.752	0.0	175.752	38.4575	13914.6	50.871	33.9033	24.4075	18.1025				17.2591	2.55861	9.3485	26.2392	1.34219
2016/11/23 08:30:00		0.69452	48.9773	27.4505	0.365104	1013.35	473.375	28.3333	171.051	0.0	171.051	38.6672	13447.7	48.5068	29.7383	21.22	16.3592				17.7488	2.7261	9.2146	28.3155	1.46862
2016/11/23 08:35:00		1.04703	97.754	27.6089	0.365625	1013.38	298.885	28.132	168.677	0.0	168.677	38.8579	13025.0	49.089	30.0708	21.685	16.4483				17.7488	2.7261	9.2146	28.3155	1.46862
2016/11/23 08:40:00		1.2246	111.378	27.7042	0.370313	1013.41	422.836	27.9314	187.321	0.0	187.321	39.0056	12780.2	52.25	30.5892	21.5517	16.0092				17.3314	2.67869	9.0597	27.8312	1.44224
2016/11/23 08:45:00		0.76521	97.547	27.8245	0.364062	1013.44	271.177	27.8345	163.67	0.0	163.67	37.7949	12337.7	49.564	26.8492	19.4617	15.1175				14.1712	2.31973	7.8874	24.1642	1.24257
2016/11/23 08:50:00		0.92944	102.09	27.9396	0.364583	1013.43	212.217	27.7048	175.56	0.0	175.56	37.5947	11876.7	54.225	33.9117	23.3975	17.2142				14.1712	2.31973	7.8874	24.1642	1.24257
2016/11/23 08:55:00		0.63672	108.276	28.0021	0.361458	1013.44	129.573	27.5982	178.897	0.0	178.897	37.4374	11688.8	55.039	34.0758	23.8533	18.2825				13.7709	2.24622	7.5799	23.4322	1.15449
2016/11/23 09:00:00		0.82859	103.887	27.9063	0.364583	1013.46	208.542	27.5883	177.081	0.0	177.081	37.6185	11715.0	59.3	39.4883	27.3592	20.5025				10.74	1.68962	5.2519	17.8897	0.487643
2016/11/23 09:05:00		0.85543	161.761	27.9031	0.361458	1013.46	472.011	27.5113	157.955	0.0	157.955	37.5232	11530.4	58.418	34.2458	24.6808	19.4117				10.74	1.68962	5.2519	17.8897	0.487643
2016/11/23 09:10:00		1.02693	142.701	28.0245	0.366146	1013.5	541.95	27.4299	171.449	0.0	171.449	37.8378	11413.1	58.425	34.4992	24.3575	18.5967				11.1972	1.75819	5.4654	18.4713	0.56947
2016/11/23 09:15:00		0.65212	148.219	28.1005	0.367188	1013.54	401.924	27.4468	145.517	0.0	145.517	38.1619	11005.2	53.832	25.9992	19.4217	16.4017				14.6594	2.27737	7.0816	22.8751	1.18902
2016/11/23 09:20:00		0.59784	141.457	28.2068	0.359896	1013.56	422.559	27.3948	126.775	0.0	126.775	38.0237	10097.5	53.707	29.7117	20.8208	16.8417				14.6594	2.27737	7.0816	22.8751	1.18902
2016/11/23 09:25:00		0.58841	107.811	28.3693	0.365625	1013.56	385.846	27.3435	130.487	0.0	130.487	38.1095	9727.7	59.218	34.6558	25.8742	21.0433				14.1065	2.19075	6.9074	22.2863	1.16065
2016/11/23 09:30:00		0.486312	6.0802	28.4599	0.361979	1013.54	351.991	27.3693	145.421	0.0	145.421	37.814	9960.4	63.168	53.035	36.8867	22.32				9.9205	1.53497	5.5885	17.8281	0.9459
2016/11/23 09:35:00		0.80771	41.0316	28.4964	0.363021	1013.49	631.02	27.3454	113.335	0.0	113.335	37.5851	9493.8	65.354	42.5617	31.5733	25.9683				9.9205	1.53497	5.5885	17.8281	0.9459
2016/11/23 09:40:00		0.56762	13.062	28.4828	0.361458	1013.56	246.393	27.337	99.647	0.0	99.647	38.61	8730.4	69.137	38.8717	30.8467	26.9733				10.0914	1.56943	5.6709	17.8873	0.90062
2016/11/23 09:45:00		0.88256	55.095	28.3964	0.364583	1013.58	167.344	27.383	91.846	0.0	91.846	41.0886	8045.2	67.279	36.3183	29.2942	24.93				11.3851	1.83028	6.2947	18.3352	0.55778
2016/11/23 09:50:00		0.88537	29.9578	28.2604	0.365104	1013.54	180.906	27.3706	81.581	0.0	81.581	43.6293	7397.7	67.101	36.0125	29.0133	25.3308				11.3851	1.83028	6.2947	18.3352	0.55778
2016/11/23 09:55:00		0.91898	14.9811	28.1953	0.363542	1013.54	198.173	27.3523	86.361	0.0	86.361	45.6218	6976.0	66.987	39.0083	30.635	26.6533				10.785	1.67491	6.6193	17.9675	0.54694
2016/11/23 10:00:00		0.57151	15.4942	28.1875	0.363542	1013.43	502.49	27.3891	80.358	0.116393	80.474	45.779	6721.5	69.301	37.4383	30.28	26.5967				6.2417	0.498495	9.0771	15.1838	0.464896
2016/11/23 10:05:00		1.08774	45.5707	28.2026	0.36875	1013.36	569.64	27.3676	66.888	1.08862	67.977	45.5979	6399.4	69.733	33.4183	28.38	25.2367				6.2417	0.498495	9.0771	15.1838	0.464896
2016/11/23 10:10:00		1.02998	117.768	28.225	0.366146	1013.28	576.46	27.347	72.369	1.45834	73.827	46.27	5887.3	69.44	38.4058	29.7225	25.4433				6.2417	0.498495	9.0771	15.1838	0.464896
2016/11/23 10:15:00		1.22544	91.478	28.4469	0.365625	1013.23	689.49	27.3719	70.631	2.26282	72.894	46.5036	5890.6	64.354	31.6858	24.4	21.3583				6.2417	0.498495	9.0771	15.1838	0.464896
2016/11/23 10:20:00		0.493811	42.3881	28.7333	0.364583	1013.16	721.62	27.3636	62.446	2.63254	65.079	47.6095	5979.0	63.204	28.075	22.19	19.6008				6.2417	0.498495	9.0771	15.1838	0.464896
2016/11/23 10:25:00		0.68114	82.299	28.8807	0.367188	1013.12	685.15	27.3421	53.399	6.3742	59.773	44.5016	5782.9	70.673	34.985	28.1842	24.905				6.3914	0.494465	8.4931	14.5878	0.457266
2016/11/23 10:30:00		1.28264	24.399	28.9547	0.3625	1013.04	416.5	27.373	47.3779	9.9756	57.354	40.9552	5380.2	81.666	41.9158	35.1008	31.6417				7.5249	0.463947	4.07166	10.0751	0.399498
2016/11/23 10:35:00		0.77525	32.2167	28.899	0.363021	1012.97	277.083	27.3749	44.0101	14.8915	58.902	38.7625	4954.17	84.763	54.883	44.7667	39.3992				7.5249	0.463947	4.07166	10.0751	0.399498
2016/11/23 10:40:00		0.69983	28.0565	28.8281	0.366667	1012.95	146.891	27.3607	39.2955	19.4993	58.795	37.5566	4678.13	88.634	51.712	44.1975	40.505				7.3183	0.44875	4.05949	9.8877	0.38227
2016/11/23 10:45:00		0.6444	37.6323	28.7328	0.36875	1012.85	127.174	27.3956	36.7406	20.8207	57.561	37.2229	4458.75	84.016	49.5958	40.29	35.895				5.7535	0.333688	3.96738	8.4686	0.25183
2016/11/23 10:50:00		0.385027	354.704	28.7026	0.361979	1012.76	134.889	27.3843	45.2049	19.9923	65.197	36.7462	4548.75	79.412	46.69	36.9	33.2408				5.7535	0.333688	3.96738	8.4686	0.25183
2016/11/23 10:55:00		0.51639	30.3089	28.6474	0.366146	1012.69	166.607	27.3604	36.6133	18.3593	54.973	36.3411	4395.63	77.416	38.02	31.9208	28.9242				5.8679	0.352963	4.67909	9.0641	0.259001
2016/11/23 11:00:00		0.67504	18.0405	28.5995	0.359896	1012.66	224.766	27.3958	36.3453	19.0782	55.424	36.7796	4176.04	76.891	41.4033	31.6908	27.9517				6.7334	0.498907	10.0678	13.5725	0.313295
2016/11/23 11:05:00		0.98569	79.672	28.6453	0.370313	1012.62	598.16	27.3736	37.1091	22.1079	59.217	39.4728	4221.67	72.055	37.535	30.0608	25.9508				6.7334	0.498907	10.0678	13.5725	0.313295
2016/11/23 11:10:00		0.55622	58.179	28.8922	0.363021	1012.51	709.84	27.3491	47.398	20.1942	67.592	38.6624	4597.5	67.454	35.4683	27.1233	22.9067				6.5459	0.486512	9.7896	13.2452	0.308264
2016/11/23 11:15:00		0.69012	35.3767	29.2161	0.364062	1012.34	685.19	27.3875	36.1867	19.5267	55.713	38.4336	4542.5	69.558	34.2608	25.2483	21.3867				5.1259	0.392668	7.6835	10.767	0.27017
2016/11/23 11:20:00		0.71313	63.892	29.3646	0.363542	1012.26	704.21	27.4007	33.1695	19.424	52.593	38.8912	4441.46	72.337	29.4442	23.7017	21.1792				5.1259	0.392668	7.6835	10.767	0.27017
2016/11/23 11:25:00		1.44475	122.281	29.5385	0.364583	1012.2	695.95	27.4189	36.582	23.5765	60.158	39.4108	4461.04	66.333	31.41	22.655	19.4767				5.3309	0.47013	7.746	11.1496	0.274726
2016/11/23 11:30:00		1.69452	124.572	29.8786	0.366667	1012.12	633.09	27.7671	51.574	23.1452	74.72	40.7598	5036.7	71.601	35.1808	24.6958	20.4283				6.8833	1.05663	8.2192	14.0464	0.30922
2016/11/23 11:35:00		0.90242	125.023	30.2734	0.369271	1012.03	733.83	28.2184	45.7163	18.5784	64.295	42.7761	5288.8	80.677	30.8725	23.1308	19.6575				6.8833	1.05663	8.2192	14.0464	0.30922
2016/11/23 11:40:00		1.19008	90.701	30.5297	0.366146	1011.96	638.16	28.6112	50.422	20.3825	70.804	45.2452	5534.4	75.001	33.3192	22.8533	19.3508				6.994	0.95604	7.2603	12.4076	0.273144
2016/11/23 11:45:00		1.65152	114.115	30.6724	0.365625	1011.83	494.543	28.8859	60.811	18.5579	79.369	45.3596	5917.5	62.518	43.8567	23.9325	19.5725				7.8318	0.194463	0.0	0.0	0.0
2016/11/23 11:50:00		1.33688	87.182	30.8115	0.366667	1011.73	465.726	29.0075	47.3735	22.3407	69.714	44.1727	6041.5	63.554	33.5308	22.0675	19.195				7.8318	0.194463	0.0	0.0	0.0
2016/11/23 11:55:00		0.80382	112.641	30.826	0.360938	1011.6	655.72	29.0255	53.761	21.1048	74.866	42.676	6122.7	56.036	37.5592	23.9125	18.9658				8.1052	0.380126	0.84222	2.0512	0.052524
2016/11/23 12:00:00		0.58866	13.9954	30.9104	0.3625	1011.45	653.25	29.0384	60.255	20.8584	81.114	40.55	6327.3	59.954	30.2342	22.9408	19.9592				10.1751	1.78587	7.219	17.5817	0.450205
2016/11/23 12:05:00		0.4632	327.099	30.9141	0.3625	1011.34	695.24	29.0531	40.4568	15.3091	55.766	38.6815	5889.0	77.009	29.0692	22.825	20.1858				10.1751	1.78587	7.219	17.5817	0.450205
2016/11/23 12:10:00		0.98274	63.013	30.7948	0.3625	1011.23	624.9	29.0663	35.8204	19.8759	55.696	37.5518	5456.3	77.255	28.8575	22.5958	20.5258				10.0713	1.72315	7.0039	17.3522	0.448397
2016/11/23 12:15:00		0.83018	58.571	30.6984	0.363542	1011.15	526.78	29.1226	29.6788	21.3719	51.051	36.7939	4995.0	84.395	31.4308	23.32	21.3675				9.2859	1.2483	5.3752	15.615	0.434708
2016/11/23 12:20:00		1.12016	32.4884	30.5583	0.360417	1011.06	382.754	29.1562	28.1244	26.2707	54.395	36.4412	4514.79	81.113	29.7617	24.0958	21.8742				9.2859	1.2483	5.3752	15.615	0.434708
2016/11/23 12:25:00		0.75657	7.6473	30.4854	0.360417	1011.01	206.631	29.4094	23.0167	29.3688	52.386	36.036	4252.71	93.492	27.8833	23.8567	21.9258				8.7652	1.13644	5.1473	14.6663	0.383992
2016/11/23 12:30:00		0.70264	332.665	30.3672	0.354167	1010.95	176.342	29.7976	26.7151	32.0527	58.768	36.3506	4116.46	88.499	33.8158	24.9042	22.1792				4.82252	0.289555	3.4218	7.4829	0.0
2016/11/23 12:35:00		0.55518	345.401	30.3198	0.3625	1010.85	195.023	30.0779	29.5917	34.2231	63.815	36.7844	4096.46	82.459	36.4433	25.8942	23.0475				4.82252	0.289555	3.4218	7.4829	0.0
2016/11/23 12:40:00		0.90033	19.9145	30.3125	0.365104	1010.75	242.484	30.1845	21.5829	31.5357	53.119	35.6404	3914.38	98.282	29.38	24.5475	22.4433				4.78428	0.295309	3.42479	7.4608	0.0
2016/11/23 12:45:00		1.01342	89.447	30.3297	0.356771	1010.61	279.293	30.2167	18.1682	32.2375	50.406	34.4344	3616.04	95.263	36.765	26.3767	23.2717				4.49474	0.33887	3.4474	7.2933	0.0
2016/11/23 12:50:00		0.77031	121.081	30.4677	0.361458	1010.5	332.959	30.1694	15.3966	30.5772	45.9738	33.3953	3448.75	100.932	33.1283	25.7483	23.2283				4.49474	0.33887	3.4474	7.2933	0.0
2016/11/23 12:55:00		1.46564	85.173	30.6661	0.361458	1010.4	596.03	30.1112	16.6674	38.0948	54.762	33.0616	3365.63	90.356	45.895	27.73	24.4617				4.52973	0.343832	3.40847	7.2695	0.0
2016/11/23 13:00:00		1.43274	97.032	31.0229	0.3625	1010.28	606.56	30.0698	15.8857	40.4433	56.329	32.8423	3424.38	87.284	38.3717	27.3283	23.585				4.79463	0.381399	3.11371	7.0895	0.0
2016/11/23 13:05:00		1.18214	94.764	31.5484	0.358333	1010.18	609.47	30.0505	15.2269	37.7799	53.007	32.9281	3526.04	100.45	36.6742	25.3633	22.3958				4.79463	0.381399	3.11371	7.0895	0.0
2016/11/23 13:10:00		0.31735	38.0985	31.9568	0.360938	1010.13	558.04	30.0545	17.583	42.2474	59.83	32.4515	3606.88	95.271	33.5533	25.22	22.1433				4.9838	0.380127	3.18897	7.3278	0.0
2016/11/23 13:15:00		0.77191	25.4466	32.1005	0.360938	1010.12	495.585	30.0969	11.8523	37.886	49.7383	32.2608	3464.79	110.411	32.6683	23.6725	21.0592				6.4161	0.370499	3.75882	9.1321	0.0
2016/11/23 13:20:00		0.91586	63.392	31.976	0.359375	1010.08	182.416	30.1694	10.0813	35.1063	45.1876	31.7269	3214.58	113.454	30.7208	22.7917	20.6417				6.4161	0.370499	3.75882	9.1321	0.0
2016/11/23 13:25:00		0.72598	338.698	31.6453	0.358333	1009.98	179.572	30.2521	9.5855	36.657	46.2425	31.0501	3028.33	107.761	31.6858	22.3217	19.7733				6.257	0.36666	3.69014	8.9463	0.0
2016/11/23 13:30:00		0.68704	331.54	31.3714	0.358333	1009.86	365.313	30.3772	9.1723	38.5707	47.743	30.2874	3046.25	98.753	25.9758	21.0267	19.0392				5.0527	0.337595	3.17011	7.5397	0.0
2016/11/23 13:35:00		0.96029	324.326	31.4354	0.363021	1009.75	517.77	30.4556	10.8138	41.0218	51.836	29.6582	3076.46	95.717	32.605	22.7517	19.6717				5.0527	0.337595	3.17011	7.5397	0.0
2016/11/23 13:40:00		0.56052	297.024	31.8589	0.360938	1009.67	411.658	30.5227	8.978	39.964	48.942	29.2864	3253.13	105.621	35.355	23.6008	19.7892				4.96316	0.333416	3.13173	7.4242	0.0
2016/11/23 13:45:00		1.01193	297.951	32.1083	0.365625	1009.59	524.38	30.6143	7.5487	36.6502	44.1989	29.2435	3284.79	117.583	31.2825	21.9608	19.5975				4.28552	0.301771	2.84116	6.5493	0.0
2016/11/23 13:50:00		0.78927	273.427	32.3646	0.361979	1009.53	557.81	30.6835	11.2337	39.8579	51.092	28.9623	3185.42	106.907	35.1583	22.4025	19.5683				4.28552	0.301771	2.84116	6.5493	0.0
2016/11/23 13:55:00		1.12292	279.325	32.5865	0.3625	1009.43	551.6	30.7702	7.5286	38.622	46.1506	29.1339	3328.33	122.555	28.9975	21.8675	19.0192				4.39699	0.307611	2.85321	6.698	0.0
2016/11/23 14:00:00		0.60444	273.662	32.7396	0.357812	1009.43	555.51	30.8889	4.58057	29.7248	34.3054	28.9384	2934.38	137.02	31.13	20.715	18.2967				5.241	0.351826	2.94449	7.8241	0.0
2016/11/23 14:05:00		1.01345	78.092	32.9547	0.359896	1009.4	507.82	31.0014	6.9434	35.3288	42.2722	28.7001	2737.08	118.511	32.475	21.4842	18.3925				5.241	0.351826	2.94449	7.8241	0.0
2016/11/23 14:10:00		0.67946	64.32	33.1896	0.360417	1009.38	360.544	31.061	14.1035	51.138	65.241	29.5247	3317.29	80.345	38.8675	22.4817	18.2358				5.1685	0.346471	2.9206	7.7279	0.0
2016/11/23 14:15:00		0.6946	60.698	33.2255	0.35625	1009.33	214.659	31.112	11.6982	42.4664	54.165	29.7535	3678.54	98.353	32.8467	21.0092	17.5092				4.62027	0.305925	2.73972	6.9995	0.0
2016/11/23 14:20:00		0.57574	22.3226	32.7875	0.355208	1009.33	171.733	31.1541	11.0036	43.3428	54.346	30.4447	3555.42	97.674	33.245	21.4683	17.8008				4.62027	0.305925	2.73972	6.9995	0.0
2016/11/23 14:25:00		0.70697	22.5278	32.2745	0.363021	1009.34	155.327	31.1595	8.4286	38.4817	46.9103	30.459	3479.58	108.107	31.5683	21.1308	17.9592				5.0609	0.409822	3.07207	7.7254	0.035235
2016/11/23 14:30:00		0.347679	357.166	31.9109	0.355208	1009.36	141.218	31.1426	11.8612	46.2526	58.114	29.8393	3521.04	92.867	34.2967	21.9017	18.525				8.3967	1.19647	5.5885	13.2218	0.302016
2016/11/23 14:35:00		0.91874	77.695	31.7245	0.360417	1009.36	123.149	31.1399	18.0208	51.453	69.473	29.7726	3936.88	75.998	40.4383	24.125	19.2642				8.3967	1.19647	5.5885	13.2218	0.302016
2016/11/23 14:40:00		0.80954	85.909	31.6078	0.360417	1009.37	119.736	31.1069	36.2894	53.199	89.488	29.3817	4769.58	68.576	35.36	23.3975	19.2342				8.1498	1.10823	5.8312	13.1096	0.266781
2016/11/23 14:45:00		0.61875	53.662	31.5792	0.358854	1009.35	125.096	31.0865	17.0336	42.5623	59.596	28.7573	4856.04	105.453	26.9758	21.1325	18.5367				6.2801	0.440091	7.6693	12.2598	0.0
2016/11/23 14:50:00		1.21214	109.072	31.4365	0.355208	1009.33	110.658	31.0741	20.5176	48.2724	68.79	28.3474	4890.63	88.502	33.8533	23.3242	19.2542				6.2801	0.440091	7.6693	12.2598	0.0
2016/11/23 14:55:00		1.61799	98.683	31.3323	0.356771	1009.34	117.469	31.0666	17.3195	50.515	67.834	27.8468	5091.5	80.352	36.0	22.8142	18.8425				6.5909	0.54369	7.4747	12.5512	0.037983
2016/11/23 15:00:00		1.50359	105.602	31.3312	0.356771	1009.36	108.143	31.0749	23.7895	52.178	75.968	27.9946	5532.7	71.812	35.675	20.8667	17.365				8.9442	1.32809	6.0008	14.7572	0.325569
2016/11/23 15:05:00		1.30384	103.118	31.3854	0.358854	1009.34	89.367	31.0693	38.9605	51.528	90.489	28.538	6014.8	60.415	35.6983	22.3533	18.1658				8.9442	1.32809	6.0008	14.7572	0.325569
2016/11/23 15:10:00		1.41029	96.568	31.3047	0.361458	1009.35	112.817	31.0682	28.0685	52.63	80.699	28.0995	6478.1	68.397	31.7658	21.1592	18.1742				9.0658	1.33385	6.0185	14.9253	0.333332
2016/11/23 15:15:00		1.44013	101.52	31.2948	0.358333	1009.32	130.995	31.0634	31.0456	52.952	83.998	28.2806	6645.4	63.929	34.9508	21.7408	18.0025				9.9868	1.37744	6.1525	16.1979	0.392105
2016/11/23 15:20:00		1.37019	103.535	31.3328	0.359896	1009.33	118.205	31.0527	32.189	53.544	85.733	28.3712	6907.3	65.901	38.0683	22.845	18.7683				9.9868	1.37744	6.1525	16.1979	0.392105
2016/11/23 15:25:00		1.10192	118.383	31.3917	0.358333	1009.34	108.179	31.0019	53.113	50.306	103.419	28.3569	7431.3	57.293	38.2275	21.9092	17.4842				10.2081	1.42471	6.194	16.3909	0.398833
2016/11/23 15:30:00		0.84659	137.363	31.3896	0.357292	1009.35	113.334	30.9917	51.025	49.741	100.766	28.0185	7873.3	58.075	34.0925	21.3567	17.2717				11.8837	1.78258	6.508	17.8518	0.449778
2016/11/23 15:35:00		1.05654	87.698	31.4458	0.358333	1009.38	115.646	30.9751	73.419	45.2188	118.637	28.6524	8446.7	55.739	43.6967	22.4808	17.7025				11.8837	1.78258	6.508	17.8518	0.449778
2016/11/23 15:40:00		1.3955	93.994	31.4911	0.359375	1009.37	107.559	30.944	79.683	42.3809	122.064	28.5857	8995.6	60.74	44.6575	23.4858	18.4242				12.0635	1.79913	6.5495	18.0531	0.51076
2016/11/23 15:45:00		1.39533	85.24	31.4906	0.355208	1009.34	100.45	30.93	62.105	44.2705	106.375	27.5132	9313.8	61.772	37.3767	22.9867	17.34				13.4249	1.92447	6.8635	19.5768	0.97244
2016/11/23 15:50:00		0.88784	113.051	31.4922	0.354688	1009.38	89.972	30.923	70.926	41.3949	112.321	28.3378	9393.8	59.547	43.2183	20.7617	17.0667				13.4249	1.92447	6.8635	19.5768	0.97244
2016/11/23 15:55:00		1.4238	128.9	31.4943	0.359375	1009.43	81.448	30.9069	66.868	45.0853	111.954	27.4274	9642.3	56.715	33.54	20.455	17.195				13.4522	1.92553	6.9691	19.7886	0.98378
2016/11/23 16:00:00		1.4807	122.355	31.4943	0.358854	1009.46	73.558	30.8988	73.419	41.7886	115.207	27.5465	9793.1	58.215	44.1283	23.0033	17.55				13.6586	1.93352	7.7689	21.3918	1.06959
2016/11/23 16:05:00		1.08369	88.422	31.4594	0.359375	1009.5	66.179	30.8733	71.114	40.8164	111.93	27.4083	10216.3	58.736	32.45	19.93	16.75				13.6586	1.93352	7.7689	21.3918	1.06959
2016/11/23 16:10:00		1.45385	97.933	31.3896	0.355729	1009.56	63.452	30.8368	54.138	40.6418	94.78	26.8316	10150.8	70.305	35.6667	20.54	16.8267				13.7367	1.9531	13.7584	24.7677	0.94481
2016/11/23 16:15:00		1.80807	96.219	31.3422	0.360938	1009.66	70.999	30.8288	55.938	41.6962	97.634	26.25	10000.6	62.426	33.195	20.0725	16.5092				14.3281	2.10133	59.108	50.328	0.0
2016/11/23 16:20:00		1.9078	102.932	31.2948	0.353646	1009.72	52.092	30.807	66.116	39.4334	105.549	26.1261	10888.5	54.111	33.7383	19.61	15.28				14.3281	2.10133	59.108	50.328	0.0
2016/11/23 16:25:00		1.51338	103.835	31.2995	0.355208	1009.84	34.3583	30.7501	76.4	37.2082	113.608	26.4359	13867.7	50.096	32.68	18.0967	14.2433				14.1064	2.08027	54.781	47.6494	0.104384
2016/11/23 16:30:00		2.22241	99.246	31.2927	0.355729	1009.97	21.051	30.7152	71.721	35.6369	107.358	26.1881	14054.6	51.611	35.795	19.1142	14.1542				12.4277	1.92077	22.022	27.3677	0.89472
2016/11/23 16:35:00		2.52548	149.242	31.1911	0.360417	1010.13	16.5083	30.69	65.861	30.8374	96.698	25.7209	13484.2	69.601	49.1817	27.7575	23.2275				12.4277	1.92077	22.022	27.3677	0.89472
2016/11/23 16:40:00		2.49291	162.305	31.0286	0.35625	1010.23	20.2417	30.6516	56.318	28.2151	84.533	25.1156	12618.1	78.895	50.133	29.2808	23.495				13.0025	2.06252	21.5	27.7171	0.88754
2016/11/23 16:45:00		2.74189	164.637	30.8396	0.359375	1010.3	23.2094	30.6497	60.785	33.2098	93.994	24.9964	11979.4	69.762	44.8142	28.9317	24.1258				17.3548	3.13575	17.5475	30.3628	0.83312
2016/11/23 16:50:00		2.49516	165.841	30.649	0.3625	1010.35	18.776	30.6162	70.471	26.0584	96.529	24.9249	11611.9	69.472	43.4792	29.2633	24.1992				17.3548	3.13575	17.5475	30.3628	0.83312
2016/11/23 16:55:00		3.05863	165.031	30.4526	0.361458	1010.4	12.3229	30.5794	77.206	19.246	96.452	24.6961	11790.2	74.401	39.8892	27.4542	22.6367				16.457	2.93422	16.8518	29.2233	0.79701
2016/11/23 17:00:00		2.73046	160.607	30.2635	0.358333	1010.46	4.9875	30.5606	84.043	20.8618	104.904	24.7247	11492.5	65.422	38.5892	27.42	22.9092				9.659	1.40829	11.5846	20.5957	0.52366
2016/11/23 17:05:00		2.64582	155.023	30.0885	0.357812	1010.57	1.30521	30.5233	76.923	20.9885	97.911	24.7724	11197.1	72.858	34.7325	24.59	20.9325				9.659	1.40829	11.5846	20.5957	0.52366
2016/11/23 17:10:00		3.03336	155.635	29.9031	0.357812	1010.66	1.12292	30.4739	65.845	21.745	87.59	24.248	10723.3	77.805	34.9575	24.8467	20.3825				9.7623	1.40287	11.3816	20.5763	0.52742
2016/11/23 17:15:00		2.86277	152.031	29.7609	0.359375	1010.7	1.05729	30.4427	66.551	23.128	89.679	24.31	10344.8	71.362	35.1867	25.28	20.9683				10.5447	1.36181	9.845	20.4298	0.55588
2016/11/23 17:20:00		3.15382	165.408	29.6563	0.363542	1010.77	1.03542	30.4046	63.476	24.3228	87.799	24.3005	10126.9	71.558	37.7617	26.7158	22.6192				10.5447	1.36181	9.845	20.4298	0.55588
2016/11/23 17:25:00		3.94568	171.127	29.5057	0.361458	1010.81	1.08646	30.399	56.861	24.0181	80.879	24.0621	9925.2	73.551	37.6517	27.0992	22.9683				10.5447	1.36181	9.845	20.4298	0.55588
2016/11/23 17:30:00		3.04926	162.534	29.3573	0.359375	1010.88	1.12292	30.4333	48.0837	24.2201	72.304	23.4806	9588.3	75.198	39.8	27.925	23.5683				10.5447	1.36181	9.845	20.4298	0.55588
2016/11/23 17:35:00		2.22375	141.033	29.2125	0.364062	1010.99	1.1375	30.0148	52.917	26.9759	79.892	23.023	9468.1	62.172	40.8142	28.6583	24.2258				10.5447	1.36181	9.845	20.4298	0.55588
2016/11/23 17:40:00		2.2709	146.96	29.1031	0.357292	1011.16	1.15208	29.4888	51.842	26.8287	78.671	22.1459	9467.3	57.022	36.9475	27.3067	22.9292				10.3441	1.33154	9.4413	19.8299	0.54649
2016/11/23 17:45:00		2.51089	153.174	29.0094	0.358854	1011.53	1.17396	29.1855	30.7664	47.9609	78.727	21.5024	9105.0	133.437	36.9992	27.0733	23.18				8.8256	1.10228	6.3848	15.288	0.475321
2016/11/23 17:50:00		3.34286	163.782	29.0036	0.365104	1011.1	1.12292	28.9712	33.1672	61.942	95.109	21.0925	10374.8	88.613	38.3833	27.1325	22.7642				8.8256	1.10228	6.3848	15.288	0.475321
2016/11/23 17:55:00		3.89581	164.929	28.9188	0.358854	1011.16	1.12292	28.6979	33.1851	53.472	86.658	20.7493	9811.0	75.244	35.1092	24.8342	21.0908				8.9204	1.14034	6.3886	15.4445	0.474647
2016/11/23 18:00:00		4.00718	163.233	28.8656	0.364062	1011.26	1.14479	28.4829	36.3966	47.913	84.31	20.6873	9454.6	70.451	35.8675	25.8192	21.6167				9.6381	1.42844	6.418	16.6292	0.46954
2016/11/23 18:05:00		3.79958	162.169	28.7594	0.363542	1011.45	1.12292	28.2606	31.1595	39.9298	71.089	20.4013	9030.8	71.155	35.3483	25.6033	21.8567				9.6381	1.42844	6.418	16.6292	0.46954
2016/11/23 18:10:00		3.30742	140.543	28.6146	0.361458	1011.62	1.15208	28.0203	35.8763	35.4178	71.294	20.2297	8710.0	64.933	33.4042	23.5417	19.9867				9.516	1.40479	6.2902	16.4627	0.463358
2016/11/23 18:15:00		3.01643	152.733	28.4557	0.366146	1011.73	1.16667	27.8576	35.2286	32.2238	67.452	19.7435	8621.9	63.511	30.33	22.005	18.8175				8.592	1.22567	5.323	15.2027	0.416558
2016/11/23 18:20:00		3.2824	155.639	28.3411	0.366667	1011.85	1.13021	27.6893	32.3141	29.2969	61.611	19.6673	8267.3	65.74	38.4308	26.9925	18.5517				8.592	1.22567	5.323	15.2027	0.416558
2016/11/23 18:25:00		2.11741	135.894	28.2307	0.361979	1012.04	1.1375	27.5255	32.2717	28.5301	60.802	19.2573	7955.0	62.49	29.2117	22.2733	19.1625				8.4122	1.18743	5.1904	14.7676	0.413722
2016/11/23 18:30:00		2.72039	95.737	28.1661	0.366667	1012.28	1.11563	27.4697	33.9221	27.7632	61.685	19.386	7855.6	64.451	34.4992	23.9917	19.8558				7.0507	0.89787	4.18589	11.4731	0.392247
2016/11/23 18:35:00		2.85607	87.283	27.9604	0.366146	1012.41	1.15937	27.4034	36.017	23.4464	59.463	20.6778	7712.9	58.197	35.5383	23.9492	19.1058				7.0507	0.89787	4.18589	11.4731	0.392247
2016/11/23 18:40:00		1.80681	96.253	27.8021	0.365104	1012.48	1.13021	27.3198	42.1765	20.7351	62.912	20.9924	7663.1	54.882	38.3442	26.1033	19.1733				6.9661	0.84216	4.1442	11.3907	0.393347
2016/11/23 18:45:00		1.63802	69.141	27.6177	0.366667	1012.76	1.10104	27.2608	39.1704	19.311	58.481	21.1545	7413.1	56.161	44.1475	29.4667	18.8692				6.3254	0.420349	3.8285	10.767	0.401678
2016/11/23 18:50:00		2.54299	73.848	27.3432	0.361979	1013.07	1.14479	27.1357	38.0359	17.0516	55.088	21.5739	7103.1	56.264	39.9183	26.8417	18.1117				6.3254	0.420349	3.8285	10.767	0.401678
2016/11/23 18:55:00		2.15875	77.31	27.0245	0.360938	1013.16	1.15937	26.9596	38.0605	14.7785	52.839	20.5872	6849.2	54.143	42.9233	28.7433	18.31				6.2583	0.410358	3.73034	10.5154	0.389299
2016/11/23 19:00:00		1.93671	74.393	26.6193	0.368229	1013.2	1.20313	26.8366	35.4162	14.1486	49.5648	20.368	6531.9	55.111	31.0717	21.7583	18.35				5.7501	0.334716	2.98715	8.6108	0.295571
2016/11/23 19:05:00		3.23686	67.922	26.3594	0.361458	1013.26	1.03542	26.7161	37.5446	13.2894	50.834	20.4824	6234.6	55.486	31.0583	22.4017	19.2492				5.7501	0.334716	2.98715	8.6108	0.295571
2016/11/23 19:10:00		1.94911	84.343	26.1677	0.363542	1013.35	1.06458	26.6312	37.9041	13.4092	51.313	20.5682	6133.3	56.207	32.9517	23.8767	20.355				5.7198	0.331787	2.98772	8.5027	0.294137
2016/11/23 19:15:00		2.21074	76.545	26.0594	0.366667	1013.56	1.10833	26.6331	42.0782	11.9645	54.043	20.5872	6291.7	54.597	34.7817	24.3317	20.48				5.5234	0.312753	2.99141	7.8004	0.284814
2016/11/23 19:20:00		2.72352	64.371	25.8859	0.364583	1013.74	1.07187	26.5464	37.3949	10.5884	47.9833	20.6683	6050.6	57.157	34.44	23.89	19.46				5.5234	0.312753	2.99141	7.8004	0.284814
2016/11/23 19:25:00		2.32491	65.275	25.6844	0.358854	1013.76	1.05	26.4371	31.2019	10.4446	41.6465	20.7207	5696.3	58.418	34.8817	23.8817	18.9767				5.5471	0.312084	2.97492	7.7896	0.291132
2016/11/23 19:30:00		1.74619	64.493	25.4661	0.360938	1013.83	1.07917	26.3826	34.744	12.1734	46.9173	20.6206	5436.0	54.664	35.5858	24.3217	19.6283				5.7012	0.307735	2.8677	7.7198	0.332204
2016/11/23 19:35:00		2.58058	67.705	25.3479	0.357812	1013.9	1.10833	26.2672	35.9768	11.1053	47.0821	20.735	5242.1	54.361	36.1917	25.5342	19.6308				5.7012	0.307735	2.8677	7.7198	0.332204
2016/11/23 19:40:00		2.34533	59.115	25.262	0.360938	1014.03	1.08646	26.1356	31.2376	9.7154	40.9531	20.7112	5005.4	58.036	33.5708	23.2175	19.6767				5.5687	0.301719	2.7468	7.3755	0.323806
2016/11/23 19:45:00		2.00718	57.873	25.1443	0.360938	1014.11	1.1375	26.2921	31.7826	12.1631	43.9457	20.7445	4911.67	66.54	33.8875	23.7842	18.9992				4.70745	0.262615	1.96094	5.1371	0.269222
2016/11/23 19:50:00		1.68771	56.828	25.0099	0.354688	1014.28	1.11563	26.5139	38.9203	8.9383	47.8586	21.0925	4737.92	68.665	34.6867	24.3225	19.2908				4.70745	0.262615	1.96094	5.1371	0.269222
2016/11/23 19:55:00		1.87996	56.434	24.8875	0.359375	1014.5	1.07917	26.734	42.3507	9.9893	52.34	21.2403	4606.04	69.94	31.295	22.7608	18.8075				4.63585	0.253117	2.12829	5.2167	0.266809
2016/11/23 20:00:00		2.18663	64.774	24.7302	0.359375	1014.67	1.14479	26.9958	38.7662	10.9239	49.6901	21.6502	4387.5	70.358	35.42	24.5592	18.2833				4.17045	0.191378	3.21609	5.7342	0.25112
2016/11/23 20:05:00		3.08391	63.316	24.5917	0.363021	1014.77	1.15937	27.0917	35.3648	9.6401	45.0049	21.7074	4235.83	66.487	28.6867	19.9975	17.0475				4.17045	0.191378	3.21609	5.7342	0.25112
2016/11/23 20:10:00		2.41182	59.815	24.4276	0.361458	1014.78	1.10104	26.9461	31.9523	9.3662	41.3185	21.2641	4017.92	56.915	30.4375	20.8667	16.6275				4.15988	0.199041	3.47517	5.9736	0.251501
2016/11/23 20:15:00		3.33168	63.048	24.2885	0.361458	1014.79	1.15208	26.8508	32.1533	9.9482	42.1015	21.0401	3881.67	52.689	28.0	19.8367	16.4142				4.07979	0.257063	5.4368	7.7862	0.25439
2016/11/23 20:20:00		2.52542	61.119	24.1448	0.361979	1014.8	1.1375	26.6307	30.0495	8.3427	38.3922	20.5491	3677.71	51.25	32.6392	22.7942	17.25				4.07979	0.257063	5.4368	7.7862	0.25439
2016/11/23 20:25:00		2.47563	66.019	24.0411	0.361979	1014.83	1.17396	26.552	28.6671	9.7257	38.3928	20.3394	3609.58	61.826	33.3192	23.3417	18.0483				3.97537	0.222788	5.0054	7.2934	0.220471
2016/11/23 20:30:00		2.45635	65.978	23.9406	0.361979	1014.95	1.16667	26.7405	28.6246	10.6294	39.2541	20.4776	3532.29	66.247	32.11	22.5325	17.3483				3.29661	0.0	2.20126	4.0907	0.0
2016/11/23 20:35:00		2.31742	64.131	23.8797	0.360938	1015.08	1.12292	26.9287	27.8474	11.0334	38.8808	20.5729	3388.75	66.104	28.1883	20.2233	16.9367				3.29661	0.0	2.20126	4.0907	0.0
2016/11/23 20:40:00		2.2795	62.162	23.826	0.358333	1015.1	1.23229	27.0978	24.7967	11.6701	36.4668	20.8303	3233.75	67.34	28.7783	20.4225	17.5325				3.23738	0.0	2.11612	4.00641	0.0
2016/11/23 20:45:00		1.91882	59.871	23.826	0.361458	1015.21	1.16667	27.3537	42.9961	11.7112	54.707	21.3308	3268.54	63.326	39.0408	29.0217	24.645				2.85237	0.0	1.56278	3.45852	0.0
2016/11/23 20:50:00		2.27868	61.165	23.7443	0.3625	1015.3	1.08646	27.4332	32.1287	13.1661	45.2949	21.102	3248.96	59.968	30.8183	22.7283	19.21				2.85237	0.0	1.56278	3.45852	0.0
2016/11/23 20:55:00		1.45241	69.397	23.6792	0.361458	1015.35	1.08646	27.2224	30.992	12.1254	43.1174	20.9257	3179.17	52.107	30.3975	22.825	19.7758				3.0402	0.024387	1.57561	3.4989	0.048749
2016/11/23 21:00:00		2.03202	63.926	23.5708	0.360938	1015.44	1.12292	27.0686	33.5558	10.383	43.9388	22.308	3286.46	47.6853	33.015	23.67	18.7133				4.26111	0.182905	1.659	3.76134	0.365614
2016/11/23 21:05:00		1.87215	62.557	23.4422	0.359375	1015.55	1.17396	26.861	35.1236	9.6846	44.8082	22.6941	3316.88	49.9783	35.0867	23.7833	18.7125				4.26111	0.182905	1.659	3.76134	0.365614
2016/11/23 21:10:00		2.83146	64.193	23.3036	0.358854	1015.55	1.15208	26.9072	29.5314	8.7227	38.254	22.9849	3367.29	61.786	35.1783	23.7417	17.67				4.29773	0.186634	1.68162	3.82515	0.362999
2016/11/23 21:15:00		1.75286	66.508	23.1542	0.3625	1015.62	1.10104	27.0766	29.6475	10.7356	40.3831	24.1336	3292.71	60.815	34.0533	22.8858	17.7192				4.57495	0.214863	1.85287	4.30823	0.343199
2016/11/23 21:20:00		1.93596	65.85	23.0177	0.358333	1015.66	1.08646	27.2769	29.9177	14.5184	44.4361	25.2919	3235.83	55.436	34.6792	23.5408	18.3275				4.57495	0.214863	1.85287	4.30823	0.343199
2016/11/23 21:25:00		1.92076	61.48	22.9156	0.361979	1015.72	1.10104	27.4981	29.8172	14.7991	44.6163	26.1642	3164.58	54.179	36.9667	25.0242	18.0058				4.36401	0.186215	1.8437	4.2065	0.297439
2016/11/23 21:30:00		2.58323	66.196	22.7833	0.361979	1015.77	1.08646	27.7443	27.9971	14.4533	42.4504	26.1881	3097.29	54.486	31.1375	21.2383	16.495				2.99289	0.0	1.78414	3.54524	0.0
2016/11/23 21:35:00		2.00498	68.172	22.6594	0.361979	1015.77	1.14479	27.7615	27.3807	13.7584	41.139	26.4931	2996.46	52.232	31.0075	21.2875	15.9792				2.99289	0.0	1.78414	3.54524	0.0
2016/11/23 21:40:00		2.81214	64.343	22.5521	0.35625	1015.73	1.1375	27.4863	28.236	12.389	40.6251	25.5064	2919.17	48.0675	29.5342	20.0292	15.8458				3.02111	0.023603	2.17383	3.93188	0.0
2016/11/23 21:45:00		3.70716	60.497	22.4661	0.357812	1015.72	1.13021	27.296	21.1541	10.7219	31.876	24.6246	2860.42	49.0175	32.6225	22.73	15.9058				3.20455	0.177024	4.70682	6.445	0.0
2016/11/23 21:50:00		2.99524	66.179	22.3458	0.361979	1015.64	1.09375	27.1349	21.2502	9.1061	30.3562	23.9763	2774.38	54.304	31.7308	21.7725	15.9142				3.20455	0.177024	4.70682	6.445	0.0
2016/11/23 21:55:00		2.68502	63.135	22.2281	0.365104	1015.67	1.17396	27.2039	23.9525	12.3788	36.3313	23.9287	2731.25	53.386	28.1158	19.4892	15.3875				3.25058	0.15342	4.31814	6.0564	0.0
2016/11/23 22:00:00		2.58634	63.68	22.1594	0.3625	1015.66	1.12292	27.423	20.2586	13.8542	34.1128	23.7285	2610.21	53.532	27.2192	18.6617	14.98				3.54976	0.0	1.79172	3.53055	0.0
2016/11/23 22:05:00		1.9615	73.907	22.1141	0.360417	1015.73	1.14479	27.6168	22.6281	14.9428	37.571	23.8429	2508.54	49.8283	35.0725	23.59	15.6225				3.54976	0.0	1.79172	3.53055	0.0
2016/11/23 22:10:00		1.78715	67.313	22.1161	0.360938	1015.75	1.09375	27.7924	24.9061	12.8991	37.8053	24.1622	2460.63	49.2283	29.32	20.15	16.125				3.51071	0.0	1.74204	3.4419	0.028023
2016/11/23 22:15:00		1.83131	61.206	22.1167	0.360938	1015.83	1.07917	27.9443	28.0596	12.8341	40.8937	24.3053	2471.88	48.0675	26.4558	18.7083	15.4575				3.25686	0.0	1.41916	2.86568	0.210175
2016/11/23 22:20:00		2.65428	56.982	22.0339	0.363021	1015.9	1.14479	28.0627	21.7594	12.4404	34.1998	23.5521	2416.67	50.45	23.8267	16.66	13.1067				3.25686	0.0	1.41916	2.86568	0.210175
2016/11/23 22:25:00		1.5349	42.2739	21.9135	0.360938	1015.97	1.07187	28.0963	21.8733	13.7173	35.5906	22.9992	2356.67	48.514	24.25	16.835	13.8167				3.36612	0.022808	1.47439	2.98604	0.212323
2016/11/23 22:30:00		2.46972	55.695	21.8339	0.359375	1016.04	1.07187	28.2125	23.2356	12.2761	35.5117	22.7179	2286.46	47.6032	23.5433	16.9	14.24				4.07631	0.17106	1.83343	3.76845	0.226287
2016/11/23 22:35:00		2.05572	43.3578	21.7193	0.364062	1016.13	1.09375	27.8879	20.8258	11.8516	32.6774	22.0506	2206.67	47.0853	27.6383	19.9517	14.51				4.07631	0.17106	1.83343	3.76845	0.226287
2016/11/23 22:40:00		3.00026	54.093	21.6448	0.35625	1016.12	1.07187	27.5043	19.0972	11.2902	30.3874	21.6693	2210.83	46.746	23.8883	18.0983	15.7683				3.97727	0.17072	1.79886	3.68953	0.196116
2016/11/23 22:45:00		2.77232	57.025	21.5766	0.357812	1016.15	1.10104	27.3878	16.9063	12.0467	28.953	21.674	2192.92	51.489	23.065	18.15	16.455				3.33357	0.16851	1.57416	3.17655	0.0
2016/11/23 22:50:00		2.05115	68.753	21.5063	0.355729	1016.17	1.11563	27.507	17.9247	13.7858	31.7105	21.7455	2123.33	48.9604	22.9592	18.2417	16.2817				3.33357	0.16851	1.57416	3.17655	0.0
2016/11/23 22:55:00		1.47106	56.323	21.5021	0.354688	1016.23	1.07917	27.6525	17.918	15.5933	33.5113	22.1555	2140.21	48.2782	25.0408	19.3792	17.2108				3.27559	0.146042	1.52157	3.06768	0.0
2016/11/23 23:00:00		2.2189	61.231	21.5057	0.355729	1016.28	1.07917	27.8251	17.0649	15.4427	32.5076	22.1126	2034.17	48.5461	24.8333	18.7767	16.4725				2.89874	0.0	1.17979	2.36002	0.0
2016/11/23 23:05:00		1.4033	56.297	21.45	0.359896	1016.32	1.11563	27.8939	18.7421	15.2612	34.0034	22.0029	2002.29	48.1139	24.9133	19.0333	16.9725				2.89874	0.0	1.17979	2.36002	0.0
2016/11/23 23:10:00		1.8626	64.304	21.4068	0.360938	1016.33	1.10104	27.9695	19.3362	13.0908	32.427	22.0315	1951.67	49.2104	25.2942	19.2717	16.5375				2.90111	0.0	1.18958	2.38801	0.0
2016/11/23 23:15:00		1.67209	64.501	21.3286	0.361458	1016.26	1.09375	28.1188	18.1615	12.9368	31.0982	21.941	1879.58	49.639	24.6292	19.4108	16.52				2.91653	0.0	1.25326	2.56996	0.0
2016/11/23 23:20:00		0.86358	69.316	21.2453	0.361979	1016.18	1.10104	28.1959	16.5066	13.5632	30.0698	21.8409	1814.38	50.093	25.5167	20.3708	18.2217				2.91653	0.0	1.25326	2.56996	0.0
2016/11/23 23:25:00		1.99285	65.472	21.2089	0.361979	1016.1	1.10104	28.2241	17.7394	13.3168	31.0561	22.4176	1778.54	48.8318	25.3625	19.3217	15.8508				2.8863	0.0	1.23827	2.53441	0.0
2016/11/23 23:30:00		1.59678	59.741	21.2099	0.363021	1016.02	1.11563	27.9714	16.9242	12.3925	29.3167	22.2127	1716.46	45.6316	23.4392	17.2925	15.0233				2.65744	0.0	1.1248	2.26524	0.0
2016/11/23 23:35:00		2.22863	61.377	21.2089	0.358333	1015.98	1.11563	27.755	15.6132	11.2354	26.8486	22.2222	1587.71	44.3387	19.1958	14.875	11.6267				2.65744	0.0	1.1248	2.26524	0.0
2016/11/23 23:40:00		1.6549	56.317	21.1615	0.359375	1016.06	1.07187	27.5177	13.601	11.7694	25.3704	22.2413	1456.46	43.2957	20.1217	15.0608	12.7717				2.78525	0.0	1.20033	2.55862	0.0
2016/11/23 23:45:00		2.13523	53.624	21.1047	0.359375	1016.1	1.1375	27.2933	14.5055	11.499	26.0045	22.4796	1365.21	41.0849	20.5292	15.1867	13.1158				3.61602	0.0	1.69123	4.46556	0.0
2016/11/23 23:50:00		1.62499	60.957	21.099	0.35625	1016.08	1.07187	27.0474	12.8506	10.8794	23.73	22.0792	1255.21	42.6743	18.9533	14.1192	12.085				3.61602	0.0	1.69123	4.46556	0.0
2016/11/23 23:55:00		1.06494	60.447	20.9995	0.355729	1016.04	1.05	27.035	13.8534	11.8002	25.6536	21.6979	1368.33	45.7352	17.5583	13.5208	11.6567				3.47831	0.0	1.6365	4.14375	0.0
2016/11/24 00:00:00		2.19661	67.524	20.9167	0.360417	1016.08	1.05729	27.1843	11.9282	11.9132	23.8414	22.1078	1538.13	48.1818	16.8458	13.2792	11.6858				2.58317	0.0	1.28075	2.05199	0.0
