-- 1st mean values --
Format: XTAB(V:1;HEAD:2;COL:TCFFFFFFFFFFFFFFFFFFFFFFFF)
StartTime: 2015/09/08 00:00:00
EndTime: 2015/09/09 00:00:00
Period: 24 h
Station: Gia Lam

Time	MeasPt	Wind Spd.	Wind Dir.	Temp	RH	Barometer	Radiation	InnerTemp	NO	NO2	NOx	SO2	CO	O3	PM-10	PM-2.5	PM-1	CH4	NMHC	THC	BENZEN	TOLUEN	ETHYL BENZEN	MP-XYLEN	O-XYLEN
		m/s	degree	°C	%	hPa	W/m²	°C	µg/m3	µg/m3	µg/m3	µg/m3	µg/m3	µg/m3	µg/m3	µg/m3	µg/m3	ppm	ppmC	ppmC	ug/m3	ug/m3	ug/m3	ug/m3	ug/m3
2015/09/08 00:05:00		1.45126	102.331	30.2125	37.2682	1005.15	1.08646	27.0331	42.9492	48.3238	91.273	20.0915	980.21		51.402	34.3867	24.5125								
2015/09/08 00:10:00		1.71132	98.353	30.2161	37.0146	1005.07	1.01354	26.7247	5.7151	23.8949	29.61	19.5243	926.46		54.816	36.7233	25.115								
2015/09/08 00:15:00		1.11411	105.801	30.2115	36.751	1005.01	1.07917	26.6092	0.250133	4.91933	5.1695	19.7245	899.17		57.797	38.6783	26.2183								
2015/09/08 00:20:00		1.2834	93.341	30.1177	36.8146	1004.9	1.09375	26.4919	0.185367	0.67782	0.86319	19.5195	964.38		59.711	39.8375	27.4358								
2015/09/08 00:25:00		1.93874	92.722	30.1115	37.0708	1004.8	1.13021	26.4127	144.521	0.96196	145.483	19.5576	984.37		67.768	45.3783	28.8625								
2015/09/08 00:30:00		1.53854	102.153	30.1135	37.1828	1004.76	1.01354	26.3531	212.285	0.037657	212.323	18.8998	960.83		61.962	42.0417	30.2983								
2015/09/08 00:35:00		2.0431	104.271	30.1115	37.3786	1004.67	1.07187	26.2785	213.458	0.74286	214.2	19.2764	992.92		66.726	44.7492	31.595								
2015/09/08 00:40:00		1.37696	91.707	30.1094	37.3932	1004.5	1.1375	26.1896	217.538	0.66755	218.205	18.4708	1002.71		60.353	41.7333	31.1033								
2015/09/08 00:45:00		2.0443	99.002	30.1104	37.4474	1004.4	1.12292	26.0919	88.809	40.7856	129.594	18.385	992.08		54.008	38.5967	29.025								
2015/09/08 00:50:00		2.30965	84.779	30.1109	37.5932	1004.39	1.11563	26.0172	12.4397	46.7114	59.151	18.2945	982.92		48.49	33.7858	25.6625								
2015/09/08 00:55:00		2.09216	96.584	30.0109	37.2422	1004.31	1.10104	25.9458	4.78157	32.0287	36.8103	17.8941	1041.88		36.4833	27.4892	21.4875								
2015/09/08 01:00:00		2.27579	92.869	30.0021	36.9677	1004.21	1.02813	25.9104	8.8708	37.4102	46.281	17.6367	1045.42		34.6733	24.8833	19.4792								
2015/09/08 01:05:00		1.11629	95.52	29.9245	36.8812	1004.14	1.09375	25.8562	7.2717	32.7887	40.0604	17.5747	927.92		33.3758	24.0617	18.6808								
2015/09/08 01:10:00		1.7835	93.734	29.9021	36.9099	1004.03	1.09375	25.7807	3.17357	29.7419	32.9155	17.6033	839.17		32.2	24.0758	19.5042								
2015/09/08 01:15:00		1.82023	97.077	29.9042	37.1156	1004.02	1.07917	25.7241	12.1382	40.2824	52.421	17.5318	747.71		36.9225	26.0625	19.6142								
2015/09/08 01:20:00		1.56439	77.492	29.8792	37.0057	1004.07	1.10104	25.6819	6.7491	30.8477	37.5968	17.1076	695.0		30.5925	22.2225	16.875								
2015/09/08 01:25:00		0.81101	75.458	29.8047	35.9578	1004.05	1.11563	25.7079	8.7748	29.1668	37.9416	17.0027	639.17		27.2092	19.6467	14.9808								
2015/09/08 01:30:00		1.971	73.227	29.712	35.2646	1003.9	1.04271	25.742	34.0941	41.5901	75.684	16.955	582.5		27.43	19.5367	15.1017								
2015/09/08 01:35:00		1.13134	85.415	29.7089	34.9771	1003.76	1.11563	25.7869	42.8309	40.2858	83.117	17.2839	523.54		34.6575	23.2458	15.3508								
2015/09/08 01:40:00		1.49556	71.465	29.7057	35.013	1003.67	1.07917	25.8183	7.4437	33.155	40.5987	16.6595	491.667		24.6625	19.2025	15.3108								
2015/09/08 01:45:00		1.08333	52.81	29.575	34.8063	1003.62	1.02813	25.8215	9.3242	28.6738	37.998	17.0742	463.333		24.9675	17.2975	12.5708								
2015/09/08 01:50:00		0.450472	51.896	29.3937	34.8057	1003.61	1.06458	25.8124	3.85473	25.4354	29.2901	16.4641	429.167		29.4333	19.9517	13.1467								
2015/09/08 01:55:00		1.0534	11.6849	29.2682	35.2932	1003.79	1.14479	25.8137	13.6479	30.341	43.9889	16.7977	416.25		25.0267	16.9183	11.9417								
2015/09/08 02:00:00		0.73381	11.7627	29.0677	35.3958	1004.05	1.07917	25.7858	4.3349	22.8302	27.1651	16.1828	377.292		35.5517	25.385	20.045								
2015/09/08 02:05:00		1.0677	337.611	28.8609	35.4573	1003.92	1.07917	25.7821	1.76657	18.9105	20.6771	16.7453	350.208		28.8833	21.6533	18.6925								
2015/09/08 02:10:00		1.00588	325.232	28.5828	35.1396	1003.86	1.05	25.7496	1.3534	12.5636	13.917	16.4212	301.042		18.005	13.4117	10.3417								
2015/09/08 02:15:00		0.69622	303.538	28.226	33.5115	1003.88	1.07187	25.73	2.6934	10.4891	13.1825	16.2353	254.167		10.3658	6.99	3.985								
2015/09/08 02:20:00		1.0852	18.6621	28.0161	32.8734	1003.84	1.10104	25.72	1.8894	10.294	12.1834	16.2829	223.333		10.8433	7.5592	5.43								
2015/09/08 02:25:00		1.56129	341.814	27.8786	32.388	1003.78	1.09375	25.7396	1.4807	11.8379	13.3186	16.2067	200.417		15.4467	10.48	7.2433								
2015/09/08 02:30:00		1.23003	30.4088	27.7167	32.7104	1003.72	1.07187	25.7753	0.035733	11.4853	11.521	16.3783	184.792		11.585	8.0217	6.005								
2015/09/08 02:35:00		0.439322	330.513	27.4703	34.001	1003.73	1.05729	25.817	4.82177	18.0102	22.8319	16.3068	166.875		9.07	6.7583	5.45								
2015/09/08 02:40:00		0.51556	350.362	27.3203	35.7417	1003.73	1.15208	25.8513	1.35117	14.0562	15.4074	16.4402	165.625		7.4517	6.08	5.1633								
2015/09/08 02:45:00		0.89738	58.586	27.2781	37.0323	1003.57	1.06458	25.8744	0.0335	11.4237	11.4572	16.445	162.708		7.3017	5.93	5.0517								
2015/09/08 02:50:00		0.62502	38.289	27.2536	38.3031	1003.35	1.12292	25.8795	10.2934	25.1752	35.4686	16.4498	161.042		12.1467	8.3583	5.6867								
2015/09/08 02:55:00		0.468598	44.7766	27.3937	39.401	1003.47	1.07187	25.9085	2.1105	20.7283	22.8388	16.2591	168.125		10.5717	7.6158	6.0308								
2015/09/08 03:00:00		0.55398	345.982	27.4974	39.4891	1003.59	1.08646	25.9238	2.1909	20.8276	23.0185	16.3497	169.792		16.0483	10.76	7.5725								
2015/09/08 03:05:00		0.596	37.6969	27.588	38.8974	1003.68	1.10833	25.9324	3.86143	23.6347	27.4961	16.2972	192.708		26.6783	18.58	12.7775								
2015/09/08 03:10:00		0.74805	38.6807	27.6979	38.6578	1003.57	1.09375	25.9324	2.55493	26.6472	29.2022	16.2639	204.583		29.8817	22.0425	16.3267								
2015/09/08 03:15:00		0.651	55.444	27.8526	38.3516	1003.45	1.04271	25.9407	21.2725	35.5342	56.807	16.6881	216.25		28.8683	20.8767	15.9867								
2015/09/08 03:20:00		0.75783	85.974	28.0156	38.362	1003.62	1.02083	25.9587	0.6231	18.4175	19.0406	16.4498	205.625		29.71	20.7617	16.5258								
2015/09/08 03:25:00		0.424487	45.6142	28.1313	38.2401	1003.58	1.02083	25.97	2.34947	20.3517	22.7012	16.1924	237.5		24.6342	17.7025	14.6258								
2015/09/08 03:30:00		0.70415	36.8022	28.1859	38.149	1003.13	1.10833	25.9654	0.2479	12.3445	12.5924	16.7262	228.958		19.4933	15.4975	13.2858								
2015/09/08 03:35:00		0.68363	340.262	28.1167	37.6234	1003.05	1.15208	25.9944	0.125067	10.383	10.508	16.7977	208.75		18.1475	14.6342	12.2592								
2015/09/08 03:40:00		0.56557	34.5933	27.9182	36.3755	1003.2	1.04271	26.0043	0.2077	10.0338	10.2415	16.4879	199.792		17.1267	13.8117	10.88								
2015/09/08 03:45:00		0.92562	33.426	27.7531	34.849	1003.05	1.07917	26.0223	0.1943	12.9505	13.1448	16.6547	200.0		18.2083	13.7283	10.8358								
2015/09/08 03:50:00		0.72621	53.963	27.6557	34.1193	1003.15	1.07187	26.0306	0.156333	14.1555	14.3118	16.2782	189.583		17.3267	12.6817	9.5592								
2015/09/08 03:55:00		0.51026	53.315	27.5891	34.4151	1003.39	1.09375	26.0384	2.6532	18.3525	21.0057	15.8396	172.708		13.0383	8.7425	5.9567								
2015/09/08 04:00:00		1.11391	57.937	27.6125	35.126	1003.34	1.15208	26.0505	0.75487	17.2159	17.9708	16.6118	206.875		13.3833	9.7233	7.8933								
2015/09/08 04:05:00		0.5792	53.852	27.6896	35.7854	1003.15	1.15208	26.0537	0.1005	15.5693	15.6698	16.5975	245.417		24.7283	18.5592	16.2083								
2015/09/08 04:10:00		0.61655	56.291	27.7516	36.6292	1003.33	1.02083	26.0473	2.8676	22.3783	25.2459	16.5022	272.708		40.5175	29.9858	26.5375								
2015/09/08 04:15:00		0.76671	47.0843	27.8604	37.4354	1003.33	1.07187	26.068	1.02957	17.6986	18.7282	16.8406	293.958		42.7758	35.16	32.6083								
2015/09/08 04:20:00		1.13567	56.119	27.8026	37.9391	1003.34	1.07187	26.083	0.82187	15.6481	16.4699	16.4974	291.875		58.542	49.985	46.3958								
2015/09/08 04:25:00		1.71601	66.021	27.7938	38.7167	1003.38	1.07917	26.0822	2.54823	23.8093	26.3575	16.4402	297.5		59.964	48.585	44.2217								
2015/09/08 04:30:00		2.19703	64.923	27.7313	38.8635	1003.45	1.07187	26.0819	0.70573	17.2468	17.9525	16.7167	315.833		22.475	17.4242	15.2667								
2015/09/08 04:35:00		2.06893	58.009	27.6385	38.4104	1003.46	1.01354	26.087	1.06753	15.7816	16.8491	16.5165	298.333		11.0442	9.2675	8.1975								
2015/09/08 04:40:00		1.75716	52.842	27.5391	37.887	1003.34	1.15937	26.0854	0.1675	13.6523	13.8198	16.7072	290.625		11.4633	8.7833	6.87								
2015/09/08 04:45:00		1.3282	50.841	27.4813	37.6464	1003.22	1.07917	26.0728	1.876	18.7051	20.5811	16.6023	273.958		12.9658	8.7967	6.1183								
2015/09/08 04:50:00		1.91506	67.734	27.4135	37.5484	1003.37	0.95521	26.0575	1.072	19.9888	21.0608	16.4307	285.625		12.2533	8.2517	5.2675								
2015/09/08 04:55:00		1.45155	61.138	27.3844	37.8297	1003.54	1.08646	26.047	0.71243	16.2197	16.9322	16.8883	287.083		9.85	6.8433	4.13333								
2015/09/08 05:00:00		1.37017	70.104	27.3885	38.1547	1003.53	1.02813	26.0382	3.21153	19.3076	22.5191	16.4259	315.417		6.0242	4.36917	3.22583								
2015/09/08 05:05:00		1.74366	56.018	27.3859	38.5167	1003.52	1.09375	26.0253	1.70627	16.4525	18.1588	16.4593	311.875		4.5975	3.99917	3.39								
2015/09/08 05:10:00		1.41798	64.918	27.3208	38.9396	1003.4	1.07917	26.0003	1.6013	16.5689	18.1702	16.8168	303.333		6.3742	5.0642	4.03167								
2015/09/08 05:15:00		1.85056	68.733	27.2922	39.2828	1003.46	1.10833	25.9797	1.67723	16.7401	18.4173	16.6595	286.875		8.5058	6.5933	5.3442								
2015/09/08 05:20:00		1.89062	78.084	27.2969	39.7057	1003.54	1.07187	25.9627	6.001	24.7986	30.7996	16.8788	304.583		11.4017	8.2058	6.3442								
2015/09/08 05:25:00		3.04664	71.102	27.2932	39.7281	1003.62	1.13021	25.9609	8.0311	25.8496	33.8807	16.7787	330.208		14.445	10.7933	7.8925								
2015/09/08 05:30:00		3.21848	66.436	27.2969	39.7302	1003.78	1.06458	25.9622	6.3717	26.12	32.4917	17.1123	343.125		11.9625	9.9833	9.0733								
2015/09/08 05:35:00		2.62382	95.081	27.2922	40.0531	1003.97	1.11563	25.955	8.308	24.3536	32.6616	16.6214	343.958		14.37	11.625	10.4317								
2015/09/08 05:40:00		2.41007	88.673	27.3823	40.5484	1004.0	1.09375	25.9483	20.5489	32.4087	52.958	16.8502	386.667		13.42	10.7133	9.6783								
2015/09/08 05:45:00		2.09865	95.549	27.3901	40.7797	1004.03	1.11563	26.0041	25.8754	35.7567	61.632	17.1409	454.792		10.2417	9.2775	8.645								
2015/09/08 05:50:00		1.77844	84.927	27.2995	40.7089	1004.12	1.15937	26.2111	27.0278	33.422	60.45	16.9932	550.63		10.6608	8.4842	7.1908								
2015/09/08 05:55:00		2.27193	194.001	27.0833	40.8547	1004.63	1.13021	26.4575	19.9213	31.3783	51.3	17.1695	639.58		11.28	8.3258	6.59								
2015/09/08 06:00:00		4.52925	157.868	26.7516	41.6365	1005.01	1.06458	26.7152	15.5239	21.2931	36.817	17.4079	638.33		9.0533	7.2642	6.3533								
2015/09/08 06:05:00		0.7735	137.234	26.1536	41.6766	1005.21	1.05729	26.9639	11.9528	11.7728	23.7256	17.5223	611.67		6.545	4.9775	3.68167								
2015/09/08 06:10:00		1.6906	319.006	25.6391	42.788	1005.08	1.04271	27.2047	16.5133	18.0307	34.544	17.6605	617.08		7.7625	5.5617	3.58167								
2015/09/08 06:15:00		1.68527	314.615	25.4547	44.1	1004.95	1.11563	27.4305	19.3585	27.5681	46.9266	18.0752	612.08		8.0658	5.7567	4.15417								
2015/09/08 06:20:00		1.20956	311.321	25.2984	44.9432	1005.28	1.10104	27.6324	13.8869	22.4879	36.3747	18.0752	635.21		7.4667	5.495	3.51583								
2015/09/08 06:25:00		1.1552	321.803	25.1411	45.5495	1005.53	1.14479	27.8088	9.8691	20.4476	30.3167	18.2945	597.92		8.1658	5.6375	2.69417								
2015/09/08 06:30:00		1.25368	309.94	25.0255	46.1312	1005.55	1.05729	27.9701	16.1291	26.8013	42.9304	18.7425	617.71		9.795	6.9225	3.385								
2015/09/08 06:35:00		2.46004	306.78	25.0151	46.7073	1005.61	1.09375	28.1073	15.4636	30.8477	46.3113	18.7092	601.04		6.8067	5.1242	3.95583								
2015/09/08 06:40:00		1.75801	310.777	25.025	47.3187	1005.52	1.12292	28.2458	7.7854	30.9058	38.6913	20.1773	565.63		6.6167	4.67	3.44917								
2015/09/08 06:45:00		1.56158	303.501	24.9828	47.8068	1005.43	1.08646	28.3637	6.2243	34.2504	40.4747	21.7551	531.04		7.7775	5.4325	3.16917								
2015/09/08 06:50:00		0.77936	204.913	24.9208	48.2172	1005.45	1.09375	28.4732	57.437	49.4877	106.925	23.1422	529.17		7.9417	5.7533	3.3425								
2015/09/08 06:55:00		1.5946	166.003	24.9302	48.6245	1005.62	1.07187	28.5769	39.6506	48.2348	87.885	23.7618	582.29		13.3042	9.4067	6.6675								
2015/09/08 07:00:00		0.79451	0.440774	25.0094	49.0146	1005.29	1.02813	28.6783	146.056	66.382	212.437	24.0621	942.5		9.335	7.3817	6.25								
2015/09/08 07:05:00		0.0	502.0	25.0219	49.3911	1005.51	1.08646	28.7747	154.998	75.81	230.808	24.2194	1190.0		8.8525	6.98	5.89								
2015/09/08 07:10:00		0.96132	187.136	25.0297	49.7568	1005.75	1.05729	28.8628	61.298	74.351	135.65	23.085	1295.21		8.9658	6.5642	5.5492								
2015/09/08 07:15:00		1.16776	168.621	25.101	50.244	1005.61	1.12292	28.8622	178.238	81.438	259.676	24.2385	1579.79		57.968	52.649	50.21								
2015/09/08 07:20:00		1.01978	102.346	25.2339	50.723	1005.2	1.07187	28.5919	141.071	81.201	222.272	23.4472	2030.42		20.8892	18.4517	17.2392								
2015/09/08 07:25:00		1.16017	130.585	25.2714	51.26	1005.28	1.07917	28.2998	148.983	72.814	221.798	23.0516	2281.67		21.96	16.945	14.5117								
2015/09/08 07:30:00		1.37242	118.466	25.3984	51.786	1005.4	1.07917	28.147	184.96	75.717	260.678	22.5463	2657.08		19.9833	14.95	12.7								
2015/09/08 07:35:00		1.61607	128.287	25.4286	52.174	1005.47	1.14479	28.19	217.326	83.433	300.759	22.6131	3086.88		12.5083	8.9158	7.0292								
2015/09/08 07:40:00		2.27909	143.715	25.4125	52.59	1005.47	1.07917	28.2652	86.316	74.091	160.407	21.941	3315.0		8.4425	6.3492	5.095								
2015/09/08 07:45:00		2.45157	138.698	25.3615	52.815	1005.29	1.08646	28.3572	97.338	73.903	171.241	21.8456	3359.58		8.1108	6.2975	5.0792								
2015/09/08 07:50:00		1.91948	143.074	25.4578	53.42	1005.39	1.07917	28.4531	77.32	75.17	152.49	21.6502	3362.5		9.5642	7.7208	6.3733								
2015/09/08 07:55:00		1.91454	107.739	25.5229	54.435	1005.71	1.08646	28.5454	92.406	79.247	171.653	21.3642	3516.46		11.21	8.3633	6.285								
2015/09/08 08:00:00		1.27955	104.865	25.5224	54.955	1005.86	1.10833	28.6359	84.751	80.161	164.911	21.7265	3797.08		18.2808	13.0058	9.8375								
2015/09/08 08:05:00		2.2784	120.554	25.5224	55.3	1005.91	1.05729	28.7409	130.4	83.783	214.183	21.7884	3933.33		14.9725	10.8325	8.4875								
2015/09/08 08:10:00		1.56882	148.264	25.5672	55.631	1006.04	1.10833	28.6783	157.635	91.345	248.98	22.4176	4068.54		15.1383	10.5733	7.9783								
2015/09/08 08:15:00		2.04685	133.172	25.6396	55.808	1006.26	1.06458	28.4719	143.949	88.599	232.549	22.3366	4348.13		16.7842	11.645	8.7492								
2015/09/08 08:20:00		2.14818	123.273	25.7156	56.029	1006.39	1.29062	28.2472	148.961	84.45	233.411	21.8313	4540.21		15.0067	11.1108	8.6108								
2015/09/08 08:25:00		1.60838	126.922	25.7177	56.395	1006.38	3.82813	28.0141	152.927	79.866	232.794	21.2879	4566.46		16.6433	11.9783	8.9883								
2015/09/08 08:30:00		1.33902	77.615	25.7146	56.791	1006.33	6.825	28.0485	161.95	77.686	239.636	21.7598	4743.54		16.6983	11.73	8.59								
2015/09/08 08:35:00		1.74021	137.268	25.7167	56.96	1006.36	6.9781	28.1161	203.052	85.638	288.69	21.7694	4927.29		13.365	9.78	7.76								
2015/09/08 08:40:00		1.30535	123.483	25.6734	57.456	1006.3	10.6021	28.2303	146.797	82.475	229.272	21.2784	4920.42		10.4117	8.1683	6.9983								
2015/09/08 08:45:00		1.44643	97.498	25.7161	57.675	1006.28	14.7875	28.3489	176.965	85.268	262.233	21.6788	4936.88		17.2367	12.605	9.74								
2015/09/08 08:50:00		1.46669	97.399	25.7198	57.774	1006.28	18.1635	28.4796	196.549	85.799	282.348	21.8933	5137.9		18.345	13.195	9.8417								
2015/09/08 08:55:00		0.53814	76.833	25.7177	57.881	1006.59	15.8375	28.5975	173.653	89.144	262.796	21.4452	5250.6		15.0183	10.8067	8.0417								
2015/09/08 09:00:00		0.72861	114.052	25.7177	58.044	1006.99	4.09062	28.7207	191.897	91.536	283.433	21.4691	5347.1		12.6767	9.3867	7.62								
2015/09/08 09:05:00		1.37187	90.242	25.7151	58.451	1007.0	2.63958	28.7036	174.191	92.273	266.464	22.0363	5229.2		11.1433	8.2267	6.4567								
2015/09/08 09:10:00		1.40655	126.437	25.6745	58.677	1006.8	11.2875	28.5895	99.209	83.163	182.372	21.2593	5064.2		9.73	7.1983	5.455								
2015/09/08 09:15:00		1.12194	151.886	25.6198	58.784	1006.89	6.8906	28.4195	161.501	79.801	241.303	21.5263	5058.5		12.6183	9.1975	7.0225								
2015/09/08 09:20:00		0.83276	165.061	25.6214	58.843	1006.9	10.2302	28.1661	174.845	82.571	257.416	21.0782	4947.5		14.2708	10.06	7.4533								
2015/09/08 09:25:00		1.76528	169.016	25.4927	58.981	1006.97	11.1563	28.1599	106.896	77.717	184.613	20.3489	4773.33		12.4283	8.7517	6.2025								
2015/09/08 09:30:00		1.92816	163.611	25.2953	59.078	1006.77	13.074	28.227	123.262	74.505	197.768	20.7064	4518.33		12.3783	9.03	6.6825								
2015/09/08 09:35:00		0.5916	117.929	25.1021	59.159	1006.4	13.9344	28.3328	164.539	85.792	250.331	21.2307	4302.29		9.5475	6.7558	5.0842								
2015/09/08 09:40:00		0.467082	101.411	24.988	59.258	1005.98	15.1375	28.434	125.808	88.076	213.884	20.9733	4220.83		8.81	6.1692	4.015								
2015/09/08 09:45:00		0.61216	118.764	24.849	59.281	1005.67	18.7833	28.5462	44.8252	80.188	125.013	20.2011	3938.54		8.1892	5.79	4.08333								
2015/09/08 09:50:00		1.151	138.71	24.8302	59.283	1005.69	24.5	28.6563	147.507	91.975	239.482	21.5596	3972.5		12.5317	9.5692	7.7858								
2015/09/08 09:55:00		1.82101	163.469	24.9354	59.282	1005.92	34.7594	28.7591	191.881	98.167	290.049	21.593	4037.29		11.58	8.6083	6.6608								
2015/09/08 10:00:00		1.37092	150.135	25.025	59.353	1005.99	48.249	28.845	118.215	88.414	206.629	21.6025	3933.96		13.3183	10.08	8.1225								
2015/09/08 10:05:00		0.56458	166.548	24.9885	59.38	1006.04	63.846	28.7143	140.425	89.667	230.093	22.308	3900.83		12.4508	8.8933	6.89								
2015/09/08 10:10:00		0.90102	179.549	24.9109	59.404	1006.04	81.222	28.5935	114.222	86.792	201.013	21.1116	3849.17		11.8875	8.8175	6.9625								
2015/09/08 10:15:00		0.71645	156.382	24.8312	59.482	1006.05	100.764	28.3272	149.126	86.391	235.518	20.9972	3762.71		14.9917	10.9808	8.2483								
2015/09/08 10:20:00		0.69887	86.136	24.8135	59.483	1006.17	116.411	28.1371	127.106	85.491	212.597	21.0353	3683.75		14.9725	10.8675	8.1492								
2015/09/08 10:25:00		1.00942	125.934	24.7286	59.51	1006.3	129.762	28.1728	191.379	88.195	279.574	21.2736	3644.38		14.0508	10.2833	7.7483								
2015/09/08 10:30:00		1.43716	129.524	24.8307	59.588	1006.37	125.358	28.2187	238.605	93.337	331.942	21.3261	3765.83		22.4617	15.5783	11.3692								
2015/09/08 10:35:00		1.17	98.573	24.9286	59.582	1006.25	113.641	28.3266	186.575	91.355	277.93	21.1115	3747.29		22.4542	16.4	12.4717								
2015/09/08 10:40:00		1.14138	103.228	24.9271	59.586	1006.25	98.736	28.4394	286.441	106.257	392.697	22.0983	3834.38		29.665	20.8342	14.9358								
2015/09/08 10:45:00		0.53438	82.125	25.0109	59.58	1006.3	90.249	28.5441	181.755	96.808	278.564	21.4357	3931.25		26.8	18.5675	13.0767								
2015/09/08 10:50:00		0.74032	99.387	25.024	59.583	1006.38	90.563	28.641	145.872	97.199	243.071	21.7122	4035.0		25.9383	17.86	12.5533								
2015/09/08 10:55:00		0.65183	34.4328	25.0792	59.651	1006.39	97.344	28.7537	262.964	104.032	366.995	22.6893	4132.92		31.0733	21.8058	15.5525								
2015/09/08 11:00:00		0.61185	61.808	25.1286	59.679	1006.33	103.294	28.8399	169.604	110.043	279.647	22.3509	4093.33		24.4808	17.4658	12.175								
2015/09/08 11:05:00		1.04973	113.526	25.0224	59.857	1006.45	85.218	28.9001	60.019	95.463	155.482	21.3976	3759.58		21.3317	15.8292	11.9217								
2015/09/08 11:10:00		1.7894	122.855	25.138	60.008	1006.55	73.588	28.7522	195.019	103.083	298.103	21.9553	3746.46		25.7133	18.9525	13.9983								
2015/09/08 11:15:00		2.33685	94.595	25.2109	60.239	1006.54	82.607	28.5734	163.728	104.21	267.938	22.1698	3794.58		22.765	18.7	15.9183								
2015/09/08 11:20:00		1.10317	91.297	25.1286	60.383	1006.41	122.063	28.3108	131.639	90.345	221.985	21.5787	3735.0		24.3125	19.6842	17.0217								
2015/09/08 11:25:00		1.26055	92.957	25.1292	60.515	1006.27	139.964	28.1999	177.398	93.252	270.65	21.9076	3863.13		24.24	19.9042	17.1367								
2015/09/08 11:30:00		0.77412	81.094	25.126	60.716	1006.24	145.87	28.2437	137.433	91.465	228.897	21.5263	3901.67		20.555	17.5467	14.7008								
2015/09/08 11:35:00		0.54735	38.5165	25.0151	60.931	1006.24	140.058	28.332	84.862	91.232	176.094	20.8828	3756.67		17.5808	15.4617	13.4117								
2015/09/08 11:40:00		0.57753	57.639	24.925	60.93	1006.27	125.927	28.4474	41.1916	84.659	125.851	20.5968	3529.38		19.5567	16.9992	14.7225								
2015/09/08 11:45:00		1.03871	135.945	24.9401	60.966	1006.36	115.959	28.5505	38.0158	90.749	128.765	20.8256	3410.42		22.1433	18.9783	16.91								
2015/09/08 11:50:00		1.27898	109.262	25.1266	60.989	1006.32	109.754	28.4665	187.814	107.284	295.098	21.9219	3567.08		26.3217	21.9608	19.1825								
2015/09/08 11:55:00		0.96072	103.564	25.2328	60.988	1006.19	105.591	28.31	164.192	104.018	268.21	21.736	3718.13		22.2983	17.5567	15.0833								
2015/09/08 12:00:00		1.64312	129.577	25.3255	60.992	1006.21	103.345	28.0675	158.048	94.193	252.242	21.3308	3861.25		23.5633	18.1733	15.5133								
2015/09/08 12:05:00		0.84892	118.913	25.3333	60.993	1006.1	98.999	27.7878	103.468	82.523	185.991	21.0305	3953.13		18.3567	13.83	11.4883								
2015/09/08 12:10:00		0.5096	94.748	25.3141	60.991	1005.95	93.866	27.7435	113.641	76.108	189.748	20.8208	4070.83		19.7233	15.1358	13.0442								
2015/09/08 12:15:00		0.58423	325.814	25.2927	61.084	1005.94	88.915	27.8657	161.233	80.082	241.315	20.7445	4120.21		20.1625	15.6625	13.1742								
2015/09/08 12:20:00		0.49719	343.631	25.324	61.085	1005.89	86.815	28.0329	153.91	89.637	243.547	21.083	4208.54		16.835	14.0617	11.955								
2015/09/08 12:25:00		0.59022	38.093	25.3245	61.086	1005.89	85.808	28.2034	76.005	86.504	162.509	20.9114	4022.29		13.9233	12.4058	11.0508								
2015/09/08 12:30:00		0.392928	26.2186	25.2276	61.089	1005.9	89.359	28.3868	49.2115	84.995	134.206	20.7016	3677.92		16.1175	13.655	11.925								
2015/09/08 12:35:00		0.56786	353.744	25.2062	61.035	1005.85	98.423	28.5137	84.351	98.085	182.436	20.9829	3494.38		12.2608	10.6417	9.5842								
2015/09/08 12:40:00		0.57134	324.966	25.1776	61.07	1005.82	111.3	28.4377	92.612	93.888	186.5	20.9686	3319.58		14.1758	12.325	10.845								
2015/09/08 12:45:00		0.84717	94.96	25.2255	61.033	1005.89	123.01	28.2488	37.7947	83.913	121.707	21.0496	3110.0		9.8158	8.3467	7.3692								
2015/09/08 12:50:00		0.94064	106.645	25.1984	61.036	1005.87	130.608	27.9953	98.334	82.852	181.185	20.3537	2965.21		15.6483	12.0658	10.2567								
2015/09/08 12:55:00		0.52377	115.735	25.3365	61.06	1005.7	150.646	27.7322	158.281	83.913	242.194	20.8971	3116.67		12.8075	9.7108	7.9858								
2015/09/08 13:00:00		0.76188	79.797	25.4302	61.159	1005.58	155.364	27.7156	124.696	82.475	207.171	20.368	3183.75		12.6533	9.6792	8.2117								
2015/09/08 13:05:00		0.449359	44.157	25.3875	61.189	1005.36	168.642	27.8318	143.087	84.118	227.206	20.8208	3140.42		11.8733	9.0667	7.5675								
2015/09/08 13:10:00		0.87895	329.392	25.2323	61.191	1005.13	186.441	28.0037	48.3874	79.021	127.408	20.6254	2977.29		7.845	6.1267	4.8675								
2015/09/08 13:15:00		0.56811	337.891	25.2318	61.167	1005.02	209.22	28.1889	31.1438	78.815	109.959	20.6778	2835.0		7.5492	6.3092	5.3633								
2015/09/08 13:20:00		0.75831	64.539	25.2161	61.092	1005.05	237.978	28.3733	20.9107	83.543	104.454	20.797	2578.96		8.1642	6.8042	5.6325								
2015/09/08 13:25:00		0.425985	17.8467	25.1453	61.089	1004.93	256.112	28.5164	11.0349	79.972	91.007	21.1449	2322.92		10.5175	8.6483	7.4725								
2015/09/08 13:30:00		0.378088	46.5357	25.263	61.09	1004.92	255.077	28.4504	7.6804	81.561	89.241	20.8494	2176.46		17.9808	14.5767	12.7783								
2015/09/08 13:35:00		0.79908	301.177	25.3953	61.089	1004.91	269.063	28.2971	11.8456	92.92	104.765	20.6015	2033.13		22.42	17.98	15.4442								
2015/09/08 13:40:00		0.8413	175.211	25.5589	61.088	1004.83	282.406	28.0836	18.5858	93.173	111.759	20.3775	1980.83		20.2717	16.5625	14.4358								
2015/09/08 13:45:00		1.24755	87.46	25.7401	61.093	1004.68	246.371	27.8385	72.693	101.228	173.921	20.8208	2212.08		20.795	15.205	12.9358								
2015/09/08 13:50:00		0.3108	130.717	25.8146	61.095	1004.47	199.952	27.6901	72.516	97.401	169.917	20.4633	2535.42		15.9392	12.6417	11.2542								
2015/09/08 13:55:00		0.77133	195.378	25.8177	61.093	1004.4	157.967	27.7819	24.149	91.386	115.535	20.0963	2700.0		21.6817	16.495	14.1292								
2015/09/08 14:00:00		0.424785	276.188	25.8844	61.012	1004.29	135.895	27.925	68.574	114.48	183.054	20.449	2829.17		20.5508	16.5042	14.6808								
2015/09/08 14:05:00		1.47754	316.504	25.8104	60.928	1004.0	141.137	28.1132	32.667	113.99	146.657	21.1735	2860.42		22.1492	16.5758	13.7708								
2015/09/08 14:10:00		1.01456	314.314	25.8115	60.816	1004.02	146.599	28.3118	8.8284	105.846	114.674	20.8589	2682.5		21.0658	15.9225	13.6483								
2015/09/08 14:15:00		0.369219	42.0252	25.837	60.692	1004.07	163.654	28.3857	5.6749	91.831	97.506	20.8637	2489.79		18.4158	14.1625	12.3375								
2015/09/08 14:20:00		0.460472	30.0356	25.9177	60.571	1003.99	181.971	28.3027	15.7227	104.514	120.237	21.2498	2451.46		18.76	13.8217	11.19								
2015/09/08 14:25:00		0.76863	294.548	25.9073	60.416	1003.99	193.061	28.1747	2.90333	79.504	82.407	20.9209	2272.08		13.46	9.7667	7.8633								
2015/09/08 14:30:00		0.76975	331.425	25.8167	60.231	1003.87	201.243	28.0026	22.2306	72.797	95.028	20.9638	2152.5		16.8508	13.4458	11.92								
2015/09/08 14:35:00		0.84257	305.992	25.8906	60.07	1003.86	212.596	27.7891	35.0857	88.64	123.726	21.7074	2247.08		18.1875	13.22	10.63								
2015/09/08 14:40:00		0.69746	58.255	25.8432	59.824	1003.85	222.651	27.736	2.6063	64.595	67.201	20.5777	2007.29		17.8608	12.5925	9.9033								
2015/09/08 14:45:00		0.5359	329.279	25.9641	59.681	1004.03	216.081	27.8793	35.4363	81.777	117.213	20.4633	1949.38		18.8083	14.2017	12.1025								
2015/09/08 14:50:00		1.09333	122.825	26.0276	59.461	1004.26	159.556	28.0804	28.1735	91.317	119.491	20.797	1969.17		21.0692	16.0075	13.5825								
2015/09/08 14:55:00		1.38037	131.133	26.1833	59.318	1004.28	139.052	28.3113	102.202	124.113	226.315	21.7837	2275.63		22.4475	18.12	16.3233								
2015/09/08 15:00:00		1.59467	113.895	26.4042	59.26	1004.28	134.757	28.4254	115.568	136.988	252.556	21.8027	2487.71		27.8833	21.7317	18.845								
2015/09/08 15:05:00		1.70459	105.356	26.4917	58.983	1004.43	80.799	28.3787	112.312	139.59	251.902	22.1221	2695.63		20.38	15.73	13.4467								
2015/09/08 15:10:00		1.59761	135.299	26.4901	58.36	1004.49	159.855	28.2778	57.741	104.59	162.33	21.7932	2801.25		19.0067	15.05	13.2867								
2015/09/08 15:15:00		1.1308	87.449	26.4875	57.886	1004.4	190.655	28.1161	188.388	101.707	290.096	22.3747	2975.42		17.48	14.2383	12.9483								
2015/09/08 15:20:00		0.70871	0.223357	26.4849	57.172	1004.07	205.195	27.9084	83.328	92.348	175.676	21.798	2964.38		25.325	16.9267	11.0117								
2015/09/08 15:25:00		0.8112	317.97	26.5016	56.591	1003.75	210.467	27.7924	24.9128	78.624	103.537	21.0973	2726.25		31.935	21.315	13.6933								
2015/09/08 15:30:00		0.5015	60.964	26.5927	56.143	1003.78	200.244	27.8997	21.1765	79.076	100.252	20.8589	2519.58		26.2825	18.1042	14.1083								
2015/09/08 15:35:00		1.01043	122.774	26.6339	55.533	1004.01	179.637	28.0939	8.777	72.872	81.649	21.4262	2267.29		25.9317	17.7033	13.4008								
2015/09/08 15:40:00		1.13947	124.529	26.9026	55.548	1003.8	160.789	28.3207	74.354	95.179	169.533	22.0268	2383.13		40.7642	27.165	16.9692								
2015/09/08 15:45:00		0.78435	321.8	26.9854	54.708	1003.45	155.859	28.478	32.7027	96.692	129.395	21.8647	2522.92		28.9617	19.5533	14.6725								
2015/09/08 15:50:00		1.49751	329.899	26.9906	53.57	1003.54	167.293	28.4273	7.5933	81.393	88.987	21.7312	2346.04		24.8175	17.3467	14.2658								
2015/09/08 15:55:00		0.466623	36.2355	27.0234	52.824	1003.77	179.703	28.3309	5.5007	74.896	80.396	21.736	2166.46		26.2133	17.7217	13.9675								
2015/09/08 16:00:00		0.5799	100.673	27.1177	52.21	1003.93	185.208	28.1674	2.69787	67.142	69.84	21.5406	2002.92		30.27	20.8292	15.97								
2015/09/08 16:05:00		0.63933	75.671	27.2557	51.794	1003.79	187.622	27.9481	39.4608	89.079	128.539	21.2879	2050.0		49.5325	33.0567	21.5767								
2015/09/08 16:10:00		0.77572	144.363	27.3927	51.216	1003.89	191.851	27.7849	28.9619	90.592	119.554	21.388	2329.38		45.0425	30.0317	21.3292								
2015/09/08 16:15:00		0.62903	144.986	27.563	50.825	1003.95	210.773	27.8573	73.343	103.59	176.933	21.798	2679.17		46.2483	30.84	21.8825								
2015/09/08 16:20:00		1.03438	121.53	27.7354	50.22	1003.93	257.199	28.0391	28.3767	102.847	131.224	22.4939	2892.08		41.3925	27.6467	20.7867								
2015/09/08 16:25:00		0.74069	149.06	27.938	49.8359	1003.9	194.906	28.2576	85.472	113.723	199.195	23.3805	3167.5		46.1883	30.8025	19.635								
2015/09/08 16:30:00		0.306998	15.1188	28.1052	48.937	1003.75	178.318	28.4313	87.469	117.677	205.146	24.1479	3409.17		44.1442	29.4525	19.015								
2015/09/08 16:35:00		0.492871	323.04	28.1635	47.5828	1003.69	165.164	28.4147	51.17	110.012	161.182	23.9763	3434.38		32.385	21.7225	16.575								
2015/09/08 16:40:00		0.51271	310.534	28.0943	46.8042	1003.66	139.65	28.3454	8.9222	93.046	101.968	23.0516	3211.04		33.1192	22.1233	17.0933								
2015/09/08 16:45:00		0.357164	314.625	28.0979	45.925	1003.57	115.478	28.2023	33.9578	90.075	124.033	23.2852	3090.83		34.5683	23.2092	16.0767								
2015/09/08 16:50:00		0.82732	268.001	28.0698	45.8182	1003.54	99.261	28.0069	27.6866	91.951	119.637	22.6607	3141.04		32.9858	22.0958	16.1033								
2015/09/08 16:55:00		0.86959	290.742	27.9896	45.6094	1003.56	84.78	27.8173	57.933	93.269	151.201	22.6274	3127.5		34.9283	23.3417	16.9867								
2015/09/08 17:00:00		0.225936	320.363	27.9937	45.5453	1003.5	75.469	27.8477	34.773	88.921	123.694	22.7132	3042.71		36.0342	24.0992	17.7325								
2015/09/08 17:05:00		0.94853	318.163	27.9906	45.9281	1003.56	67.236	28.0176	41.7164	106.01	147.727	23.0182	3019.17		44.7633	29.8575	20.6808								
2015/09/08 17:10:00		0.7849	293.985	27.9891	46.1641	1003.67	61.855	28.216	61.385	107.428	168.813	23.2947	3041.88		42.5825	28.49	21.7367								
2015/09/08 17:15:00		0.93276	292.846	27.9901	46.2255	1003.8	58.202	28.4187	9.8959	90.379	100.275	23.2995	2985.63		39.28	26.7267	20.7375								
2015/09/08 17:20:00		0.72729	136.562	27.9917	46.4568	1003.97	55.008	28.43	74.082	109.605	183.687	23.6713	3296.67		47.6917	31.82	22.7317								
2015/09/08 17:25:00		0.84913	131.369	27.9948	46.4828	1004.16	53.178	28.3591	51.724	107.883	159.607	23.452	3462.71		47.5508	31.7042	21.5892								
2015/09/08 17:30:00		1.19781	144.881	27.9927	46.7995	1004.33	51.071	28.238	79.873	105.863	185.736	23.2184	3990.0		44.1642	29.4433	17.9958								
2015/09/08 17:35:00		1.23843	135.128	28.0995	46.8849	1004.38	47.8771	28.0581	98.874	99.575	198.449	23.0087	4395.83		46.0083	30.6717	18.7208								
2015/09/08 17:40:00		1.06792	124.495	28.0969	46.8036	1004.47	40.8698	27.8402	78.155	94.652	172.807	23.0039	4600.42		39.8967	26.6025	17.4125								
2015/09/08 17:45:00		0.75923	133.76	27.9974	46.2943	1004.45	31.0698	27.7948	67.619	91.304	158.922	22.5797	4759.17		38.2583	25.5092	16.3158								
2015/09/08 17:50:00		1.22072	145.413	27.9943	46.0891	1004.52	21.0656	27.7959	97.585	96.887	194.473	23.4091	4998.13		42.6717	28.4533	17.6592								
2015/09/08 17:55:00		1.16033	119.946	28.0396	46.6641	1004.56	12.2573	27.6987	74.756	102.775	177.532	22.9324	5176.7		40.595	27.06	17.285								
2015/09/08 18:00:00		1.37738	135.256	28.1104	47.376	1004.63	5.2281	27.5473	52.64	93.957	146.596	22.227	5091.5		44.845	29.8917	19.65								
2015/09/08 18:05:00		0.84462	84.885	28.1979	47.8438	1004.61	1.37083	27.3907	117.991	96.456	214.447	26.1261	5185.4		55.733	37.15	20.9967								
2015/09/08 18:10:00		0.6802	71.893	28.1531	47.5922	1004.49	1.00625	27.2415	196.12	99.434	295.554	23.6474	5498.5		57.69	38.45	21.145								
2015/09/08 18:15:00		0.382984	356.124	28.0896	47.0375	1004.41	1.03542	27.1367	158.765	101.327	260.093	24.4911	5783.1		48.395	32.2583	20.8633								
2015/09/08 18:20:00		0.62842	15.5473	28.0469	46.5875	1004.5	1.07187	27.3029	80.972	94.248	175.22	24.2194	5540.4		46.8117	31.2133	20.4983								
2015/09/08 18:25:00		0.5499	320.888	27.9411	46.6771	1004.58	1.03542	27.3881	60.778	92.221	152.999	22.9038	5326.5		45.125	30.0817	20.35								
2015/09/08 18:30:00		0.27952	270.882	27.8833	47.0016	1004.65	1.10104	27.3792	80.011	99.444	179.456	22.8752	5239.6		46.3233	30.8817	20.8								
2015/09/08 18:35:00		0.67861	151.25	27.7792	46.8391	1004.74	1.08646	27.3239	55.802	92.666	148.468	22.6417	4965.21		38.1783	25.4583	18.8933								
2015/09/08 18:40:00		0.82477	151.608	27.6943	47.0542	1004.81	1.07917	27.1982	91.183	92.146	183.328	22.4319	4749.38		46.2708	30.8525	20.9233								
2015/09/08 18:45:00		0.59543	154.508	27.6917	47.8146	1004.83	1.11563	27.0546	99.39	90.578	189.968	22.4367	4792.92		44.1117	29.4542	20.6192								
2015/09/08 18:50:00		0.67777	147.971	27.6911	48.388	1004.84	1.13021	26.9687	127.899	87.199	215.098	21.9696	4917.29		46.2317	30.8167	22.0842								
2015/09/08 18:55:00		0.92192	130.869	27.6911	48.4875	1004.92	1.12292	27.1045	98.579	84.984	183.564	22.1602	4770.63		45.16	30.1075	21.1083								
2015/09/08 19:00:00		0.81465	158.406	27.6896	48.8125	1005.0	1.10104	27.2844	133.837	89.198	223.035	22.9038	4787.5		48.3883	32.265	21.295								
2015/09/08 19:05:00		0.75258	144.263	27.6938	49.1266	1005.05	1.04271	27.3274	172.212	92.067	264.279	23.2852	4690.63		45.1592	30.105	20.7333								
2015/09/08 19:10:00		0.8476	173.441	27.662	49.237	1005.03	1.11563	27.3086	34.6658	78.059	112.725	22.0935	4445.42		35.57	23.9133	18.595								
2015/09/08 19:15:00		1.0221	152.515	27.5896	49.6078	1005.13	1.14479	27.202	21.134	72.39	93.524	21.4595	4076.88		35.9292	24.7142	18.8217								
2015/09/08 19:20:00		1.01284	147.981	27.5938	50.101	1005.25	1.05	27.0935	104.755	71.743	176.497	21.6454	3916.67		50.57	33.9042	21.83								
2015/09/08 19:25:00		1.09278	150.091	27.6583	50.371	1005.38	1.10104	27.017	86.638	78.069	164.707	21.6883	4016.25		43.0233	28.7617	20.7233								
2015/09/08 19:30:00		1.00789	167.885	27.6698	50.486	1005.39	1.09375	27.148	44.3562	70.247	114.603	20.7636	3896.88		49.5092	33.0083	23.0767								
2015/09/08 19:35:00		0.99704	165.701	27.5927	50.639	1005.49	1.06458	27.3172	55.878	72.027	127.905	20.8875	3781.88		58.036	38.69	26.2208								
2015/09/08 19:40:00		0.92154	190.09	27.5891	50.988	1005.58	1.09375	27.3478	44.3138	73.318	117.631	21.2641	3822.08		52.796	35.28	26.8325								
2015/09/08 19:45:00		0.85494	166.581	27.5927	51.222	1005.76	1.10104	27.2986	70.334	70.298	140.633	21.5596	3636.67		57.492	38.5375	28.3125								
2015/09/08 19:50:00		0.69472	170.066	27.5964	51.639	1005.86	1.05729	27.1749	112.75	75.07	187.82	21.5072	3699.17		62.468	41.7075	29.27								
2015/09/08 19:55:00		1.0432	189.613	27.5911	51.669	1005.85	1.07187	27.0374	27.1975	67.132	94.329	20.1773	3549.17		52.452	35.0717	27.965								
2015/09/08 20:00:00		0.76978	170.287	27.5005	51.595	1005.92	1.1375	27.1037	49.5778	66.793	116.37	20.816	3381.67		60.043	40.025	30.3075								
2015/09/08 20:05:00		1.08405	160.521	27.4859	51.643	1005.95	1.05729	27.3298	41.9442	70.603	112.547	20.9781	3294.17		53.553	35.8017	28.4167								
2015/09/08 20:10:00		1.11004	106.91	27.4865	52.016	1006.07	1.10104	27.5298	46.1541	72.866	119.02	21.1068	3177.5		58.032	38.7425	29.2883								
2015/09/08 20:15:00		0.82285	119.313	27.4896	52.201	1006.09	1.14479	27.6627	82.671	85.46	168.131	22.165	3224.38		60.722	40.4908	29.7892								
2015/09/08 20:20:00		0.75765	147.536	27.4885	52.269	1006.1	1.15208	27.7454	84.623	88.045	172.668	22.7322	3261.88		57.307	38.2075	28.5808								
2015/09/08 20:25:00		1.27251	119.625	27.4885	52.406	1006.31	1.12292	27.7964	123.193	87.706	210.899	23.5616	3362.29		60.247	40.1692	28.105								
2015/09/08 20:30:00		1.46814	140.062	27.4901	52.464	1006.39	1.07917	27.8989	133.837	90.958	224.795	23.5664	3496.67		60.586	40.3883	30.0742								
2015/09/08 20:35:00		1.18587	133.019	27.4802	52.605	1006.39	1.05	27.9272	109.049	88.788	197.837	23.9906	3518.75		64.732	43.2408	30.7492								
2015/09/08 20:40:00		1.05935	158.838	27.4573	52.737	1006.37	1.07187	27.8557	111.093	87.411	198.504	23.8429	3595.83		61.655	41.1458	30.3258								
2015/09/08 20:45:00		0.6253	144.602	27.3875	52.764	1006.44	1.10104	27.7306	112.973	83.677	196.65	24.229	3587.08		62.59	41.7217	31.4458								
2015/09/08 20:50:00		0.77777	146.322	27.3901	52.871	1006.55	1.10833	27.5567	112.323	82.167	194.49	24.534	3614.79		61.118	41.225	31.2092								
2015/09/08 20:55:00		0.64345	103.645	27.3875	52.976	1006.61	1.02813	27.3915	117.027	76.994	194.021	24.5912	3672.92		71.966	47.9725	34.0967								
2015/09/08 21:00:00		0.87882	128.529	27.3922	52.973	1006.75	1.05	27.2487	80.634	71.5	152.134	24.5007	3692.5		65.991	43.9917	33.435								
2015/09/08 21:05:00		0.86648	130.021	27.3172	52.978	1006.87	1.08646	27.3134	117.286	69.22	186.506	24.5769	3625.21		68.967	45.975	34.38								
2015/09/08 21:10:00		0.58472	129.48	27.2906	53.074	1006.93	1.10104	27.4718	111.615	71.041	182.656	26.1356	3668.33		70.973	47.3083	35.0433								
2015/09/08 21:15:00		0.58798	161.685	27.2891	53.168	1006.98	1.08646	27.5207	69.198	73.417	142.614	28.6143	3579.38		63.343	42.285	33.6633								
2015/09/08 21:20:00		0.50243	140.289	27.1948	53.248	1007.08	1.10104	27.4925	61.823	68.265	130.088	28.6286	3349.17		67.117	44.7383	34.2483								
2015/09/08 21:25:00		0.91023	137.989	27.1896	53.385	1007.21	1.05	27.3948	64.293	70.124	134.417	29.4294	3210.63		69.65	46.43	34.9017								
2015/09/08 21:30:00		1.0689	126.821	27.1917	53.778	1007.39	1.06458	27.2538	89.702	66.717	156.419	28.6763	3198.33		67.487	47.8908	37.2425								
2015/09/08 21:35:00		0.94821	138.964	27.1932	54.037	1007.47	1.07917	27.1673	112.761	64.687	177.448	27.9708	3371.67		71.558	49.2167	37.2783								
2015/09/08 21:40:00		0.74258	127.027	27.1911	54.086	1007.47	0.99896	27.311	97.606	65.492	163.097	27.394	3398.75		58.687	43.3133	35.72								
2015/09/08 21:45:00		1.07884	128.956	27.1917	54.08	1007.57	1.07187	27.438	67.109	63.02	130.13	28.9194	3285.42		68.133	46.7758	35.5092								
2015/09/08 21:50:00		1.04757	125.818	27.1917	54.203	1007.59	1.08646	27.4665	163.036	70.243	233.279	30.5353	3380.21		56.302	43.3517	36.7583								
2015/09/08 21:55:00		0.76058	128.549	27.1911	54.284	1007.62	1.05729	27.4189	195.566	74.307	269.873	30.6211	3513.54		50.292	39.6208	34.7183								
2015/09/08 22:00:00		0.83843	112.854	27.1891	54.281	1007.73	1.05729	27.3027	163.75	69.524	233.275	29.2959	3692.5		50.465	40.06	35.3733								
2015/09/08 22:05:00		0.88731	141.749	27.0969	54.222	1007.83	1.05729	27.1607	126.056	68.131	194.187	27.9613	3816.04		52.606	40.765	35.05								
2015/09/08 22:10:00		1.0904	144.402	27.1609	54.282	1007.9	1.12292	27.1303	115.428	63.838	179.266	26.5122	3855.21		59.434	43.7233	35.3975								
2015/09/08 22:15:00		1.17257	150.017	27.0932	54.261	1008.0	1.08646	27.3083	111.457	62.161	173.618	26.3501	3789.17		53.407	41.9108	36.6317								
2015/09/08 22:20:00		0.86141	158.987	27.0917	54.184	1008.03	1.06458	27.4176	97.09	63.76	160.849	27.7611	3676.88		56.645	44.2042	38.33								
2015/09/08 22:25:00		0.85447	174.044	27.0885	54.178	1008.0	1.05	27.4289	49.1601	65.639	114.799	28.0137	3414.79		65.299	45.0683	34.8792								
2015/09/08 22:30:00		1.0066	179.322	27.0068	54.089	1008.01	1.08646	27.3658	33.0533	61.233	94.287	27.8707	3129.79		65.67	44.3267	33.9775								
2015/09/08 22:35:00		0.92521	143.186	26.9891	54.217	1008.01	1.07917	27.3937	92.487	63.024	155.51	27.58	3030.21		69.491	47.7575	36.9808								
2015/09/08 22:40:00		0.80445	157.707	26.9849	54.356	1007.99	1.02813	27.5411	105.8	70.678	176.478	28.0804	3047.92		66.978	46.065	35.5742								
2015/09/08 22:45:00		1.00738	146.18	26.9885	54.374	1007.98	1.06458	27.7295	88.699	70.336	159.035	29.539	3035.21		68.153	45.9783	35.465								
2015/09/08 22:50:00		1.03283	158.616	26.9849	54.378	1007.99	1.1375	27.7897	64.543	72.085	136.628	30.0062	3000.21		67.04	45.01	34.7658								
2015/09/08 22:55:00		0.93665	160.886	26.987	54.318	1007.93	1.05729	27.736	56.992	69.401	126.394	28.967	2927.5		65.776	44.2916	34.5908								
2015/09/08 23:00:00		0.92577	162.71	26.9021	54.285	1007.93	1.05729	27.5945	63.963	67.286	131.248	28.3378	2834.17		65.016	44.3342	35.04								
2015/09/08 23:05:00		1.06801	153.481	26.8911	54.352	1008.04	1.03542	27.4168	60.633	63.03	123.663	26.7362	2743.75		66.622	44.7283	34.7783								
2015/09/08 23:10:00		0.74071	110.955	26.8885	54.494	1008.07	1.05729	27.2449	62.277	61.421	123.698	25.8067	2667.08		69.1	46.5725	35.4925								
2015/09/08 23:15:00		0.59062	172.125	26.8974	54.644	1008.08	1.03542	27.2922	109.27	60.097	169.367	25.1537	2665.21		68.71	47.1375	36.885								
2015/09/08 23:20:00		0.59197	126.889	26.8927	54.708	1008.09	1.05	27.4313	86.888	62.199	149.086	25.8258	2672.71		72.007	48.5558	37.5625								
2015/09/08 23:25:00		0.5869	142.273	26.8443	54.767	1008.17	1.05729	27.4946	79.013	63.174	142.187	27.4322	2680.63		72.735	48.4883	38.3775								
2015/09/08 23:30:00		0.53833	93.696	26.7922	54.811	1008.16	1.04271	27.4775	65.084	62.479	127.563	27.58	2657.29		71.245	47.7708	36.6017								
2015/09/08 23:35:00		0.69954	133.193	26.7932	54.949	1008.18	1.06458	27.3891	71.88	64.759	136.639	26.4931	2590.83		71.682	48.1592	36.7908								
2015/09/08 23:40:00		0.65073	109.508	26.7969	54.985	1008.22	1.1375	27.2296	62.25	63.037	125.287	25.9259	2548.54		74.973	50.13	39.1542								
2015/09/08 23:45:00		0.67873	103.228	26.7948	55.026	1008.18	1.03542	27.1037	74.236	60.959	135.195	26.4312	2542.92		77.928	52.337	39.0867								
2015/09/08 23:50:00		0.50625	193.275	26.7901	55.091	1008.15	1.04271	26.9518	115.282	60.877	176.16	25.5827	2532.92		76.46	51.501	38.7117								
2015/09/08 23:55:00		0.0	502.0	26.7943	55.09	1008.1	1.08646	26.7072	110.851	57.868	168.72	24.7342	2512.08		75.477	51.1	39.1508								
2015/09/09 00:00:00		0.0	502.0	26.7906	55.076	1008.0	1.02813	26.4189	90.262	52.089	142.352	24.2909	2496.46		78.17	53.188	40.3242								
