-- 1st mean values --
Format: XTAB(V:1;HEAD:2;COL:TCFFFFFFFFFFFFFFFFFFFFFFFF)
StartTime: 2015/09/09 00:00:00
EndTime: 2015/09/10 00:00:00
Period: 24 h
Station: Gia Lam

Time	MeasPt	Wind Spd.	Wind Dir.	Temp	RH	Barometer	Radiation	InnerTemp	NO	NO2	NOx	SO2	CO	O3	PM-10	PM-2.5	PM-1	CH4	NMHC	THC	BENZEN	TOLUEN	ETHYL BENZEN	MP-XYLEN	O-XYLEN
		m/s	degree	°C	%	hPa	W/m²	°C	µg/m3	µg/m3	µg/m3	µg/m3	µg/m3	µg/m3	µg/m3	µg/m3	µg/m3	ppm	ppmC	ppmC	ug/m3	ug/m3	ug/m3	ug/m3	ug/m3
2015/09/09 00:05:00		0.53438	185.063	26.7885	54.985	1007.92	1.12292	26.2232	69.939	48.3306	118.27	23.8524	2471.46		78.541	52.844	40.8317								
2015/09/09 00:10:00		0.58869	207.476	26.7911	55.003	1007.87	1.06458	25.9872	7.7318	16.4217	24.1535	23.1708	2258.54		77.657	53.202	42.1192								
2015/09/09 00:15:00		0.0	502.0	26.7938	55.03	1007.86	1.00625	25.7684	0.015633	0.321793	0.337427	22.9849	2196.04		86.207	58.014	45.3383								
2015/09/09 00:20:00		0.0	502.0	26.7885	54.997	1007.82	1.03542	25.6489	1.24173	0.013693	1.25543	22.2222	2151.46		87.688	58.758	46.6617								
2015/09/09 00:25:00		0.0	502.0	26.7891	54.983	1007.81	1.03542	25.578	150.198	1.37618	151.575	22.5606	2141.04		91.128	61.288	48.0467								
2015/09/09 00:30:00		0.0	502.0	26.8781	54.983	1007.73	1.05729	25.5466	214.686	0.84899	215.535	22.9658	2178.75		91.402	61.678	48.7183								
2015/09/09 00:35:00		0.0	502.0	26.8833	54.939	1007.69	1.03542	25.5093	216.745	0.6607	217.406	22.9801	2173.33		86.695	60.73	49.6117								
2015/09/09 00:40:00		0.0	502.0	26.8849	54.968	1007.58	0.97708	25.4988	218.125	0.243057	218.368	23.6236	2060.83		88.387	62.505	50.243								
2015/09/09 00:45:00		0.0	502.0	26.8078	54.985	1007.54	1.03542	25.4956	98.908	33.5658	132.473	23.5283	2004.17		88.163	61.662	50.252								
2015/09/09 00:50:00		0.0	502.0	26.7182	55.053	1007.48	1.07187	25.5004	45.2942	43.538	88.832	23.4806	1921.67		79.549	57.989	48.385								
2015/09/09 00:55:00		0.0	502.0	26.5333	54.837	1007.45	1.05729	25.5039	23.5795	44.0275	67.607	23.2566	1777.29		63.918	49.2567	41.3833								
2015/09/09 01:00:00		0.0	502.0	26.4057	55.042	1007.36	1.02083	25.4876	62.281	47.2146	109.496	23.6045	1673.13		71.957	52.904	44.4083								
2015/09/09 01:05:00		0.0	502.0	26.4438	55.468	1007.27	1.05	25.4543	55.842	48.6832	104.525	23.39	1652.92		72.827	53.556	44.7967								
2015/09/09 01:10:00		0.53028	77.886	26.4047	55.59	1007.29	1.06458	25.432	23.6867	44.1473	67.834	23.3376	1570.83		69.529	52.752	44.8483								
2015/09/09 01:15:00		0.350276	72.039	26.3276	55.643	1007.26	1.04271	25.4172	25.565	41.8092	67.374	23.0039	1470.0		68.817	54.333	46.4192								
2015/09/09 01:20:00		0.456	45.4205	26.3151	55.74	1007.23	1.03542	25.3981	9.9919	39.5806	49.5725	22.8419	1369.79		68.396	54.856	47.0367								
2015/09/09 01:25:00		0.53419	346.945	26.3062	55.918	1007.17	1.05	25.3563	17.0113	43.6098	60.621	23.6141	1293.75		80.532	58.917	49.1133								
2015/09/09 01:30:00		0.484791	30.5746	26.3146	56.028	1007.06	1.07917	25.3195	22.4852	46.3793	68.865	23.5712	1236.67		80.458	58.562	47.81								
2015/09/09 01:35:00		0.490283	30.2123	26.4047	56.218	1007.04	1.06458	25.2838	28.2539	45.9583	74.212	23.7809	1222.08		80.472	59.971	49.4225								
2015/09/09 01:40:00		0.464021	38.6319	26.4573	56.289	1007.01	1.06458	25.2569	34.8489	46.0027	80.852	23.2423	1223.75		84.82	63.782	51.583								
2015/09/09 01:45:00		0.55563	29.0998	26.5089	56.441	1006.99	1.11563	25.2521	49.6671	45.0921	94.759	23.8476	1265.0		96.954	69.938	54.655								
2015/09/09 01:50:00		0.59746	48.556	26.4969	56.349	1006.91	1.01354	25.2209	49.2026	44.9449	94.148	24.2099	1275.42		89.422	65.163	52.897								
2015/09/09 01:55:00		0.0	502.0	26.4776	56.255	1006.91	1.05	25.1877	47.5119	44.4828	91.995	23.9001	1268.33		92.505	65.422	52.413								
2015/09/09 02:00:00		0.0	502.0	26.4797	56.168	1006.87	1.05	25.1681	53.986	45.3112	99.298	23.7714	1251.88		92.872	64.146	52.247								
2015/09/09 02:05:00		0.0	502.0	26.476	56.155	1006.78	1.00625	25.1385	61.506	44.4314	105.937	23.3471	1253.33		94.606	65.85	53.789								
2015/09/09 02:10:00		0.0	502.0	26.4297	56.103	1006.8	1.02083	25.0945	62.558	44.9141	107.472	23.4425	1276.04		90.994	63.804	51.923								
2015/09/09 02:15:00		0.0	502.0	26.4031	56.156	1006.76	1.02813	25.0577	70.799	43.9316	114.731	23.7761	1280.42		96.77	66.76	53.668								
2015/09/09 02:20:00		0.0	502.0	26.4464	56.242	1006.72	1.02813	25.0293	91.104	43.425	134.529	23.9954	1294.58		100.816	69.343	55.528								
2015/09/09 02:25:00		0.0	502.0	26.4786	56.41	1006.77	1.06458	25.0309	106.834	43.9933	150.827	24.1765	1374.79		104.022	72.089	57.899								
2015/09/09 02:30:00		0.0	502.0	26.4802	56.462	1006.83	1.05729	25.0328	102.439	45.0956	147.534	23.8143	1436.88		105.295	72.829	58.877								
2015/09/09 02:35:00		0.0	502.0	26.4766	56.499	1006.82	1.11563	25.0303	105.15	43.1203	148.27	23.4854	1475.21		108.162	74.128	60.362								
2015/09/09 02:40:00		0.0	502.0	26.4786	56.566	1006.74	0.99896	25.0083	83.254	41.8194	125.074	22.8085	1506.46		107.66	75.135	61.528								
2015/09/09 02:45:00		0.0	502.0	26.4813	56.571	1006.7	1.11563	25.0083	68.717	40.7	109.417	22.8991	1492.08		117.102	79.83	64.058								
2015/09/09 02:50:00		0.0	502.0	26.4755	56.669	1006.68	1.04271	25.0215	89.449	44.6813	134.131	22.5654	1476.04		122.413	82.962	65.657								
2015/09/09 02:55:00		0.0	502.0	26.5078	56.765	1006.63	1.07187	24.9989	71.761	42.2063	113.968	22.4081	1470.0		119.942	82.739	65.663								
2015/09/09 03:00:00		0.50894	41.5791	26.5812	56.854	1006.62	1.05729	24.9997	53.808	39.2417	93.049	22.084	1442.71		113.443	80.121	65.965								
2015/09/09 03:05:00		0.0	502.0	26.5807	56.803	1006.59	1.03542	25.0078	56.07	40.2926	96.363	21.8933	1411.67		119.092	83.344	68.181								
2015/09/09 03:10:00		0.56521	338.461	26.5573	56.755	1006.53	1.03542	25.0129	57.812	39.9537	97.766	21.5835	1387.5		111.701	81.499	69.152								
2015/09/09 03:15:00		0.58233	336.767	26.4755	56.692	1006.55	1.05	25.0156	57.327	38.5844	95.912	21.4548	1380.21		122.762	84.754	71.649								
2015/09/09 03:20:00		0.0	502.0	26.4771	56.658	1006.48	1.10104	25.0145	59.328	36.5886	95.917	21.4881	1361.04		127.395	88.173	74.338								
2015/09/09 03:25:00		0.5141	359.473	26.4786	56.662	1006.46	1.05729	25.0064	64.885	36.123	101.008	21.0734	1342.29		124.783	90.471	77.849								
2015/09/09 03:30:00		0.55811	24.9713	26.4771	56.662	1006.35	1.09375	25.0086	50.572	35.7909	86.363	21.0305	1336.46		121.782	94.325	82.303								
2015/09/09 03:35:00		0.52552	33.1369	26.4786	56.68	1006.32	1.06458	25.007	59.815	37.3828	97.198	21.3404	1376.04		142.137	103.285	86.658								
2015/09/09 03:40:00		0.5752	29.2824	26.4776	56.757	1006.43	1.02813	25.0008	62.833	35.8663	98.699	21.3404	1454.38		140.093	106.777	91.46								
2015/09/09 03:45:00		0.62108	354.591	26.4724	56.682	1006.45	1.07917	24.986	50.549	37.5095	88.059	21.1068	1470.21		129.512	102.907	89.265								
2015/09/09 03:50:00		0.64164	344.382	26.4703	56.659	1006.45	1.02813	24.971	33.9846	35.8218	69.806	20.4109	1445.42		132.88	106.123	90.135								
2015/09/09 03:55:00		0.405016	6.9221	26.4734	56.658	1006.42	1.08646	24.9506	31.6553	35.7875	67.443	20.5396	1422.08		130.772	105.8	90.38								
2015/09/09 04:00:00		0.87357	3.07641	26.4734	56.677	1006.42	1.05	24.9441	31.959	35.3048	67.264	20.4013	1403.75		127.667	102.618	89.06								
2015/09/09 04:05:00		0.85372	10.9822	26.4745	56.756	1006.35	1.01354	24.9203	32.792	33.8807	66.673	20.2583	1384.79		122.662	100.498	87.58								
2015/09/09 04:10:00		0.67457	5.3352	26.476	56.759	1006.32	1.07187	24.9052	25.4689	33.8841	59.353	20.163	1363.33		115.923	95.527	84.744								
2015/09/09 04:15:00		0.68879	13.77	26.4703	56.756	1006.28	1.08646	24.8977	22.3222	34.4764	56.799	19.9008	1335.21		110.298	94.09	84.667								
2015/09/09 04:20:00		0.58008	28.6054	26.4776	56.838	1006.31	1.05	24.888	27.5772	33.0215	60.599	19.6482	1334.58		119.343	97.984	85.995								
2015/09/09 04:25:00		0.67303	27.9273	26.4766	56.858	1006.35	1.02813	24.8993	26.8223	36.6023	63.425	19.3908	1339.79		116.798	97.569	85.315								
2015/09/09 04:30:00		0.54128	20.8214	26.4771	56.86	1006.49	1.05729	24.9041	36.9974	35.5376	72.535	19.1906	1356.46		140.222	106.36	87.673								
2015/09/09 04:35:00		0.59062	285.975	26.4943	56.943	1006.63	1.07917	24.9117	54.065	35.6574	89.722	19.2192	1472.29		165.845	113.825	90.966								
2015/09/09 04:40:00		0.66536	14.1497	26.5604	56.963	1006.7	1.09375	24.9138	43.4227	39.1458	82.569	18.7902	1600.83		120.345	94.893	82.957								
2015/09/09 04:45:00		0.56317	21.7391	26.4766	56.965	1006.86	1.07187	24.9117	25.8598	39.1595	65.019	18.8569	1590.42		110.405	90.443	80.136								
2015/09/09 04:50:00		0.455541	15.4545	26.475	56.963	1006.85	1.03542	24.8926	28.8212	39.228	68.049	18.5662	1584.58		113.285	92.397	81.386								
2015/09/09 04:55:00		0.58651	14.3017	26.4766	56.965	1006.98	1.09375	24.8843	26.4471	39.6764	66.124	18.4708	1563.33		116.242	94.993	83.094								
2015/09/09 05:00:00		0.58735	2.74194	26.476	56.971	1007.08	1.05729	24.8674	30.3666	37.1192	67.486	18.1181	1552.71		123.483	97.432	82.856								
2015/09/09 05:05:00		0.56764	344.717	26.562	57.065	1007.16	1.08646	24.8437	32.0908	36.8522	68.943	18.7711	1564.79		126.27	96.366	81.97								
2015/09/09 05:10:00		0.427176	341.89	26.5802	57.067	1007.22	1.05	24.8421	32.093	34.5688	66.662	18.2468	1560.42		136.275	99.101	82.864								
2015/09/09 05:15:00		0.6699	328.122	26.5797	57.096	1007.22	1.09375	24.836	37.9019	36.4311	74.333	18.1848	1615.21		138.348	99.156	82.717								
2015/09/09 05:20:00		0.51664	322.089	26.5818	57.163	1007.29	1.07187	24.8174	42.6969	37.7149	80.412	18.5662	1649.79		124.528	98.983	84.871								
2015/09/09 05:25:00		0.59016	11.8428	26.5745	57.189	1007.32	1.10104	24.8185	42.4356	36.4311	78.867	18.4756	1668.54		127.808	100.168	86.167								
2015/09/09 05:30:00		0.378469	15.4541	26.6271	57.281	1007.36	1.08646	24.8271	53.562	36.5646	90.127	18.2039	1730.21		128.012	100.309	85.293								
2015/09/09 05:35:00		0.46683	20.4298	26.6802	57.358	1007.35	1.05729	24.8244	47.6392	34.1786	81.818	17.956	1839.58		128.538	101.419	85.141								
2015/09/09 05:40:00		0.70705	52.517	26.751	57.421	1007.33	1.00625	24.8346	62.433	34.7571	97.19	18.08	1941.88		130.303	100.054	81.76								
2015/09/09 05:45:00		0.411476	55.164	26.7755	57.356	1007.39	1.02083	24.9066	68.775	36.1709	104.946	18.1658	1966.25		118.697	96.152	79.522								
2015/09/09 05:50:00		0.8142	17.4405	26.6792	57.308	1007.43	1.08646	25.1981	36.9326	31.861	68.794	18.1515	1934.17		104.884	85.992	74.138								
2015/09/09 05:55:00		0.62504	14.931	26.6786	57.263	1007.44	1.07917	25.4886	36.0616	29.6255	65.687	17.9942	1832.08		98.999	78.438	67.894								
2015/09/09 06:00:00		0.50065	24.8655	26.6854	57.305	1007.46	1.04271	25.8132	55.346	30.5327	85.879	18.0037	1804.17		93.657	73.008	62.093								
2015/09/09 06:05:00		0.63228	327.383	26.6766	57.409	1007.56	1.11563	26.1327	102.037	33.2029	135.239	18.5614	1981.25		105.101	77.137	62.856								
2015/09/09 06:10:00		0.741	325.875	26.6802	57.538	1007.64	1.09375	26.4471	85.132	31.1181	116.251	18.3946	2180.63		92.259	71.034	58.29								
2015/09/09 06:15:00		0.57593	1.11661	26.6812	57.614	1007.66	1.09375	26.7504	89.635	33.1618	122.797	18.2563	2238.33		80.2	65.577	54.696								
2015/09/09 06:20:00		0.487009	4.38732	26.7078	57.717	1007.72	1.30521	27.0356	123.173	31.8438	155.017	18.7378	2275.0		77.323	63.88	52.831								
2015/09/09 06:25:00		0.392622	45.2067	26.7474	57.768	1007.84	2.50833	27.2995	99.205	36.2942	135.499	18.9427	2406.46		58.998	49.4508	42.7667								
2015/09/09 06:30:00		0.64988	103.788	26.6927	57.768	1007.97	7.124	27.5228	45.5488	27.1573	72.706	18.5328	2233.96		70.448	51.823	41.7275								
2015/09/09 06:35:00		0.09965	54.379	26.6896	57.846	1008.02	18.3604	27.747	114.322	31.3475	145.67	18.9189	2301.88		61.765	48.575	40.6358								
2015/09/09 06:40:00		0.72246	56.656	26.6901	57.905	1008.05	30.5302	27.9534	65.865	31.1284	96.994	18.6567	2369.79		50.325	41.4408	36.1667								
2015/09/09 06:45:00		0.78537	58.921	26.6917	57.98	1008.06	36.1156	28.1457	85.677	35.9655	121.643	19.2621	2380.21		49.465	39.965	34.5542								
2015/09/09 06:50:00		0.80255	66.14	26.6922	58.046	1008.13	46.8854	28.332	73.095	31.2208	104.316	19.0285	2379.17		53.115	40.5867	33.6583								
2015/09/09 06:55:00		0.67997	71.449	26.6964	58.076	1008.21	60.608	28.2939	78.502	38.2078	116.709	19.1858	2574.17		50.235	37.835	31.075								
2015/09/09 07:00:00		0.85445	70.446	26.6938	58.08	1008.22	75.345	28.1392	67.071	33.1002	100.172	18.9952	2497.92		52.243	38.6517	31.6983								
2015/09/09 07:05:00		0.68621	61.22	26.6932	58.083	1008.2	88.594	27.9626	92.154	38.5433	130.697	19.4051	2481.25		53.552	37.9683	30.4233								
2015/09/09 07:10:00		0.5758	78.616	26.7208	58.081	1008.23	101.631	27.9803	108.737	35.7293	144.466	19.0238	2490.83		54.657	39.7483	31.805								
2015/09/09 07:15:00		0.242068	178.889	26.7917	58.077	1008.3	113.823	28.0879	153.568	46.0062	199.575	19.8246	2875.42		51.678	37.155	30.245								
2015/09/09 07:20:00		0.50091	56.404	26.7917	58.052	1008.42	127.488	28.2313	126.963	45.0408	172.004	19.7102	3177.29		46.9783	35.0533	29.3367								
2015/09/09 07:25:00		0.58508	57.014	26.849	57.976	1008.46	135.326	28.3929	162.064	50.946	213.01	19.672	3395.0		52.768	37.6767	30.9367								
2015/09/09 07:30:00		0.50167	54.774	26.8828	57.838	1008.5	141.247	28.5385	91.582	48.6524	140.235	19.7006	3748.96		43.51	32.6617	27.8083								
2015/09/09 07:35:00		0.70013	58.167	26.862	57.608	1008.51	138.863	28.5548	71.518	50.498	122.016	19.2859	3808.54		44.2167	32.4667	27.2117								
2015/09/09 07:40:00		0.79252	51.071	26.8911	57.362	1008.56	146.322	28.4506	59.058	51.206	110.264	19.0667	3932.08		47.3108	33.5608	26.75								
2015/09/09 07:45:00		0.77305	57.299	26.9661	57.092	1008.61	147.722	28.3113	56.972	54.01	110.982	19.3527	3949.58		50.374	35.1267	26.825								
2015/09/09 07:50:00		1.18652	55.96	27.0484	56.708	1008.66	170.734	28.1352	68.007	59.86	127.868	19.2383	4143.96		55.81	37.3158	25.8667								
2015/09/09 07:55:00		0.63489	50.235	27.1333	56.219	1008.71	212.742	28.1172	58.67	62.698	121.368	18.9809	4164.79		72.428	48.2883	27.0233								
2015/09/09 08:00:00		1.01693	62.358	27.2484	55.659	1008.72	202.621	28.2273	46.4868	59.778	106.265	19.1525	4192.29		66.347	44.2225	26.3408								
2015/09/09 08:05:00		0.63436	54.293	27.3964	55.182	1008.78	160.81	28.3639	51.527	58.57	110.097	19.5052	4101.46		82.778	55.176	28.6458								
2015/09/09 08:10:00		0.384071	29.7339	27.4901	54.61	1008.78	162.269	28.5199	51.766	59.727	111.493	19.7292	4172.92		67.617	45.0808	26.85								
2015/09/09 08:15:00		0.70136	46.7174	27.5318	53.871	1008.89	140.095	28.5911	30.8915	58.474	89.365	19.815	3952.92		74.765	49.8367	27.4192								
2015/09/09 08:20:00		0.61926	51.678	27.5943	53.489	1009.01	119.627	28.5382	62.489	68.275	130.764	19.7721	4072.71		64.534	43.3283	26.5567								
2015/09/09 08:25:00		1.02787	355.757	27.588	53.118	1009.12	123.637	28.4224	50.552	61.189	111.74	19.6911	4050.0		63.499	42.69	26.2142								
2015/09/09 08:30:00		0.57374	33.204	27.5906	52.735	1009.23	121.939	28.2568	20.9799	50.751	71.731	19.7054	3723.75		55.814	37.5017	25.4942								
2015/09/09 08:35:00		0.491541	79.443	27.5979	52.88	1009.33	140.868	28.0584	43.4361	65.608	109.044	20.3394	3603.54		64.312	42.8667	26.9067								
2015/09/09 08:40:00		0.67047	94.479	27.7146	52.991	1009.37	248.048	28.0514	66.661	70.774	137.435	20.6873	3720.21		75.629	50.422	28.715								
2015/09/09 08:45:00		0.78923	120.153	27.8401	52.995	1009.43	213.413	28.1852	60.566	72.657	133.223	21.1545	3940.83		64.55	43.0408	27.195								
2015/09/09 08:50:00		1.3536	91.02	28.0021	52.897	1009.51	150.296	28.354	99.091	71.106	170.197	22.2127	4045.83		67.142	44.7567	27.3283								
2015/09/09 08:55:00		1.22349	63.379	28.1016	52.18	1009.53	134.655	28.5132	105.221	66.998	172.219	23.4997	4122.92		64.466	43.0642	25.8642								
2015/09/09 09:00:00		1.10509	82.563	28.0979	51.203	1009.48	178.631	28.5253	53.372	57.317	110.689	24.4959	3943.13		61.352	40.9067	25.3525								
2015/09/09 09:05:00		1.0888	81.29	28.1349	50.962	1009.49	173.79	28.4872	149.705	70.664	220.369	26.6838	3979.17		63.248	42.1617	26.025								
2015/09/09 09:10:00		0.83609	71.322	28.2245	50.545	1009.49	193.922	28.3747	88.261	75.902	164.163	29.6058	3914.38		70.56	47.0233	27.6583								
2015/09/09 09:15:00		0.95399	92.263	28.3146	50.033	1009.52	160.329	28.2233	103.682	76.06	179.742	33.114	3921.46		70.81	47.1975	27.355								
2015/09/09 09:20:00		1.10574	95.258	28.4344	49.7427	1009.5	150.128	28.0592	119.287	68.617	187.904	37.1752	3971.46		80.664	53.769	28.7633								
2015/09/09 09:25:00		1.47414	85.866	28.5677	49.4146	1009.58	269.697	28.0267	163.471	71.404	234.875	38.1095	4241.25		68.735	45.8308	25.6108								
2015/09/09 09:30:00		0.94654	110.139	28.6521	48.6318	1009.58	312.39	28.1806	178.85	71.476	250.326	41.9228	4204.58		60.929	40.6233	23.9458								
2015/09/09 09:35:00		1.02362	73.066	28.7484	47.9036	1009.65	259.423	28.394	144.18	68.799	212.978	47.3378	4039.38	79.077	51.575	34.3825	22.1358								
2015/09/09 09:40:00		1.81861	63.748	28.8078	46.8516	1009.64	211.189	28.5656	113.98	60.905	174.885	49.1729	3227.5	644.83	43.0858	28.7383	18.2617								
2015/09/09 09:45:00		1.20658	77.453	28.8089	46.4901	1009.45	210.955	28.6088	48.4455	59.758	108.203	49.3779	3097.71	933.02	44.1033	29.4183	18.7858								
2015/09/09 09:50:00		1.14654	75.181	28.8224	46.7406	1009.4	429.005	28.5798	114.545	66.409	180.955	47.7524	3176.25	738.93	52.352	34.915	20.1817								
2015/09/09 09:55:00		1.00248	81.104	28.9453	46.85	1009.41	396.36	28.557	112.535	69.894	182.43	44.3348	3367.92	367.242	48.63	32.445	18.9717								
2015/09/09 10:00:00		0.77999	88.857	29.0729	46.1245	1009.45	707.88	28.6241	58.848	59.905	118.753	44.063	3366.88	47.0281	38.7383	25.9158	17.0275								
2015/09/09 10:05:00		0.74377	41.1357	29.1245	45.1776	1009.55	958.3	28.8169	10.6418	42.9423	53.584	45.5503	2989.17	6.5397	31.11	21.055	15.57								
2015/09/09 10:10:00		1.23928	142.09	29.2943	45.4823	1009.74	853.96	29.0397	34.7395	42.5212	77.261	46.1223	2686.04	37.4382	40.8683	27.24	17.6742								
2015/09/09 10:15:00		2.02247	122.523	29.7052	45.4839	1009.82	549.73	29.1747	78.245	60.155	138.4	45.5979	2752.29	63.797	38.235	25.5383	16.7117								
2015/09/09 10:20:00		1.64326	111.517	29.9219	43.1422	1009.77	545.98	29.1771	90.28	60.052	150.332	45.8363	2854.58	92.092	33.5	22.3817	15.03								
2015/09/09 10:25:00		1.69084	134.306	30.0651	42.8109	1009.74	516.29	29.0912	80.087	62.099	142.187	44.1489	2904.79	11.6543	37.575	25.0917	16.3583								
2015/09/09 10:30:00		1.35574	80.908	30.2594	42.3432	1009.67	364.022	29.0013	102.398	65.557	167.955	42.6664	3033.54	0.0	40.715	27.1433	16.57								
2015/09/09 10:35:00		1.66325	97.036	30.3146	42.0771	1009.68	286.803	28.8802	46.5159	59.754	106.27	39.7349	3039.79	0.0	38.5533	25.8	16.8817								
2015/09/09 10:40:00		1.96393	103.378	30.3573	42.112	1009.67	158.419	28.79	75.672	63.671	139.343	37.7377	3139.79	0.0	43.8642	29.2525	17.5308								
2015/09/09 10:45:00		1.53911	112.043	30.4068	42.0589	1009.55	152.607	28.6705	77.608	58.72	136.329	36.3554	3087.08	0.0	42.9475	28.6317	18.0675								
2015/09/09 10:50:00		2.45883	105.941	30.4073	42.2484	1009.55	119.095	28.5841	69.285	59.58	128.864	35.2685	3036.04	0.0	34.3808	22.9417	15.4475								
2015/09/09 10:55:00		1.76492	130.197	30.326	42.9823	1009.54	63.78	28.5188	50.786	55.971	106.757	33.9196	2923.13	0.0	38.45	25.6725	16.9325								
2015/09/09 11:00:00		2.01161	158.687	30.1708	44.0651	1009.58	60.834	28.4724	99.278	56.714	155.993	32.2703	2967.71	0.0	43.3867	29.3492	19.2308								
2015/09/09 11:05:00		3.80256	163.707	29.837	45.5109	1009.67	29.7208	28.4004	44.5528	47.0229	91.576	28.681	2977.71	1.38938	29.9125	20.6975	16.1767								
2015/09/09 11:10:00		3.19323	159.813	29.2521	44.2901	1009.72	26.6802	28.3454	27.3025	35.7909	63.093	28.7716	2760.0	22.4479	11.4617	7.9542	5.5008								
2015/09/09 11:15:00		4.75455	172.438	28.475	43.8995	1009.71	43.6188	28.274	30.5498	48.8133	79.363	32.38	2483.13	4.27528	8.8525	6.2117	4.305								
2015/09/09 11:20:00		3.9054	174.772	27.6151	46.0677	1009.72	55.264	28.1602	45.6248	57.091	102.716	31.0357	2262.92	0.0	9.4008	6.5417	4.79333								
2015/09/09 11:25:00		4.31739	169.249	27.0245	49.0214	1009.9	64.305	28.0283	54.531	66.378	120.91	29.6916	2112.29	0.0	7.1825	5.2467	3.7875								
2015/09/09 11:30:00		2.85166	171.716	26.6552	51.01	1010.04	89.25	28.0251	38.0694	61.61	99.679	28.1519	2015.0	0.0	7.86	5.845	4.23417								
2015/09/09 11:35:00		2.50606	167.282	26.4885	52.693	1010.05	72.866	28.1425	49.3634	64.639	114.003	27.4655	2002.08	5.0968	8.7433	6.7958	5.2608								
2015/09/09 11:40:00		2.54356	155.904	26.4104	53.619	1010.0	41.176	28.2853	56.03	71.171	127.201	26.9746	2055.63	79.841	8.1633	6.4042	5.1058								
2015/09/09 11:45:00		2.58073	144.092	26.3589	54.349	1010.05	38.1063	28.4354	64.472	76.34	140.812	26.7219	2015.42	155.146	8.6842	6.6033	5.1608								
2015/09/09 11:50:00		1.99029	139.694	26.3172	54.841	1009.85	35.7438	28.5989	100.098	81.445	181.542	26.6409	2074.38	205.985	9.925	7.3175	5.7717								
2015/09/09 11:55:00		2.18801	151.223	26.2333	55.224	1009.66	60.215	28.5242	91.287	86.699	177.987	26.2167	2241.04	132.187	12.1625	8.95	7.3017								
2015/09/09 12:00:00		1.58614	166.149	26.2182	55.638	1009.46	77.787	28.3562	106.376	83.033	189.409	25.9164	2363.96	28.9841	12.3158	8.9233	6.9533								
2015/09/09 12:05:00		1.92803	163.013	26.2828	56.017	1009.39	102.885	28.1446	103.665	79.175	182.839	25.3205	2547.5	0.0	17.4158	13.1642	11.285								
2015/09/09 12:10:00		2.06702	169.28	26.3203	56.341	1009.3	132.249	27.8683	129.241	72.633	201.874	25.0155	2741.04	0.0	13.8867	10.4333	8.3717								
2015/09/09 12:15:00		1.30414	152.787	26.3411	56.606	1009.34	199.857	27.6184	130.65	68.467	199.117	24.0097	2921.88	0.0	15.0825	11.4575	9.3575								
2015/09/09 12:20:00		1.94697	147.66	26.4208	56.838	1009.39	658.26	27.6979	156.269	63.328	219.597	24.372	3113.75	0.0	13.6767	10.1942	8.1675								
2015/09/09 12:25:00		1.79295	190.954	26.5979	57.203	1009.23	1139.01	27.8769	74.328	59.874	134.202	23.0087	3144.58	0.0	8.8325	6.9667	5.7675								
2015/09/09 12:30:00		2.24717	163.81	26.851	57.515	1009.21	954.53	28.1137	61.417	50.59	112.007	22.1602	2918.13	0.0	8.7733	7.2367	6.2117								
2015/09/09 12:35:00		2.8384	160.712	27.0438	57.627	1009.18	1179.97	28.3218	55.869	63.085	118.954	22.7656	2799.38	36.9596	8.4783	6.7042	5.7475								
2015/09/09 12:40:00		1.9089	178.086	27.2745	57.642	1009.17	755.15	28.3494	89.742	70.158	159.9	23.9048	2665.21	2.96091	9.2758	7.1925	6.2633								
2015/09/09 12:45:00		2.09827	177.999	27.4156	57.296	1008.94	923.18	28.3135	81.666	70.764	152.43	24.5626	2549.17	23.7052	8.6767	7.0933	6.425								
2015/09/09 12:50:00		2.405	188.816	27.5906	56.821	1008.8	1032.92	28.2066	43.1212	66.916	110.037	24.8153	2401.25	0.0	12.0925	8.9092	6.9742								
2015/09/09 12:55:00		2.48499	164.647	27.8135	56.104	1008.76	1031.93	28.0761	72.244	72.65	144.894	25.0869	2339.38	0.0	18.6892	12.46	5.5267								
2015/09/09 13:00:00		2.36033	176.201	28.0958	55.107	1008.88	1039.22	27.9245	76.974	70.216	147.19	24.453	2189.79	0.0	19.1033	12.745	5.735								
2015/09/09 13:05:00		1.5226	168.5	28.3771	53.527	1009.01	985.59	27.8074	38.2213	62.284	100.505	23.8905	2080.63	0.0	17.5942	11.8525	5.4133								
2015/09/09 13:10:00		2.31854	141.313	28.587	51.287	1009.0	330.298	27.7158	35.0298	60.062	95.092	23.676	2042.92	0.0	15.4367	10.2933	5.48								
2015/09/09 13:15:00		1.2605	159.475	28.5307	49.2693	1008.63	201.447	27.6211	64.423	64.396	128.819	23.881	2012.92	0.0	21.5133	14.3367	6.8833								
2015/09/09 13:20:00		1.65156	199.354	28.4932	48.8198	1008.41	176.881	27.5913	42.2703	62.024	104.294	23.1755	2080.83	0.0	15.1225	10.2567	5.6342								
2015/09/09 13:25:00		1.78759	146.228	28.4974	48.5703	1008.42	154.941	27.6028	96.98	63.493	160.473	23.4711	2026.46	0.0	22.285	14.84	8.1967								
2015/09/09 13:30:00		1.88564	139.39	28.4849	48.6828	1008.52	129.923	27.6323	49.2517	63.575	112.826	23.0373	2068.75	0.0	16.6608	11.1483	6.7883								
2015/09/09 13:35:00		1.81782	170.234	28.3953	48.8672	1008.52	93.231	27.6501	80.804	68.819	149.624	23.1946	2157.29	0.0	20.4383	13.6117	8.6483								
2015/09/09 13:40:00		0.92665	180.006	28.3943	49.3453	1008.3	92.859	27.6227	54.446	65.458	119.904	22.5845	2203.13	0.0	16.9258	11.3058	7.3917								
2015/09/09 13:45:00		1.41474	149.904	28.3958	49.9781	1008.43	95.929	27.6066	76.092	62.664	138.756	22.4748	2407.08	0.0	27.4083	18.2708	9.9267								
2015/09/09 13:50:00		1.38214	131.032	28.3255	50.083	1008.59	91.926	27.5897	205.254	60.234	265.488	23.0707	2516.88	0.0	25.3517	16.9083	10.0417								
2015/09/09 13:55:00		1.88913	135.904	28.2354	49.862	1008.57	76.978	27.5618	67.712	61.914	129.627	21.9219	2730.42	0.0	27.5033	18.3308	9.3958								
2015/09/09 14:00:00		1.51891	136.127	28.2255	50.208	1008.52	79.02	27.5043	129.402	66.68	196.081	22.2651	2978.33	0.0	30.7917	20.5225	12.285								
2015/09/09 14:05:00		1.15696	126.315	28.2979	50.446	1008.55	60.426	27.4713	82.455	65.362	147.816	22.1126	3057.92	0.0	35.32	23.5625	12.2425								
2015/09/09 14:10:00		1.57437	145.64	28.2255	50.42	1008.49	39.9073	27.4125	84.996	58.94	143.936	21.7646	3059.38	0.0	35.68	23.79	13.2233								
2015/09/09 14:15:00		1.50019	136.711	28.1984	50.552	1008.33	31.3979	27.391	69.805	59.08	128.885	21.6597	3072.71	0.0	32.24	21.5092	11.5308								
2015/09/09 14:20:00		1.13788	140.155	28.2911	50.69	1008.15	25.3021	27.3564	68.943	56.619	125.562	21.512	3177.92	0.0	31.5242	21.0225	11.95								
2015/09/09 14:25:00		1.92573	142.102	28.2984	50.827	1008.04	42.3208	27.3293	83.031	55.749	138.78	21.8266	3308.54	0.0	30.21	20.1417	11.4725								
2015/09/09 14:30:00		1.80082	143.272	28.388	50.722	1008.05	41.2198	27.3016	102.255	54.578	156.834	22.737	3376.04	0.0	29.5608	19.7092	12.1683								
2015/09/09 14:35:00		1.77172	156.179	28.3974	50.177	1007.92	42.35	27.2449	139.644	56.673	196.317	22.6655	3456.46	0.0	27.3158	18.205	10.0117								
2015/09/09 14:40:00		1.36145	151.488	28.399	49.6599	1007.84	40.2427	27.2178	93.943	56.204	150.147	22.0601	3583.33	0.0	26.8975	17.9233	10.1825								
2015/09/09 14:45:00		1.47109	158.461	28.4911	49.5563	1007.77	37.8365	27.1612	107.03	55.609	162.639	22.2413	3700.21	0.0	28.4558	18.975	10.705								
2015/09/09 14:50:00		1.13985	138.806	28.4948	49.3875	1007.65	37.2167	27.1258	195.178	58.084	253.261	22.9324	3865.63	0.0	33.135	22.0875	11.6583								
2015/09/09 14:55:00		0.97726	137.479	28.4932	49.0875	1007.54	38.3979	27.1123	143.224	55.547	198.771	22.7036	3972.08	0.0	37.2767	24.845	12.6658								
2015/09/09 15:00:00		0.90541	113.935	28.4964	48.876	1007.49	40.4906	27.0879	136.352	54.096	190.447	22.3032	3982.71	0.0	36.1025	24.0758	12.4042								
2015/09/09 15:05:00		1.45167	105.394	28.4958	48.7224	1007.44	37.7271	27.1652	151.433	60.62	212.054	22.4462	4043.13	0.0	33.1783	22.115	12.7183								
2015/09/09 15:10:00		1.44005	96.854	28.4969	48.7964	1007.41	41.949	27.4369	107.3	56.033	163.334	22.9467	4010.0	0.0	24.7717	16.515	10.975								
2015/09/09 15:15:00		2.0272	96.357	28.4781	49.1203	1007.49	48.0448	27.7446	75.918	56.831	132.748	23.1279	3966.67	0.0	19.5233	13.2225	10.0483								
2015/09/09 15:20:00		1.92949	98.635	28.3995	49.3229	1007.56	60.761	28.0453	74.654	62.031	136.684	23.6617	3780.21	0.0	26.0933	17.3817	10.605								
2015/09/09 15:25:00		1.75845	93.093	28.3714	49.5625	1007.63	57.786	28.128	117.936	81.448	199.384	24.658	3780.83	0.0	39.3592	26.2467	12.3825								
2015/09/09 15:30:00		1.58881	119.363	28.2974	49.4818	1007.69	33.724	28.1194	142.268	95.008	237.276	25.3634	3928.96	0.0	37.5108	25.0008	13.3617								
2015/09/09 15:35:00		1.36786	131.354	28.299	49.4391	1007.72	34.0448	28.0375	85.617	91.855	177.472	24.8343	3985.63	0.0	29.465	19.6383	11.085								
2015/09/09 15:40:00		1.26418	122.716	28.3042	49.0865	1007.68	27.5187	27.8547	113.357	84.923	198.28	23.9906	3930.0	0.0	26.39	17.5942	9.5533								
2015/09/09 15:45:00		0.91272	112.678	28.2958	49.1844	1007.62	53.645	27.6482	101.398	79.788	181.185	23.8524	4040.63	0.0	33.0658	22.0467	11.7217								
2015/09/09 15:50:00		1.72112	140.494	28.3021	49.4453	1007.53	90.577	27.4673	163.364	71.044	234.408	23.2613	4128.13	0.0	31.4625	20.9792	11.3242								
2015/09/09 15:55:00		1.67557	142.17	28.301	49.4615	1007.4	96.512	27.537	148.104	66.241	214.345	23.5759	4259.79	0.0	34.5342	23.0183	12.8875								
2015/09/09 16:00:00		1.8125	159.422	28.3057	49.174	1007.37	95.827	27.7733	169.215	69.88	239.096	24.1193	4274.38	0.0	32.4742	21.6525	12.0217								
2015/09/09 16:05:00		2.06141	144.76	28.299	48.9255	1007.4	79.727	28.0541	104.848	85.197	190.045	24.7676	4220.83	0.067862	35.3525	23.5567	14.5875								
2015/09/09 16:10:00		2.33774	145.768	28.2073	48.5932	1007.5	85.137	28.2595	139.796	94.107	233.903	25.8639	4163.75	1.02507	40.0417	26.6825	14.3725								
2015/09/09 16:15:00		2.14301	153.531	28.1583	48.0828	1007.54	100.195	28.274	136.602	97.774	234.376	26.6552	4037.08	10.315	39.6558	26.4442	14.8583								
2015/09/09 16:20:00		2.01352	133.959	28.1	47.788	1007.56	103.155	28.2077	267.281	108.944	376.225	28.3045	4011.25	6.129	29.2817	19.515	11.8667								
2015/09/09 16:25:00		1.29259	143.823	28.0974	47.1089	1007.78	101.989	28.1229	81.593	95.251	176.843	27.1033	3985.21	0.0	28.3142	18.8733	10.5542								
2015/09/09 16:30:00		1.93978	141.17	28.0979	47.1089	1007.98	99.123	28.2064	72.313	99.372	171.686	27.6514	3616.67	11.5508	26.475	17.6517	10.5283								
2015/09/09 16:35:00		1.33419	119.034	28.1	47.3089	1007.99	93.1	28.2949	82.783	97.449	180.232	27.4512	4357.71	65.115	30.2767	20.1858	11.4092								
2015/09/09 16:40:00		1.28099	129.828	28.1021	47.1885	1007.95	89.491	28.3438	136.852	97.216	234.068	27.5847	4877.29	101.71	35.9067	23.95	13.0667								
2015/09/09 16:45:00		1.84893	126.302	28.0974	47.0667	1007.47	86.414	28.2557	115.756	97.171	212.927	27.3273	5019.2	74.312	32.565	21.7117	12.0867								
2015/09/09 16:50:00		1.08713	136.895	28.099	47.0771	1007.49	80.23	28.0203	152.15	94.741	246.891	27.4703	5014.8	3.03592	35.7217	23.8167	12.1933								
2015/09/09 16:55:00		0.93924	114.014	28.0948	47.3146	1007.44	72.596	27.8085	149.142	89.072	238.214	26.822	5108.8	0.0	39.4767	26.315	13.3467								
2015/09/09 17:00:00		0.65364	111.474	28.099	47.3651	1007.39	67.47	27.9121	171.114	93.05	264.163	26.7696	5378.1	47.0246	42.2267	28.155	14.8642								
2015/09/09 17:05:00		0.65975	94.32	28.0979	47.2792	1007.38	63.89	28.1178	204.54	95.768	300.308	28.1043	5786.3	190.934	44.4458	29.6333	14.1633								
2015/09/09 17:10:00		0.88761	111.627	28.1026	47.3615	1007.45	60.82	28.3564	139.373	102.258	241.632	28.2187	6087.3	283.008	34.52	23.0158	12.385								
2015/09/09 17:15:00		1.5202	84.606	28.1432	47.5333	1007.54	57.422	28.4128	127.421	99.003	226.423	28.7239	6098.3	280.615	39.8658	26.5817	15.5617								
2015/09/09 17:20:00		1.31482	88.997	28.1005	47.4234	1007.62	53.309	28.3728	193.572	100.913	294.485	28.7192	6184.2	246.524	47.7683	31.8383	20.3542								
2015/09/09 17:25:00		1.17285	85.231	28.0974	47.4396	1007.57	48.4677	28.2536	164.588	99.619	264.207	28.6334	6267.5	161.857	37.8542	25.2283	14.9342								
2015/09/09 17:30:00		1.25602	80.557	28.0969	47.2979	1007.54	43.2906	28.0665	132.767	94.97	227.737	28.0709	6300.6	68.269	36.5033	24.3233	14.3275								
2015/09/09 17:35:00		1.64123	82.382	28.0516	47.2375	1007.51	38.0187	27.8528	154.674	88.449	243.123	28.5762	6358.8	4.20385	42.0908	28.0725	16.1167								
2015/09/09 17:40:00		2.11731	93.225	27.9906	47.3438	1007.53	31.974	27.6396	175.757	87.401	263.158	28.3235	6429.8	0.0	35.705	23.8042	14.6958								
2015/09/09 17:45:00		1.51785	83.694	27.9969	47.5432	1007.54	25.9073	27.7373	122.882	78.473	201.356	27.4322	6242.7	39.9384	37.6658	25.1117	16.0267								
2015/09/09 17:50:00		1.22467	89.986	27.9109	47.6172	1007.43	20.1906	27.885	138.272	84.241	222.514	27.4417	5679.2	146.063	34.5033	22.9933	13.2667								
2015/09/09 17:55:00		1.20738	74.289	27.8932	47.8297	1007.44	14.2115	27.8786	137.084	84.916	222.0	27.1509	5740.2	108.182	35.9808	23.9808	11.8975								
2015/09/09 18:00:00		1.95174	90.429	27.8115	47.9719	1007.6	8.4073	27.8106	146.755	90.441	237.196	27.2939	5955.4	65.015	28.55	19.0275	10.59								
2015/09/09 18:05:00		1.96722	90.588	27.7714	48.1948	1007.68	2.99688	27.6825	137.835	81.653	219.488	27.0842	5837.3	9.172	33.2717	22.185	11.8208								
2015/09/09 18:10:00		1.09727	83.583	27.6958	48.4214	1007.73	1.05729	27.5424	174.834	82.598	257.432	26.2167	5958.3	0.0	34.6375	23.0975	12.6342								
2015/09/09 18:15:00		1.5819	77.041	27.6833	48.349	1007.87	1.11563	27.4001	142.335	80.811	223.146	25.0441	5990.2	0.0	28.2733	18.965	11.4483								
2015/09/09 18:20:00		1.39058	64.232	27.5349	48.1417	1007.99	1.05	27.2651	35.1817	66.532	101.714	24.0812	5491.7	0.0	23.1767	15.6808	11.2383								
2015/09/09 18:25:00		1.27367	86.744	27.3542	48.4719	1008.04	1.07187	27.3448	60.736	67.635	128.37	23.8762	5085.6	56.393	26.9817	18.0108	12.0642								
2015/09/09 18:30:00		0.9673	76.995	27.2911	49.0354	1008.09	1.04271	27.4928	141.142	76.118	217.26	25.1728	4970.63	146.199	30.6283	20.4308	13.2433								
2015/09/09 18:35:00		1.24005	77.028	27.2156	49.3589	1008.1	1.05729	27.5258	166.609	79.182	245.791	25.5446	4937.5	127.401	35.1342	23.4217	14.9158								
2015/09/09 18:40:00		1.58446	99.975	27.1901	49.7068	1008.25	1.07917	27.4871	106.997	75.3	182.296	25.3777	5022.7	87.842	30.655	20.4375	13.1308								
2015/09/09 18:45:00		1.52292	89.86	27.1911	49.8448	1008.45	1.07917	27.4028	146.071	77.953	224.024	25.025	4965.63	33.4629	31.1442	20.9542	13.8692								
2015/09/09 18:50:00		1.10062	89.225	27.224	50.096	1008.61	1.16667	27.3072	132.166	72.708	204.875	24.6008	4940.83	0.0	31.1	20.7325	13.91								
2015/09/09 18:55:00		1.84498	93.109	27.1943	50.114	1008.67	1.19583	27.2208	117.967	69.446	187.413	24.167	4875.63	0.0	36.3925	24.2683	14.2725								
2015/09/09 19:00:00		1.51798	96.012	27.1901	50.194	1008.78	1.15937	27.3378	147.608	71.007	218.614	23.9525	5001.9	60.7	30.5983	20.4067	12.2433								
2015/09/09 19:05:00		1.18942	84.129	27.188	50.239	1008.84	1.19583	27.5088	136.419	74.006	210.424	24.229	4969.79	179.098	26.5625	17.6975	10.6758								
2015/09/09 19:10:00		0.8595	88.621	27.187	50.235	1008.89	1.14479	27.5666	90.644	71.565	162.209	24.1146	4775.21	170.322	27.4958	18.3142	10.8633								
2015/09/09 19:15:00		1.23542	99.672	27.1208	50.435	1009.01	1.10833	27.5526	142.091	76.761	218.853	24.8057	4739.38	117.44	28.7467	19.1608	12.1								
2015/09/09 19:20:00		1.40122	99.599	27.1958	50.656	1009.1	1.13021	27.4581	113.739	72.811	186.55	24.3243	4610.83	53.468	28.1983	18.7958	10.8692								
2015/09/09 19:25:00		0.96025	116.665	27.1677	50.693	1009.21	1.15937	27.3456	83.607	69.696	153.303	23.6903	4530.42	4.54673	27.1783	18.1208	11.12								
2015/09/09 19:30:00		0.95861	86.913	27.0943	50.757	1009.26	1.13021	27.2613	96.835	65.06	161.896	23.166	4462.08	0.0	31.17	20.7767	12.2433								
2015/09/09 19:35:00		0.99007	103.183	27.0948	50.835	1009.32	1.05	27.4023	146.123	71.442	217.564	23.8238	4479.38	74.519	31.515	21.0567	12.7333								
2015/09/09 19:40:00		0.79096	137.413	27.0922	50.79	1009.41	1.1375	27.6248	99.263	68.932	168.195	23.7428	4341.04	178.126	25.805	17.2067	10.6733								
2015/09/09 19:45:00		0.99249	131.773	27.0896	50.808	1009.55	1.14479	27.8313	76.57	72.76	149.329	24.7819	4207.08	238.748	25.4717	16.9867	10.38								
2015/09/09 19:50:00		0.80753	73.578	27.0938	50.906	1009.63	1.07917	27.9135	107.073	72.718	179.791	24.7581	4114.79	252.37	25.1583	16.7717	9.7983								
2015/09/09 19:55:00		0.7838	97.233	27.0938	50.988	1009.8	1.07917	27.8361	99.401	73.379	172.78	24.2004	4126.46	192.727	29.4017	19.5967	11.6358								
2015/09/09 20:00:00		0.86772	92.109	27.0896	51.097	1009.84	1.15208	27.675	136.202	71.469	207.671	24.4196	4217.29	114.947	30.42	20.28	11.4317								
2015/09/09 20:05:00		0.85608	91.909	27.0901	51.124	1009.96	1.04271	27.5086	118.545	67.484	186.029	23.3281	4172.92	29.9556	30.9583	20.6383	11.89								
2015/09/09 20:10:00		0.69157	94.855	27.0938	51.07	1010.19	1.05	27.3558	103.468	64.694	168.162	22.9038	4147.29	1.75726	29.0767	19.38	12.1167								
2015/09/09 20:15:00		0.64024	89.904	27.0911	51.068	1010.31	1.13021	27.2484	134.065	61.281	195.346	22.4796	4097.71	0.0	34.3717	22.9033	13.4333								
2015/09/09 20:20:00		0.56977	117.145	27.0906	51.158	1010.38	1.10833	27.3916	107.56	63.14	170.7	22.7418	4047.29	78.573	26.6692	17.8317	11.2758								
2015/09/09 20:25:00		0.59421	61.329	27.0891	51.293	1010.39	1.12292	27.5513	100.797	62.27	163.067	23.4329	4016.67	183.616	33.8542	22.5733	12.7583								
2015/09/09 20:30:00		0.0	502.0	27.0885	51.435	1010.47	1.10104	27.5813	200.013	67.221	267.233	24.5817	4090.42	156.21	37.0892	24.7217	13.9242								
2015/09/09 20:35:00		0.0	502.0	27.0854	51.545	1010.59	1.05	27.5379	214.887	72.551	287.438	24.82	4192.08	97.378	42.7433	28.5317	18.92								
2015/09/09 20:40:00		0.69378	315.086	27.0854	51.386	1010.61	1.12292	27.4184	144.577	70.504	215.081	24.1384	4195.63	35.3881	37.8933	25.2683	16.0908								
2015/09/09 20:45:00		0.71314	325.937	27.0807	51.338	1010.69	1.07917	27.2911	68.224	66.166	134.39	23.1708	4010.0	4.01812	33.0067	22.0192	15.4233								
2015/09/09 20:50:00		0.357861	323.88	27.0135	51.316	1010.75	1.09375	27.1523	106.988	62.14	169.128	23.2756	3896.67	0.0	44.2308	29.78	21.49								
2015/09/09 20:55:00		0.356178	295.155	26.9828	51.469	1010.86	1.05729	27.1421	76.19	62.058	138.248	23.0373	3752.08	5.6682	34.4267	23.0092	17.0783								
2015/09/09 21:00:00		0.88368	317.907	26.9786	51.673	1010.92	1.07187	27.3327	62.375	60.905	123.279	23.3805	3547.92	116.086	35.3567	23.5808	16.9142								
2015/09/09 21:05:00		0.77133	324.632	26.9214	51.956	1011.02	1.10104	27.482	83.703	62.815	146.518	24.1289	3333.96	188.345	40.6883	27.2292	20.595								
2015/09/09 21:10:00		1.14747	310.151	26.8875	52.17	1011.11	1.19583	27.5124	77.579	62.065	139.644	24.4578	3146.46	131.416	37.2517	24.8975	19.5517								
2015/09/09 21:15:00		0.85838	313.205	26.887	52.389	1011.09	1.11563	27.4911	99.424	61.148	160.571	24.7724	2998.75	84.738	40.1358	26.8225	19.2483								
2015/09/09 21:20:00		0.62317	330.955	26.8062	52.583	1011.25	1.07187	27.3964	77.416	61.148	138.564	24.167	2896.25	44.2208	36.76	24.6258	16.7558								
2015/09/09 21:25:00		0.91222	312.739	26.787	52.757	1011.29	1.15937	27.2809	87.388	60.244	147.632	24.2004	2872.08	0.0	37.8325	25.5325	18.4567								
2015/09/09 21:30:00		1.17165	321.673	26.7906	52.817	1011.34	1.07187	27.1743	74.187	56.642	130.829	23.1517	2661.04	0.0	38.6225	26.0242	19.5867								
2015/09/09 21:35:00		0.7771	316.174	26.713	53.029	1011.46	1.15937	27.3336	87.81	53.592	141.402	23.8953	2556.04	29.8948	39.5517	27.0967	20.9367								
2015/09/09 21:40:00		1.04844	316.945	26.6854	53.199	1011.58	1.19583	27.5392	70.207	57.293	127.5	24.515	2400.0	150.149	38.07	26.3175	21.1942								
2015/09/09 21:45:00		0.92817	314.611	26.6542	53.419	1011.57	1.10833	27.7628	62.839	59.128	121.967	25.3396	2270.83	221.208	35.4525	24.5608	19.7058								
2015/09/09 21:50:00		0.90696	329.05	26.5849	53.659	1011.61	1.17396	27.9038	47.9318	59.467	107.399	25.8163	2125.0	256.328	33.5483	23.2833	18.9908								
2015/09/09 21:55:00		0.94391	317.179	26.5839	53.889	1011.63	1.1375	27.9921	68.633	57.615	126.247	26.2596	2012.08	253.303	37.53	26.27	20.5242								
2015/09/09 22:00:00		0.91172	317.44	26.588	54.228	1011.7	1.10104	27.8662	63.987	56.718	120.705	25.3587	1990.42	134.17	38.0958	26.1675	20.3558								
2015/09/09 22:05:00		0.75349	321.905	26.5854	54.46	1011.73	1.11563	27.6635	82.685	54.551	137.236	24.7867	1960.21	35.0773	40.1858	28.0017	22.7525								
2015/09/09 22:10:00		1.0087	327.207	26.5812	54.629	1011.81	1.11563	27.4439	69.87	51.559	121.429	23.7666	1953.33	0.0	40.3033	27.4767	21.1325								
2015/09/09 22:15:00		0.86925	322.358	26.5818	54.735	1011.86	1.15208	27.395	40.3898	46.8175	87.207	22.9896	1837.92	0.100007	39.6033	27.0108	21.225								
2015/09/09 22:20:00		1.07099	322.651	26.5854	54.86	1011.87	1.11563	27.5223	48.7336	45.9891	94.723	23.0373	1804.79	79.295	40.8583	28.0842	21.8125								
2015/09/09 22:25:00		1.05416	319.943	26.5859	55.035	1011.94	1.1375	27.6694	54.103	47.2249	101.327	23.309	1746.46	178.344	39.8575	27.8483	21.7017								
2015/09/09 22:30:00		0.96941	320.9	26.5865	55.162	1011.98	1.1375	27.6984	42.9671	48.4539	91.421	23.7904	1663.54	131.737	39.105	26.9242	20.9525								
2015/09/09 22:35:00		0.78202	322.301	26.5052	55.205	1011.95	1.16667	27.6407	32.1444	48.4881	80.632	23.6856	1567.29	89.46	39.2942	27.3742	21.4167								
2015/09/09 22:40:00		0.92521	315.542	26.4818	55.308	1011.96	1.1375	27.5293	26.3846	46.3348	72.719	23.4711	1516.46	19.8942	41.7983	28.5275	22.7667								
2015/09/09 22:45:00		0.77058	327.197	26.4781	55.403	1012.03	1.11563	27.3765	24.962	45.0887	70.051	23.0659	1431.25	0.0	41.3317	29.0533	23.4333								
2015/09/09 22:50:00		0.98641	315.314	26.4818	55.506	1012.09	1.12292	27.2232	31.5257	43.3942	74.92	22.6321	1420.83	0.0	42.4283	29.8317	24.0283								
2015/09/09 22:55:00		0.73567	329.625	26.4578	55.628	1012.06	1.11563	27.278	26.7844	41.0389	67.823	22.3271	1385.0	7.5791	45.5417	31.18	24.8033								
2015/09/09 23:00:00		0.69915	325.174	26.4057	55.693	1012.11	1.10104	27.4463	41.4105	42.8944	84.305	22.37	1363.33	115.543	46.1875	31.7583	24.9475								
2015/09/09 23:05:00		0.67146	307.477	26.4047	55.783	1012.06	1.17396	27.5537	41.4507	45.0922	86.543	22.8705	1339.79	178.462	46.9967	32.085	25.4								
2015/09/09 23:10:00		0.62261	318.846	26.4036	55.856	1012.04	1.15208	27.5572	24.9441	45.7837	70.728	23.2184	1326.67	115.768	47.4067	32.2592	25.725								
2015/09/09 23:15:00		0.64203	319.868	26.4047	55.961	1012.0	1.15937	27.5027	57.881	45.4619	103.343	23.1469	1317.29	35.0809	51.483	35.2767	26.3317								
2015/09/09 23:20:00		0.83897	313.641	26.4047	56.041	1012.0	1.08646	27.3889	43.1703	45.7974	88.968	22.8991	1283.75	0.0	47.1033	32.2383	25.0717								
2015/09/09 23:25:00		0.75921	314.819	26.4052	56.117	1011.9	1.07917	27.2431	48.8519	42.1275	90.979	22.8562	1262.92	0.0	48.6775	33.2517	24.9042								
2015/09/09 23:30:00		0.72325	320.873	26.4057	56.237	1011.81	1.05729	27.1231	35.51	40.6589	76.169	22.5416	1270.0	0.0	45.3442	30.8542	23.7108								
2015/09/09 23:35:00		0.87328	322.812	26.4057	56.302	1011.8	1.14479	27.2723	33.6809	38.7966	72.478	22.0554	1295.42	14.3938	43.9692	30.0017	23.7625								
2015/09/09 23:40:00		0.79237	333.357	26.4047	56.261	1011.77	1.08646	27.4487	28.9016	40.2721	69.174	22.3747	1254.17	128.994	44.3083	30.2058	23.7733								
2015/09/09 23:45:00		0.98967	317.193	26.4	56.296	1011.69	1.10833	27.5384	40.1665	44.6232	84.79	23.4568	1242.08	171.119	42.6567	29.3592	22.7258								
2015/09/09 23:50:00		0.65139	326.071	26.325	56.36	1011.62	1.16667	27.3021	27.4678	42.6787	70.146	23.2899	1200.83	50.271	41.2892	28.1183	22.0842								
2015/09/09 23:55:00		0.83386	320.374	26.3104	56.467	1011.66	1.10104	26.9222	46.3126	39.0979	85.411	23.0182	1207.92	0.0	43.4858	29.7025	22.4283								
2015/09/10 00:00:00		0.61718	322.362	26.3089	56.465	1011.68	1.10104	26.5399	31.1773	33.155	64.332	22.1269	1165.83	0.0	41.4442	28.4183	22.1408								
