-- 1st mean values --
Format: XTAB(V:1;HEAD:2;COL:TCFFFFFFFFFFFFFFFFFFFFFFFF)
StartTime: 2015/09/27 00:00:00
EndTime: 2015/09/28 00:00:00
Period: 24 h
Station: Gia Lam

Time	MeasPt	Wind Spd.	Wind Dir.	Temp	RH	Barometer	Radiation	InnerTemp	NO	NO2	NOx	SO2	CO	O3	PM-10	PM-2.5	PM-1	CH4	NMHC	THC	BENZEN	TOLUEN	ETHYL BENZEN	MP-XYLEN	O-XYLEN
		m/s	degree	°C	%	hPa	W/m²	°C	µg/m3	µg/m3	µg/m3	µg/m3	µg/m3	µg/m3	µg/m3	µg/m3	µg/m3	ppm	ppmC	ppmC	ug/m3	ug/m3	ug/m3	ug/m3	ug/m3
2015/09/27 00:05:00		0.0	502.0	27.7906	56.15	1006.6	1.07917	26.5936	59.576	46.862	106.438	22.8323	3360.0	0.0	78.944	52.637	36.5858								
2015/09/27 00:10:00		0.58655	323.16	27.7604	56.178	1006.61	1.10104	26.4084	4.65204	10.9273	15.5793	22.9753	3295.83	0.0	75.988	50.864	37.2725								
2015/09/27 00:15:00		0.64783	312.704	27.6885	56.256	1006.55	1.06458	26.2769	0.064767	2.47165	2.53641	22.3795	3089.79	0.0	72.229	48.2758	37.7408								
2015/09/27 00:20:00		0.62003	322.334	27.688	56.283	1006.51	1.05729	26.1525	2.14623	1.18105	3.32728	21.2641	2929.17	0.0	78.996	52.688	39.6408								
2015/09/27 00:25:00		0.61212	319.473	27.6656	56.356	1006.46	1.05729	26.0913	200.042	0.71205	200.754	21.4881	2825.63	0.0	75.528	50.698	39.3417								
2015/09/27 00:30:00		0.64134	313.931	27.5823	56.466	1006.43	1.12292	26.0693	212.54	0.40053	212.94	20.7779	2693.75	0.0	69.481	47.8433	37.5692								
2015/09/27 00:35:00		0.69017	316.575	27.588	56.534	1006.47	1.07187	26.0567	214.947	0.7771	215.724	20.8732	2592.92	0.0	66.834	45.21	36.7808								
2015/09/27 00:40:00		0.53454	307.226	27.4922	56.63	1006.45	1.05729	26.0572	214.186	2.58804	216.774	20.1249	2447.29	0.0	66.98	45.3817	36.7358								
2015/09/27 00:45:00		0.401678	321.932	27.4771	56.709	1006.41	1.05729	26.0511	32.1131	43.3086	75.422	19.9485	2351.25	0.0	67.055	44.9808	36.6508								
2015/09/27 00:50:00		0.51081	330.544	27.4823	56.837	1006.42	1.07187	26.0398	30.0651	40.433	70.498	20.2011	2216.04	0.0	68.1	45.7742	36.7983								
2015/09/27 00:55:00		0.53438	336.487	27.4797	56.936	1006.43	1.10833	26.0145	22.4405	43.1032	65.544	19.7102	2076.25	0.0	67.192	45.6067	37.08								
2015/09/27 01:00:00		0.6427	316.07	27.4719	57.022	1006.42	1.06458	25.9703	30.485	41.0971	71.582	20.1582	1988.33	0.0	67.8	45.9267	37.305								
2015/09/27 01:05:00		0.81938	326.474	27.3917	57.141	1006.45	1.06458	25.938	53.667	41.8913	95.558	20.8351	2025.0	0.0	69.932	46.7233	37.1283								
2015/09/27 01:10:00		0.71378	323.722	27.3813	57.241	1006.49	1.12292	25.9542	27.3114	39.5292	66.841	20.4061	1991.25	0.0	68.322	46.0533	36.4533								
2015/09/27 01:15:00		0.68039	327.465	27.3865	57.319	1006.56	1.08646	25.9421	14.9276	37.6122	52.54	19.8579	1938.96	0.0	63.177	43.5492	35.4725								
2015/09/27 01:20:00		0.0	502.0	27.3797	57.385	1006.53	1.03542	25.9297	31.5525	37.3725	68.925	19.5815	1885.63	0.0	63.933	44.0317	35.0683								
2015/09/27 01:25:00		0.69941	337.237	27.375	57.468	1006.51	1.10833	25.9066	26.7553	39.6593	66.415	19.6816	1841.04	0.0	59.37	40.9883	32.9483								
2015/09/27 01:30:00		0.58763	314.08	27.2849	57.47	1006.52	1.04271	25.8704	27.3628	38.8548	66.218	19.4337	1796.46	0.0	67.237	45.665	35.1683								
2015/09/27 01:35:00		0.468822	332.686	27.2854	57.468	1006.5	1.05	25.8444	20.9353	39.8989	60.834	19.0238	1791.67	0.0	63.342	43.0933	34.7083								
2015/09/27 01:40:00		0.60951	308.579	27.2896	57.47	1006.47	1.07917	25.8368	16.9733	38.3482	55.322	18.8855	1747.29	0.0	65.535	44.2333	35.0933								
2015/09/27 01:45:00		0.0	502.0	27.2896	57.555	1006.47	1.10104	25.817	40.7918	41.2512	82.043	19.8103	1782.71	0.0	67.468	45.1992	35.48								
2015/09/27 01:50:00		0.0	502.0	27.2901	57.609	1006.47	1.00625	25.7866	32.9841	39.1629	72.147	19.3622	1784.38	0.0	69.548	46.4133	35.6333								
2015/09/27 01:55:00		0.0	502.0	27.287	57.681	1006.47	1.07187	25.7727	63.049	41.6414	104.691	19.6434	1846.25	0.0	73.094	48.8042	36.3533								
2015/09/27 02:00:00		0.0	502.0	27.288	57.769	1006.46	1.01354	25.7493	49.0619	40.9807	90.043	20.2011	1956.04	0.0	70.086	47.0458	36.345								
2015/09/27 02:05:00		0.0	502.0	27.2844	57.766	1006.45	1.05729	25.7071	56.588	39.1869	95.775	20.0343	1989.38	0.0	71.903	48.0858	36.5992								
2015/09/27 02:10:00		0.5625	315.45	27.2833	57.829	1006.47	1.07917	25.6875	46.1384	41.6962	87.835	20.0152	2019.38	0.0	71.152	47.6733	36.4617								
2015/09/27 02:15:00		0.0	502.0	27.2271	57.867	1006.49	1.05	25.673	39.6886	39.9503	79.639	19.0857	2033.33	0.0	72.87	48.6167	36.1992								
2015/09/27 02:20:00		0.0	502.0	27.1823	57.89	1006.46	1.06458	25.65	35.0455	40.2789	75.324	19.0953	2041.46	0.0	69.566	46.4208	35.6533								
2015/09/27 02:25:00		0.0	502.0	27.1807	57.977	1006.42	1.05	25.6312	33.1293	37.6978	70.827	19.3098	2114.38	0.0	69.432	46.4475	35.6708								
2015/09/27 02:30:00		0.0	502.0	27.1776	57.976	1006.43	1.01354	25.6175	30.1902	37.2459	67.436	19.3002	2091.46	0.0	68.239	45.5467	35.6633								
2015/09/27 02:35:00		0.0	502.0	27.1885	58.011	1006.47	1.10833	25.6236	42.1095	38.4543	80.564	19.3622	2097.71	0.0	67.362	46.0983	36.1575								
2015/09/27 02:40:00		0.0	502.0	27.1568	58.078	1006.46	1.10104	25.639	36.6959	39.8681	76.564	19.4432	2103.75	0.0	67.915	45.5108	36.1225								
2015/09/27 02:45:00		0.0	502.0	27.0844	58.077	1006.43	0.99896	25.6639	21.0581	36.5886	57.647	19.3527	2068.75	0.0	67.724	45.3658	35.6308								
2015/09/27 02:50:00		0.0	502.0	27.0828	58.101	1006.41	1.07187	25.6438	74.707	38.4714	113.179	20.1964	2066.46	0.0	79.25	52.825	37.4908								
2015/09/27 02:55:00		0.0	502.0	27.0891	58.21	1006.32	1.12292	25.6414	76.344	42.6445	118.989	20.9161	2135.21	0.0	78.248	52.158	37.3742								
2015/09/27 03:00:00		0.0	502.0	27.0812	58.299	1006.28	1.10104	25.6271	94.039	40.3543	134.393	20.5729	2172.08	0.0	78.828	52.747	38.1775								
2015/09/27 03:05:00		0.0	502.0	27.0823	58.399	1006.26	1.03542	25.6094	54.714	40.4056	95.12	20.1296	2245.21	0.0	68.976	46.6658	36.25								
2015/09/27 03:10:00		0.0	502.0	27.087	58.473	1006.28	1.10833	25.6035	51.648	37.0952	88.743	19.4861	2219.58	0.0	71.393	48.5217	37.0292								
2015/09/27 03:15:00		0.0	502.0	27.0885	58.471	1006.31	1.05	25.5689	47.2261	38.3482	85.574	19.2097	2165.21	0.0	68.775	46.5908	35.7483								
2015/09/27 03:20:00		0.0	502.0	27.0839	58.48	1006.3	1.07187	25.5509	82.691	36.4688	119.16	19.3956	2127.29	0.0	60.095	44.26	36.7733								
2015/09/27 03:25:00		0.0	502.0	27.0885	58.577	1006.31	1.07917	25.5498	145.725	43.247	188.972	19.6434	2222.71	0.0	60.337	45.18	37.4567								
2015/09/27 03:30:00		0.0	502.0	27.088	58.594	1006.3	1.10104	25.5515	77.135	38.4098	115.545	19.3336	2256.46	0.0	70.022	46.9192	36.045								
2015/09/27 03:35:00		0.0	502.0	27.0906	58.676	1006.34	1.03542	25.5482	61.495	33.1036	94.598	21.8075	2306.04	0.0	71.762	48.0783	37.4867								
2015/09/27 03:40:00		0.0	502.0	27.087	58.717	1006.39	1.07187	25.5378	57.392	34.3668	91.759	23.4139	2366.25	0.0	70.044	47.43	37.27								
2015/09/27 03:45:00		0.0	502.0	27.0891	58.776	1006.43	1.08646	25.5088	64.831	34.8701	99.702	20.2297	2403.13	0.0	71.789	47.9658	37.4008								
2015/09/27 03:50:00		0.53438	89.325	27.0615	58.855	1006.4	1.06458	25.5074	67.424	34.514	101.938	19.6387	2443.75	0.0	66.69	46.2692	37.5783								
2015/09/27 03:55:00		0.69385	76.587	26.9875	58.874	1006.4	1.03542	25.5085	54.065	32.9222	86.987	19.9437	2462.71	0.0	64.626	45.9842	37.7692								
2015/09/27 04:00:00		0.60589	76.137	26.9849	58.96	1006.36	1.05	25.5235	77.057	34.3052	111.362	20.1535	2518.96	0.0	69.044	47.5325	38.2683								
2015/09/27 04:05:00		0.70546	61.316	26.9823	58.975	1006.3	0.99896	25.4994	68.405	33.6924	102.097	19.796	2510.83	0.0	71.272	48.0583	38.3933								
2015/09/27 04:10:00		0.0	502.0	26.9839	58.98	1006.29	1.06458	25.4988	93.402	34.0279	127.43	19.6768	2564.17	0.0	71.082	48.01	38.7567								
2015/09/27 04:15:00		0.0	502.0	26.9849	59.068	1006.29	1.06458	25.5109	78.334	34.9728	113.307	20.0867	2668.96	0.0	68.372	48.5267	39.5867								
2015/09/27 04:20:00		0.0	502.0	26.975	59.077	1006.3	1.06458	25.523	62.725	33.9492	96.675	20.1249	2789.58	0.0	74.272	50.174	40.375								
2015/09/27 04:25:00		0.0	502.0	26.9615	59.138	1006.26	1.02083	25.5246	49.7564	35.9861	85.743	19.4814	2796.88	0.0	72.17	49.5175	40.8433								
2015/09/27 04:30:00		0.0	502.0	26.8901	59.179	1006.3	1.05729	25.5281	80.945	36.6262	117.571	20.2631	2779.17	0.0	78.663	52.657	42.5583								
2015/09/27 04:35:00		0.0	502.0	26.9005	59.188	1006.34	1.05729	25.5203	114.32	42.1515	156.471	20.2393	2979.79	0.0	80.697	54.227	43.0533								
2015/09/27 04:40:00		0.0	502.0	26.8849	59.279	1006.35	1.03542	25.5337	126.483	41.347	167.83	20.9114	3247.5	0.0	80.665	53.882	42.3917								
2015/09/27 04:45:00		0.0	502.0	26.8833	59.301	1006.39	1.02813	25.5431	117.782	39.6217	157.403	20.8065	3568.96	0.0	81.783	54.587	42.775								
2015/09/27 04:50:00		0.62069	105.484	26.8891	59.378	1006.46	1.01354	25.5332	132.97	42.5315	175.502	20.8685	3971.25	0.0	82.257	55.042	42.9267								
2015/09/27 04:55:00		0.59989	96.598	26.8896	59.377	1006.47	1.05	25.5434	120.698	40.4296	161.128	20.7827	4137.29	0.0	83.438	56.805	44.0975								
2015/09/27 05:00:00		0.0	502.0	26.8901	59.447	1006.53	0.99896	25.5394	115.508	41.9598	157.468	21.1068	4224.79	0.0	86.732	59.621	45.3325								
2015/09/27 05:05:00		0.97147	97.025	26.8932	59.482	1006.6	1.08646	25.5155	91.044	42.487	133.531	21.5072	4213.54	0.0	87.132	61.024	45.4833								
2015/09/27 05:10:00		0.91457	94.798	26.9177	59.534	1006.72	1.04271	25.5123	88.643	43.7399	132.383	20.6111	4128.54	0.0	82.626	57.787	45.34								
2015/09/27 05:15:00		0.66094	102.174	26.9479	59.581	1006.82	1.02083	25.4964	83.607	41.1348	124.742	20.5968	4013.13	0.0	83.967	57.1	44.7192								
2015/09/27 05:20:00		0.57363	67.518	26.8891	59.581	1006.85	0.99896	25.5093	73.309	39.1218	112.431	20.4156	3887.5	0.0	85.573	57.619	45.1633								
2015/09/27 05:25:00		0.85444	99.029	26.888	59.581	1006.89	1.02083	25.5184	80.918	38.6015	119.52	20.8351	3731.46	0.0	88.297	60.567	47.175								
2015/09/27 05:30:00		0.78063	83.392	26.9339	59.608	1006.94	1.02813	25.5257	157.633	47.7281	205.361	22.3557	3620.0	0.0	83.265	62.99	51.212								
2015/09/27 05:35:00		0.0	502.0	26.9797	59.679	1006.99	1.02813	25.5402	81.715	41.4223	123.138	25.9545	3489.38	0.0	88.912	61.578	49.4917								
2015/09/27 05:40:00		0.72547	65.897	26.9891	59.68	1007.07	1.05	25.5276	148.164	40.3782	188.542	21.9839	3441.46	0.0	89.019	66.11	53.721								
2015/09/27 05:45:00		0.88864	74.545	26.9901	59.68	1007.14	1.05	25.6894	126.188	47.7178	173.906	21.5835	3502.92	20.1763	85.458	69.502	59.693								
2015/09/27 05:50:00		0.93826	109.167	26.988	59.681	1007.24	1.08646	26.0803	163.446	38.6939	202.14	22.37	3601.46	107.796	105.423	76.003	64.498								
2015/09/27 05:55:00		0.69328	105.474	26.9891	59.692	1007.23	1.08646	26.3783	102.36	35.678	138.038	21.3165	3605.0	202.581	105.006	73.967	61.383								
2015/09/27 06:00:00		0.74744	154.162	26.9901	59.681	1007.29	1.09375	26.6844	96.002	36.4722	132.474	20.7636	3673.96	264.396	111.128	76.805	62.725								
2015/09/27 06:05:00		0.5512	153.273	26.988	59.729	1007.4	1.05	26.9846	95.281	35.2877	130.568	20.7684	3689.79	288.98	107.802	73.865	60.528								
2015/09/27 06:10:00		0.0	502.0	27.0016	59.783	1007.45	1.05	27.2858	114.99	36.3626	151.353	21.5644	3695.21	298.056	95.52	68.143	57.068								
2015/09/27 06:15:00		0.55647	121.299	27.037	59.784	1007.55	1.05	27.5499	99.508	36.5133	136.022	22.1269	3708.96	297.398	79.764	64.291	54.776								
2015/09/27 06:20:00		0.0	502.0	27.0255	59.783	1007.57	1.12292	27.8286	94.894	33.8294	128.724	22.165	3577.5	290.384	95.411	65.783	55.253								
2015/09/27 06:25:00		0.0	502.0	27.0953	59.859	1007.56	5.4396	28.0724	122.885	37.4581	160.343	24.1718	3762.5	280.247	96.112	66.464	55.045								
2015/09/27 06:30:00		0.0	502.0	27.0943	59.882	1007.61	19.5562	28.1916	126.172	39.2793	165.451	23.7904	3883.96	138.216	93.738	64.798	54.203								
2015/09/27 06:35:00		0.0	502.0	27.1802	59.934	1007.66	43.174	28.1889	144.396	40.4296	184.826	24.2909	4022.71	19.0941	94.519	65.089	53.954								
2015/09/27 06:40:00		0.0	502.0	27.2016	59.991	1007.73	58.166	28.0944	181.601	37.9305	219.532	23.9954	4141.46	2.76447	105.513	70.992	55.993								
2015/09/27 06:45:00		0.0	502.0	27.2927	59.984	1007.72	54.965	27.9221	219.892	52.332	272.224	25.5446	4553.75	0.0	104.255	69.842	56.447								
2015/09/27 06:50:00		0.0	502.0	27.2953	59.983	1007.72	36.4073	27.7561	158.08	49.142	207.222	24.5579	4729.79	1.34295	101.762	69.548	57.646								
2015/09/27 06:55:00		0.64157	101.928	27.2964	59.988	1007.81	42.1094	27.8061	125.851	50.919	176.769	25.2156	4750.63	65.336	98.212	70.548	58.323								
2015/09/27 07:00:00		0.87905	122.247	27.3531	59.985	1007.9	93.363	27.9591	162.287	48.8783	211.166	24.801	4826.88	149.778	112.06	74.841	58.682								
2015/09/27 07:05:00		0.6932	130.778	27.3932	59.989	1007.89	108.456	28.1782	169.244	51.062	220.307	24.391	4795.21	258.867	106.715	73.473	58.313								
2015/09/27 07:10:00		0.96276	149.318	27.4745	59.926	1007.92	138.884	28.3951	170.879	52.267	223.146	23.7094	4754.17	359.91	107.087	72.267	56.662								
2015/09/27 07:15:00		0.71572	169.27	27.4917	59.882	1007.97	170.683	28.5409	110.112	52.469	162.582	23.3328	4728.54	344.191	98.456	67.441	56.706								
2015/09/27 07:20:00		0.59776	175.849	27.5891	59.853	1008.05	185.456	28.5205	42.8822	47.3276	90.21	22.0792	4442.29	83.791	93.03	64.627	53.738								
2015/09/27 07:25:00		0.76122	331.457	27.5922	59.722	1008.2	205.764	28.4713	72.387	54.688	127.075	23.7904	4341.46	17.9905	87.4	60.697	49.3533								
2015/09/27 07:30:00		0.66042	321.416	27.5917	59.517	1008.29	223.599	28.3468	85.639	58.313	143.952	22.8037	4231.88	0.63576	77.05	55.41	46.3217								
2015/09/27 07:35:00		0.9314	298.31	27.6109	59.221	1008.35	238.379	28.2074	44.2379	57.628	101.866	21.7598	4042.71	0.0	73.698	50.048	40.3917								
2015/09/27 07:40:00		0.81026	314.401	27.6995	58.886	1008.37	247.742	28.0699	21.5249	55.876	77.4	22.0315	3757.5	3.81811	71.518	48.5383	40.975								
2015/09/27 07:45:00		0.67451	295.713	27.8078	58.475	1008.46	263.9	28.1819	22.9028	57.615	80.518	21.369	3523.13	51.089	72.61	49.9483	42.4983								
2015/09/27 07:50:00		0.76284	308.208	27.8917	57.996	1008.53	281.692	28.3886	15.5931	56.362	71.955	21.3976	3257.29	90.038	68.725	48.07	40.93								
2015/09/27 07:55:00		0.79031	309.705	27.9792	57.438	1008.59	299.564	28.5817	7.571	49.6726	57.244	21.1878	3026.04	139.927	62.408	45.125	39.2117								
2015/09/27 08:00:00		0.433838	322.79	28.0349	56.721	1008.64	336.117	28.7782	9.5587	50.679	60.238	21.3118	2753.33	161.225	52.463	39.1575	33.9708								
2015/09/27 08:05:00		0.77309	345.954	28.176	56.074	1008.72	348.469	28.8295	6.9278	54.879	61.807	21.3594	2564.58	44.2172	70.815	52.84	45.9492								
2015/09/27 08:10:00		0.78013	338.398	28.3516	55.52	1008.76	248.245	28.7801	3.04403	73.095	76.139	21.8075	2498.75	10.2007	91.402	67.856	56.522								
2015/09/27 08:15:00		1.24614	312.582	28.4844	54.961	1008.76	162.305	28.6413	2.144	73.609	75.753	21.9696	2412.92	0.0	96.82	72.428	60.336								
2015/09/27 08:20:00		0.498066	328.574	28.5224	54.614	1008.8	284.236	28.4888	6.4789	72.198	78.677	21.6454	2340.42	0.0	97.901	71.347	59.469								
2015/09/27 08:25:00		1.05077	326.56	28.6385	54.6	1008.84	138.95	28.3331	14.3849	77.573	91.958	21.5358	2422.92	0.0	95.484	71.148	59.455								
2015/09/27 08:30:00		0.6039	338.667	28.7042	54.204	1008.9	179.441	28.1986	23.0435	73.444	96.488	22.0172	2532.71	0.0	93.511	69.072	58.092								
2015/09/27 08:35:00		0.50966	27.3579	28.7016	53.711	1009.0	152.257	28.0896	11.4235	61.894	73.317	21.4929	2507.29	0.0	89.372	66.982	56.602								
2015/09/27 08:40:00		0.0	502.0	28.7703	53.499	1009.01	174.861	27.9996	8.2231	62.147	70.37	21.9076	2445.21	0.0	93.95	66.263	54.832								
2015/09/27 08:45:00		0.77797	334.621	28.8312	53.002	1008.98	421.057	27.9317	41.6762	83.461	125.137	21.9124	2593.13	0.446458	86.659	58.395	45.5009								
2015/09/27 08:50:00		0.6605	79.49	29.0026	52.392	1009.0	467.6	27.8863	27.5861	89.051	116.637	21.5835	2734.58	0.75362	77.981	53.774	43.9592								
2015/09/27 08:55:00		0.69839	196.225	29.1807	51.261	1008.96	626.35	27.8598	5.4024	58.183	63.585	20.5825	2776.67	1.43581	65.357	46.7725	39.49								
2015/09/27 09:00:00		1.1104	98.549	29.3854	50.348	1008.98	617.92	27.8506	3.26513	49.1728	52.438	20.5634	2543.54	1.79298	65.87	46.9108	39.555								
2015/09/27 09:05:00		1.51202	132.553	29.612	49.2339	1009.0	508.64	27.8461	26.6146	74.694	101.308	20.9304	2488.13	1.61439	50.458	34.1617	25.8117								
2015/09/27 09:10:00		0.91156	105.287	29.8224	47.7573	1009.06	678.42	27.9185	33.8194	73.67	107.489	22.1602	2509.58	19.1191	58.854	41.1425	32.885								
2015/09/27 09:15:00		1.04679	82.449	29.9885	46.8693	1009.15	457.997	28.2155	57.178	90.855	148.033	21.655	2514.38	67.869	45.28	30.7208	23.5233								
2015/09/27 09:20:00		0.77594	80.641	30.1172	45.3438	1009.2	310.764	28.5183	41.779	67.47	109.249	22.0172	2574.58	114.847	39.6567	26.85	19.2825								
2015/09/27 09:25:00		1.0865	128.089	30.2182	44.8646	1009.23	403.404	28.8021	34.1499	70.517	104.667	22.4129	2703.54	148.467	36.8717	24.69	17.5692								
2015/09/27 09:30:00		1.32673	64.814	30.3583	44.9469	1009.23	390.644	28.9753	53.656	72.249	125.905	21.0877	2715.83	44.0958	37.7808	25.7992	18.435								
2015/09/27 09:35:00		1.62197	65.828	30.5	43.9958	1009.22	238.175	29.0979	46.2322	68.432	114.665	22.1078	2780.21	9.1792	30.7183	21.225	15.7275								
2015/09/27 09:40:00		1.27228	82.001	30.4479	43.5073	1009.24	459.441	29.08	29.9311	60.706	90.637	21.226	2553.75	0.0	32.745	22.4083	16.1817								
2015/09/27 09:45:00		1.54621	104.328	30.5396	43.7958	1009.19	253.086	28.9833	61.059	84.286	145.345	23.3805	2436.25	0.0	33.8417	22.8217	16.4025								
2015/09/27 09:50:00		1.77588	132.78	30.6641	43.4135	1009.16	385.408	28.8708	62.252	81.52	143.772	22.0744	2468.33	0.0	32.7883	22.2092	16.0442								
2015/09/27 09:55:00		1.12661	105.603	30.8016	42.8068	1009.17	820.19	28.7755	80.916	77.843	158.759	21.9124	2447.71	0.0	35.0442	23.4825	16.9692								
2015/09/27 10:00:00		1.4349	114.546	30.9958	41.8323	1009.19	765.6	28.6875	68.038	88.914	156.953	21.9219	2465.42	0.0	33.76	22.9175	16.4983								
2015/09/27 10:05:00		2.34655	106.578	31.1922	41.3292	1009.13	797.67	28.623	76.13	87.459	163.589	22.2937	2547.08	0.0	34.5542	23.48	17.2725								
2015/09/27 10:10:00		2.44189	76.816	31.363	40.5948	1009.09	841.88	28.6026	57.43	74.44	131.871	21.96	2512.92	0.0	32.1167	22.15	17.005								
2015/09/27 10:15:00		1.87685	127.32	31.4474	39.9589	1009.13	828.43	28.5991	29.4956	60.781	90.277	23.4329	2380.42	0.0	31.4392	21.7867	16.7317								
2015/09/27 10:20:00		2.27535	129.623	31.6016	38.9625	1009.12	794.36	28.6083	69.294	75.101	144.395	22.3509	2242.92	0.0	33.2575	22.8842	17.0425								
2015/09/27 10:25:00		1.20371	97.828	31.7969	38.1667	1009.12	797.13	28.6287	74.015	88.938	162.953	22.0935	2291.46	0.0	39.825	26.5533	18.7492								
2015/09/27 10:30:00		1.38352	84.381	31.8797	36.6823	1009.04	600.2	28.6432	46.4466	83.748	130.195	22.5082	2383.13	0.0	30.7792	21.5592	17.5267								
2015/09/27 10:35:00		1.1584	96.957	31.7818	37.2214	1009.0	409.996	28.6569	16.3123	63.732	80.044	21.083	2206.88	0.0	32.1108	22.7575	17.6558								
2015/09/27 10:40:00		1.9079	92.397	31.7318	37.2266	1008.99	273.481	28.6716	43.0319	78.942	121.974	21.5882	2225.83	0.0	35.485	23.675	17.7442								
2015/09/27 10:45:00		1.64981	107.067	31.6911	37.8677	1009.0	240.581	28.7025	34.5162	77.039	111.555	22.6989	2233.13	0.0	36.1083	24.6817	19.405								
2015/09/27 10:50:00		1.22654	130.389	31.6849	37.5	1008.94	154.095	28.7068	51.617	84.656	136.272	22.4605	2356.04	0.0	36.7567	24.5817	18.715								
2015/09/27 10:55:00		0.85401	56.294	31.6	36.9417	1008.85	99.94	28.718	92.013	96.559	188.572	23.6427	2565.0	0.0	39.5867	26.4283	18.5433								
2015/09/27 11:00:00		1.27152	135.222	31.5422	36.2646	1008.78	151.222	28.7175	91.761	101.279	193.04	22.5797	2838.13	0.0	38.3642	25.7108	18.3942								
2015/09/27 11:05:00		1.90657	174.981	31.5797	37.1188	1008.72	252.175	28.7159	62.679	91.28	153.958	22.1269	3059.17	0.0	33.8617	22.9167	17.535								
2015/09/27 11:10:00		1.35962	184.132	31.5917	37.2646	1008.72	179.105	28.7087	11.8523	48.4128	60.265	22.1269	2970.83	0.0	34.8333	23.6	17.6483								
2015/09/27 11:15:00		1.43998	168.309	31.5911	37.9104	1008.59	329.19	28.7041	92.342	89.945	182.286	23.595	2899.38	0.0	39.5267	26.3958	19.2633								
2015/09/27 11:20:00		1.26482	181.035	31.5958	37.551	1008.5	491.67	28.7049	14.0387	64.537	78.575	27.1795	2850.83	0.0	35.2358	23.8875	18.7058								
2015/09/27 11:25:00		0.234749	173.359	31.6417	37.1651	1008.35	507.84	28.7054	64.255	82.119	146.374	22.7847	2749.58	0.0	35.3958	23.9133	18.265								
2015/09/27 11:30:00		0.94495	97.699	31.6896	36.2349	1008.23	484.298	28.729	14.606	61.226	75.832	22.5702	2552.29	0.0	35.2242	25.8958	21.3475								
2015/09/27 11:35:00		1.45561	127.267	31.6943	36.3047	1008.11	518.23	28.7409	31.8272	69.083	100.91	23.7285	2428.75	0.0	33.4825	23.0183	18.2292								
2015/09/27 11:40:00		2.39035	141.706	31.8229	35.7354	1008.01	802.6	28.7575	39.5836	84.128	123.712	23.2566	2364.17	0.0	28.3425	20.0967	15.8525								
2015/09/27 11:45:00		1.81713	126.607	32.0693	35.2156	1007.85	946.36	28.7605	32.0573	73.92	105.977	22.8752	2236.25	24.6088	31.5225	21.2792	16.3567								
2015/09/27 11:50:00		0.99144	126.007	32.3719	34.1927	1007.73	931.5	28.8821	78.694	93.389	172.082	26.312	2226.04	29.7806	37.2667	21.4875	16.3917								
2015/09/27 11:55:00		1.54787	121.657	32.6661	33.3479	1007.55	947.37	28.9057	48.3316	91.557	139.889	24.9583	2222.5	11.5008	33.9175	18.835	14.7983								
2015/09/27 12:00:00		2.41004	176.207	32.7943	31.3917	1007.49	928.71	28.9079	37.8773	64.876	102.753	25.0965	2137.92	1.21079	25.9167	16.5775	13.6067								
2015/09/27 12:05:00		2.46832	143.693	32.9422	31.1047	1007.37	956.69	28.8995	22.9966	59.265	82.261	26.231	1961.88	0.0	36.3892	18.2742	14.8142								
2015/09/27 12:10:00		1.65973	148.106	33.2198	30.0406	1007.26	913.38	28.8657	52.95	76.227	129.177	26.8363	1967.71	0.0	32.0367	18.1525	14.4525								
2015/09/27 12:15:00		1.24817	161.202	33.4708	29.1182	1007.15	438.134	28.8166	75.605	86.737	162.342	28.0661	2043.54	0.0	33.3892	18.4608	14.7275								
2015/09/27 12:20:00		0.95732	156.4	33.499	28.6177	1007.05	938.5	28.7674	36.7026	71.572	108.274	30.2683	2022.92	0.0	31.1558	17.4317	13.7892								
2015/09/27 12:25:00		1.40508	159.404	33.5625	28.3464	1007.0	956.34	28.7315	14.3916	58.279	72.67	28.4617	1903.96	0.0	26.4417	16.35	13.6692								
2015/09/27 12:30:00		1.12492	152.432	33.6995	19.8766	1006.89	564.99	28.7194	31.7446	75.152	106.897	29.1148	1836.04	0.0	30.7058	17.695	14.3517								
2015/09/27 12:35:00		1.23665	114.965	33.7208	10.1766	1006.77	717.3	28.688	13.6032	76.299	89.902	28.5476	1805.42	0.0	25.9333	17.3333	14.9758								
2015/09/27 12:40:00		1.71348	155.395	33.7906	7.5016	1006.71	546.58	28.7709	10.8183	78.37	89.189	27.3988	1656.67	0.0	23.685	15.5033	13.4083								
2015/09/27 12:45:00		1.24951	153.921	33.7865	4.97656	1006.53	341.265	28.8743	63.398	107.821	171.219	27.0318	1599.58	0.0	39.43	18.0842	14.3333								
2015/09/27 12:50:00		1.02518	161.177	33.7031	4.14531	1006.52	640.51	28.9884	32.8278	117.855	150.683	27.68	1620.63	0.0	33.7442	17.4033	13.5508								
2015/09/27 12:55:00		2.00163	128.238	33.7307	2.00052	1006.48	928.37	29.0504	30.3175	119.265	149.583	30.0014	1650.63	0.0	31.4558	16.5592	13.6317								
2015/09/27 13:00:00		1.63707	134.731	33.9672	0.358854	1006.43	831.27	29.1156	41.1559	128.933	170.089	31.5887	1621.04	0.0	27.0558	15.0508	12.4192								
2015/09/27 13:05:00		1.50711	139.813	34.1354	0.365625	1006.38	912.01	29.2161	17.018	120.69	137.708	28.5523	1582.71	0.035717	27.5158	15.3058	12.3217								
2015/09/27 13:10:00		1.69105	152.745	34.3802	0.364583	1006.34	749.84	29.3229	42.1408	134.462	176.602	27.2892	1487.71	0.0	32.825	15.2675	11.8492								
2015/09/27 13:15:00		2.44667	141.688	34.5083	0.366667	1006.26	796.08	29.4322	31.0612	134.119	165.181	27.7944	1410.83	0.0	30.5833	13.9375	11.7292								
2015/09/27 13:20:00		1.56033	127.534	34.4271	0.363542	1006.19	891.76	29.5197	57.917	168.757	226.674	28.7573	1390.42	0.0	28.4858	13.8358	11.1233								
2015/09/27 13:25:00		2.26984	151.094	34.5177	0.3625	1006.07	860.04	29.5358	52.948	177.722	230.67	28.1043	1376.88	0.0	28.525	13.9058	11.0683								
2015/09/27 13:30:00		1.4435	139.181	34.6427	0.361979	1005.95	808.14	29.4505	63.889	162.304	226.193	28.3903	1323.33	0.0	28.13	13.3325	10.4992								
2015/09/27 13:35:00		1.50581	156.033	34.7594	0.363021	1005.87	771.84	29.3976	21.5695	142.685	164.254	28.457	1348.33	0.0	23.5967	12.085	10.3083								
2015/09/27 13:40:00		2.03579	173.645	34.8318	0.360417	1005.86	790.22	29.3973	41.377	138.833	180.21	27.6467	1356.04	0.0	22.685	13.625	11.5825								
2015/09/27 13:45:00		1.51074	156.809	34.9031	0.3625	1005.75	756.44	29.3935	39.7824	121.604	161.386	26.8745	1339.79	0.0	20.7683	13.145	10.895								
2015/09/27 13:50:00		1.48511	143.923	34.9021	0.360417	1005.68	565.68	29.4037	54.589	127.581	182.17	27.3082	1399.58	0.0	26.6117	13.57	10.6983								
2015/09/27 13:55:00		1.63225	158.945	34.9057	0.356771	1005.65	570.46	29.3941	30.4493	120.642	151.091	27.7134	1397.92	0.0	29.0242	13.545	10.9942								
2015/09/27 14:00:00		1.63689	146.913	34.9281	0.360417	1005.59	724.08	29.4094	69.899	132.747	202.645	27.6419	1417.29	0.0	29.0233	15.0217	12.19								
2015/09/27 14:05:00		1.78608	167.106	34.9115	0.359896	1005.48	627.91	29.3831	25.7816	115.801	141.583	27.1319	1409.38	0.0	26.2667	14.3167	11.3183								
2015/09/27 14:10:00		1.64251	166.726	34.8552	0.355208	1005.39	229.337	29.3613	34.9048	121.816	156.721	26.8983	1426.88	0.0	32.4167	14.1167	10.76								
2015/09/27 14:15:00		1.29104	141.299	34.724	0.358333	1005.28	665.99	29.3613	45.8459	128.248	174.094	27.5609	1449.79	0.0	30.2033	14.6233	11.185								
2015/09/27 14:20:00		1.80652	164.204	34.7359	0.357812	1005.21	698.42	29.3286	29.0065	123.808	152.815	27.2034	1502.29	0.0	28.9833	13.245	10.6983								
2015/09/27 14:25:00		0.96126	124.641	34.8083	0.356771	1005.18	688.37	29.3251	25.7682	119.45	145.219	26.536	1547.71	0.0	37.86	15.35	10.8375								
2015/09/27 14:30:00		2.96773	137.87	34.8104	0.358333	1005.1	620.53	29.3103	33.5536	117.732	151.285	26.3787	1537.5	0.0	33.9	15.0875	11.5058								
2015/09/27 14:35:00		2.02515	181.764	34.8068	0.35625	1005.05	612.89	29.2676	51.762	119.988	171.75	26.0975	1463.13	0.0	32.9075	14.135	11.0008								
2015/09/27 14:40:00		2.64435	178.447	34.8036	0.358333	1004.92	609.06	29.3006	40.5015	116.366	156.867	27.3559	1533.54	0.0	32.13	13.3433	10.7442								
2015/09/27 14:45:00		2.90352	184.123	34.8094	0.359896	1004.86	594.7	29.2848	29.0132	109.934	138.947	26.2071	1503.75	0.0	21.0358	13.0817	10.3333								
2015/09/27 14:50:00		2.1538	170.867	34.8063	0.359896	1004.81	584.58	29.2367	16.9264	90.612	107.539	25.9354	1342.71	0.0	22.6417	13.6433	10.7608								
2015/09/27 14:55:00		2.56719	161.754	34.8344	0.357292	1004.71	561.5	29.2161	30.9853	114.579	145.564	26.0975	1374.17	0.0	32.4833	14.0692	11.1025								
2015/09/27 15:00:00		2.38588	172.27	34.824	0.359896	1004.71	541.72	29.2518	33.5648	115.537	149.102	26.0308	1490.42	0.0	31.2833	15.6242	12.5325								
2015/09/27 15:05:00		2.06974	172.054	34.8083	0.356771	1004.67	526.44	29.1991	38.86	110.382	149.242	26.4979	1541.88	0.0	34.8417	15.4567	12.2008								
2015/09/27 15:10:00		3.21013	162.337	34.7641	0.354688	1004.62	522.7	29.1712	38.1699	113.997	152.167	25.8258	1641.04	0.0	27.96	15.1725	12.2125								
2015/09/27 15:15:00		2.00632	157.53	34.7052	0.360938	1004.52	498.582	29.1922	24.3724	106.466	130.838	25.7924	1672.71	0.0	28.795	14.9825	12.435								
2015/09/27 15:20:00		2.11578	176.74	34.8068	0.3625	1004.51	493.157	29.2128	45.4595	115.007	160.466	26.2691	1685.21	0.0	30.5283	15.7792	12.4183								
2015/09/27 15:25:00		3.56837	167.489	34.8031	0.359896	1004.46	310.917	29.2295	39.4876	106.695	146.183	27.17	1633.96	0.0	30.6775	14.9067	11.72								
2015/09/27 15:30:00		3.22458	160.425	34.5964	0.354688	1004.44	220.026	29.2179	57.508	98.791	156.299	25.2204	1515.63	0.0	33.7517	16.4967	13.0667								
2015/09/27 15:35:00		3.59272	167.545	34.2719	0.358854	1004.46	442.189	29.183	34.8065	93.947	128.753	24.6627	1457.08	0.0	37.4308	16.4217	13.0592								
2015/09/27 15:40:00		3.94056	169.47	34.1193	0.361979	1004.5	393.21	29.1661	21.4199	82.074	103.494	24.5436	1493.96	0.0	48.2317	18.21	13.2542								
2015/09/27 15:45:00		4.20546	161.53	33.9219	0.361458	1004.5	394.712	29.1618	21.813	68.107	89.92	23.8143	1471.04	0.0	36.6867	16.3442	11.9358								
2015/09/27 15:50:00		4.36713	160.251	33.6682	0.364583	1004.49	387.545	29.1411	45.6895	77.073	122.762	24.6341	1396.46	0.0	32.3225	15.6533	12.4675								
2015/09/27 15:55:00		3.83105	164.894	33.5036	0.359375	1004.52	382.149	29.1044	30.5274	76.183	106.71	26.0165	1342.92	0.0	33.7558	15.5958	12.52								
2015/09/27 16:00:00		2.6998	160.812	33.3953	0.361979	1004.47	359.53	29.1484	47.5052	77.426	124.931	24.82	1340.21	0.0	26.7783	15.5167	12.5117								
2015/09/27 16:05:00		3.03543	168.578	33.3875	0.360417	1004.44	337.823	29.2327	30.9808	77.487	108.468	24.5817	1434.58	0.0	28.295	15.7775	12.7017								
2015/09/27 16:10:00		4.19866	175.712	33.3604	0.358333	1004.45	279.388	29.3256	49.4147	76.957	126.371	24.9535	1457.08	0.0	27.0975	14.41	11.0892								
2015/09/27 16:15:00		3.10252	174.826	33.2917	0.355729	1004.38	268.319	29.3495	136.591	89.239	225.83	25.9402	1464.38	0.0	31.31	15.165	11.755								
2015/09/27 16:20:00		3.46648	169.333	33.2313	0.357812	1004.31	269.405	29.3186	30.7686	80.976	111.744	25.473	1452.08	0.0	29.7525	14.2225	11.0733								
2015/09/27 16:25:00		3.04916	156.193	33.1589	0.35625	1004.32	248.529	29.2671	16.9867	70.62	87.607	24.5722	1462.71	0.0	25.4133	14.2092	11.2733								
2015/09/27 16:30:00		3.47226	165.304	33.0958	0.360417	1004.34	231.518	29.2397	42.2837	78.637	120.921	25.0345	1551.88	0.0	26.3725	13.915	11.3017								
2015/09/27 16:35:00		2.66433	166.561	32.9948	0.353646	1004.26	209.249	29.2359	20.8638	73.003	93.866	25.4921	1610.0	0.0	28.0325	14.9225	11.8917								
2015/09/27 16:40:00		3.02328	173.297	32.9057	0.361458	1004.2	198.341	29.2064	35.8026	77.326	113.129	25.0345	1610.0	0.0	27.7417	15.4958	12.065								
2015/09/27 16:45:00		2.04422	145.268	32.8922	0.355729	1004.13	177.931	29.2445	60.666	87.648	148.314	24.9201	1704.58	0.0	31.2567	15.9642	12.4325								
2015/09/27 16:50:00		2.43564	161.957	32.8906	0.354688	1004.09	156.166	29.2923	45.5332	81.013	126.546	25.168	1718.96	0.0	31.5142	16.3992	12.75								
2015/09/27 16:55:00		2.56715	167.45	32.8885	0.35625	1004.08	131.979	29.3213	41.0866	87.867	128.953	25.9116	1900.42	0.0	32.0292	15.9875	12.4492								
2015/09/27 17:00:00		2.75271	176.825	32.8854	0.356771	1004.02	111.504	29.3468	38.5272	83.064	121.591	25.7877	1887.08	0.0	32.125	16.3558	12.3033								
2015/09/27 17:05:00		2.58619	174.473	32.812	0.352083	1003.99	76.234	29.3525	19.928	73.543	93.471	25.6304	1841.25	0.0	26.7367	14.5517	11.7167								
2015/09/27 17:10:00		3.41953	171.804	32.7292	0.359896	1003.99	47.95	29.3108	22.6728	77.426	100.098	26.3406	1860.21	0.0	27.8933	14.8983	12.1633								
2015/09/27 17:15:00		2.86961	166.494	32.5542	0.357292	1003.97	32.3167	29.327	28.5264	74.848	103.374	26.2167	1802.5	0.0	30.5117	16.5783	13.65								
2015/09/27 17:20:00		1.75862	161.815	32.3885	0.357812	1004.05	28.5031	29.3425	53.962	79.743	133.705	25.8449	1748.54	0.0	40.88	19.9917	15.7233								
2015/09/27 17:25:00		2.96604	165.567	32.2813	0.354688	1004.1	27.4167	29.3337	45.5511	86.734	132.285	25.7877	2072.71	0.0	34.9617	18.0825	14.4133								
2015/09/27 17:30:00		2.87676	165.446	32.2016	0.354167	1004.15	34.9854	29.3138	35.1929	81.657	116.85	26.598	2354.58	0.0	34.145	19.7733	16.44								
2015/09/27 17:35:00		2.1006	165.057	32.1	0.355729	1004.15	20.8323	29.3157	29.2254	75.786	105.011	25.2061	2269.79	0.0	35.35	21.4283	17.5133								
2015/09/27 17:40:00		2.57635	167.835	31.9781	0.356771	1004.15	12.8552	29.2969	65.041	86.258	151.299	26.1166	2237.5	0.0	29.77	18.0325	14.7942								
2015/09/27 17:45:00		2.81493	163.976	31.8984	0.352083	1004.1	4.62292	29.4043	13.1767	68.795	81.972	25.3777	2111.25	7.6327	26.6825	15.2758	12.7708								
2015/09/27 17:50:00		2.35404	164.108	31.7531	0.79323	1004.14	1.07917	29.5374	26.5521	72.688	99.24	25.0536	1916.04	0.0	25.7333	15.8233	13.1317								
2015/09/27 17:55:00		2.12765	157.907	31.6323	3.35781	1004.2	1.11563	29.4722	17.6121	67.833	85.445	24.6675	1740.0	0.0	27.2792	16.1408	13.5975								
2015/09/27 18:00:00		2.0507	152.599	31.5177	6.1302	1004.28	1.05	29.2939	30.6346	71.243	101.878	24.5912	1674.17	0.0	29.805	18.47	15.6067								
2015/09/27 18:05:00		1.61306	151.5	31.474	8.8557	1004.32	1.06458	29.0604	87.113	70.514	157.627	25.0917	1758.54	0.0	46.0392	26.0133	20.8208								
2015/09/27 18:10:00		1.69959	170.208	31.4745	10.6005	1004.35	1.05	28.8343	130.869	80.363	211.232	25.8306	2106.67	0.0	56.318	31.2433	25.3667								
2015/09/27 18:15:00		1.51126	154.908	31.474	11.338	1004.34	1.06458	28.6585	79.844	70.302	150.145	24.2528	2594.79	0.0	43.6033	31.1483	26.815								
2015/09/27 18:20:00		1.4276	148.799	31.4214	13.3052	1004.39	1.11563	28.5264	64.849	62.976	127.825	22.5892	2662.5	0.0	46.5742	32.5525	27.0175								
2015/09/27 18:25:00		1.53884	163.18	31.3745	15.3396	1004.44	1.07187	28.3951	83.56	61.36	144.92	24.372	2820.21	0.0	44.2408	30.8725	26.4875								
2015/09/27 18:30:00		1.71022	164.368	31.2964	17.0911	1004.51	1.02813	28.3127	81.624	59.741	141.364	24.167	2891.46	0.0	46.3808	31.7475	26.5533								
2015/09/27 18:35:00		1.40686	159.729	31.2521	19.1563	1004.57	1.02083	28.2423	35.3425	54.445	89.787	23.5187	2864.79	0.0	45.6383	31.6575	26.0267								
2015/09/27 18:40:00		1.56193	133.79	31.1786	22.2427	1004.63	1.06458	28.2015	92.145	57.406	149.551	23.9573	2896.46	0.0	46.08	31.4133	25.2167								
2015/09/27 18:45:00		1.66814	144.332	31.1839	25.0844	1004.68	1.02083	28.2327	100.044	58.399	158.443	23.8333	2916.67	0.0	41.2183	28.09	22.2483								
2015/09/27 18:50:00		1.79994	141.969	31.0969	26.5708	1004.7	1.05729	28.3803	56.403	53.589	109.992	23.0897	2806.25	0.0	40.485	27.1608	21.4233								
2015/09/27 18:55:00		2.8086	141.066	31.0849	28.0094	1004.71	1.02813	28.4649	36.9058	53.308	90.214	23.3233	2689.58	0.0	36.1283	24.2333	19.0133								
2015/09/27 19:00:00		2.55081	137.436	30.9823	27.9599	1004.77	1.09375	28.4772	50.694	55.143	105.837	23.4282	2491.88	0.0	33.9258	23.13	18.1917								
2015/09/27 19:05:00		2.2336	144.425	30.951	28.0734	1004.83	1.07917	28.4509	71.547	61.596	133.143	24.8105	2438.75	0.0	37.7358	25.1658	18.9958								
2015/09/27 19:10:00		2.62876	135.378	30.9042	29.0214	1004.85	1.05	28.4029	43.7398	55.612	99.352	24.801	2475.83	0.0	34.055	23.0183	18.1867								
2015/09/27 19:15:00		3.05407	131.239	30.8516	30.3208	1004.88	1.05729	28.3623	33.7568	49.4706	83.227	24.7199	2284.58	0.0	34.4225	23.2392	18.4092								
2015/09/27 19:20:00		2.93725	136.705	30.7557	32.0083	1004.91	1.11563	28.3384	22.914	44.654	67.568	25.3396	2070.63	0.0	35.6633	24.4117	19.9175								
2015/09/27 19:25:00		2.83162	140.707	30.6354	35.0823	1004.99	1.06458	28.3097	25.7838	45.6399	71.424	24.9249	1923.54	0.0	37.5942	25.5767	20.985								
2015/09/27 19:30:00		2.58226	147.367	30.5229	38.012	1005.09	1.10833	28.2848	50.88	48.8475	99.727	25.6208	1852.08	0.0	41.0033	27.5933	22.1717								
2015/09/27 19:35:00		2.46856	140.301	30.4422	39.3901	1005.2	1.06458	28.2464	26.3712	45.6638	72.035	24.801	1819.79	0.0	39.7275	27.6142	22.8933								
2015/09/27 19:40:00		2.02699	141.855	30.4052	40.2677	1005.3	1.08646	28.3038	45.0664	47.4508	92.517	27.232	1910.21	0.0	40.4217	28.1267	23.3483								
2015/09/27 19:45:00		2.80297	136.643	30.3911	40.7042	1005.44	1.13021	28.4364	27.4767	47.2797	74.756	26.9984	1927.71	0.0	42.8733	29.6275	24.49								
2015/09/27 19:50:00		2.12225	130.607	30.3104	41.0359	1005.51	1.13021	28.568	31.3381	47.5467	78.885	28.1233	1949.79	0.0	43.6692	30.6	24.7658								
2015/09/27 19:55:00		2.03248	137.695	30.3104	41.2786	1005.67	1.08646	28.5527	50.712	55.571	106.283	29.6487	2009.58	0.0	43.9725	30.4625	24.6075								
2015/09/27 20:00:00		1.96613	144.532	30.2792	41.6193	1005.79	1.04271	28.5089	95.444	55.287	150.731	29.6868	2015.0	0.0	40.9242	29.2333	24.2583								
2015/09/27 20:05:00		2.03122	136.102	30.2089	41.9391	1005.88	1.11563	28.4496	14.07	46.5368	60.607	27.7134	2005.42	0.0	37.4558	26.92	22.4842								
2015/09/27 20:10:00		2.23453	139.41	30.213	42.2776	1005.94	1.05729	28.3827	33.9668	46.773	80.74	26.6552	1926.25	0.0	49.3683	33.03	24.2517								
2015/09/27 20:15:00		2.43165	145.13	30.1432	42.5406	1005.97	1.03542	28.307	46.8911	52.072	98.963	27.5609	1980.0	0.0	51.527	34.4783	24.0183								
2015/09/27 20:20:00		2.29633	137.021	30.1135	42.5693	1006.01	1.06458	28.1932	28.2762	42.8225	71.099	25.6971	1967.92	0.0	53.643	35.7633	24.5717								
2015/09/27 20:25:00		1.97012	146.43	30.1089	42.6396	1006.13	1.09375	28.1153	62.386	47.0195	109.405	25.4874	1921.46	0.0	62.915	41.9433	26.2583								
2015/09/27 20:30:00		1.6987	151.682	29.9964	42.625	1006.24	1.05729	28.132	47.6794	46.3656	94.045	25.7448	2072.29	0.0	59.883	39.9633	26.2467								
2015/09/27 20:35:00		2.77826	144.067	29.9755	42.5281	1006.35	1.05	28.2697	33.8975	40.6829	74.58	25.945	2023.13	0.0	48.495	32.4592	24.31								
2015/09/27 20:40:00		2.12292	149.394	29.9	42.4995	1006.43	1.10104	28.3416	53.372	41.9838	95.356	28.1329	1985.83	0.0	47.9575	32.9708	25.625								
2015/09/27 20:45:00		2.54531	138.999	29.8266	42.8193	1006.55	1.05729	28.3215	62.096	52.031	114.127	33.624	2050.21	0.0	43.6667	30.2217	24.13								
2015/09/27 20:50:00		2.77799	143.668	29.8083	43.0833	1006.63	1.08646	28.3046	49.1758	55.105	104.281	29.9871	2054.58	0.0	48.4475	33.025	25.865								
2015/09/27 20:55:00		1.90509	163.727	29.762	43.4385	1006.68	1.07187	28.2933	41.1626	54.188	95.351	29.8918	2147.5	0.0	47.5267	32.9942	26.1583								
2015/09/27 21:00:00		2.94985	161.393	29.7125	43.7865	1006.81	1.05	28.2947	33.1583	48.7551	81.913	30.4209	2220.0	0.0	43.8292	31.4433	26.6192								
2015/09/27 21:05:00		2.13356	158.659	29.6193	44.2115	1006.89	1.09375	28.3041	28.6626	51.675	80.338	29.8775	2179.17	0.0	42.9125	31.3483	27.0433								
2015/09/27 21:10:00		1.60046	146.378	29.6115	44.6036	1006.94	1.05729	28.412	16.2229	44.0549	60.278	29.7202	2043.13	0.0	48.2925	35.0883	29.9192								
2015/09/27 21:15:00		1.93361	152.352	29.5094	44.9328	1007.01	1.02813	28.5508	39.6997	52.997	92.696	42.1802	2084.17	0.0	46.0542	31.8558	26.44								
2015/09/27 21:20:00		2.14358	144.671	29.4953	45.2302	1007.11	1.02083	28.6606	46.9737	57.748	104.722	33.8195	2196.04	0.0	46.1708	31.6	25.545								
2015/09/27 21:25:00		1.61233	138.318	29.4432	45.3906	1007.2	1.09375	28.7682	40.7896	58.673	99.462	29.8775	2247.29	0.0	42.6608	30.305	24.7667								
2015/09/27 21:30:00		1.66233	156.541	29.399	45.6932	1007.33	1.05729	28.8453	60.939	60.343	121.282	29.3484	2278.13	0.0	46.0517	31.8383	25.5083								
2015/09/27 21:35:00		1.61599	169.901	29.399	45.987	1007.42	1.09375	28.9049	45.5042	65.095	110.599	28.5762	2405.0	0.0	50.218	33.79	26.3158								
2015/09/27 21:40:00		1.89926	164.906	29.376	46.1406	1007.54	1.05729	28.9565	42.2301	65.026	107.256	30.4685	2492.08	0.0	52.81	36.0183	27.6717								
2015/09/27 21:45:00		1.65877	169.681	29.3042	46.4188	1007.57	1.04271	29.0067	32.8211	64.872	97.693	34.606	2643.13	0.0	54.444	36.9133	27.9667								
2015/09/27 21:50:00		2.00816	159.57	29.3036	46.5557	1007.59	0.97708	28.9369	43.8582	67.505	111.363	28.8908	2741.88	0.0	49.0192	34.8817	27.6358								
2015/09/27 21:55:00		1.46606	169.246	29.3036	46.6964	1007.6	1.01354	28.8544	35.2286	64.817	100.046	27.3511	2728.13	0.0	49.2592	33.4333	26.9542								
2015/09/27 22:00:00		2.08161	162.589	29.2964	46.775	1007.55	1.01354	28.7833	36.0817	63.835	99.917	27.6848	2840.63	0.0	40.9	31.5833	26.5175								
2015/09/27 22:05:00		2.27317	160.615	29.2026	46.837	1007.53	0.99167	28.7253	31.8741	59.521	91.396	27.2749	2713.96	0.0	47.4775	33.0017	26.63								
2015/09/27 22:10:00		2.18477	162.695	29.1943	46.9724	1007.58	1.05729	28.8171	38.9315	63.239	102.171	25.8687	2650.0	0.0	44.9867	31.2575	25.4592								
2015/09/27 22:15:00		2.0926	158.511	29.1031	47.1734	1007.57	1.01354	28.9009	38.6143	63.777	102.391	25.8782	2693.96	0.0	47.4733	32.7775	25.8525								
2015/09/27 22:20:00		1.95587	158.787	29.101	47.4198	1007.61	1.09375	28.9771	92.154	74.444	166.598	27.2224	2855.42	0.0	47.7408	32.4108	26.215								
2015/09/27 22:25:00		1.71848	170.922	29.101	47.5448	1007.59	1.06458	28.9178	45.4483	72.054	117.503	26.5408	3003.54	0.0	49.9567	34.03	26.5525								
2015/09/27 22:30:00		1.89548	165.465	29.0146	47.6302	1007.6	1.07917	28.8198	30.1299	66.211	96.341	26.0355	3043.33	0.0	48.5942	33.1858	26.1275								
2015/09/27 22:35:00		1.76117	160.352	28.9958	47.7438	1007.61	0.97708	28.7484	45.7498	67.799	113.549	27.7515	3072.08	0.0	48.3767	32.7475	25.905								
2015/09/27 22:40:00		2.1881	155.575	28.9979	47.799	1007.61	1.02083	28.6727	69.635	68.193	137.828	25.6018	2968.33	0.0	49.9733	33.6608	26.1758								
2015/09/27 22:45:00		1.66185	164.608	28.9927	47.8682	1007.57	1.01354	28.6169	81.758	73.15	154.908	24.8248	2946.46	0.0	52.737	35.225	26.3733								
2015/09/27 22:50:00		1.13465	173.877	28.9922	47.8115	1007.6	0.98438	28.5782	39.7288	68.525	108.254	24.8486	3116.04	0.0	46.9583	32.2275	25.4783								
2015/09/27 22:55:00		1.27913	148.963	28.9958	47.8531	1007.61	1.09375	28.5288	27.8765	61.175	89.051	25.4254	3115.21	0.0	49.7642	33.8558	25.9225								
2015/09/27 23:00:00		1.72095	153.954	28.9063	47.9021	1007.63	1.05	28.4882	91.422	63.469	154.89	25.373	3023.54	0.0	48.5442	33.29	26.11								
2015/09/27 23:05:00		1.00362	151.397	28.9026	48.0177	1007.66	1.03542	28.4361	32.4012	62.157	94.559	24.4816	2859.58	0.0	47.4925	32.52	26.1592								
2015/09/27 23:10:00		1.39286	156.055	28.9005	48.1146	1007.72	1.02813	28.3991	40.6735	63.65	104.324	24.0335	2683.96	0.0	53.34	35.665	26.8767								
2015/09/27 23:15:00		1.28558	148.073	28.8979	48.2339	1007.7	1.06458	28.3674	54.473	62.64	117.113	24.024	2599.79	0.0	51.589	34.7767	26.6708								
2015/09/27 23:20:00		1.23831	154.06	28.8057	48.2766	1007.67	1.03542	28.3312	24.4304	57.594	82.025	23.2995	2546.88	0.0	47.5583	32.9217	26.0883								
2015/09/27 23:25:00		1.69497	154.971	28.799	48.2807	1007.63	1.05729	28.3561	17.5071	52.6	70.107	24.7295	2470.83	0.0	43.74	31.1867	25.9917								
2015/09/27 23:30:00		1.78588	158.949	28.8042	48.3349	1007.57	1.08646	28.4775	14.099	48.4059	62.505	24.3481	2342.29	0.0	46.895	32.6883	26.32								
2015/09/27 23:35:00		1.46678	161.171	28.7026	48.4016	1007.52	1.04271	28.5747	11.1533	49.1385	60.292	23.676	2213.54	0.0	45.2608	31.7075	26.0867								
2015/09/27 23:40:00		1.84632	164.958	28.7047	48.5214	1007.44	1.05	28.6426	21.1675	53.253	74.421	23.1851	2102.29	0.0	45.5608	31.8983	26.4								
2015/09/27 23:45:00		1.7859	174.246	28.7073	48.7047	1007.38	1.07187	28.5825	26.3109	59.508	85.819	23.4329	1995.21	0.4286	49.4933	33.7083	26.8267								
2015/09/27 23:50:00		1.55599	156.412	28.7016	48.8641	1007.43	1.03542	28.231	28.2494	59.792	88.041	23.8524	1952.5	0.0	48.7083	34.0833	27.3867								
2015/09/27 23:55:00		1.36682	149.486	28.6234	48.9682	1007.42	1.07917	27.7607	35.7132	51.473	87.186	23.6093	1887.92	0.0	50.775	35.4717	28.5567								
2015/09/28 00:00:00		1.49912	159.157	28.5995	49.0755	1007.41	1.07917	27.3121	20.1625	41.6277	61.79	22.513	1789.58	0.0	51.017	35.7658	29.5967								
