-- 1st mean values --
Format: XTAB(V:1;HEAD:2;COL:TCFFFFFFFFFFFFFFFFFFFFFFFF)
StartTime: 2015/09/28 00:00:00
EndTime: 2015/09/29 00:00:00
Period: 24 h
Station: Gia Lam

Time	MeasPt	Wind Spd.	Wind Dir.	Temp	RH	Barometer	Radiation	InnerTemp	NO	NO2	NOx	SO2	CO	O3	PM-10	PM-2.5	PM-1	CH4	NMHC	THC	BENZEN	TOLUEN	ETHYL BENZEN	MP-XYLEN	O-XYLEN
		m/s	degree	°C	%	hPa	W/m²	°C	µg/m3	µg/m3	µg/m3	µg/m3	µg/m3	µg/m3	µg/m3	µg/m3	µg/m3	ppm	ppmC	ppmC	ug/m3	ug/m3	ug/m3	ug/m3	ug/m3
2015/09/28 00:05:00		1.28896	164.704	28.601	49.1682	1007.37	1.10833	26.9061	24.8324	39.8202	64.653	22.3414	1692.92	0.0	55.347	39.1417	31.515								
2015/09/28 00:10:00		1.45448	159.164	28.5719	49.3526	1007.38	1.03542	26.6546	3.60013	8.281	11.8812	36.465	1623.54	0.0	63.093	44.45	36.0625								
2015/09/28 00:15:00		1.78703	169.152	28.4906	49.5396	1007.33	1.03542	26.5778	0.252367	0.96538	1.21775	36.0551	1661.46	0.0	62.813	44.12	35.5425								
2015/09/28 00:20:00		1.39665	163.629	28.4906	49.7531	1007.31	1.07187	26.4468	5.226	0.393683	5.6197	25.2157	1693.96	0.0	67.179	46.6675	36.5833								
2015/09/28 00:25:00		1.46774	168.369	28.4896	49.8615	1007.32	1.07187	26.3026	202.983	1.31456	204.298	21.8027	1696.46	0.0	62.681	44.3575	36.5692								
2015/09/28 00:30:00		1.51711	165.29	28.4927	50.028	1007.29	1.02083	26.1872	213.717	0.82502	214.542	21.1354	1594.79	0.0	68.297	47.44	38.2967								
2015/09/28 00:35:00		1.34186	172.276	28.488	50.131	1007.22	1.05	26.0953	216.81	0.11297	216.923	21.0067	1496.88	0.0	67.766	47.575	38.4367								
2015/09/28 00:40:00		1.33871	178.151	28.4214	50.265	1007.16	1.08646	25.9933	212.305	2.40318	214.708	27.1557	1447.5	0.0	74.751	53.004	42.6242								
2015/09/28 00:45:00		1.33613	152.787	28.3969	50.355	1007.13	1.04271	26.0309	33.0667	40.3851	73.452	29.7964	1394.17	0.0	68.776	48.8142	39.3525								
2015/09/28 00:50:00		1.39408	152.354	28.3969	50.419	1007.13	1.04271	26.1284	14.7311	32.8058	47.5369	21.5358	1367.08	0.0	73.65	50.722	39.9408								
2015/09/28 00:55:00		1.55199	166.688	28.3943	50.506	1007.15	1.04271	26.2138	39.798	41.169	80.967	21.3928	1338.33	0.0	73.316	50.907	38.9292								
2015/09/28 01:00:00		1.00346	174.288	28.3917	50.596	1007.1	1.00625	26.2454	24.79	39.4026	64.193	20.1535	1325.0	0.0	68.384	47.5325	37.0175								
2015/09/28 01:05:00		1.09692	167.453	28.3932	50.592	1007.13	1.05	26.2739	28.9931	43.0758	72.069	20.5157	1275.21	0.0	67.783	46.8208	36.6525								
2015/09/28 01:10:00		0.96094	166.492	28.3932	50.691	1007.1	1.01354	26.239	47.7263	43.6098	91.336	20.5348	1217.29	0.0	70.267	48.1675	36.8925								
2015/09/28 01:15:00		1.46033	171.162	28.4323	50.688	1007.14	1.10833	26.177	34.5765	42.7506	77.327	20.6063	1175.0	0.0	61.99	44.4292	35.8867								
2015/09/28 01:20:00		1.69714	163.207	28.4927	50.693	1007.19	1.12292	26.1144	19.9571	36.5201	56.477	20.1296	1118.96	0.0	63.896	45.53	36.1883								
2015/09/28 01:25:00		1.35758	154.087	28.4526	50.595	1007.18	0.99167	26.057	54.674	32.977	87.651	20.4728	1078.54	0.0	64.793	46.0467	36.725								
2015/09/28 01:30:00		1.23251	164.237	28.3943	50.59	1007.13	1.05	26.0108	8.2455	29.6289	37.8744	19.8103	1006.46	0.0	62.756	45.8042	37.4233								
2015/09/28 01:35:00		1.27977	170.384	28.3901	50.61	1007.1	1.02083	25.9437	16.5579	28.1809	44.7388	19.4242	969.38	0.0	68.084	48.4183	38.9825								
2015/09/28 01:40:00		1.22589	167.887	28.3167	50.734	1007.08	1.10833	25.8806	27.8653	37.0713	64.937	19.8389	942.71	0.0	67.637	49.7108	39.65								
2015/09/28 01:45:00		1.58269	162.817	28.2974	50.882	1007.11	1.12292	25.8017	22.9765	35.1782	58.155	19.4146	913.54	0.0	67.299	49.0533	40.2808								
2015/09/28 01:50:00		1.08752	153.906	28.2969	50.997	1007.06	1.02083	25.7386	17.6545	31.1763	48.8308	19.2907	902.92	0.0	70.882	51.917	41.3467								
2015/09/28 01:55:00		1.07594	174.966	28.2932	51.123	1007.06	1.04271	25.7203	14.5412	34.0416	48.5829	19.6005	872.29	0.0	77.863	54.252	42.2217								
2015/09/28 02:00:00		0.97703	146.215	28.1969	51.247	1007.0	1.01354	25.7719	18.8158	36.0135	54.829	19.1715	877.5	0.0	80.333	55.304	42.375								
2015/09/28 02:05:00		0.80474	138.483	28.1875	51.365	1006.96	1.07187	25.8438	37.5513	41.6209	79.172	19.5004	903.54	0.0	77.516	54.161	42.0967								
2015/09/28 02:10:00		1.12308	133.434	28.1917	51.468	1006.87	1.06458	25.8895	24.9218	40.2276	65.149	19.1668	907.08	0.0	77.125	54.525	42.0975								
2015/09/28 02:15:00		0.98996	144.212	28.1953	51.566	1006.89	1.10104	25.9558	8.7703	29.6563	38.4266	19.1668	895.63	0.0	73.905	52.368	41.1817								
2015/09/28 02:20:00		0.93189	149.699	28.1948	51.647	1006.94	1.06458	26.007	22.6974	31.0531	53.75	19.6959	879.17	0.0	73.866	52.138	40.5392								
2015/09/28 02:25:00		0.88439	138.028	28.1932	51.751	1006.91	1.06458	26.0282	25.1563	41.169	66.325	19.4051	883.13	0.0	78.622	53.603	40.2517								
2015/09/28 02:30:00		1.06446	131.125	28.1922	51.822	1006.82	1.10104	26.0505	30.3577	43.6167	73.974	18.9475	905.0	0.0	72.76	50.867	38.5733								
2015/09/28 02:35:00		0.85051	133.558	28.1938	51.831	1006.8	0.99167	26.0779	13.6345	30.6559	44.2904	19.6339	896.88	0.0	70.337	48.9483	37.6083								
2015/09/28 02:40:00		1.06782	149.496	28.1932	51.781	1006.82	1.08646	26.1176	9.8937	30.0569	39.9505	19.5147	883.96	0.0	64.62	47.0733	37.6867								
2015/09/28 02:45:00		0.94057	141.951	28.1568	51.857	1006.83	1.07917	26.1485	52.825	37.352	90.177	19.3145	874.79	0.0	66.673	47.16	37.9833								
2015/09/28 02:50:00		1.28034	145.564	28.0974	51.861	1006.87	1.10104	26.1802	20.3323	35.7122	56.044	19.081	854.17	0.0	72.328	50.01	38.705								
2015/09/28 02:55:00		1.26509	147.429	28.0922	51.864	1006.96	1.02813	26.2073	21.5517	39.6627	61.214	19.4051	852.29	0.0	76.977	52.083	38.8183								
2015/09/28 03:00:00		0.94138	155.696	28.0953	51.963	1007.01	1.10104	26.2073	10.4855	36.9823	47.4678	19.7674	859.58	0.0	69.382	48.1717	38.6								
2015/09/28 03:05:00		0.95043	144.81	28.0938	51.964	1007.03	1.02083	26.1775	12.4352	31.4365	43.8717	19.1715	815.0	0.0	78.64	54.605	40.16								
2015/09/28 03:10:00		0.91539	152.867	28.0922	52.047	1007.02	1.09375	26.1571	40.6623	47.355	88.017	19.367	786.04	0.0	71.977	49.94	39.9883								
2015/09/28 03:15:00		0.93958	133.355	28.0932	52.068	1007.03	1.10833	26.1241	25.728	38.1359	63.864	19.5195	833.54	0.0	68.79	48.9575	39.83								
2015/09/28 03:20:00		0.88915	129.045	28.0958	52.067	1006.98	1.05	26.1015	7.7675	29.0264	36.794	19.2812	819.79	0.0	62.106	47.1933	39.2058								
2015/09/28 03:25:00		0.98116	148.433	28.0984	52.099	1006.98	1.09375	26.0806	67.666	39.7997	107.465	19.7721	800.42	0.0	74.952	52.058	40.7483								
2015/09/28 03:30:00		1.0428	150.316	28.0922	52.162	1006.93	1.02813	26.0782	22.2306	37.4752	59.706	19.5576	814.17	0.0	68.138	50.188	41.1717								
2015/09/28 03:35:00		1.11694	146.916	28.0427	52.166	1006.94	1.02813	26.0511	4.36393	24.4221	28.786	19.3956	804.17	0.0	66.851	50.072	41.9225								
2015/09/28 03:40:00		1.06534	144.026	27.988	52.252	1006.9	1.03542	26.0333	19.6176	34.0519	53.669	19.4242	795.0	0.0	73.095	51.801	42.5642								
2015/09/28 03:45:00		0.99462	147.545	27.9927	52.263	1006.92	1.08646	26.0156	13.7685	31.7274	45.496	18.8617	803.96	0.0	69.981	51.06	41.8833								
2015/09/28 03:50:00		1.11835	145.109	27.9906	52.26	1006.86	1.02083	26.0167	28.6447	38.6597	67.304	19.2812	831.46	0.0	71.507	51.627	42.1533								
2015/09/28 03:55:00		0.96573	128.735	27.9917	52.283	1006.85	1.06458	26.0145	12.8216	34.9625	47.7841	19.4194	824.79	0.0	68.898	49.8758	41.7383								
2015/09/28 04:00:00		1.04962	126.605	27.9917	52.321	1006.84	1.03542	26.0062	10.5614	29.0299	39.5913	19.2049	813.13	0.0	66.427	49.9017	41.5333								
2015/09/28 04:05:00		1.03882	141.167	27.9891	52.358	1006.82	1.05	26.0124	4.891	26.5274	31.4184	19.224	778.75	0.0	63.428	48.78	40.77								
2015/09/28 04:10:00		0.93838	135.822	27.9859	52.358	1006.78	1.06458	25.999	15.2313	26.8869	42.1182	18.8998	783.33	0.0	64.988	48.6475	40.645								
2015/09/28 04:15:00		0.99114	123.593	27.9083	52.399	1006.8	0.99167	25.9606	14.845	32.104	46.949	19.1143	782.08	0.0	64.707	49.385	41.4183								
2015/09/28 04:20:00		1.06714	130.496	27.9078	52.491	1006.83	0.99167	25.9574	10.758	30.6217	41.3797	19.0142	806.04	0.0	66.865	52.134	43.4475								
2015/09/28 04:25:00		0.91783	124.106	27.988	52.592	1006.91	1.07187	25.9252	7.8435	32.1759	40.0194	18.8712	862.08	0.0	75.619	53.42	43.295								
2015/09/28 04:30:00		0.0	502.0	27.9891	52.602	1006.93	1.00625	25.9343	21.813	44.5684	66.381	19.243	956.25	0.0	79.61	54.817	43.96								
2015/09/28 04:35:00		1.02612	61.622	27.9911	52.629	1006.92	1.05729	25.9246	22.5008	45.0305	67.531	18.8522	1114.79	0.0	69.522	51.752	42.4308								
2015/09/28 04:40:00		0.79088	64.499	27.9865	52.662	1006.91	0.99896	25.9241	16.319	39.0499	55.369	19.081	1226.88	0.0	71.431	52.451	43.1475								
2015/09/28 04:45:00		0.8062	71.804	27.987	52.665	1007.0	1.05729	25.9058	19.1531	39.7141	58.867	18.9856	1319.79	0.0	76.262	54.494	45.2617								
2015/09/28 04:50:00		0.74048	89.787	27.9917	52.666	1007.06	1.05729	25.8572	34.132	44.0617	78.194	19.6816	1412.08	0.0	80.941	57.111	46.825								
2015/09/28 04:55:00		0.6121	64.499	27.9911	52.735	1007.06	1.07187	25.8414	35.3626	43.5585	78.921	20.3251	1526.04	0.0	82.875	58.242	47.9375								
2015/09/28 05:00:00		0.88131	67.876	27.976	52.792	1007.08	1.12292	25.8256	35.8182	44.8457	80.664	19.6816	1661.88	0.0	80.215	59.128	48.62								
2015/09/28 05:05:00		0.80995	72.84	27.9859	52.868	1007.17	1.02813	25.8261	34.4782	43.9556	78.434	20.3298	1728.96	0.0	85.562	61.885	50.149								
2015/09/28 05:10:00		1.05032	64.743	27.9849	52.933	1007.22	1.08646	25.7807	44.0681	46.2903	90.358	20.4204	1773.96	0.0	81.004	61.73	50.707								
2015/09/28 05:15:00		0.84761	69.83	27.8922	52.918	1007.26	1.05729	25.7751	10.9322	37.7457	48.6778	19.7864	1710.83	0.0	75.887	61.007	51.718								
2015/09/28 05:20:00		0.78577	83.285	27.8917	52.868	1007.27	0.99167	25.7512	52.912	41.9975	94.91	20.1582	1658.13	0.0	89.112	64.568	53.933								
2015/09/28 05:25:00		0.69994	78.095	27.8896	52.97	1007.35	1.04271	25.7383	70.803	45.1127	115.916	26.4455	1809.79	0.0	84.547	65.812	55.636								
2015/09/28 05:30:00		0.83766	65.555	27.8917	53.0	1007.36	1.02083	25.734	85.823	47.2044	133.027	26.4979	2027.5	0.0	92.123	68.853	56.81								
2015/09/28 05:35:00		0.86697	69.22	27.8932	53.071	1007.4	1.07187	25.7171	64.331	45.5851	109.916	20.8542	2190.42	0.0	93.579	70.615	58.076								
2015/09/28 05:40:00		0.8484	79.491	27.8937	53.155	1007.53	1.05	25.7275	100.513	48.5394	149.053	20.5443	2452.92	0.0	113.097	76.085	60.573								
2015/09/28 05:45:00		0.6774	66.742	27.8875	53.192	1007.6	1.05	25.8967	158.279	50.073	208.352	21.0734	2788.75	9.3149	100.668	74.272	60.297								
2015/09/28 05:50:00		0.72418	85.62	27.8807	53.269	1007.62	1.10104	26.2548	114.55	54.787	169.337	20.8256	3015.0	24.4409	89.135	69.238	57.067								
2015/09/28 05:55:00		0.6731	94.703	27.7911	53.291	1007.65	1.09375	26.6296	143.103	49.4329	192.536	21.6454	3158.96	101.632	91.483	66.807	55.083								
2015/09/28 06:00:00		0.7133	126.06	27.8849	53.392	1007.68	1.05729	26.9722	174.073	54.318	228.391	23.1088	3408.96	180.223	95.747	65.023	51.225								
2015/09/28 06:05:00		0.91772	119.218	27.8276	53.474	1007.63	1.06458	27.2984	70.712	43.1135	113.825	26.8983	3305.83	246.809	87.842	59.655	47.56								
2015/09/28 06:10:00		0.75953	124.898	27.7948	53.477	1007.6	1.09375	27.5768	41.7745	40.5391	82.314	35.2686	3218.33	299.688	78.87	53.228	43.6367								
2015/09/28 06:15:00		0.68123	119.377	27.7943	53.514	1007.63	1.07187	27.856	54.616	40.4261	95.042	25.0107	3023.13	342.173	76.668	53.337	42.5383								
2015/09/28 06:20:00		0.72008	61.366	27.7938	53.611	1007.72	1.88125	28.0952	149.126	48.0465	197.173	23.166	3255.0	343.601	79.868	55.463	43.9867								
2015/09/28 06:25:00		0.74136	61.869	27.7995	53.677	1007.78	11.5281	28.1881	95.725	53.746	149.471	22.3366	3661.67	89.86	59.725	46.8325	40.4983								
2015/09/28 06:30:00		0.77671	72.149	27.7984	53.683	1007.85	20.3583	28.2163	64.074	44.4588	108.533	21.0353	3287.71	18.8513	65.337	48.985	41.265								
2015/09/28 06:35:00		0.75719	74.182	27.8062	53.698	1007.85	30.676	28.1229	50.246	47.6083	97.854	21.2689	3155.63	3.71811	66.503	51.012	42.1342								
2015/09/28 06:40:00		0.64841	61.731	27.8948	53.776	1007.85	43.3854	28.0074	97.842	52.822	150.664	21.8933	3183.54	0.72862	79.952	54.923	43.7183								
2015/09/28 06:45:00		0.9341	63.233	27.8953	53.81	1007.9	59.318	27.8888	127.273	54.513	181.786	22.2127	3455.0	0.0	70.397	53.495	45.8058								
2015/09/28 06:50:00		0.75812	57.273	27.9776	53.873	1007.93	73.821	27.7851	131.619	63.712	195.331	22.8419	3882.08	0.0	75.042	55.245	45.5858								
2015/09/28 06:55:00		0.98086	67.54	28.026	53.876	1007.98	84.685	27.7422	113.695	60.131	173.825	23.2947	4254.58	28.5376	74.005	55.044	46.335								
2015/09/28 07:00:00		0.99289	62.604	28.0255	53.787	1008.03	94.639	27.9295	47.206	53.339	100.545	22.0744	4139.79	121.244	75.626	55.025	45.1392								
2015/09/28 07:05:00		0.7037	67.947	28.1026	53.689	1008.13	109.506	28.1709	76.154	57.598	133.752	21.4214	3784.17	236.076	84.025	58.682	45.99								
2015/09/28 07:10:00		0.97278	78.254	28.1385	53.68	1008.17	122.624	28.3884	151.759	66.687	218.446	22.4701	3968.96	338.351	69.246	53.572	46.7333								
2015/09/28 07:15:00		1.04953	60.487	28.237	53.617	1008.27	136.07	28.4294	241.973	77.23	319.203	26.9222	4625.83	111.861	74.215	54.191	43.625								
2015/09/28 07:20:00		0.85066	93.306	28.3	53.416	1008.32	135.085	28.4638	124.225	74.567	198.792	24.024	4675.0	25.7838	87.872	61.05	44.8483								
2015/09/28 07:25:00		0.94794	78.378	28.3964	53.269	1008.38	193.966	28.3967	108.585	73.393	181.978	22.5225	5010.2	3.54667	88.605	59.525	43.5292								
2015/09/28 07:30:00		1.06795	105.136	28.4865	53.034	1008.52	233.479	28.4149	176.637	73.42	250.057	25.2919	5236.0	2.33944	96.953	64.663	43.725								
2015/09/28 07:35:00		0.96115	103.176	28.6214	52.883	1008.58	229.396	28.4823	342.044	105.723	447.767	27.9851	5814.6	25.4088	94.283	62.843	40.8942								
2015/09/28 07:40:00		1.06064	101.869	28.7443	52.518	1008.64	221.813	28.6705	77.222	76.327	153.549	25.2157	6331.7	84.363	91.573	61.058	38.205								
2015/09/28 07:45:00		1.61063	84.837	28.862	51.997	1008.66	199.413	28.8861	202.706	83.009	285.715	24.2051	6666.5	147.11	88.459	58.973	37.7717								
2015/09/28 07:50:00		1.57772	119.239	28.9599	51.436	1008.76	224.489	29.0759	100.489	73.906	174.395	24.5579	6727.3	132.112	86.392	57.594	38.4833								
2015/09/28 07:55:00		1.45233	85.232	29.0672	50.85	1008.84	146.577	29.1245	116.75	75.813	192.563	27.2892	6840.6	34.3523	85.158	56.772	37.2442								
2015/09/28 08:00:00		1.94288	98.308	29.1031	50.214	1008.88	207.623	29.063	110.852	73.838	184.689	24.4673	7025.0	6.6862	85.994	57.343	37.51								
2015/09/28 08:05:00		1.57771	99.471	29.1464	49.7964	1008.91	180.214	28.9497	199.03	78.233	277.264	24.0097	7131.9	0.035717	79.324	53.062	36.4867								
2015/09/28 08:10:00		1.31928	121.131	29.2099	49.3359	1008.88	312.171	28.8378	88.476	73.191	161.667	26.1023	6893.1	0.0	81.839	54.558	34.9025								
2015/09/28 08:15:00		1.4799	96.243	29.2932	48.8781	1009.0	280.423	28.7132	68.713	70.812	139.525	25.4778	6684.4	0.0	72.876	48.5942	32.9383								
2015/09/28 08:20:00		1.23229	114.849	29.3057	48.2698	1009.11	362.279	28.608	79.728	66.652	146.38	22.9277	6301.9	0.0	73.082	50.273	34.2033								
2015/09/28 08:25:00		1.49511	93.93	29.3109	47.8469	1009.16	375.506	28.5457	115.638	76.097	191.735	22.5845	5960.0	0.017858	72.117	48.5275	33.6225								
2015/09/28 08:30:00		0.98546	84.296	29.2594	47.1698	1009.19	435.429	28.6228	56.555	62.027	118.582	23.023	5482.9	0.0	59.537	40.1392	30.3467								
2015/09/28 08:35:00		1.13512	130.246	29.2948	46.8839	1009.23	419.125	28.7094	240.342	87.521	327.863	24.4959	5305.6	0.353595	76.002	50.664	33.0467								
2015/09/28 08:40:00		1.57131	127.937	29.4562	46.662	1009.26	205.771	28.8346	135.516	88.271	223.787	25.1585	5536.9	27.0982	68.694	46.0908	32.0083								
2015/09/28 08:45:00		1.85531	138.296	29.5203	45.4453	1009.2	273.802	29.0595	77.593	78.555	156.148	23.514	5517.7	79.898	59.998	40.0025	28.935								
2015/09/28 08:50:00		0.99647	94.521	29.6521	45.1672	1009.13	191.027	29.284	96.715	78.535	175.249	24.1098	5252.3	95.124	63.572	42.845	28.96								
2015/09/28 08:55:00		1.0873	142.347	29.7135	44.0771	1009.13	201.337	29.367	88.891	81.879	170.77	23.4711	5039.8	24.0659	59.76	39.91	28.3883								
2015/09/28 09:00:00		0.57527	111.829	29.7182	42.9099	1009.09	207.375	29.331	59.407	72.753	132.159	21.9505	4787.5	3.97527	52.143	35.2333	25.5917								
2015/09/28 09:05:00		1.15662	94.091	29.7979	41.7411	1009.06	405.052	29.2367	86.216	82.297	168.512	22.9372	4690.0	0.0	58.517	39.0667	26.845								
2015/09/28 09:10:00		0.51701	94.744	29.9214	41.1365	1009.02	294.685	29.1395	109.431	88.418	197.849	23.9906	4647.71	0.0	64.31	43.0	28.2633								
2015/09/28 09:15:00		1.50343	115.563	30.0505	40.774	1009.0	232.896	29.0545	95.069	88.842	183.911	25.0107	4547.5	0.0	53.987	36.3483	26.0267								
2015/09/28 09:20:00		1.14204	108.505	30.1818	40.1693	1009.05	398.592	28.9546	214.628	94.802	309.43	23.9239	4394.17	0.0	57.665	38.445	26.7433								
2015/09/28 09:25:00		1.14681	145.255	30.2849	39.3047	1009.05	326.462	28.8754	80.746	94.926	175.672	23.4043	4326.67	0.0	50.822	33.9183	24.735								
2015/09/28 09:30:00		1.22434	98.596	30.3953	38.8859	1009.03	636.92	28.827	89.479	81.342	170.82	22.7227	4104.58	0.15001	53.363	35.8567	25.1417								
2015/09/28 09:35:00		1.43542	99.792	30.4995	38.0677	1008.98	288.415	28.8625	71.795	83.262	155.057	22.2031	3875.63	2.28587	49.9	33.52	23.9533								
2015/09/28 09:40:00		1.42767	84.754	30.5271	37.6729	1008.95	469.248	28.9836	139.168	97.096	236.264	23.3138	3905.83	0.51789	48.5575	32.6017	24.2167								
2015/09/28 09:45:00		1.27251	113.478	30.6208	36.2797	1008.96	497.86	29.095	59.65	84.491	144.141	23.166	3870.83	0.017858	44.195	30.375	22.9975								
2015/09/28 09:50:00		1.22564	128.433	30.6844	35.7286	1008.98	595.56	29.1938	55.208	88.267	143.475	23.3757	3706.25	0.0	52.744	35.1975	24.5867								
2015/09/28 09:55:00		1.68884	76.324	30.8693	35.5766	1008.95	726.93	29.2649	72.559	96.333	168.891	23.4901	3815.21	0.0	49.245	33.6525	22.7108								
2015/09/28 10:00:00		0.94385	76.972	30.9781	35.1083	1008.88	694.43	29.2128	90.977	93.871	184.848	23.5473	3598.13	0.0	49.1692	32.9592	22.9217								
2015/09/28 10:05:00		0.9505	110.608	31.0729	34.576	1008.82	416.719	29.1578	68.63	94.484	163.114	23.228	3442.71	0.0	39.8425	27.3642	21.65								
2015/09/28 10:10:00		0.72632	125.938	30.9484	34.1448	1008.86	335.366	29.1264	4.4689	47.3002	51.769	22.4081	3097.08	0.52503	35.6267	25.4242	20.9433								
2015/09/28 10:15:00		0.350468	3.83694	30.9047	34.2453	1008.85	247.632	29.1036	20.9643	68.165	89.13	21.7837	2832.29	0.203585	38.0917	26.8858	21.7342								
2015/09/28 10:20:00		0.57246	137.372	30.8161	34.4635	1008.86	200.477	29.0904	41.4306	73.882	115.313	24.0288	2670.42	0.357167	42.7592	29.425	22.965								
2015/09/28 10:25:00		0.84706	112.936	30.8135	34.888	1008.9	216.985	29.0719	11.9282	73.372	85.301	23.7809	2467.08	0.221443	42.2125	28.89	23.1333								
2015/09/28 10:30:00		0.96813	65.751	30.8198	34.5229	1008.9	540.2	29.0711	68.516	102.029	170.545	23.5187	2461.04	0.421457	36.2792	26.3867	22.2283								
2015/09/28 10:35:00		1.00952	129.576	30.8839	34.5917	1008.87	825.21	29.055	11.9751	69.435	81.411	21.8075	2330.63	0.2143	40.0917	27.2983	22.685								
2015/09/28 10:40:00		1.13747	97.207	31.1094	33.8391	1008.86	770.01	29.051	23.89	86.124	110.014	22.227	2264.58	1.00007	41.4275	28.8308	23.1983								
2015/09/28 10:45:00		1.02191	104.187	31.3109	32.4188	1008.84	759.73	29.0477	21.1162	84.084	105.2	22.818	2288.54	0.99292	36.6475	26.965	21.9583								
2015/09/28 10:50:00		1.73028	98.63	31.4818	31.6781	1008.81	592.86	29.0563	77.316	109.31	186.626	22.8895	2305.63	0.72505	41.75	28.3233	22.1858								
2015/09/28 10:55:00		0.85313	106.528	31.5932	30.5703	1008.8	270.404	29.0663	26.1322	81.095	107.228	22.9277	2326.67	0.68933	42.1375	29.195	22.2125								
2015/09/28 11:00:00		0.55311	130.943	31.6526	30.25	1008.75	249.003	29.1613	98.644	125.842	224.486	24.2528	2618.96	0.8822	53.75	35.8333	23.6217								
2015/09/28 11:05:00		1.05736	124.458	31.7943	29.9391	1008.71	407.356	29.2961	101.107	130.364	231.471	24.6913	3081.25	0.0	46.9075	32.0392	23.2533								
2015/09/28 11:10:00		1.11292	124.773	31.8818	29.8125	1008.62	309.918	29.4113	85.443	114.298	199.741	24.6198	3043.96	0.0	43.4392	29.0167	22.1692								
2015/09/28 11:15:00		0.68138	48.8599	31.9302	29.1198	1008.54	649.41	29.5089	67.927	121.607	189.534	26.0022	3157.08	0.0	41.46	27.6667	20.9625								
2015/09/28 11:20:00		0.96167	58.188	31.8411	28.7797	1008.42	713.97	29.5873	15.305	76.991	92.296	25.6208	2979.17	0.0	44.36	26.6342	20.8267								
2015/09/28 11:25:00		1.28648	89.077	31.8797	29.225	1008.33	558.5	29.5616	20.5132	92.293	112.806	25.6113	2906.67	0.0	35.9517	24.3258	19.7725								
2015/09/28 11:30:00		1.69763	82.154	31.9833	28.8312	1008.25	308.962	29.5138	24.2652	91.619	115.884	25.0012	2675.21	0.0	44.46	26.8258	21.4225								
2015/09/28 11:35:00		1.51015	130.286	32.0521	28.1417	1008.17	322.627	29.4851	37.922	116.089	154.011	25.678	2655.63	0.053575	50.569	27.8642	21.9125								
2015/09/28 11:40:00		0.81501	75.897	32.0927	27.6245	1008.1	253.765	29.473	15.5552	97.603	113.158	25.6447	2617.29	0.10715	51.008	25.7717	20.49								
2015/09/28 11:45:00		1.30077	81.45	32.0943	27.7531	1007.99	364.941	29.3935	11.2694	78.908	90.177	25.6161	2714.17	7.9684	39.6875	24.0542	20.3092								
2015/09/28 11:50:00		0.74906	95.713	32.1651	28.1276	1007.91	511.35	29.2813	58.053	90.561	148.614	25.6351	2775.42	13.2116	44.2117	24.9667	20.4058								
2015/09/28 11:55:00		1.7756	85.783	32.2271	28.1219	1007.84	812.48	29.2544	19.6868	70.572	90.259	26.1452	2592.71	3.2395	48.0	24.5033	19.8708								
2015/09/28 12:00:00		1.77729	93.468	32.3807	27.4135	1007.78	289.1	29.1237	37.156	80.726	117.882	25.964	2660.83	0.0	52.093	26.1717	20.4925								
2015/09/28 12:05:00		1.89801	84.655	32.5563	26.9583	1007.72	274.991	29.0494	75.737	100.458	176.195	27.2177	2919.79	0.0	48.3125	25.5625	20.7758								
2015/09/28 12:10:00		1.5104	92.955	32.6203	26.5125	1007.66	363.774	28.9412	54.815	95.771	150.586	27.2558	2941.25	0.0	59.447	27.71	21.15								
2015/09/28 12:15:00		0.77119	95.319	32.7193	26.0141	1007.63	632.59	28.8756	75.009	96.394	171.403	29.0385	2958.75	0.0	49.9567	25.8933	20.2133								
2015/09/28 12:20:00		1.2144	90.268	32.7901	25.275	1007.53	289.858	28.7924	66.518	105.887	172.405	27.4846	2936.67	0.0	41.3483	23.825	19.345								
2015/09/28 12:25:00		0.65482	99.674	32.7135	25.1297	1007.45	448.408	28.7473	19.7427	107.239	126.982	26.6695	2711.25	0.0	39.7767	22.8483	19.01								
2015/09/28 12:30:00		1.19287	85.666	32.6318	25.212	1007.4	836.71	28.6813	15.1331	109.834	124.967	26.1213	2445.0	0.0	31.515	21.2983	18.625								
2015/09/28 12:35:00		1.12052	74.681	32.7677	25.7672	1007.34	812.72	28.6869	34.4402	126.393	160.833	25.8878	2202.5	0.2143	44.37	24.555	19.9117								
2015/09/28 12:40:00		1.41398	93.153	32.9813	24.5849	1007.27	896.16	28.7908	10.9902	112.97	123.96	25.964	2081.88	1.90013	31.2125	20.0508	17.5083								
2015/09/28 12:45:00		1.78552	79.623	33.1323	24.4599	1007.18	335.533	28.8534	13.371	119.358	132.729	25.8496	1982.29	2.88948	32.4667	20.8383	17.9517								
2015/09/28 12:50:00		1.43356	81.059	33.1937	24.0906	1007.1	491.466	28.9479	28.9127	136.204	165.117	26.5932	1926.46	2.118	36.485	22.515	18.5925								
2015/09/28 12:55:00		1.52349	106.685	33.2474	24.1182	1006.93	534.06	29.0472	15.171	134.109	149.28	27.5322	1888.54	2.36801	41.2117	22.7325	18.7683								
2015/09/28 13:00:00		1.0607	97.145	33.4109	23.8818	1006.83	891.62	29.1258	20.3367	139.008	159.345	27.6419	1910.21	2.80376	27.4492	19.6708	17.0292								
2015/09/28 13:05:00		1.73696	88.099	33.6833	23.476	1006.74	892.93	29.2091	17.9314	139.901	157.833	26.536	1828.75	3.40737	30.12	18.7342	16.4042								
2015/09/28 13:10:00		1.69377	86.454	34.0146	18.4125	1006.6	885.35	29.28	15.8522	136.057	151.909	26.6075	1697.92	3.2395	34.865	19.4508	15.6542								
2015/09/28 13:15:00		1.38414	68.754	34.2036	1.6401	1006.48	851.41	29.3696	21.5673	150.647	172.215	26.7172	1588.54	1.58582	27.3308	18.2508	15.2225								
2015/09/28 13:20:00		2.03927	90.174	34.224	0.361458	1006.41	887.61	29.4247	11.3476	134.475	145.823	26.4455	1629.38	0.0	29.7258	17.8567	15.205								
2015/09/28 13:25:00		1.40078	98.54	34.4245	0.358854	1006.35	853.56	29.4086	13.9539	135.913	149.867	26.3263	1648.96	0.0	34.9617	18.1633	14.8842								
2015/09/28 13:30:00		1.97534	72.368	34.5896	0.357292	1006.28	832.82	29.3664	19.6958	147.933	167.628	27.108	1700.0	0.0	27.2008	16.8775	14.405								
2015/09/28 13:35:00		1.29594	93.651	34.6109	0.355208	1006.17	824.17	29.339	21.7013	156.511	178.213	26.9126	1670.63	0.0	40.445	20.3125	15.1208								
2015/09/28 13:40:00		1.52503	95.399	34.7089	0.357292	1006.03	815.25	29.3229	56.068	142.962	199.03	26.8602	2037.71	0.0	32.75	17.2867	14.3058								
2015/09/28 13:45:00		1.76789	83.611	34.949	0.359896	1005.98	488.979	29.3052	68.24	143.64	211.879	26.9507	1966.67	0.0	31.7875	17.8125	13.7642								
2015/09/28 13:50:00		1.34707	101.526	34.876	0.354167	1005.9	691.96	29.2816	24.4349	125.099	149.534	26.9507	1896.88	0.0	33.9792	18.3175	14.7108								
2015/09/28 13:55:00		1.88052	128.31	34.8099	0.359375	1005.8	549.83	29.2453	27.173	138.713	165.886	27.0699	3032.08	0.0	35.5125	18.105	14.765								
2015/09/28 14:00:00		1.22493	109.027	34.8	0.360417	1005.77	615.37	29.2351	16.2989	122.905	139.203	26.8697	4363.33	0.0	36.4567	18.2725	15.2008								
2015/09/28 14:05:00		1.90218	92.61	34.8135	0.359375	1005.71	720.86	29.2187	18.3848	128.31	146.695	30.9309	3838.96	0.0	32.7242	18.825	15.5533								
2015/09/28 14:10:00		1.74509	97.605	34.9589	0.357812	1005.67	674.63	29.23	30.1612	137.238	167.399	28.2473	3360.83	0.0	31.4017	16.3142	13.9733								
2015/09/28 14:15:00		1.3935	76.505	34.9656	0.361458	1005.57	668.33	29.2101	44.9235	129.303	174.226	26.884	2982.71	0.0	29.3458	16.8333	13.9583								
2015/09/28 14:20:00		1.31439	123.932	34.9042	0.356771	1005.49	640.35	29.2045	49.6827	141.449	191.131	27.0127	2779.38	0.0	31.2258	17.2217	14.0558								
2015/09/28 14:25:00		0.412533	66.837	34.9005	0.359896	1005.37	609.03	29.1661	46.2948	129.251	175.546	27.5418	2607.29	0.0	42.7208	17.645	12.8983								
2015/09/28 14:30:00		0.83714	83.952	34.8953	0.359375	1005.25	621.98	29.1747	58.828	144.578	203.406	28.1233	2547.5	0.0	36.24	14.7075	11.3567								
2015/09/28 14:35:00		1.65873	79.249	34.8714	0.359896	1005.13	593.5	29.1658	59.554	140.795	200.349	27.6514	2485.63	0.0	37.4058	16.4367	12.1								
2015/09/28 14:40:00		1.17808	62.84	34.9	0.356771	1005.06	574.5	29.1602	38.5496	135.667	174.216	26.7934	2452.92	0.0	34.7225	16.7242	13.23								
2015/09/28 14:45:00		0.94762	151.426	34.9026	0.354688	1005.0	533.17	29.1489	58.895	154.094	212.99	27.232	2359.17	0.0	52.404	20.725	14.2742								
2015/09/28 14:50:00		0.87011	133.608	34.9516	0.353646	1004.97	571.69	29.1352	31.423	139.843	171.266	26.5503	2380.83	0.0	30.495	15.8308	13.085								
2015/09/28 14:55:00		0.98397	138.531	35.0078	0.357812	1004.91	535.86	29.1285	39.1168	135.824	174.941	26.0117	2242.92	0.0	39.6317	17.2108	13.7767								
2015/09/28 15:00:00		1.53907	134.948	35.088	0.356771	1004.82	530.91	29.1253	50.665	146.573	197.239	26.9412	2407.29	0.0	36.455	17.8533	14.5092								
2015/09/28 15:05:00		1.46367	116.189	35.1125	0.358854	1004.77	416.522	29.0859	25.8017	136.05	161.852	27.1414	2451.46	0.0	39.3958	17.2417	13.6592								
2015/09/28 15:10:00		0.74952	108.142	35.0776	0.356771	1004.74	328.249	29.103	40.3452	140.696	181.041	27.0461	2511.25	0.0	37.6492	17.2233	13.775								
2015/09/28 15:15:00		1.02681	91.576	34.9854	0.358333	1004.7	208.075	29.0818	31.9724	137.187	169.159	26.4359	2395.0	0.0	31.0042	17.2392	12.9225								
2015/09/28 15:20:00		1.20548	94.491	34.8089	0.35625	1004.97	426.49	29.2915	20.0553	129.587	149.642	26.0641	1971.04	27.9233	27.6075	15.7792	12.585								
2015/09/28 15:25:00		0.89006	130.13	34.7141	0.358333	1005.06	366.253	29.7984	10.5681	122.364	132.932	26.2262	1492.92	81.605	31.8633	16.2483	12.6217								
2015/09/28 15:30:00		1.4846	90.577	34.7422	0.359896	1005.0	366.443	30.1573	20.7477	125.28	146.028	27.3654	2070.83	0.0	43.7783	19.4683	15.2683								
2015/09/28 15:35:00		1.19781	116.64	34.8068	0.358333	1004.59	359.129	30.1391	59.972	143.034	203.005	28.2044	2570.21	53.529	41.59	17.0817	12.765								
2015/09/28 15:40:00		1.26137	79.821	34.8057	0.355729	1004.53	364.802	29.8021	23.0636	130.244	153.308	27.6848	2545.21	54.464	35.2133	15.25	11.975								
2015/09/28 15:45:00		1.06289	62.07	34.7474	0.355729	1004.47	363.767	29.5079	50.509	130.052	180.561	27.6991	2753.13	96.106	34.8367	16.4467	12.7717								
2015/09/28 15:50:00		1.11234	75.421	34.7104	0.358333	1004.41	349.643	29.3739	30.3733	126.386	156.759	26.9698	2590.83	82.491	31.745	15.2367	11.8983								
2015/09/28 15:55:00		1.18057	146.659	34.7016	0.358333	1004.4	340.761	29.3372	9.7619	113.312	123.074	26.5551	2326.25	91.353	29.5833	14.6583	11.68								
2015/09/28 16:00:00		0.95167	162.975	34.7073	0.355729	1004.42	327.804	29.2649	45.1022	128.419	173.522	26.0546	2232.5	102.518	41.4075	17.7317	12.145								
2015/09/28 16:05:00		1.54017	131.836	34.7375	0.356771	1004.39	307.635	29.3159	52.231	134.448	186.679	26.7505	2265.42	153.764	30.6308	14.9008	11.4183								
2015/09/28 16:10:00		1.67019	126.74	34.7911	0.358333	1004.35	287.904	29.4158	9.0785	110.105	119.183	25.9211	2130.63	171.504	24.3758	13.4908	11.1233								
2015/09/28 16:15:00		1.14924	97.617	34.7062	0.352604	1004.31	265.293	29.498	13.3687	105.894	119.263	26.3025	1954.17	172.937	33.4592	16.35	12.7933								
2015/09/28 16:20:00		1.04309	117.097	34.6563	0.355729	1004.28	250.491	29.4966	46.1384	134.903	181.042	26.1166	2164.58	132.934	39.9317	18.2958	14.6192								
2015/09/28 16:25:00		0.97078	114.335	34.6078	0.355208	1004.29	236.505	29.4016	36.7316	127.259	163.991	26.6552	2344.17	172.115	33.8308	17.3792	13.75								
2015/09/28 16:30:00		1.55052	119.014	34.5708	0.354167	1004.29	219.866	29.2939	4.9446	89.845	94.79	25.2347	2086.25	142.081	28.3133	16.6033	13.2525								
2015/09/28 16:35:00		1.09157	112.804	34.4719	0.354167	1004.25	191.603	29.1903	38.5652	114.579	153.144	26.5599	2046.67	151.71	33.5	16.3817	12.9683								
2015/09/28 16:40:00		1.04518	117.228	34.3953	0.358333	1004.21	175.262	29.2115	16.4686	106.267	122.736	25.5779	1977.5	162.318	28.7683	16.3233	13.25								
2015/09/28 16:45:00		1.5233	141.259	34.4005	0.355208	1004.19	163.552	29.3184	51.268	109.975	161.243	25.4302	1975.21	180.669	42.8583	18.9158	13.8058								
2015/09/28 16:50:00		0.98123	166.724	34.3104	0.352083	1004.17	148.648	29.3543	24.2093	108.835	133.044	26.3358	2228.75	222.201	35.3908	14.7975	11.5667								
2015/09/28 16:55:00		1.58112	176.238	34.2953	0.356771	1004.15	97.125	29.3903	32.2516	115.921	148.172	25.9116	2308.75	209.682	35.6942	14.8475	11.2267								
2015/09/28 17:00:00		1.52082	166.222	34.1792	0.359896	1004.15	55.628	29.4196	25.7995	107.191	132.991	25.8782	2195.42	208.8	25.3683	13.1058	10.4308								
2015/09/28 17:05:00		1.4413	158.088	34.0479	0.352604	1004.11	39.6229	29.4255	30.4158	114.178	144.594	25.802	2103.33	194.349	35.3525	16.1658	12.335								
2015/09/28 17:10:00		1.45297	163.163	33.9948	0.355729	1004.11	34.5406	29.4198	39.7913	126.605	166.396	25.9211	2330.83	196.045	38.2583	17.3892	13.1575								
2015/09/28 17:15:00		1.50873	161.139	33.9453	0.360417	1004.14	28.6635	29.4341	75.893	132.004	207.897	26.4359	2591.67	200.374	35.2742	16.3367	12.5592								
2015/09/28 17:20:00		1.84714	164.796	33.837	0.357812	1004.13	25.0542	29.4446	49.7162	127.927	177.643	27.4655	2778.13	206.953	46.7833	19.6342	14.3633								
2015/09/28 17:25:00		1.26651	160.255	33.699	0.358854	1004.2	20.6792	29.4153	30.5029	128.57	159.073	27.3082	3048.33	208.443	40.0833	17.3775	13.5142								
2015/09/28 17:30:00		1.206	165.204	33.5099	0.354167	1004.27	17.4125	29.3645	22.1323	137.067	159.199	26.25	3393.33	202.831	38.3467	17.3808	13.5258								
2015/09/28 17:35:00		1.71413	160.979	33.3052	0.351563	1004.28	15.9323	29.346	32.0059	124.907	156.913	25.6447	3495.42	202.717	48.3092	19.1542	14.4083								
2015/09/28 17:40:00		1.78409	162.883	33.1323	0.351042	1004.28	8.6479	29.303	179.339	136.947	316.286	27.4465	3660.42	185.484	55.254	22.2783	15.6683								
2015/09/28 17:45:00		1.57835	155.988	33.0031	0.352604	1004.28	2.49375	29.4182	48.68	125.801	174.481	26.6695	3877.29	218.465	44.4191	19.22	14.4333								
2015/09/28 17:50:00		1.55195	171.01	32.8708	0.352083	1004.29	1.08646	29.5715	41.8571	126.893	168.75	26.1881	3854.38	188.713	49.6283	21.2017	15.2467								
2015/09/28 17:55:00		1.05071	178.063	32.7568	0.353125	1004.36	1.02083	29.4542	44.5371	121.186	165.723	26.4598	3929.38	131.437	39.9883	18.9417	14.6142								
2015/09/28 18:00:00		1.35677	167.253	32.599	0.354688	1004.43	1.01354	29.2842	26.5901	110.642	137.232	25.5636	3649.79	91.713	39.8717	19.5492	15.1867								
2015/09/28 18:05:00		1.52546	167.12	32.4214	0.354688	1004.5	1.02083	29.095	43.2485	96.682	139.93	24.596	3411.67	41.5778	49.5542	24.4392	19.75								
2015/09/28 18:10:00		1.58258	165.545	32.3526	0.35625	1004.54	1.05	28.8995	108.227	112.422	220.65	25.7162	3435.0	0.0	45.4817	22.8108	17.6608								
2015/09/28 18:15:00		1.26884	159.851	32.2813	0.357292	1004.58	1.03542	28.885	32.4436	104.963	137.406	24.7485	3341.46	49.7426	51.123	23.945	18.4525								
2015/09/28 18:20:00		1.24934	166.215	32.2089	0.361458	1004.63	1.01354	29.1191	110.758	108.438	219.195	26.0689	3300.0	202.274	52.099	25.2242	19.4025								
2015/09/28 18:25:00		1.32877	158.791	32.1271	0.358854	1004.7	1.05729	29.3339	51.313	110.563	161.876	26.7219	3443.33	218.75	44.3975	24.435	18.99								
2015/09/28 18:30:00		1.13326	163.377	32.0125	0.355208	1004.75	1.07187	29.3396	31.1773	100.554	131.731	26.2262	3262.71	172.333	54.838	26.045	20.4158								
2015/09/28 18:35:00		1.40785	167.469	31.9349	0.358333	1004.74	1.05729	29.1672	70.084	103.932	174.017	27.8803	3736.88	100.65	72.224	29.04	21.9083								
2015/09/28 18:40:00		1.44268	162.336	31.8786	0.356771	1004.74	1.05	28.9438	105.849	108.034	213.882	27.4465	3997.08	47.3032	53.322	27.195	21.3833								
2015/09/28 18:45:00		0.92937	152.089	31.8776	0.353646	1004.81	1.03542	28.7264	116.946	101.026	217.972	25.8782	3668.33	7.3826	54.733	29.8033	23.52								
2015/09/28 18:50:00		0.97054	165.89	31.8703	0.364062	1004.84	1.07917	28.5218	38.8823	95.614	134.496	27.1986	3324.79	0.0	61.978	30.415	24.1933								
2015/09/28 18:55:00		1.0125	146.247	31.7781	0.35625	1004.86	1.00625	28.369	36.8187	88.432	125.25	25.8258	3129.17	0.0	54.65	32.8367	26.545								
2015/09/28 19:00:00		0.81961	147.368	31.7104	0.351563	1004.88	1.05	28.2609	49.3031	86.538	135.842	25.4635	2939.17	0.0	62.837	34.3317	28.1783								
2015/09/28 19:05:00		0.95345	147.554	31.6797	0.358854	1004.87	1.03542	28.1803	95.098	90.14	185.237	26.3644	2941.88	0.0	68.558	37.4058	29.9558								
2015/09/28 19:10:00		0.93435	147.563	31.5859	0.358333	1004.91	1.04271	28.0914	86.622	90.41	177.032	26.4502	3045.0	0.0	55.075	33.6833	27.895								
2015/09/28 19:15:00		0.91432	122.997	31.4969	0.35625	1004.97	1.05	28.0133	81.843	85.299	167.142	25.8496	3062.5	0.0	65.481	35.3567	28.0108								
2015/09/28 19:20:00		0.72777	135.488	31.4375	0.353646	1005.07	1.00625	28.0163	83.649	81.564	165.214	25.9307	3191.88	0.0	65.359	33.5092	25.73								
2015/09/28 19:25:00		1.12492	131.634	31.3724	0.358854	1005.2	1.05729	28.03	86.032	81.715	167.747	25.5684	3182.29	0.0	69.007	32.7308	24.7058								
2015/09/28 19:30:00		0.8876	126.806	31.3724	0.357292	1005.24	0.98438	28.0638	82.662	86.076	168.739	26.3215	3312.08	0.0	75.604	35.23	25.6567								
2015/09/28 19:35:00		0.81057	122.498	31.3172	0.358333	1005.19	1.03542	28.0716	105.911	84.998	190.909	27.0508	3513.75	0.0	66.222	35.4758	25.8133								
2015/09/28 19:40:00		0.83029	127.242	31.2797	0.359896	1005.3	1.00625	28.0853	145.671	86.552	232.224	28.1567	3755.0	0.0	74.578	35.3058	25.8883								
2015/09/28 19:45:00		1.36224	130.48	31.1979	0.35625	1005.3	0.98438	28.0976	146.67	87.839	234.509	27.4655	3832.29	0.0	72.453	34.3217	25.8242								
2015/09/28 19:50:00		2.05251	147.355	31.1771	0.354688	1005.42	1.01354	28.11	112.877	87.37	200.247	27.7277	3743.96	0.0	63.413	33.05	25.87								
2015/09/28 19:55:00		2.27539	153.007	31.1797	0.364583	1005.55	1.00625	28.2187	50.297	81.356	131.652	28.0614	3395.83	0.0	65.219	35.7275	28.2942								
2015/09/28 20:00:00		2.93296	144.688	31.2661	4.36458	1005.59	1.07917	28.3658	41.2966	77.963	119.26	28.4379	3103.13	0.0	59.418	33.965	28.1042								
2015/09/28 20:05:00		3.37668	140.015	31.201	11.6635	1005.73	1.05	28.5143	16.9376	62.205	79.143	27.8707	2770.21	0.0	46.2225	32.3875	26.655								
2015/09/28 20:10:00		2.53181	137.07	31.0911	17.2531	1005.74	1.07187	28.6488	37.3614	63.924	101.285	28.0613	2418.33	0.0	46.9292	32.4	27.2792								
2015/09/28 20:15:00		2.94068	143.362	30.9813	21.4203	1005.73	1.01354	28.7787	46.7213	67.296	114.017	27.7754	2211.46	0.0	42.3567	30.05	25.58								
2015/09/28 20:20:00		1.96157	145.189	30.8937	24.9385	1005.71	1.07187	28.895	17.6992	59.241	76.94	28.1043	2065.83	0.0	50.64	34.745	25.8383								
2015/09/28 20:25:00		2.27488	146.351	30.7729	28.6865	1005.76	1.04271	28.9997	16.0845	55.444	71.529	28.6191	1914.17	0.0	42.5	30.7558	26.2442								
2015/09/28 20:30:00		1.45834	153.784	30.6646	31.5516	1005.87	1.07917	29.0738	22.4696	57.426	79.896	29.7345	1854.79	0.0	43.9058	31.125	26.6833								
2015/09/28 20:35:00		2.3816	149.086	30.563	33.3771	1005.99	1.03542	29.0306	21.9157	53.705	75.621	29.7678	1791.88	0.0	41.3475	30.1275	26.3475								
2015/09/28 20:40:00		2.41231	143.2	30.5005	34.6115	1006.08	1.03542	28.9551	31.6061	53.568	85.174	28.9956	1727.92	0.0	44.085	31.59	27.1942								
2015/09/28 20:45:00		1.7417	158.557	30.4052	34.6422	1006.08	1.05729	28.8525	61.379	54.588	115.967	28.9861	1741.88	0.0	43.1792	31.5458	27.3075								
2015/09/28 20:50:00		2.35473	145.413	30.362	34.7328	1006.17	1.05	28.7409	24.6582	46.0883	70.747	27.9041	1751.04	0.0	47.8617	33.3492	28.1025								
2015/09/28 20:55:00		1.36517	146.581	30.3094	35.1406	1006.28	0.99167	28.6343	40.0325	45.3626	85.395	27.0127	1812.71	0.0	50.875	34.98	29.5792								
2015/09/28 21:00:00		1.26039	147.19	30.3021	35.6542	1006.36	1.01354	28.5355	55.181	46.1876	101.369	26.7029	1930.63	0.0	53.213	36.5075	29.295								
2015/09/28 21:05:00		1.51687	148.199	30.2146	36.2349	1006.47	1.04271	28.532	85.161	50.648	135.81	26.7124	2014.38	0.0	50.528	35.4467	29.15								
2015/09/28 21:10:00		1.76757	146.276	30.212	36.4068	1006.58	1.02083	28.6359	50.257	44.541	94.798	26.6314	1999.79	0.0	52.956	36.2933	29.2533								
2015/09/28 21:15:00		1.37705	162.421	30.2094	36.55	1006.65	1.07187	28.7567	52.883	46.8894	99.772	27.6085	2005.21	0.0	53.392	36.5842	29.0967								
2015/09/28 21:20:00		1.40374	161.313	30.2089	36.7266	1006.73	1.07917	28.7972	57.363	52.346	109.709	26.4121	2090.21	0.0	53.327	36.0642	28.6475								
2015/09/28 21:25:00		1.75121	156.948	30.1583	36.7859	1006.72	1.04271	28.7588	72.677	52.517	125.194	26.9698	2290.21	0.0	54.185	36.6025	28.9392								
2015/09/28 21:30:00		1.61379	163.909	30.1125	36.7875	1006.8	1.05	28.7138	63.179	55.174	118.353	29.3293	2352.71	0.0	52.856	35.82	28.6								
2015/09/28 21:35:00		1.99394	159.453	30.1151	36.8667	1006.86	1.04271	28.6582	65.678	54.681	120.359	26.8888	2431.88	0.0	54.981	37.2275	28.5992								
2015/09/28 21:40:00		1.80738	164.634	30.0286	37.0182	1006.81	1.07917	28.6193	63.951	53.452	117.403	26.107	2456.04	0.0	59.558	40.405	29.9283								
2015/09/28 21:45:00		2.15146	167.079	30.001	37.2078	1006.8	1.06458	28.5707	49.5599	50.71	100.27	25.0631	2414.79	0.0	68.15	45.9	31.6033								
2015/09/28 21:50:00		1.90541	165.274	29.9443	37.3979	1006.82	1.05729	28.532	40.7896	47.1735	87.963	25.7066	2377.29	0.0	68.908	46.615	32.4283								
2015/09/28 21:55:00		1.98306	159.87	29.9073	37.624	1006.9	1.15208	28.5041	40.6534	46.0815	86.735	25.0822	2307.92	0.0	67.248	45.4517	32.2133								
2015/09/28 22:00:00		1.78822	161.174	29.8385	37.7958	1007.03	1.11563	28.4692	57.178	49.2344	106.412	24.9011	2216.25	0.0	61.963	42.0117	31.54								
2015/09/28 22:05:00		1.64266	161.333	29.7974	38.0156	1007.02	1.07187	28.4265	59.766	47.3721	107.138	24.7152	2209.38	0.0	55.87	39.255	30.7483								
2015/09/28 22:10:00		1.92501	162.906	29.7115	38.2724	1007.0	1.07917	28.4093	28.236	43.3907	71.627	24.0955	2200.83	0.0	52.815	37.2	30.3817								
2015/09/28 22:15:00		1.78213	162.12	29.7089	38.5281	1007.01	1.09375	28.3905	54.587	46.2629	100.85	24.6103	2201.88	0.0	53.615	36.9217	30.6033								
2015/09/28 22:20:00		1.79191	165.279	29.6141	38.6958	1007.0	1.06458	28.3583	68.179	49.0153	117.194	24.5483	2242.5	0.0	57.678	39.2125	31.2633								
2015/09/28 22:25:00		1.41718	160.646	29.6089	38.7667	1007.04	1.04271	28.3398	74.629	47.6733	122.302	24.5102	2267.08	0.0	53.666	37.1308	30.61								
2015/09/28 22:30:00		1.70374	158.828	29.6141	38.8026	1007.06	1.04271	28.2976	61.582	45.6912	107.273	23.9811	2297.92	0.0	54.253	37.5658	31.1592								
2015/09/28 22:35:00		1.43055	156.711	29.6104	38.9036	1007.12	1.07917	28.2724	68.499	47.2968	115.795	24.1908	2367.71	0.0	58.048	39.4525	31.7								
2015/09/28 22:40:00		1.25545	159.629	29.6125	39.0052	1007.12	1.06458	28.238	48.5951	43.627	92.222	23.6188	2405.42	0.0	57.487	39.0158	31.715								
2015/09/28 22:45:00		1.17629	151.568	29.6063	39.1151	1007.15	1.05729	28.205	84.82	44.072	128.892	23.6093	2427.92	0.0	60.973	41.1042	32.175								
2015/09/28 22:50:00		1.11748	152.844	29.5068	39.1995	1007.25	0.99896	28.1712	51.876	44.2158	96.092	23.8	2450.42	0.0	59.409	40.3767	33.0608								
2015/09/28 22:55:00		1.29395	168.659	29.4984	39.2844	1007.34	1.05729	28.1408	50.087	40.2002	90.287	23.1946	2453.13	0.0	60.595	41.0233	33.0133								
2015/09/28 23:00:00		1.18981	153.41	29.4948	39.4453	1007.41	1.08646	28.1156	79.496	42.3261	121.822	23.6474	2362.5	0.0	66.077	44.1842	34.0325								
2015/09/28 23:05:00		1.51432	159.265	29.4828	39.5969	1007.45	1.00625	28.0963	84.679	46.4307	131.11	23.5712	2282.08	0.0	61.975	42.64	34.2258								
2015/09/28 23:10:00		1.4975	150.022	29.3974	39.7198	1007.47	1.10104	28.0815	29.1941	36.9925	66.187	22.9658	2186.04	0.0	61.083	42.0983	33.9925								
2015/09/28 23:15:00		0.86659	135.587	29.401	39.8776	1007.51	1.01354	28.0506	49.3723	39.228	88.6	22.9372	2019.79	0.0	64.52	43.2983	34.3842								
2015/09/28 23:20:00		1.17576	150.205	29.3479	40.0833	1007.54	1.04271	28.0195	20.2452	34.8701	55.115	22.9706	1925.21	0.0	60.105	41.415	34.4383								
2015/09/28 23:25:00		1.63536	152.454	29.3031	40.3536	1007.53	1.05729	28.0026	56.948	38.3448	95.293	23.2184	1790.0	0.0	63.483	44.0258	35.6167								
2015/09/28 23:30:00		1.30569	145.281	29.3	40.5771	1007.55	1.04271	28.0396	25.259	38.1565	63.415	22.9801	1697.08	0.0	64.298	43.9825	36.2325								
2015/09/28 23:35:00		1.61151	149.454	29.2656	40.7833	1007.59	1.04271	28.1809	20.6248	32.7271	53.352	23.0135	1629.17	0.0	67.389	46.1192	36.6475								
2015/09/28 23:40:00		1.26288	150.765	29.2026	40.9938	1007.59	1.06458	28.3164	36.0616	34.716	70.778	23.0754	1576.46	0.0	68.161	46.895	36.765								
2015/09/28 23:45:00		1.3536	139.451	29.2047	41.1964	1007.59	1.03542	28.3328	61.535	35.6506	97.186	23.3042	1544.17	0.0	66.475	45.875	36.3142								
2015/09/28 23:50:00		1.37082	137.003	29.2031	41.3068	1007.62	1.11563	28.0705	41.3703	33.333	74.703	22.8419	1430.83	18.0512	65.991	45.4492	36.5783								
2015/09/28 23:55:00		1.29777	133.336	29.2083	41.4286	1007.6	1.03542	27.6283	31.758	33.9321	65.69	22.8705	1345.63	54.6	65.176	45.1542	37.4367								
2015/09/29 00:00:00		1.23159	136.404	29.1099	41.6078	1007.57	1.01354	27.198	43.2038	35.6609	78.865	23.0611	1293.13	0.0	72.022	49.6367	39.96								
