-- 1st mean values --
Format: XTAB(V:1;HEAD:2;COL:TCFFFFFFFFFFFFFFFFFFFFFFFF)
StartTime: 2016/06/03 00:00:00
EndTime: 2016/06/04 00:00:00
Period: 24 h
Station: Gia Lam

Time	MeasPt	Wind Spd.	Wind Dir.	Temp	RH	Barometer	Radiation	InnerTemp	NO	NO2	NOx	SO2	CO	O3	PM-10	PM-2.5	PM-1	CH4	NMHC	THC	BENZEN	TOLUEN	ETHYL BENZEN	MP-XYLEN	O-XYLEN
		m/s	degree	°C	%	hPa	W/m²	°C	µg/m3	µg/m3	µg/m3	µg/m3	µg/m3	µg/m3	µg/m3	µg/m3	µg/m3	ppm	ppmC	ppmC	ug/m3	ug/m3	ug/m3	ug/m3	ug/m3
2016/06/03 00:05:00		1.72359	158.521	31.4786	0.35625	1002.49	1.04271	27.3706	12.5469	7.949	20.4958	22.6893	892.5	69.744	2.385	1.58833	1.03								
2016/06/03 00:10:00		1.97285	159.28	31.4125	0.363542	1002.46	1.13021	27.4248	13.2012	7.3259	20.5272	22.7847	834.79	66.233	3.28333	2.18667	1.4275								
2016/06/03 00:15:00		1.93215	155.813	31.3766	0.359896	1002.43	1.12292	27.5244	13.0159	7.5621	20.578	22.7656	836.67	64.715	4.60167	3.06833	2.15333								
2016/06/03 00:20:00		1.70826	157.532	31.3781	0.355208	1002.45	1.12292	27.6385	14.472	6.4838	20.9558	22.7132	871.67	72.98	2.82167	1.87917	1.1975								
2016/06/03 00:25:00		1.91984	159.225	31.3802	0.35625	1002.47	1.10104	27.744	15.0393	7.1548	22.194	22.7322	884.58	76.623	4.975	3.39333	2.22333								
2016/06/03 00:30:00		2.07842	157.877	31.3813	0.35625	1002.38	1.09375	27.8238	14.9633	8.1167	23.0801	22.6941	859.38	77.209	2.5875	1.72467	1.13967								
2016/06/03 00:35:00		2.09482	164.555	31.3448	0.356771	1002.28	1.08646	27.8847	14.8919	7.5416	22.4335	23.023	852.71	77.452	1.9775	1.32	0.89833								
2016/06/03 00:40:00		2.08913	161.228	31.2844	0.355729	1002.25	1.1375	27.9475	14.8718	6.6926	21.5644	22.8705	829.38	76.502	3.72	2.49167	1.83833								
2016/06/03 00:45:00		2.38161	163.725	31.287	0.351563	1002.15	1.10104	27.987	14.6149	7.3362	21.9511	22.9324	772.92	76.248	2.42083	1.66717	1.08883								
2016/06/03 00:50:00		2.00698	161.955	31.2646	0.360417	1002.13	1.06458	28.0211	13.7864	7.3328	21.1191	22.9467	757.71	76.737	3.18583	2.14833	1.50833								
2016/06/03 00:55:00		1.86489	165.351	31.1885	0.355729	1002.18	1.05729	28.1121	13.4893	6.3914	19.8807	23.023	756.25	39.7491	4.571	3.06333	2.16333								
2016/06/03 01:00:00		2.21235	152.229	31.1432	0.354688	1002.15	1.03542	28.3505	12.1583	6.7097	18.868	22.8848	792.29	77.919	3.41083	2.28583	1.37583								
2016/06/03 01:05:00		1.87186	156.546	31.0969	0.356771	1002.15	1.06458	28.3666	12.2856	6.1278	18.4133	22.9277	760.42	135.559	4.61167	3.07333	2.11								
2016/06/03 01:10:00		1.85977	148.997	31.0958	0.359375	1002.15	1.10833	28.2179	11.495	6.0422	17.5371	22.675	694.58	97.339	2.62966	1.75847	1.15424								
2016/06/03 01:15:00		1.75224	158.792	31.0922	0.354688	1002.17	1.06458	28.0947	11.6491	5.7889	17.4379	22.8419	626.25	80.745	3.285	2.21167	1.40583								
2016/06/03 01:20:00		1.50968	151.02	31.0922	0.35625	1002.12	1.05729	27.9942	12.2297	5.58	17.8098	22.942	632.08	70.526	2.4385	1.641	1.06183								
2016/06/03 01:25:00		1.29874	150.978	31.0766	0.358333	1002.11	1.07187	27.973	12.3682	5.6485	18.0167	22.7704	677.92	66.083	3.36933	2.28	1.505								
2016/06/03 01:30:00		1.5991	155.048	30.9833	0.358333	1002.11	1.12292	27.9926	12.7836	5.9155	18.6991	22.9896	706.67	71.301	2.4175	1.615	1.07333								
2016/06/03 01:35:00		2.04067	156.782	30.9698	0.361979	1002.07	1.08646	28.0157	12.1806	6.3811	18.5617	22.9467	668.96	73.966	4.06883	2.711	1.71433								
2016/06/03 01:40:00		2.067	155.837	30.9057	0.363021	1002.06	1.12292	28.0361	12.261	6.8364	19.0974	22.9801	674.58	75.437	2.25383	1.5305	1.07833								
2016/06/03 01:45:00		1.7304	154.488	30.9047	0.358854	1002.09	1.06458	28.06	11.9952	6.073	18.0682	22.8371	674.38	76.552	4.42333	2.95333	1.78667								
2016/06/03 01:50:00		1.70454	162.756	30.9063	0.361979	1002.16	1.09375	28.0718	12.1181	6.7645	18.8826	23.0039	674.17	76.827	3.04167	2.03	1.4875								
2016/06/03 01:55:00		1.94361	164.379	30.8229	0.358854	1002.14	1.06458	28.0724	11.4146	6.0114	17.4259	22.8705	634.17	76.441	2.73267	1.83333	1.29933								
2016/06/03 02:00:00		1.53275	166.624	30.8203	0.361458	1002.15	1.09375	28.0788	11.2739	5.628	16.9018	22.8514	615.42	76.455	2.38833	1.60667	1.17833								
2016/06/03 02:05:00		1.72303	167.397	30.7661	0.365625	1002.14	1.18125	28.0879	10.6508	4.89194	15.5427	23.0135	607.08	76.287	4.5625	3.0925	2.0125								
2016/06/03 02:10:00		1.51466	167.064	30.7208	0.359896	1002.11	1.05	28.0882	9.9048	6.0661	15.971	23.0325	591.25	76.559	3.04	2.04417	1.35083								
2016/06/03 02:15:00		1.58608	154.755	30.7219	0.357812	1002.05	1.09375	28.0847	9.8311	5.0973	14.9285	22.9038	584.38	76.087	4.625	3.115	2.075								
2016/06/03 02:20:00		1.40379	149.675	30.674	0.360938	1002.03	1.10833	28.0909	9.1276	5.3712	14.4988	23.0325	544.58	76.169	3.47167	2.445	1.6675								
2016/06/03 02:25:00		1.09837	150.779	30.6245	0.357292	1002.05	1.05	28.0855	9.1611	5.3712	14.5323	22.9992	559.38	76.437	3.1569	2.13621	1.46207								
2016/06/03 02:30:00		1.22512	149.878	30.6219	0.360417	1002.04	1.05729	28.0812	9.2773	4.84059	14.1179	22.88	558.54	75.416	4.49833	3.00167	2.21167								
2016/06/03 02:35:00		1.21373	153.947	30.526	0.361458	1002.0	1.10833	28.0659	9.313	5.2206	14.5336	23.0039	578.54	75.648	3.06	2.05	1.475								
2016/06/03 02:40:00		1.19726	145.495	30.513	0.360417	1002.02	1.10104	28.053	9.5542	5.6588	15.213	22.8323	597.5	76.584	3.41667	2.37167	1.70833								
2016/06/03 02:45:00		1.03577	125.626	30.5125	0.3625	1002.01	1.06458	28.0444	9.8803	5.0734	14.9536	23.1898	569.17	76.527	3.51667	2.34583	1.45083								
2016/06/03 02:50:00		1.36592	126.502	30.5234	0.360938	1002.04	1.06458	28.038	10.2711	5.782	16.0531	22.9801	604.38	76.68	2.30167	1.5375	0.99417								
2016/06/03 02:55:00		1.82756	127.485	30.6203	0.363021	1002.09	1.09375	28.0383	12.0086	5.2309	17.2395	22.8562	618.33	75.38	4.02083	2.76167	1.77583								
2016/06/03 03:00:00		1.80579	136.182	30.5219	0.363021	1002.11	1.11563	28.0302	12.6853	6.1175	18.8028	23.0707	594.38	76.384	3.53083	2.38083	1.54167								
2016/06/03 03:05:00		1.48822	139.251	30.5167	0.35625	1002.01	1.10104	28.0203	12.1248	5.1898	17.3145	23.1231	598.75	76.212	3.44167	2.33583	1.585								
2016/06/03 03:10:00		1.29148	140.55	30.4229	0.3625	1001.96	1.09375	28.012	11.2024	5.1898	16.3922	23.0611	604.79	76.012	4.36167	2.91	1.97167								
2016/06/03 03:15:00		1.5962	136.344	30.4156	0.361979	1001.96	1.10104	28.0077	11.4347	5.3267	16.7614	23.0516	614.17	76.598	4.62667	3.08667	1.87333								
2016/06/03 03:20:00		1.09064	133.295	30.4141	0.361458	1001.94	1.11563	27.9959	12.3637	5.2	17.5638	22.8371	634.58	76.659	3.61917	2.41417	1.46								
2016/06/03 03:25:00		1.30031	146.802	30.4047	0.357812	1001.95	1.02083	27.98	12.8037	5.8573	18.661	22.9658	636.25	76.537	5.3125	3.54667	2.34167								
2016/06/03 03:30:00		1.28706	151.31	30.3151	0.359375	1002.06	1.00625	27.9556	13.1655	5.5355	18.701	23.0659	698.13	76.705	6.995	4.66333	2.985								
2016/06/03 03:35:00		1.4772	153.717	30.3172	0.363021	1002.16	1.05729	27.9285	12.7255	6.0798	18.8054	22.9896	743.75	76.251	3.93917	2.62417	1.72167								
2016/06/03 03:40:00		1.63305	149.92	30.3151	0.3625	1002.18	1.05	27.896	12.7233	5.6553	18.3786	22.8609	751.67	76.098	4.38667	2.975	2.03667								
2016/06/03 03:45:00		1.49539	150.452	30.3146	0.358333	1002.22	1.07187	27.8702	12.9958	6.0593	19.0551	23.0087	753.54	75.926	2.7625	1.84333	1.19667								
2016/06/03 03:50:00		1.75659	144.776	30.3161	0.361458	1002.23	1.10833	27.849	12.3258	6.0353	18.3611	23.0278	741.67	76.348	4.2	2.91167	2.056								
2016/06/03 03:55:00		1.90716	162.201	30.3146	0.356771	1002.24	1.11563	27.8313	12.0823	4.666	16.7483	22.8895	758.54	76.044	3.6975	2.4835	1.72767								
2016/06/03 04:00:00		1.73757	165.89	30.3146	0.365625	1002.21	1.07187	27.8058	12.3503	4.49826	16.8486	23.0039	802.29	76.044	3.15017	2.09967	1.45933								
2016/06/03 04:05:00		2.12193	163.443	30.3161	0.363021	1002.15	1.03542	27.7999	13.8467	4.76185	18.6085	22.9658	811.46	76.341	5.6633	3.86167	2.58667								
2016/06/03 04:10:00		1.72446	163.881	30.2484	0.360417	1002.17	1.08646	27.8047	13.6412	5.0255	18.6667	23.0325	810.63	75.591	3.01133	2.15083	1.495								
2016/06/03 04:15:00		1.66539	161.34	30.2177	0.357812	1002.19	1.02083	27.7905	12.9712	4.80978	17.781	22.8943	796.25	76.044	4.24833	2.985	2.07833								
2016/06/03 04:20:00		1.7478	162.799	30.2177	0.358333	1002.17	1.02813	27.7806	12.8193	4.14223	16.9616	22.737	835.21	75.394	3.78467	2.5305	1.61083								
2016/06/03 04:25:00		1.88525	168.028	30.1677	0.359896	1002.18	1.05729	27.7698	12.6139	4.68654	17.3004	22.9849	828.96	76.337	2.9225	2.13417	1.495								
2016/06/03 04:30:00		1.7674	161.173	30.1182	0.357812	1002.22	1.02083	27.7618	12.1002	4.74816	16.8484	23.0564	826.88	75.437	4.84417	3.29667	2.375								
2016/06/03 04:35:00		1.53739	161.907	30.1167	0.359896	1002.25	1.05729	27.7628	12.0868	4.8851	16.9719	22.9372	904.58	75.173	5.4807	3.75088	2.57895								
2016/06/03 04:40:00		1.09	149.009	30.1219	0.357292	1002.27	1.08646	27.7508	12.4196	3.75882	16.1784	22.9753	1033.75	75.369	3.74917	2.5005	1.555								
2016/06/03 04:45:00		1.20732	156.049	30.1187	0.359896	1002.26	1.06458	27.747	14.9455	3.85467	18.8001	22.9086	1254.58	75.934	2.86667	1.9125	1.28333								
2016/06/03 04:50:00		1.52851	165.756	30.1156	0.363021	1002.23	1.11563	27.74	16.7321	4.12169	20.8538	23.0993	1426.46	73.391	4.71	3.14	2.13833								
2016/06/03 04:55:00		0.97356	153.868	30.1182	0.361979	1002.28	1.08646	27.7902	18.4451	4.05665	22.5017	23.0516	1511.46	68.176	3.39333	2.26167	1.555								
2016/06/03 05:00:00		0.87263	151.929	30.1214	0.366667	1002.33	1.05	27.8692	20.665	3.59108	24.2561	23.0039	1682.29	77.487	6.0083	4.00667	2.565								
2016/06/03 05:05:00		1.17463	168.885	30.1214	0.361458	1002.34	1.08646	27.9609	22.6706	3.40622	26.0768	23.1708	1885.21	82.752	4.265	2.84167	1.92								
2016/06/03 05:10:00		1.85984	167.263	30.1177	0.363021	1002.37	1.09375	28.0302	24.828	3.41649	28.2444	23.0421	2123.96	84.191	4.59	3.06417	1.96								
2016/06/03 05:15:00		1.85672	164.372	30.1229	0.357812	1002.42	1.10833	28.0904	26.4471	4.30313	30.7503	23.0516	2118.54	88.045	4.87583	3.25083	2.11583								
2016/06/03 05:20:00		1.71705	172.231	30.1182	0.367188	1002.43	1.08646	28.1113	29.4912	4.28944	33.7806	23.1136	2233.96	88.82	4.15917	2.82667	1.79333								
2016/06/03 05:25:00		1.57289	164.341	30.1203	0.364062	1002.49	1.12292	28.1143	33.2677	3.26928	36.537	23.0754	2216.67	83.102	4.97	3.3375	2.195								
2016/06/03 05:30:00		1.79977	162.991	30.1198	0.3625	1002.55	1.10833	28.1092	35.2398	4.02926	39.269	23.1136	2247.5	81.255	7.3283	4.95667	3.18167								
2016/06/03 05:35:00		2.05851	163.03	30.1208	0.365625	1002.54	4.66667	28.1207	40.3697	3.23505	43.6048	23.1994	2362.08	53.725	3.33929	2.25357	1.47679								
2016/06/03 05:40:00		1.64473	165.188	30.1224	0.361979	1002.55	13.3802	27.9975	46.6298	2.66335	49.2931	23.2947	2560.21	76.141	5.6067	3.73667	2.45667								
2016/06/03 05:45:00		1.55739	160.419	30.1234	0.363021	1002.54	21.7	27.8163	51.541	2.24913	53.79	23.228	2800.21	105.968	6.1298	4.08597	2.75263								
2016/06/03 05:50:00		1.55143	158.857	30.126	0.3625	1002.53	31.4708	27.6474	56.284	1.89995	58.184	23.1946	3019.38	113.333	6.825	4.5475	2.94917								
2016/06/03 05:55:00		1.60705	158.382	30.1198	0.365104	1002.57	43.0646	27.4981	59.402	1.2906	60.693	23.2327	3012.5	107.618	6.21	4.13917	2.91333								
2016/06/03 06:00:00		1.82954	145.909	30.1141	0.364062	1002.64	55.803	27.3553	60.235	1.54735	61.783	23.2232	3080.21	106.025	4.58	3.05267	2.0375								
2016/06/03 06:05:00		1.41722	163.298	30.1828	0.364583	1002.76	70.795	27.2015	63.065	1.60212	64.667	23.1374	3299.17	105.046	4.54167	3.0525	2.07417								
2016/06/03 06:10:00		1.79612	167.038	30.2135	0.363021	1002.81	88.484	27.0525	64.867	1.23925	66.106	23.0516	3590.21	101.157	5.4792	3.65167	2.40917								
2016/06/03 06:15:00		1.45665	166.131	30.3094	0.3625	1002.83	110.046	26.9429	68.193	0.314947	68.508	23.0897	3823.13	95.042	4.72833	3.15417	1.92667								
2016/06/03 06:20:00		1.83644	166.295	30.4193	0.364583	1002.91	132.672	26.8959	71.004	0.7634	71.768	23.0135	3952.29	97.214	6.2583	4.17333	2.22667								
2016/06/03 06:25:00		1.72522	165.926	30.5688	0.364062	1002.98	136.325	26.853	77.264	0.52719	77.792	23.1136	4049.17	104.493	6.8	4.535	2.70667								
2016/06/03 06:30:00		1.76212	166.225	30.7094	0.364583	1003.08	158.528	26.803	77.946	0.222517	78.168	22.9753	4076.04	107.404	7.1442	4.7625	1.42917								
2016/06/03 06:35:00		2.0824	171.33	30.8182	0.361458	1003.2	178.434	26.7757	83.31	0.29783	83.608	23.2756	4228.75	109.072	6.9792	4.65083	2.61833								
2016/06/03 06:40:00		1.60496	162.221	30.8719	0.364062	1003.28	190.947	26.7829	85.722	0.52377	86.246	23.1088	4388.75	108.3	4.9225	3.28167	2.055								
2016/06/03 06:45:00		1.64993	161.259	30.9448	0.359375	1003.29	202.431	26.7775	87.216	1.15024	88.366	23.1326	4753.96	106.836	7.0492	4.7025	2.61667								
2016/06/03 06:50:00		1.77741	169.824	31.0578	0.366667	1003.31	221.761	26.7818	88.782	0.68124	89.463	23.3376	4875.83	107.511	6.095	4.065	2.40917								
2016/06/03 06:55:00		2.02936	175.107	31.199	0.359896	1003.38	239.174	26.791	90.325	1.11258	91.438	23.1946	4927.92	107.822	2.44167	1.62667	1.0725								
2016/06/03 07:00:00		1.91476	164.374	31.338	0.363021	1003.44	252.518	26.792	87.964	2.05058	90.015	23.1469	4747.71	107.507	7.085	4.72333	2.81167								
2016/06/03 07:05:00		1.66273	160.975	31.5177	0.360938	1003.48	267.83	26.81	89.056	1.93761	90.994	23.228	4991.88	107.861	4.78667	3.19083	1.89417								
2016/06/03 07:10:00		1.57299	149.256	31.7	0.359896	1003.54	287.7	26.839	92.815	2.04715	94.862	23.3662	5173.1	107.114	6.3893	4.25767	2.46267								
2016/06/03 07:15:00		1.54505	167.361	31.8281	0.364062	1003.54	304.361	26.8522	91.12	2.83794	93.958	23.2327	5264.6	107.129	9.6808	6.4542	3.79833								
2016/06/03 07:20:00		1.48199	163.607	31.9979	0.3625	1003.53	317.982	26.8798	91.535	3.80675	95.342	23.2613	5864.2	107.697	5.9938	3.996	2.425								
2016/06/03 07:25:00		1.97506	179.019	32.2026	0.360417	1003.54	336.109	26.933	96.154	3.47126	99.625	23.2899	5903.8	107.939	3.98333	2.655	1.69167								
2016/06/03 07:30:00		1.94967	186.225	32.4437	0.360417	1003.61	353.106	26.9802	99.269	4.90564	104.175	23.2518	6430.6	108.257	4.285	2.85717	1.84267								
2016/06/03 07:35:00		2.45294	195.809	32.6667	0.364062	1003.65	370.985	27.0229	89.945	6.097	96.042	23.247	6181.0	109.314	6.3483	4.22833	2.60167								
2016/06/03 07:40:00		2.05335	194.306	32.9359	0.360417	1003.66	387.275	27.0766	80.538	7.2403	87.779	23.1803	5984.2	108.032	5.2967	1.77083	1.0575								
2016/06/03 07:45:00		1.60754	181.07	33.2323	0.360417	1003.78	400.779	27.13	72.889	9.2293	82.119	23.3376	5867.3	107.279	10.62	3.27667	2.05667								
2016/06/03 07:50:00		1.83249	181.06	33.5141	0.364062	1003.82	413.664	27.2095	66.352	10.2871	76.639	23.0516	5836.0	107.479	7.9383	2.24	1.40667								
2016/06/03 07:55:00		1.58732	175.607	33.7698	0.3625	1003.83	438.878	27.2578	60.668	11.6633	72.332	23.0897	5792.5	107.443	6.8975	2.79667	1.8475								
2016/06/03 08:00:00		1.72446	191.304	33.9865	0.3625	1003.88	460.87	27.3413	55.617	12.858	68.475	22.961	5989.6	106.289	6.3705	1.968	1.105								
2016/06/03 08:05:00		2.56987	211.303	34.224	0.366146	1003.88	481.104	27.4079	50.02	14.4122	64.432	23.0564	5837.7	106.811	10.3367	3.75	2.025								
2016/06/03 08:10:00		2.81714	204.146	34.474	0.361979	1003.89	494.353	27.4716	44.0034	14.1384	58.142	22.8419	5424.2	109.736	5.5055	2.015	1.155								
2016/06/03 08:15:00		3.27441	216.949	34.7396	0.360417	1003.97	526.45	27.5226	39.9811	14.9771	54.958	22.8133	5337.1	110.993	7.03	2.155	1.16667								
2016/06/03 08:20:00		2.83136	212.537	34.974	0.366146	1003.98	578.2	27.5435	37.5245	15.7405	53.265	22.9277	5328.8	106.621	3.75667	1.23083	0.73167								
2016/06/03 08:25:00		3.15738	207.293	35.2641	0.366146	1004.07	627.15	27.5038	37.8461	16.2334	54.08	22.7561	5041.9	100.689	10.8608	2.505	1.10417								
2016/06/03 08:30:00		3.51806	206.491	35.5521	0.367188	1004.15	725.7	27.4493	35.9879	15.9425	51.93	22.88	4803.75	97.631	5.265	1.54	0.6625								
2016/06/03 08:35:00		2.06611	212.775	35.7807	0.366667	1004.21	490.809	27.3854	33.6228	16.3053	49.9282	22.7751	4559.17	83.527	7.4717	2.13333	0.96667								
2016/06/03 08:40:00		2.94355	208.584	35.9203	0.364583	1004.24	409.07	27.308	35.5189	15.0113	50.53	22.7275	4515.21	82.966	6.7275	1.2975	0.65833								
2016/06/03 08:45:00		2.77142	195.927	36.0271	0.367188	1004.22	476.561	27.2235	38.764	15.2989	54.063	22.7084	4384.17	78.452	5.0417	1.23833	0.58								
2016/06/03 08:50:00		3.22317	203.504	36.1146	0.3625	1004.23	563.23	27.1387	35.7378	15.1791	50.917	22.8371	4155.0	74.312	7.26	1.86	0.87667								
2016/06/03 08:55:00		3.09356	205.107	36.1766	0.364062	1004.19	655.73	27.1035	31.2533	14.936	46.1893	22.7561	3670.0	71.49	5.86	1.515	0.76333								
2016/06/03 09:00:00		3.72234	214.109	36.3036	0.361979	1004.16	582.2	27.0702	28.4415	15.3297	43.7712	22.7704	3918.33	76.859	9.6417	2.46	1.345								
2016/06/03 09:05:00		3.30756	198.787	36.3745	0.365104	1004.16	680.18	27.0817	26.0764	16.456	42.5324	22.6321	3568.13	71.512	4.4875	1.13167	0.595								
2016/06/03 09:10:00		2.45154	207.039	36.5099	0.366667	1004.13	640.29	27.1072	23.5148	15.7781	39.2929	22.4653	3440.21	77.159	3.81667	0.83167	0.330833								
2016/06/03 09:15:00		1.28277	217.547	36.6547	0.366146	1004.13	664.77	27.14	22.8783	16.6819	39.5602	22.4558	3347.71	73.758	3.7775	1.34667	0.5875								
2016/06/03 09:20:00		2.15387	212.056	36.8323	0.364583	1004.12	697.98	27.2068	26.2104	16.9147	43.1251	22.5654	3458.75	71.312	6.3408	1.4725	0.66083								
2016/06/03 09:25:00		2.52783	213.948	36.9677	0.364583	1004.09	704.81	27.3389	26.4404	17.1646	43.605	22.5511	3439.38	62.761	1.44667	0.439167	0.214167								
2016/06/03 09:30:00		1.62997	234.765	37.087	0.365625	1004.06	711.59	27.5142	27.6174	17.8869	45.5043	22.6274	3477.08	84.384	4.05167	1.25	0.56417								
2016/06/03 09:35:00		1.42755	209.491	37.2677	0.361979	1003.98	722.57	27.6536	25.5248	18.3696	43.8944	22.5797	3272.92	88.342	2.72667	0.64583	0.3225								
2016/06/03 09:40:00		1.7688	213.179	37.4641	0.364062	1004.03	731.65	27.7824	22.742	17.7568	40.4989	22.4224	3021.46	75.873	5.0083	1.105	0.431667								
2016/06/03 09:45:00		1.13816	237.903	37.7292	0.3625	1004.03	742.71	27.9065	21.2993	16.836	38.1353	22.5606	2922.29	76.562	4.98667	0.96167	0.463333								
2016/06/03 09:50:00		1.394	247.787	38.0349	0.366667	1004.05	755.93	28.0581	21.009	17.2604	38.2694	22.5797	3009.79	76.605	5.955	1.09	0.420833								
2016/06/03 09:55:00		1.15031	283.992	38.1911	0.361979	1004.03	774.49	28.201	20.3702	17.4932	37.8635	22.4653	2808.13	72.958	2.46583	0.725	0.31								
2016/06/03 10:00:00		2.04299	287.787	38.3203	0.364583	1004.02	794.92	28.3698	19.5216	16.5244	36.046	22.389	2964.38	76.548	9.5767	1.39	0.68								
2016/06/03 10:05:00		2.00661	298.348	38.3932	0.3625	1003.96	855.92	28.525	18.9543	16.9969	35.9511	22.3509	2745.21	73.38	2.11167	0.5825	0.3325								
2016/06/03 10:10:00		2.7887	284.918	38.3552	0.363542	1003.91	657.43	28.6713	18.1883	16.0657	34.254	22.4224	2623.75	72.826	2.41	0.485	0.263333								
2016/06/03 10:15:00		2.26125	298.862	38.149	0.3625	1003.84	463.342	28.8166	17.5741	15.0387	32.6128	22.4558	2449.58	72.944	8.5688	0.89883	0.403333								
2016/06/03 10:20:00		1.83347	303.352	37.8714	0.361979	1003.78	556.05	28.961	16.2118	15.2852	31.4969	22.4367	2235.42	71.937	2.24583	0.605	0.323883								
2016/06/03 10:25:00		2.26797	294.721	37.8229	0.364583	1003.76	803.13	29.0754	14.6417	14.9737	29.6154	22.4224	2076.67	72.376	3.42833	0.93167	0.56667								
2016/06/03 10:30:00		1.60342	285.297	38.0187	0.366146	1003.7	859.14	29.1524	15.2157	15.1859	30.4016	22.6417	2213.54	68.962	1.23	0.6111	0.283883								
2016/06/03 10:35:00		1.8516	293.501	38.2698	0.364583	1003.65	851.86	29.28	14.7043	15.2167	29.921	22.7322	2046.88	64.972	3.24833	0.86167	0.391667								
2016/06/03 10:40:00		1.46307	292.665	38.5115	0.3625	1003.66	856.7	29.4263	16.185	14.7683	30.9532	22.5559	2078.54	72.651	1.99017	0.62972	0.311383								
2016/06/03 10:45:00		2.27553	294.264	38.6411	0.365104	1003.63	854.94	29.5734	16.98	14.758	31.738	22.5463	2035.83	72.205	2.83383	0.7986	0.380267								
2016/06/03 10:50:00		3.0826	296.512	38.6948	0.368229	1003.62	864.03	29.7101	18.7042	14.8265	33.5306	22.4891	2029.38	66.879	3.645	0.8725	0.479167								
2016/06/03 10:55:00		1.76627	305.05	38.6063	0.360417	1003.55	867.18	29.87	17.0582	14.8778	31.936	22.6464	1910.63	68.905	4.74167	1.00667	0.488333								
2016/06/03 11:00:00		2.48908	291.89	38.6807	0.368229	1003.47	864.7	30.043	21.5494	15.3571	36.9065	22.6369	1913.33	60.197	8.2492	0.50417	0.305								
2016/06/03 11:05:00		3.40219	294.944	38.7141	0.361458	1003.41	875.43	30.1917	24.1356	15.9459	40.0815	22.6321	1708.33	60.154	1.181	0.404433	0.195833								
2016/06/03 11:10:00		1.5914	306.703	38.6979	0.366667	1003.33	877.73	30.3482	23.01	15.1483	38.1583	22.7275	1636.46	57.582	4.95333	1.225	0.59								
2016/06/03 11:15:00		1.44641	246.066	39.05	0.3625	1003.25	876.83	30.5128	23.8654	16.2574	40.1228	22.8323	1643.13	58.75	2.26433	0.66	0.304717								
2016/06/03 11:20:00		1.70589	304.91	39.5182	0.355729	1003.15	882.17	30.6932	23.9592	16.8941	40.8533	22.6655	1767.92	58.457	4.09583	0.92333	0.491667								
2016/06/03 11:25:00		1.49667	314.655	39.6708	0.358854	1003.1	891.87	30.8911	26.0541	16.4252	42.4792	22.88	1623.13	60.004	2.19933	0.68777	0.413883								
2016/06/03 11:30:00		2.13411	314.875	39.5198	0.359896	1003.04	893.8	31.0701	22.9051	15.4837	38.3888	22.6369	1480.63	57.886	1.365	0.42805	0.310267								
2016/06/03 11:35:00		3.17227	298.618	39.3297	0.361979	1003.04	897.71	31.2868	18.8359	16.2437	35.0796	22.5273	1305.63	50.721	1.91333	0.478333	0.301667								
2016/06/03 11:40:00		1.53865	306.883	39.1688	0.364062	1003.01	890.58	31.7177	16.2118	15.2236	31.4353	22.7894	1204.38	68.576	1.29467	0.62027	0.330267								
2016/06/03 11:45:00		1.06482	245.386	39.2922	0.364583	1002.99	887.63	31.9955	15.5261	15.114	30.6402	22.9181	1247.92	58.922	2.935	0.9025	0.498333								
2016/06/03 11:50:00		1.83732	301.29	39.5594	0.3625	1002.97	898.93	32.2718	14.1214	15.5796	29.701	23.2709	1201.46	54.182	3.21333	1.27833	0.755								
2016/06/03 11:55:00		2.46918	294.966	39.6094	0.364062	1002.93	903.72	32.5486	15.5485	16.4457	31.9942	23.1994	1327.08	52.768	2.87917	0.885	0.55167								
2016/06/03 12:00:00		1.7045	305.592	39.4693	0.363021	1002.9	896.25	32.845	15.5194	15.6446	31.1641	23.2995	1259.58	53.018	2.19167	0.79167	0.36								
2016/06/03 12:05:00		1.36965	287.771	39.4724	0.363021	1002.86	893.99	33.1269	14.1236	14.556	28.6796	23.5855	1166.25	54.432	1.54667	0.56333	0.336667								
2016/06/03 12:10:00		1.57906	310.587	39.5818	0.364583	1002.8	894.94	33.4037	12.5848	15.2886	27.8734	23.4806	1164.79	56.814	2.76333	0.975	0.48								
2016/06/03 12:15:00		2.49567	294.814	39.6641	0.363021	1002.75	899.14	33.6816	11.8903	14.7956	26.6859	23.5569	1072.08	55.504	2.6525	0.535	0.325833								
2016/06/03 12:20:00		1.73079	296.592	39.6583	0.361979	1002.72	892.45	33.9369	10.0612	14.2137	24.2748	23.5664	941.25	57.84	2.34167	0.95167	0.44								
2016/06/03 12:25:00		2.39876	301.178	39.7948	0.361458	1002.66	905.69	34.1334	9.5386	13.6831	23.2216	24.0431	897.92	56.822	1.99333	0.79667	0.376667								
2016/06/03 12:30:00		1.32608	315.674	39.826	0.363021	1002.58	892.31	34.3167	8.7033	13.3613	22.0646	24.2242	775.21	58.715	3.3625	0.9725	0.555								
2016/06/03 12:35:00		1.31209	250.678	39.9964	0.361458	1002.55	871.65	34.5318	8.4398	13.8953	22.3351	24.2051	881.67	52.368	3.97167	1.47167	0.91583								
2016/06/03 12:40:00		2.08796	305.61	40.1391	0.361458	1002.48	701.45	34.7914	8.7636	13.8063	22.5699	24.2147	859.17	56.207	6.0642	1.9975	1.08								
2016/06/03 12:45:00		0.99609	303.403	40.0422	0.361458	1002.45	651.03	35.0021	9.2348	13.4469	22.6817	24.4864	801.46	59.447	9.5125	3.14833	1.9075								
2016/06/03 12:50:00		1.3453	299.056	39.9005	0.361458	1002.41	881.66	35.1708	10.0478	13.9638	24.0115	24.5674	800.21	58.972	11.6308	3.4675	1.98								
2016/06/03 12:55:00		1.5452	289.523	40.0615	0.360938	1002.3	854.84	35.2556	11.8813	14.7443	26.6256	24.6913	802.71	57.229	8.9375	3.61917	2.21667								
2016/06/03 13:00:00		1.98319	296.28	40.1911	0.357812	1002.25	797.32	35.3678	12.0868	14.8093	26.8961	24.8534	705.42	56.257	13.9142	2.84	1.56083								
2016/06/03 13:05:00		1.35199	299.168	40.0604	0.358333	1002.17	904.62	35.48	11.2203	13.5564	24.7767	25.1966	645.21	56.082	12.2583	4.23667	2.51333								
2016/06/03 13:10:00		2.06303	302.549	40.2146	0.364062	1002.09	921.56	35.5727	10.1885	12.9881	23.1766	25.1013	603.54	55.139	9.9375	4.27083	2.5975								
2016/06/03 13:15:00		1.72179	302.543	40.3563	0.360938	1002.02	775.24	35.6674	10.0813	13.0361	23.1173	25.373	595.42	57.347	12.4783	4.635	2.5575								
2016/06/03 13:20:00		1.06525	233.53	40.5255	0.354167	1001.97	711.71	35.734	9.3822	13.0087	22.3909	25.3825	554.58	55.779	14.8592	5.175	2.78083								
2016/06/03 13:25:00		2.01274	209.855	40.7802	0.359375	1001.92	864.93	35.7879	9.5944	12.9573	22.5517	25.373	654.38	53.507	16.6267	5.0958	2.84167								
2016/06/03 13:30:00		1.7025	300.547	41.0047	0.356771	1001.77	875.59	35.8774	8.7457	13.933	22.6787	25.7638	599.17	55.657	13.5492	5.1758	2.72333								
2016/06/03 13:35:00		2.03515	292.643	40.8672	0.357812	1001.63	839.37	35.9711	9.0249	13.0497	22.0746	25.6399	571.88	56.857	12.115	4.19417	2.51								
2016/06/03 13:40:00		1.05692	318.092	40.6807	0.361458	1001.53	741.63	36.017	7.9909	12.146	20.1369	25.7591	513.13	57.068	13.9833	4.35333	2.37333								
2016/06/03 13:45:00		0.93158	304.263	40.5365	0.361979	1001.45	774.94	36.0229	7.7229	11.5264	19.2492	25.8639	520.63	53.832	16.7392	6.335	2.90333								
2016/06/03 13:50:00		1.9772	300.113	40.4052	0.355729	1001.41	513.79	36.0132	12.7211	11.8824	24.6035	25.8496	575.0	55.204	11.7217	4.39833	2.69583								
2016/06/03 13:55:00		1.10564	302.251	40.1448	0.357812	1001.3	784.99	35.9719	13.0382	12.3651	25.4033	25.9259	513.96	53.532	12.3317	4.68917	2.67583								
2016/06/03 14:00:00		1.54451	295.534	40.0276	0.355729	1001.24	714.5	35.9276	12.0712	12.1597	24.2309	25.9545	477.5	52.868	11.4592	4.7375	2.73								
2016/06/03 14:05:00		1.39743	301.987	40.025	0.357292	1001.19	630.75	35.8618	11.294	12.3822	23.6762	26.1738	617.92	53.554	16.7825	5.25	2.59667								
2016/06/03 14:10:00		1.0266	235.185	40.099	0.35625	1001.14	466.543	35.8011	11.4391	12.8991	24.3383	26.0069	660.21	53.811	15.0925	5.0508	2.62333								
2016/06/03 14:15:00		2.22409	200.751	40.0229	0.358854	1001.1	377.482	35.7324	11.8389	13.1833	25.0222	26.088	762.29	52.932	15.985	5.895	2.92667								
2016/06/03 14:20:00		1.03768	198.26	39.8599	0.353125	1001.03	228.82	35.6588	10.9657	14.0665	25.0321	26.2119	946.04	52.889	23.4292	7.15	3.29917								
2016/06/03 14:25:00		0.54968	268.278	39.6896	0.357812	1000.98	393.283	35.559	12.0153	13.9603	25.9757	26.3072	1052.92	53.832	15.9842	5.5533	2.92917								
2016/06/03 14:30:00		0.87148	165.82	39.5729	0.359896	1000.86	819.71	35.4768	10.8183	15.4016	26.2198	26.374	1094.17	53.318	19.995	6.1467	3.3								
2016/06/03 14:35:00		1.11495	92.894	39.7297	0.354688	1000.75	464.085	35.3772	12.3034	15.1859	27.4893	26.4121	1311.88	54.775	23.1942	6.6067	3.63833								
2016/06/03 14:40:00		0.464214	260.137	39.8615	0.359896	1000.68	750.06	35.2841	16.0219	16.1239	32.1458	26.3835	1672.92	54.304	14.0433	3.95167	2.16583								
2016/06/03 14:45:00		0.83743	295.268	40.0135	0.358333	1000.63	635.28	35.21	17.4624	17.5857	35.0481	26.312	1625.42	53.232	19.1683	5.1725	2.38667								
2016/06/03 14:50:00		0.81354	303.657	40.0859	0.354167	1000.63	438.776	35.1358	20.2519	17.7431	37.995	26.1833	1512.71	53.768	19.0717	5.075	2.31333								
2016/06/03 14:55:00		0.81275	301.365	39.8719	0.361458	1000.6	244.242	35.0598	19.5238	16.9181	36.4419	26.2071	1316.67	54.904	9.4192	2.90833	1.55917								
2016/06/03 15:00:00		1.43246	304.99	39.5786	0.360417	1000.59	482.11	35.0062	17.5138	15.1619	32.6757	26.1118	1182.08	53.361	16.0583	5.3533	2.91								
2016/06/03 15:05:00		2.08875	205.564	39.6589	0.363021	1000.52	397.337	34.9318	15.3385	15.0866	30.4252	26.0355	1217.71	53.425	16.3417	4.415	1.97667								
2016/06/03 15:10:00		1.97016	182.398	39.726	0.360938	1000.44	564.02	34.865	13.572	14.7511	28.3231	26.0737	1082.92	54.046	13.1617	3.87833	1.835								
2016/06/03 15:15:00		0.63366	158.563	39.8693	0.360417	1000.42	707.26	34.7997	12.2945	15.1928	27.4873	25.9974	1151.25	54.989	8.2433	2.79833	1.565								
2016/06/03 15:20:00		1.49325	310.891	40.1021	0.357812	1000.4	358.028	34.7439	13.7529	15.9014	29.6543	26.026	1408.96	55.825	15.2942	3.935	2.15083								
2016/06/03 15:25:00		2.18046	294.718	40.0193	0.357292	1000.31	163.319	34.6878	13.6635	15.4837	29.1473	25.9879	1301.67	54.654	7.1717	2.01	1.00833								
2016/06/03 15:30:00		0.71501	318.134	39.6786	0.359375	1000.28	358.502	34.6456	12.1516	16.2232	28.3747	26.0069	1297.08	54.089	7.4342	2.33583	1.37667								
2016/06/03 15:35:00		1.35268	317.618	39.5292	0.356771	1000.19	173.075	34.5702	12.7657	14.8675	27.6333	25.8353	1389.58	55.75	8.5717	2.08	1.0925								
2016/06/03 15:40:00		1.06076	320.868	39.2177	0.355208	1000.11	227.07	34.5127	11.9774	15.2338	27.2112	25.7352	1246.67	55.811	4.22917	1.595	0.95833								
2016/06/03 15:45:00		1.17067	311.034	38.9354	0.358854	1000.08	506.48	34.4515	10.8674	15.6412	26.5086	25.7305	1219.38	55.493	6.5067	1.97333	1.16083								
2016/06/03 15:50:00		0.62743	299.531	38.9505	0.358854	1000.01	468.001	34.3831	9.8624	15.2818	25.1442	25.7162	1275.21	55.036	8.555	2.16917	1.27083								
2016/06/03 15:55:00		0.435756	350.838	39.0151	0.361458	999.98	404.381	34.3044	11.3163	16.0349	27.3512	25.7591	1354.38	55.832	5.2933	1.7525	0.91833								
2016/06/03 16:00:00		0.80231	339.185	39.1083	0.354167	999.93	558.78	34.2477	13.7261	17.3221	31.0481	25.5732	1503.54	58.443	5.28	2.05917	1.025								
2016/06/03 16:05:00		0.409809	71.224	39.1182	0.358854	999.91	509.96	34.1957	13.697	17.572	31.269	25.6876	1372.29	62.876	2.95667	1.0875	0.68583								
2016/06/03 16:10:00		0.92392	356.08	39.2396	0.357292	999.84	530.91	34.1589	13.3598	17.1749	30.5347	25.5398	1409.58	56.289	4.82583	1.22167	0.7025								
2016/06/03 16:15:00		1.80854	303.961	39.4104	0.360938	999.83	431.987	34.1372	13.7596	19.1022	32.8618	25.9116	1534.38	58.765	4.32833	0.75333	0.454167								
2016/06/03 16:20:00		0.90508	306.062	39.551	0.358333	999.79	466.565	34.1192	15.0214	17.7157	32.7371	25.5207	1677.71	55.907	6.4408	1.53083	0.80167								
2016/06/03 16:25:00		1.55833	311.654	39.6667	0.363021	999.85	462.022	34.1133	15.1085	17.8561	32.9646	25.5255	1624.58	57.418	3.61333	0.9825	0.525								
2016/06/03 16:30:00		1.19953	311.504	39.5724	0.358333	999.88	263.477	34.0966	13.3799	17.7158	31.0956	25.7066	1498.96	57.072	4.42833	1.11417	0.69167								
2016/06/03 16:35:00		1.24695	317.093	39.3974	0.359375	999.9	220.041	34.0821	13.2727	16.7161	29.9888	25.7066	1552.71	54.225	4.94267	1.34472	0.78								
2016/06/03 16:40:00		0.080528	99.024	39.2391	0.357292	999.84	306.17	34.0566	12.7032	16.8736	29.5768	25.5732	1582.71	56.675	5.1092	1.0975	0.69417								
2016/06/03 16:45:00		0.71291	321.234	39.351	0.357292	999.85	198.217	34.0308	15.1465	19.6602	34.8067	25.6494	2116.04	57.411	4.045	1.40417	0.76167								
2016/06/03 16:50:00		1.15809	323.552	39.3344	0.353125	999.82	331.188	34.0204	15.9639	20.1429	36.1068	25.6256	2035.21	57.647	2.95467	0.96777	0.61027								
2016/06/03 16:55:00		1.20963	316.648	39.126	0.359896	999.78	323.48	33.9954	13.8802	19.9923	33.8724	25.4921	1843.96	57.468	4.15333	1.3025	0.81417								
2016/06/03 17:00:00		0.80409	329.357	39.0792	0.355729	999.72	305.732	33.9914	13.9606	20.2045	34.1651	25.392	2136.46	57.247	8.3608	2.03583	0.9825								
2016/06/03 17:05:00		1.05126	316.686	39.1141	0.357812	999.74	278.542	33.99	16.0398	20.2011	36.2409	25.4206	2039.17	58.418	8.33	2.2075	0.9575								
2016/06/03 17:10:00		1.22369	320.845	39.2469	0.357292	999.81	267.057	33.9962	15.9616	20.54	36.5016	25.3491	2365.0	56.382	6.0033	1.44583	0.58583								
2016/06/03 17:15:00		0.90283	329.693	39.3146	0.352604	999.85	242.995	33.9863	16.9622	21.0124	37.9746	25.4635	2390.0	58.354	7.2825	1.6125	0.75583								
2016/06/03 17:20:00		1.13711	327.214	39.4224	0.356771	999.88	207.696	33.9838	18.5344	22.101	40.6355	25.6304	2849.58	58.075	4.09167	1.29583	0.78333								
2016/06/03 17:25:00		0.257996	254.218	39.5193	0.35625	999.94	164.259	33.9908	19.1821	22.0634	41.2455	25.5541	3049.17	58.247	3.71667	0.95083	0.555								
2016/06/03 17:30:00		1.26291	312.011	39.4578	0.35625	999.93	129.886	33.9914	19.0503	21.3068	40.3572	25.535	3091.67	58.118	10.9058	2.7175	1.43								
2016/06/03 17:35:00		1.01933	320.862	39.4151	0.350521	999.94	144.659	34.0781	18.9766	22.416	41.3926	25.392	3369.79	54.818	8.7102	2.588	1.29888								
2016/06/03 17:40:00		0.60273	15.7329	39.3203	0.354167	1000.05	116.594	33.9575	21.7728	22.1421	43.9149	25.4731	3314.17	66.694	2.5575	0.88333	0.52167								
2016/06/03 17:45:00		0.68498	282.57	39.0021	0.352083	1000.15	91.839	33.6174	20.3189	21.1117	41.4306	25.0488	3297.71	56.779	4.845	1.55417	0.83417								
2016/06/03 17:50:00		0.81271	301.126	38.8635	0.352083	1000.17	105.977	33.2764	19.2469	22.0155	41.2623	24.9583	3402.5	54.454	5.2717	1.32333	0.75167								
2016/06/03 17:55:00		1.2203	189.91	38.6953	0.361979	1000.22	77.328	32.9782	17.9069	20.7831	38.6899	24.8439	3379.38	53.468	5.645	1.76833	0.93667								
2016/06/03 18:00:00		1.09756	161.671	38.5339	0.358854	1000.13	102.74	32.678	18.4027	21.7176	40.1203	24.6198	3882.5	53.018	2.62583	0.88833	0.458333								
2016/06/03 18:05:00		0.85088	158.784	38.475	0.357812	1000.08	97.745	32.4415	19.8856	22.4399	42.3255	24.3148	4146.25	53.339	9.095	1.94333	0.80333								
2016/06/03 18:10:00		0.73984	128.13	38.4047	0.359896	1000.2	94.07	32.2205	22.2753	23.6552	45.9305	24.2147	4474.38	54.739	8.0983	2.18	0.99167								
2016/06/03 18:15:00		1.63101	161.93	38.4026	0.356771	1000.4	64.313	32.0267	21.4824	23.2102	44.6926	24.0431	4434.17	56.664	8.7295	2.29554	1.07589								
2016/06/03 18:20:00		2.64722	137.809	38.2516	0.357812	1000.66	46.2802	31.856	23.3473	23.6518	46.9991	24.0049	4347.92	58.182	5.0358	1.295	0.71417								
2016/06/03 18:25:00		2.95227	141.679	37.9604	0.357292	1000.96	36.7573	31.6736	23.5594	24.0284	47.5878	24.0383	4325.83	59.297	4.55583	1.59833	0.88583								
2016/06/03 18:30:00		2.73664	132.18	37.1958	0.358333	1001.18	20.4094	31.4898	25.2724	22.8165	48.0889	23.8476	4286.88	62.183	5.26	1.30417	0.855								
2016/06/03 18:35:00		2.81276	119.239	36.5083	0.358333	1001.27	7.3719	31.3407	26.9184	21.9709	48.8893	23.7142	4469.17	55.607	4.69	1.6475	1.2375								
2016/06/03 18:40:00		2.76953	132.731	35.9615	0.357292	1001.22	1.1375	31.2199	31.2354	22.1798	53.415	23.4711	4628.96	57.782	4.63917	2.02083	1.0525								
2016/06/03 18:45:00		1.82642	123.932	35.5823	0.360417	1001.2	1.15208	31.1225	32.9752	22.3749	55.35	23.6713	4681.04	60.815	6.0542	1.615	0.7								
2016/06/03 18:50:00		2.14381	139.92	35.312	0.359896	1001.45	1.17396	31.0132	35.1795	21.5054	56.685	23.6808	4867.5	62.318	4.82833	1.77833	0.82667								
2016/06/03 18:55:00		2.04995	136.801	35.0781	0.359375	1001.68	1.17396	30.9048	36.6579	22.2106	58.869	23.5807	4788.33	62.64	6.04	2.02833	1.02167								
2016/06/03 19:00:00		1.63501	134.508	34.8667	0.360417	1001.78	1.16667	30.7904	37.9957	22.6659	60.662	23.7094	5032.5	64.301	4.055	1.36417	0.81167								
2016/06/03 19:05:00		1.77384	126.927	34.7297	0.358333	1001.77	1.15208	30.6607	39.157	22.3407	61.498	23.595	5311.7	63.422	4.8225	1.60667	1.03833								
2016/06/03 19:10:00		2.05935	136.195	34.5635	0.361458	1001.72	1.15208	30.531	44.5394	22.3064	66.846	23.6617	5336.7	65.765	7.65	2.95833	1.55833								
2016/06/03 19:15:00		1.4608	161.118	34.4375	0.366146	1001.87	1.10833	30.4142	46.5494	21.7792	68.329	23.5712	5223.8	64.676	10.8967	3.26917	1.3075								
2016/06/03 19:20:00		2.47965	169.176	34.4021	0.359896	1001.95	1.1375	30.2916	45.4171	21.1836	66.601	23.5712	5133.5	64.765	9.2175	2.715	1.35167								
2016/06/03 19:25:00		3.62453	169.641	34.3172	0.3625	1001.99	1.13021	30.1699	45.1044	21.5328	66.637	23.6713	5082.7	60.736	5.68	1.315	0.71								
2016/06/03 19:30:00		2.12874	168.346	34.0589	0.357292	1002.15	1.15208	30.0628	42.3284	20.564	62.892	23.657	4712.08	66.89	14.4	3.1275	1.17833								
2016/06/03 19:35:00		1.88945	163.895	33.7734	0.359896	1002.09	1.07917	29.9549	40.6042	19.6294	60.234	23.4663	4687.08	65.433	16.2883	2.81333	1.07333								
2016/06/03 19:40:00		2.78208	190.855	33.5656	0.361458	1002.24	1.11563	29.8185	40.0615	19.0337	59.095	23.4425	4433.54	65.522	17.405	3.83333	1.72933								
2016/06/03 19:45:00		2.81852	182.559	33.3266	0.358854	1002.3	1.10833	29.6886	35.6931	19.0063	54.699	23.247	3865.63	66.619	11.8567	2.86667	1.3925								
2016/06/03 19:50:00		3.04018	206.092	33.1156	0.363542	1002.31	1.20313	29.5495	29.987	18.1368	48.1238	23.228	3476.25	66.119	8.4017	1.58667	0.86833								
2016/06/03 19:55:00		2.66989	198.332	32.9339	0.361979	1002.23	1.06458	29.4102	25.2769	16.5963	41.8732	23.0611	3110.63	66.154	3.983	1.12383	0.66888								
2016/06/03 20:00:00		1.83906	198.906	32.8016	0.359896	1002.13	1.05729	29.2894	21.6231	16.2985	37.9216	23.0897	2858.96	65.583	4.7375	1.20267	0.71027								
2016/06/03 20:05:00		2.32304	190.321	32.7953	0.3625	1002.26	1.13021	29.1556	19.9749	14.9326	34.9075	23.1946	2646.04	65.315	4.05667	1.65	1.18667								
2016/06/03 20:10:00		2.02651	186.844	32.7885	0.360938	1002.45	1.17396	29.0265	16.913	14.8607	31.7737	22.9086	2407.5	64.151	3.07217	0.82917	0.54917								
2016/06/03 20:15:00		1.55026	173.158	32.7057	0.358854	1002.65	1.15937	28.874	15.6311	13.6249	29.256	22.9277	2451.67	62.936	5.6417	1.7475	1.04083								
2016/06/03 20:20:00		1.78716	177.066	32.7885	0.357812	1002.78	1.18854	28.7801	17.4468	14.7956	32.2424	23.0993	2962.92	63.465	3.011	1.0025	0.59027								
2016/06/03 20:25:00		1.81944	178.951	32.887	0.355729	1002.85	1.11563	28.6754	20.2385	15.3947	35.6332	22.9753	3082.29	63.901	6.32	2.09833	1.3								
2016/06/03 20:30:00		2.08367	196.264	32.8917	0.357292	1002.95	1.13021	28.5739	18.8426	15.001	33.8437	22.7418	2887.71	65.129	6.1917	2.06667	1.51833								
2016/06/03 20:35:00		2.34219	196.114	32.8875	0.358854	1002.97	1.21042	28.4944	17.3619	15.3297	32.6916	22.9658	2949.79	63.929	2.64917	1.46167	0.95183								
2016/06/03 20:40:00		2.16596	188.54	32.8099	0.361979	1003.13	1.11563	28.3929	16.0063	14.1966	30.2029	22.9563	2732.5	64.444	3.78	1.755	1.36833								
2016/06/03 20:45:00		1.47822	172.695	32.787	0.357292	1003.23	1.12292	28.3073	15.104	14.2068	29.3109	22.8609	2914.79	63.001	4.216	1.64883	1.0855								
2016/06/03 20:50:00		1.73735	196.692	32.787	0.35625	1003.26	1.1375	28.2058	16.2341	13.3099	29.544	22.7036	2844.38	63.501	3.47167	1.55667	1.01								
2016/06/03 20:55:00		1.87755	187.62	32.6755	0.358854	1003.34	1.13021	28.11	14.6909	12.5842	27.275	22.8371	2617.5	62.218	2.60333	1.43167	1.05333								
2016/06/03 21:00:00		1.75391	197.153	32.5917	0.360417	1003.42	1.15937	28.0138	13.1521	13.642	26.7941	22.6798	2600.0	65.165	4.30833	1.85833	1.27083								
2016/06/03 21:05:00		1.89716	180.653	32.4938	0.360938	1003.49	1.14479	27.9212	13.7037	12.6663	26.3701	22.7656	2551.67	62.036	4.01833	1.53417	1.02								
2016/06/03 21:10:00		2.00305	187.209	32.4839	0.359375	1003.64	1.11563	27.838	16.1894	12.9368	29.1262	22.8037	2798.75	61.622	3.93833	1.81667	1.22833								
2016/06/03 21:15:00		1.7712	177.014	32.4844	0.361458	1003.71	1.12292	27.7795	15.0102	12.7382	27.7485	22.737	2599.58	62.358	3.06	1.15667	0.78833								
2016/06/03 21:20:00		1.20246	146.38	32.4234	0.359896	1003.67	1.19583	27.7693	14.8628	13.327	28.1899	22.7656	2643.54	60.136	5.365	1.53417	1.08583								
2016/06/03 21:25:00		1.38277	171.161	32.3807	0.359896	1003.75	1.11563	27.7102	15.1554	13.1216	28.277	22.6464	2860.21	72.219	4.60667	1.845	1.24								
2016/06/03 21:30:00		1.49448	166.621	32.3792	0.359896	1003.75	1.15937	27.6323	19.1129	12.4096	31.5224	22.6464	3165.0	69.012	7.8633	2.81667	1.925								
2016/06/03 21:35:00		1.52581	156.923	32.3802	0.361979	1003.73	1.15208	27.573	24.4639	12.971	37.4349	22.799	3688.75	58.457	8.2167	2.80333	1.65167								
2016/06/03 21:40:00		2.13652	162.738	32.3812	0.358333	1003.79	1.12292	27.5663	31.1438	13.5598	44.7037	22.799	3786.67	70.719	7.9967	2.8725	1.55583								
2016/06/03 21:45:00		2.83183	156.064	32.3552	0.359896	1003.88	1.16667	27.4689	33.0355	14.2445	47.28	22.9086	3743.33	73.841	11.1958	2.01417	1.03								
2016/06/03 21:50:00		2.14491	168.773	32.2833	0.360417	1003.85	1.19583	27.3754	37.2922	13.464	50.756	22.7561	3770.42	67.687	8.0275	2.7125	1.5475								
2016/06/03 21:55:00		2.30114	169.648	32.2115	0.364583	1003.83	1.14479	27.2715	40.1464	14.1794	54.326	22.8133	3981.67	64.972	1.93	0.74	0.436667								
2016/06/03 22:00:00		2.43938	190.12	32.1396	0.361979	1003.89	1.13021	27.191	42.0045	12.4199	54.424	22.8848	3692.29	62.086	0.0	0.0	0.0								
2016/06/03 22:05:00		2.17171	170.637	32.0224	0.3625	1003.9	1.14479	27.1424	37.9555	12.5089	50.464	22.7561	3374.58	69.401	0.0	0.0	0.0								
2016/06/03 22:10:00		4.50135	198.952	31.9375	0.359896	1004.04	1.19583	27.1048	34.3018	12.6663	46.9681	22.6512	3093.75	70.848	3.57667	1.16333	0.75667								
2016/06/03 22:15:00		3.07054	187.178	31.7938	0.364583	1004.14	1.23229	27.042	30.5408	12.4438	42.9847	22.6178	2822.71	75.751	0.0	0.0	0.0								
2016/06/03 22:20:00		3.03182	181.591	31.6917	0.360938	1004.21	1.20313	26.9563	25.7593	12.0056	37.7649	22.6083	2631.88	75.262	0.85833	0.396667	0.285833								
2016/06/03 22:25:00		2.68142	164.461	31.6844	0.3625	1004.07	1.21042	26.894	23.6622	11.6975	35.3597	22.7465	2641.04	72.741	3.25167	1.165	0.63833								
2016/06/03 22:30:00		3.27554	168.682	31.688	0.366146	1003.99	1.15208	26.8055	24.3634	12.5808	36.9442	22.5177	2568.13	71.48	3.23833	1.05333	0.64333								
2016/06/03 22:35:00		2.32376	163.631	31.6531	0.364062	1004.05	1.20313	26.7526	23.7537	11.6154	35.3691	22.4319	2465.21	59.722	3.84	1.68667	0.88333								
2016/06/03 22:40:00		2.42031	165.615	31.5807	0.365625	1004.12	1.18854	26.7204	24.1401	12.1289	36.269	22.4033	2386.25	71.812	3.21333	1.09	0.77333								
2016/06/03 22:45:00		3.0786	159.83	31.4401	0.358854	1004.24	1.1375	26.6863	23.7783	10.3727	34.151	22.4033	2217.92	73.108	5.0917	2.09	1.30333								
2016/06/03 22:50:00		2.26153	153.799	31.2906	0.359375	1004.41	1.1375	26.6441	23.6108	10.2495	33.8603	22.5797	2131.04	72.133	11.1083	2.955	1.31								
2016/06/03 22:55:00		2.34777	153.526	31.1266	0.361979	1004.25	1.15208	26.6369	22.8113	11.0779	33.8892	22.5416	2050.42	67.68	4.00667	1.51	0.94333								
2016/06/03 23:00:00		2.68883	151.614	30.9609	0.363542	1004.29	1.15937	26.6159	21.1854	10.383	31.5684	22.5511	1935.0	79.402	4.71333	1.645	1.11333								
2016/06/03 23:05:00		2.15465	162.6	30.8672	0.361979	1004.31	1.16667	26.5652	20.8772	9.8044	30.6816	22.5225	1839.79	77.409	4.28167	2.01333	1.235								
2016/06/03 23:10:00		2.00233	159.56	30.8141	0.3625	1004.32	1.14479	26.4908	20.8705	9.8969	30.7674	22.2937	1878.96	76.323	9.025	3.17	1.53								
2016/06/03 23:15:00		2.11896	144.732	30.8104	0.3625	1004.29	1.11563	26.3751	22.5857	9.7907	32.3764	22.5273	1830.42	73.966	4.69	2.145	1.325								
2016/06/03 23:20:00		2.19825	147.759	30.7307	0.358333	1004.23	1.225	26.2884	22.4294	9.8455	32.2749	22.4891	1686.25	68.097	4.09167	1.09833	0.71167								
2016/06/03 23:25:00		1.84615	150.618	30.712	0.363542	1004.17	1.225	26.1815	21.5405	9.534	31.0745	22.5988	1655.21	67.912	0.0	0.0	0.0								
2016/06/03 23:30:00		2.57506	140.77	30.7099	0.3625	1004.18	1.14479	26.0701	22.3467	9.9003	32.247	22.4844	1628.33	71.273	6.35	3.075	1.435								
2016/06/03 23:35:00		1.6968	125.288	30.7151	0.360938	1004.15	1.06458	26.1767	23.3696	9.7051	33.0748	22.5177	1563.54	55.15	5.375	2.135	1.485								
2016/06/03 23:40:00		2.08181	135.567	30.7109	0.364062	1004.07	1.13021	26.5606	23.5505	10.7903	34.3408	22.5845	1529.79	77.691	0.0	0.0	0.0								
2016/06/03 23:45:00		2.09111	143.868	30.7083	0.359896	1003.96	1.07187	26.7885	22.6616	10.4583	33.1199	22.675	1416.67	90.302	0.0	0.0	0.0								
2016/06/03 23:50:00		1.98839	145.607	30.6219	0.363542	1003.94	1.17396	26.9486	21.9894	9.4073	31.3967	22.5749	1305.0	83.816	0.74933	0.51683	0.372167								
2016/06/03 23:55:00		1.88052	148.552	30.6156	0.361979	1004.0	1.1375	27.0186	21.277	9.2978	30.5747	22.8705	1274.79	71.158	1.19483	0.80933	0.563								
2016/06/04 00:00:00		1.92253	149.706	30.6172	0.359896	1004.04	1.07917	27.0584	21.679	9.0239	30.7029	22.5988	1277.5	65.415	1.2455	0.838	0.57367								
