-- 1st mean values --
Format: XTAB(V:1;HEAD:2;COL:TCFFFFFFFFFFFFFFFFFFFFFFFF)
StartTime: 2016/06/07 00:00:00
EndTime: 2016/06/08 00:00:00
Period: 24 h
Station: Gia Lam

Time	MeasPt	Wind Spd.	Wind Dir.	Temp	RH	Barometer	Radiation	InnerTemp	NO	NO2	NOx	SO2	CO	O3	PM-10	PM-2.5	PM-1	CH4	NMHC	THC	BENZEN	TOLUEN	ETHYL BENZEN	MP-XYLEN	O-XYLEN
		m/s	degree	°C	%	hPa	W/m²	°C	µg/m3	µg/m3	µg/m3	µg/m3	µg/m3	µg/m3	µg/m3	µg/m3	µg/m3	ppm	ppmC	ppmC	ug/m3	ug/m3	ug/m3	ug/m3	ug/m3
2016/06/07 00:05:00		1.22815	133.729	28.8984	0.357292	1005.81	1.02813	26.545	13.8132	10.4891	24.3023	22.8895	1296.04	53.675	3.34667	2.25833	1.37167								
2016/06/07 00:10:00		1.54485	137.049	28.9005	0.35625	1005.81	1.16667	26.5638	13.2124	10.1159	23.3284	22.6321	1200.0	52.132	3.29	2.195	1.465								
2016/06/07 00:15:00		1.48652	137.71	28.8172	0.358854	1005.71	1.08646	26.5818	11.8099	10.763	22.5728	22.8895	1133.54	52.05	2.27167	1.51167	1.14833								
2016/06/07 00:20:00		1.59652	134.16	28.8057	0.359896	1005.64	1.09375	26.5851	11.7406	10.5233	22.264	22.7418	1088.13	51.261	2.11667	1.41667	1.07667								
2016/06/07 00:25:00		1.55145	139.057	28.726	0.357292	1005.54	1.16667	26.6049	11.7004	9.9208	21.6213	22.6226	1039.79	49.7604	1.97833	1.32167	0.97833								
2016/06/07 00:30:00		1.65892	122.858	28.7073	0.359375	1005.51	1.09375	26.6686	11.3342	9.9859	21.32	22.7465	1084.79	49.8462	1.93	1.28667	0.94								
2016/06/07 00:35:00		1.78482	135.729	28.7104	0.360938	1005.38	1.10833	26.7349	11.1868	9.4587	20.6454	22.8371	1058.75	52.132	3.405	2.27	1.325								
2016/06/07 00:40:00		1.32339	122.542	28.7083	0.359896	1005.28	1.11563	26.7996	11.486	10.1605	21.6465	22.8419	1021.04	53.139	3.84333	2.55667	1.42167								
2016/06/07 00:45:00		1.18914	129.928	28.6693	0.361979	1005.26	1.12292	26.8479	12.7322	10.2803	23.0125	22.7513	971.25	53.932	4.75	3.165	1.64								
2016/06/07 00:50:00		0.93836	137.028	28.6063	0.360417	1005.25	1.11563	26.8919	12.7054	10.0817	22.7871	22.818	985.21	53.939	1.07	0.71333	0.346667								
2016/06/07 00:55:00		1.05572	142.707	28.6063	0.354688	1005.31	1.11563	26.9306	12.2543	10.4583	22.7126	22.8609	948.13	53.871	0.0	0.0	0.0								
2016/06/07 01:00:00		0.7926	144.699	28.6052	0.359896	1005.3	1.10833	26.9644	12.7188	11.208	23.9268	22.9753	1003.13	54.422	0.0	0.0	0.0								
2016/06/07 01:05:00		1.73268	136.356	28.6016	0.356771	1005.27	1.06458	26.9945	13.6524	10.8896	24.542	22.9038	930.21	54.296	0.0	0.0	0.0								
2016/06/07 01:10:00		1.60835	131.387	28.5109	0.363542	1005.21	1.10104	27.0197	14.6529	10.2221	24.875	22.8085	904.38	54.039	0.0	0.0	0.0								
2016/06/07 01:15:00		1.30516	139.914	28.4964	0.359896	1005.14	1.10833	27.0535	14.4742	10.8588	25.333	22.8895	861.46	54.554	0.0	0.0	0.0								
2016/06/07 01:20:00		1.90809	134.06	28.5005	0.360417	1005.04	1.10104	27.078	14.2129	10.1194	24.3323	22.8228	845.83	53.982	0.0	0.0	0.0								
2016/06/07 01:25:00		1.22202	137.612	28.4948	0.361979	1005.02	1.10104	27.1091	13.3754	10.5062	23.8816	22.7418	804.38	54.804	1.945	1.295	0.72								
2016/06/07 01:30:00		1.34074	117.172	28.4974	0.360417	1004.95	1.10833	27.1413	14.3335	10.4994	24.8329	22.818	804.38	54.561	4.545	3.025	2.14								
2016/06/07 01:35:00		0.74821	94.772	28.499	0.355729	1004.98	1.10104	27.1606	15.5351	9.7188	25.2539	22.9134	761.04	54.346	5.77	3.85	2.415								
2016/06/07 01:40:00		0.86329	98.529	28.4333	0.355729	1005.02	1.04271	27.1802	14.7177	9.3662	24.0839	23.0278	764.79	54.004	5.995	3.995	2.61								
2016/06/07 01:45:00		1.29387	81.339	28.401	0.359896	1004.99	1.07917	27.1985	15.3095	10.2495	25.559	22.942	749.58	54.111	3.665	2.43917	1.80917								
2016/06/07 01:50:00		0.98198	92.211	28.4031	0.359375	1004.95	1.07187	27.2192	15.5552	9.5271	25.0823	22.7608	723.75	54.861	1.81517	1.20933	0.87767								
2016/06/07 01:55:00		1.34262	76.821	28.3755	0.359375	1004.88	1.07187	27.2197	14.0365	9.0992	23.1357	22.9849	671.04	54.797	1.64217	1.14067	0.83333								
2016/06/07 02:00:00		1.12279	94.319	28.3068	0.359896	1004.84	1.08646	27.2329	12.2699	9.4381	21.7081	22.9849	695.21	54.639	1.69839	1.16232	0.86321								
2016/06/07 02:05:00		0.93783	97.319	28.3057	0.360938	1004.8	1.05	27.2347	12.1069	8.5789	20.6858	22.9134	759.17	54.539	2.10189	1.40189	0.92642								
2016/06/07 02:10:00		0.96726	94.765	28.3036	0.357812	1004.86	1.11563	27.2372	12.0287	8.5344	20.5631	22.9324	766.46	54.732	1.66322	1.13186	0.78407								
2016/06/07 02:15:00		0.87536	59.988	28.3005	0.357292	1004.8	1.10833	27.2423	12.232	8.2092	20.4411	22.9992	752.29	54.8	1.6865	1.14867	0.77567								
2016/06/07 02:20:00		1.09314	81.342	28.2896	0.355208	1004.74	1.10833	27.2484	12.0756	7.165	19.2407	23.0659	751.67	54.632	1.82407	1.22254	0.79932								
2016/06/07 02:25:00		1.40162	90.432	28.2078	0.360417	1004.7	1.08646	27.2543	11.9327	8.1544	20.0871	22.961	724.38	54.232	1.57833	1.11	0.82833								
2016/06/07 02:30:00		1.08793	82.736	28.2016	0.360417	1004.71	1.09375	27.2602	12.5893	8.5686	21.1579	23.1469	745.42	54.668	1.57167	1.065	0.77833								
2016/06/07 02:35:00		1.1501	75.084	28.2005	0.360417	1004.68	1.04271	27.2616	11.993	8.3666	20.3596	22.9229	751.46	54.797	1.785	1.19	0.83								
2016/06/07 02:40:00		1.07227	82.661	28.1984	0.360417	1004.63	1.07917	27.2589	11.6647	8.2947	19.9594	23.0087	735.83	54.929	1.83667	1.22333	0.78167								
2016/06/07 02:45:00		1.28979	107.829	28.2005	0.354167	1004.53	1.02813	27.2573	11.2203	7.2985	18.5188	23.0564	717.92	54.718	1.20667	0.905	0.75								
2016/06/07 02:50:00		1.29923	101.565	28.1099	0.357812	1004.55	1.09375	27.2594	11.0773	7.9798	19.0571	22.8609	707.71	55.097	1.41667	1.0	0.81167								
2016/06/07 02:55:00		1.10994	114.59	28.1	0.358333	1004.52	1.05729	27.2602	11.3074	7.2335	18.5409	22.8657	738.13	54.439	2.02833	1.44167	1.08167								
2016/06/07 03:00:00		1.16219	132.339	28.099	0.358333	1004.55	1.05729	27.2621	12.0622	7.2061	19.2683	22.8323	744.17	54.743	3.00167	2.20833	1.66								
2016/06/07 03:05:00		0.76467	120.441	28.1016	0.359375	1004.59	1.04271	27.2619	10.7423	7.1205	17.8629	23.104	680.83	54.068	3.07	2.24333	1.80667								
2016/06/07 03:10:00		1.23594	109.63	28.1047	0.365104	1004.61	1.05	27.2637	11.2426	6.6755	17.9181	22.8991	695.42	54.354	2.965	2.24833	1.71333								
2016/06/07 03:15:00		1.32039	94.228	28.1005	0.361458	1004.57	1.07187	27.2645	11.6022	6.1141	17.7162	23.0611	706.25	54.904	2.955	2.22	1.67667								
2016/06/07 03:20:00		1.80403	93.768	28.1	0.359896	1004.59	1.07187	27.2586	11.7808	7.165	18.9459	22.8943	759.58	54.936	2.86833	2.15667	1.62167								
2016/06/07 03:25:00		1.54139	92.443	28.0599	0.358854	1004.65	1.11563	27.2546	12.7568	5.8436	18.6004	22.8085	745.83	55.161	2.985	2.07333	1.55167								
2016/06/07 03:30:00		2.02289	93.169	28.001	0.359896	1004.72	1.14479	27.2401	12.5982	6.1517	18.75	22.8991	710.21	54.832	2.4575	1.72083	1.37083								
2016/06/07 03:35:00		1.45515	90.737	27.9984	0.355729	1004.79	1.08646	27.2248	11.4369	6.9528	18.3897	23.0135	713.13	54.818	2.12817	1.47217	1.14833								
2016/06/07 03:40:00		1.32362	90.42	27.9995	0.358854	1004.83	1.07917	27.1998	10.7401	6.049	16.7891	23.023	725.21	55.139	1.81817	1.278	0.99617								
2016/06/07 03:45:00		1.38008	102.795	27.9984	0.356771	1004.85	1.04271	27.1805	10.7848	5.8573	16.6421	23.1517	741.67	54.861	1.4345	1.0365	0.83283								
2016/06/07 03:50:00		1.50357	99.495	27.9979	0.359375	1004.89	1.10833	27.1625	11.5575	7.1719	18.7294	22.9134	790.0	54.893	0.268333	0.218333	0.198333								
2016/06/07 03:55:00		1.19298	94.218	27.9974	0.361979	1004.91	1.09375	27.147	11.8009	6.7166	18.5175	23.0182	817.29	54.743	0.0	0.0	0.0								
2016/06/07 04:00:00		1.00439	81.298	27.9979	0.360417	1004.95	1.08646	27.1325	10.6061	6.8672	17.4733	22.9944	850.83	54.218	0.0	0.0	0.0								
2016/06/07 04:05:00		1.60675	86.026	28.0021	0.359375	1004.93	1.10104	27.1228	10.2689	6.073	16.3419	22.9038	826.46	54.886	0.0	0.0	0.0								
2016/06/07 04:10:00		1.59291	88.721	27.9984	0.358333	1004.89	1.12292	27.1244	10.4721	5.6827	16.1548	23.0754	848.96	55.032	1.4	0.93475	0.68644								
2016/06/07 04:15:00		1.16858	94.103	27.9375	0.361979	1004.86	1.11563	27.1258	9.7195	5.7101	15.4296	22.9372	862.08	54.454	1.35172	0.98017	0.76983								
2016/06/07 04:20:00		1.20865	99.134	27.899	0.360938	1004.94	1.09375	27.1328	9.3219	5.6553	14.9773	22.7036	978.75	54.0	1.61933	1.129	0.83867								
2016/06/07 04:25:00		1.55177	90.886	27.901	0.360938	1004.96	1.09375	27.126	9.2728	6.1723	15.4451	22.6989	1027.92	54.497	1.702	1.22717	0.94367								
2016/06/07 04:30:00		1.39613	88.383	27.899	0.360417	1004.95	1.10833	27.1236	9.0785	6.8638	15.9423	22.7942	1106.67	54.75	1.91983	1.3615	1.053								
2016/06/07 04:35:00		1.33199	88.455	27.8995	0.360938	1004.97	1.03542	27.1156	9.208	5.758	14.9661	22.8657	1180.63	54.925	0.0	0.0	0.0								
2016/06/07 04:40:00		1.30684	85.784	27.9	0.357812	1004.98	1.10833	27.1094	8.04	6.0285	14.0685	22.9229	1250.21	54.557	0.458333	0.373333	0.34								
2016/06/07 04:45:00		1.36243	83.234	27.8984	0.361979	1005.0	1.07187	27.1156	8.7904	5.4876	14.278	22.8037	1285.0	53.796	1.41667	1.00167	0.78333								
2016/06/07 04:50:00		1.41142	85.152	27.8974	0.358854	1004.98	1.05	27.1153	9.2192	5.8162	15.0354	22.7704	1385.21	54.561	2.20667	1.555	1.23333								
2016/06/07 04:55:00		1.66957	77.899	27.8995	0.35625	1005.0	1.08646	27.1121	10.0612	6.2921	16.3533	22.9801	1629.58	54.486	2.395	1.59667	1.255								
2016/06/07 05:00:00		1.11682	82.431	27.8964	0.3625	1005.05	1.05729	27.1115	10.0053	6.2989	16.3043	22.7847	1640.63	54.321	2.41167	1.69667	1.21667								
2016/06/07 05:05:00		1.23636	57.934	27.8995	0.35625	1005.19	1.02083	27.1105	10.8451	5.7307	16.5757	22.9563	1743.75	53.85	2.445	1.63	1.185								
2016/06/07 05:10:00		1.09762	65.765	27.9	0.361458	1005.27	1.10833	27.107	11.1488	7.3876	18.5364	22.8895	1780.0	54.729	1.86667	1.31667	1.09167								
2016/06/07 05:15:00		0.67102	89.242	27.899	0.359375	1005.28	1.10833	27.1137	11.1309	7.0384	18.1693	23.0182	1772.5	54.657	0.75	0.5	0.35								
2016/06/07 05:20:00		0.66153	103.296	27.8979	0.354167	1005.29	1.10833	27.1129	12.5647	6.6276	19.1923	22.9896	1842.5	54.739	3.93333	2.945	2.49833								
2016/06/07 05:25:00		1.06303	121.826	27.9005	0.35625	1005.38	1.07917	27.1134	14.0745	7.7128	21.7872	22.942	1987.71	54.529	3.01	2.165	1.645								
2016/06/07 05:30:00		1.13634	127.108	27.9385	0.3625	1005.45	1.10104	27.1182	16.7031	7.1993	23.9024	23.0707	2219.58	54.468	1.905	1.33167	1.04167								
2016/06/07 05:35:00		0.83968	101.858	27.9969	0.357292	1005.46	2.54479	27.1341	19.6578	6.7987	26.4565	22.9992	2398.54	51.246	1.3585	1.10933	1.00583								
2016/06/07 05:40:00		0.8487	90.087	27.9984	0.359375	1005.42	7.2698	27.0248	26.2171	7.2575	33.4746	23.104	2684.17	45.2423	1.59217	1.22583	1.029								
2016/06/07 05:45:00		0.87898	79.975	28.0948	0.359896	1005.47	12.6948	26.8366	34.5742	7.3157	41.8899	23.0039	2982.29	59.561	1.52617	1.19983	1.03783								
2016/06/07 05:50:00		0.67759	64.324	28.0974	0.360938	1005.53	20.0667	26.8734	43.9676	6.9254	50.893	23.3185	3264.38	37.5632	1.70133	1.2945	1.06033								
2016/06/07 05:55:00		0.90622	89.822	28.1042	0.364583	1005.56	24.9229	27.0951	49.2562	7.7539	57.01	23.3138	3359.17	81.538	1.8545	1.39183	1.09533								
2016/06/07 06:00:00		0.66236	66.257	28.0995	0.363542	1005.54	22.1083	27.3744	50.087	7.3533	57.44	23.3233	3522.29	99.478	1.881	1.4005	1.10167								
2016/06/07 06:05:00		0.495812	62.652	28.137	0.359896	1005.58	27.526	27.6643	55.733	6.7097	62.443	23.4234	3704.79	101.342	1.631	1.28883	1.11667								
2016/06/07 06:10:00		1.00864	73.689	28.1969	0.360417	1005.58	42.175	27.9116	64.438	6.0353	70.474	23.6093	4130.42	109.572	1.53417	1.25333	1.13833								
2016/06/07 06:15:00		0.94669	88.224	28.2073	0.358333	1005.62	46.8198	27.8901	74.857	5.6382	80.495	23.5426	4012.29	111.886	2.52333	1.72667	1.12								
2016/06/07 06:20:00		0.9302	127.522	28.2979	0.357812	1005.68	57.451	27.7478	81.742	5.4534	87.196	23.6808	4403.13	84.931	2.695	1.98833	1.57833								
2016/06/07 06:25:00		1.36576	126.649	28.301	0.360938	1005.67	56.685	27.5295	82.504	5.7341	88.238	23.7237	4499.79	74.401	2.32833	1.62167	1.15								
2016/06/07 06:30:00		1.23688	134.419	28.3505	0.358333	1005.68	49.8312	27.3129	82.106	4.13881	86.245	23.6189	4523.54	67.64	1.95833	1.385	1.09								
2016/06/07 06:35:00		1.41989	133.475	28.4016	0.361458	1005.67	60.543	27.0884	77.919	5.1418	83.061	23.5283	4349.79	67.29	1.865	1.39833	1.14667								
2016/06/07 06:40:00		1.15841	122.197	28.4865	0.361979	1005.65	80.063	26.8704	73.492	5.4191	78.911	23.7046	4345.63	64.172	1.62	1.32	1.20167								
2016/06/07 06:45:00		0.94655	122.9	28.5646	0.365104	1005.62	122.121	26.7765	71.978	5.1316	77.11	23.4329	4468.75	35.5988	2.29583	1.67333	1.31833								
2016/06/07 06:50:00		0.71299	128.443	28.687	0.364062	1005.65	134.065	26.9437	74.417	5.3815	79.798	23.5712	4795.0	40.792	1.99167	1.505	1.26833								
2016/06/07 06:55:00		1.12957	107.632	28.8177	0.360938	1005.66	101.544	27.2044	76.11	5.0494	81.159	23.5521	5172.7	97.539	2.95883	2.07133	1.5375								
2016/06/07 07:00:00		0.94217	78.758	28.8995	0.358333	1005.71	129.092	27.486	81.099	5.0665	86.166	23.4663	5190.2	151.949	2.635	1.926	1.52983								
2016/06/07 07:05:00		1.06299	85.888	28.9474	0.357292	1005.8	131.644	27.7497	81.329	5.1624	86.491	23.5998	5217.9	186.952	2.6135	1.87217	1.462								
2016/06/07 07:10:00		1.21207	71.51	29.0042	0.35625	1005.82	171.58	27.8063	85.525	6.3879	91.913	23.7761	5502.3	207.042	2.5735	1.85867	1.4525								
2016/06/07 07:15:00		1.12561	99.329	29.0812	0.359896	1005.69	204.56	27.7892	89.03	6.0559	95.085	23.9001	6118.1	118.04	3.0475	2.03167	1.26833								
2016/06/07 07:20:00		1.22394	94.619	29.1807	0.366146	1005.63	259.926	27.6592	90.332	5.2309	95.562	23.7094	6351.3	91.563	3.54746	2.36441	1.36441								
2016/06/07 07:25:00		0.90917	85.636	29.2714	0.357812	1005.66	269.704	27.5089	95.015	5.0871	100.102	24.0002	6694.0	75.341	3.36036	2.24071	1.45375								
2016/06/07 07:30:00		1.21745	72.525	29.3839	0.357812	1005.68	339.318	27.3701	101.018	6.1175	107.136	23.8905	6889.4	70.655	3.1935	2.12833	1.44933								
2016/06/07 07:35:00		1.19446	64.804	29.4594	0.355729	1005.66	331.224	27.2296	102.378	6.2613	108.64	23.8858	6676.3	67.622	3.101	2.068	1.40183								
2016/06/07 07:40:00		1.06112	63.093	29.5911	0.365104	1005.67	226.005	27.0756	100.069	6.1004	106.169	23.7428	6785.2	65.512	1.17667	0.785	0.453333								
2016/06/07 07:45:00		1.37039	95.574	29.6984	0.364062	1005.71	125.956	26.959	102.343	6.1449	108.487	23.7094	7009.8	64.79	3.39833	2.26683	1.4325								
2016/06/07 07:50:00		1.30642	114.673	29.7859	0.365104	1005.8	78.05	26.8685	97.673	7.4971	105.17	23.6665	6806.0	62.222	3.34667	2.23283	1.41883								
2016/06/07 07:55:00		1.29838	109.222	29.8125	0.363542	1005.85	62.293	26.7821	88.085	7.4766	95.561	23.4425	6400.2	66.001	3.27183	2.18217	1.41833								
2016/06/07 08:00:00		1.6281	130.174	29.8078	0.368229	1005.9	85.028	26.7343	80.623	7.7984	88.422	23.5759	6305.8	66.712	3.17567	2.11817	1.41017								
2016/06/07 08:05:00		1.15647	125.164	29.8807	0.363021	1005.93	120.189	26.6978	72.534	8.5857	81.12	23.309	6072.5	67.097	3.255	2.16833	1.465								
2016/06/07 08:10:00		1.22518	133.336	29.9307	0.364062	1005.95	136.639	26.6538	66.296	8.3495	74.646	23.1946	6199.4	67.826	3.36167	2.24	1.505								
2016/06/07 08:15:00		1.28008	122.92	30.0057	0.366146	1006.0	146.985	26.6197	64.831	8.3084	73.14	23.1565	6684.4	67.869	3.65167	2.43333	1.57667								
2016/06/07 08:20:00		1.60453	148.071	30.1234	0.367708	1006.01	230.57	26.5926	70.062	9.5614	79.623	23.3567	7245.4	68.337	7.375	4.91667	2.97								
2016/06/07 08:25:00		1.74037	135.461	30.2182	0.369271	1006.08	270.885	26.5657	72.867	8.9828	81.85	23.1851	7221.5	67.63	3.26517	2.1775	1.43								
2016/06/07 08:30:00		1.5563	125.446	30.3276	0.365104	1006.16	278.542	26.5595	76.038	10.0201	86.058	23.4139	7311.7	67.897	3.45296	2.30185	1.58407								
2016/06/07 08:35:00		1.68914	131.024	30.4729	0.364062	1006.23	262.237	26.5614	75.48	10.7458	86.226	23.3376	7413.1	67.965	3.32583	2.2175	1.4875								
2016/06/07 08:40:00		1.87304	139.493	30.6625	0.364062	1006.26	257.505	26.5794	73.948	11.1532	85.101	23.2613	7370.2	67.694	3.232	2.154	1.502								
2016/06/07 08:45:00		2.0359	130.509	30.7786	0.366146	1006.3	358.604	26.5979	71.927	11.1532	83.08	22.9801	7276.7	68.155	3.38183	2.25517	1.5455								
2016/06/07 08:50:00		1.74486	128.588	30.8865	0.361979	1006.35	478.778	26.6224	69.885	11.6428	81.528	23.2804	7089.0	68.151	3.4145	2.27717	1.56617								
2016/06/07 08:55:00		2.12858	128.009	31.0	0.359896	1006.38	365.823	26.6482	68.472	12.0364	80.508	23.2852	6619.4	68.544	3.33233	2.22233	1.53317								
2016/06/07 09:00:00		1.08239	126.806	31.1646	0.365625	1006.42	411.95	26.7002	71.768	11.9577	83.726	23.2756	6806.3	68.801	3.356	2.238	1.51017								
2016/06/07 09:05:00		1.33857	128.612	31.3422	0.360938	1006.44	428.757	26.7652	75.697	11.8139	87.511	23.3042	6788.1	68.722	3.32217	2.21533	1.48783								
2016/06/07 09:10:00		1.18653	127.072	31.4781	0.359375	1006.43	260.028	26.8234	74.569	14.0083	88.577	23.3996	6589.4	68.565	3.31417	2.20983	1.47267								
2016/06/07 09:15:00		1.5032	133.454	31.5932	0.3625	1006.41	362.95	26.8812	79.897	13.7926	93.69	23.3328	6630.4	68.465	3.13933	2.09267	1.4285								
2016/06/07 09:20:00		0.96053	75.889	31.6896	0.361458	1006.44	659.87	26.9539	80.099	13.7481	93.847	23.2041	6336.5	68.483	3.1225	2.08	1.40833								
2016/06/07 09:25:00		1.44544	85.858	31.774	0.363542	1006.4	653.36	27.0366	76.244	14.9018	91.146	23.1469	5960.8	67.912	2.945	1.96333	1.31833								
2016/06/07 09:30:00		1.42239	79.584	31.8823	0.359896	1006.4	513.0	27.1056	76.041	14.7101	90.751	23.5092	5896.0	68.426	2.35833	1.57333	1.15333								
2016/06/07 09:35:00		0.85299	141.95	31.951	0.360417	1006.35	511.69	27.2184	69.852	16.4662	86.318	23.2899	5555.8	68.969	2.62167	1.74667	1.215								
2016/06/07 09:40:00		1.38654	111.62	32.1307	0.367708	1006.29	580.77	27.3258	65.439	16.7743	82.213	23.309	5472.7	68.237	2.50833	1.67333	1.15333								
2016/06/07 09:45:00		1.56581	131.49	32.3911	0.363542	1006.2	458.5	27.4372	62.73	17.4522	80.182	23.0897	5362.5	68.058	2.68	1.78667	1.125								
2016/06/07 09:50:00		1.62613	133.826	32.576	0.359896	1006.11	324.486	27.5523	59.442	18.753	78.195	23.3662	5431.0	68.119	3.21833	1.62167	1.11833								
2016/06/07 09:55:00		1.61161	154.98	32.6323	0.363021	1006.02	481.491	27.6579	55.974	19.4651	75.439	23.2327	5410.0	67.229	3.53667	1.70333	1.12833								
2016/06/07 10:00:00		1.57855	163.868	32.776	0.358333	1005.99	336.408	27.7717	52.3	20.0265	72.327	23.0421	5478.8	68.033	3.595	1.56833	1.09								
2016/06/07 10:05:00		1.65085	132.33	32.8146	0.360938	1005.93	409.733	27.8573	50.994	20.4544	71.448	23.3471	5457.9	67.776	4.04167	1.9	1.26								
2016/06/07 10:10:00		1.0507	140.511	32.8875	0.3625	1006.15	369.549	28.0168	57.207	33.7678	90.975	23.1708	5513.5	39.7455	3.46949	2.08475	1.54068								
2016/06/07 10:15:00		1.76841	128.265	32.9698	0.358333	1005.98	764.14	28.2871	85.715	81.992	167.708	23.4139	7113.3	82.816	3.07883	1.60467	1.10217								
2016/06/07 10:20:00		1.59307	134.987	33.3328	0.357812	1005.96	339.179	28.3884	62.078	79.13	141.208	23.6188	6316.7	95.349	3.50333	1.61667	1.08617								
2016/06/07 10:25:00		1.90359	154.451	33.3948	0.363542	1005.95	310.275	28.4391	45.2674	77.087	122.354	23.6046	5763.3	81.627	4.948	2.03933	1.40267								
2016/06/07 10:30:00		2.37542	183.447	33.2911	0.363542	1005.93	282.217	28.4198	28.2606	70.545	98.805	23.5855	4754.38	72.962	4.41667	2.46	1.88167								
2016/06/07 10:35:00		1.78316	167.132	33.1995	0.363021	1005.94	498.4	28.401	14.2844	61.137	75.422	23.2423	3878.96	63.222	2.02333	1.24167	0.955								
2016/06/07 10:40:00		1.87748	141.096	33.288	0.359375	1005.88	251.861	28.4211	21.6924	65.423	87.116	23.4282	4090.21	67.179	2.40883	1.0225	0.65583								
2016/06/07 10:45:00		1.29639	138.744	33.2568	0.357812	1005.85	447.861	28.3975	26.4873	69.179	95.666	23.5235	4348.96	71.748	6.3353	3.315	2.28083								
2016/06/07 10:50:00		1.68983	139.77	33.4089	0.359375	1005.79	754.24	28.3556	25.1786	69.969	95.148	23.6284	4427.08	65.322	3.365	1.76	1.34167								
2016/06/07 10:55:00		1.43927	86.009	33.7854	0.364062	1005.72	480.185	28.3551	20.1246	70.349	90.474	23.5474	4511.46	62.943	9.775	4.17333	2.77667								
2016/06/07 11:00:00		1.40832	108.761	33.9911	0.363542	1005.59	745.62	28.4136	17.2503	70.052	87.302	23.6093	4325.0	67.972	3.68183	1.75683	1.2035								
2016/06/07 11:05:00		1.82126	149.65	34.388	0.367708	1005.4	749.44	28.503	29.0579	71.928	100.986	23.6188	4428.54	69.626	5.9317	2.555	1.85333								
2016/06/07 11:10:00		2.51303	173.43	34.8089	0.363542	1005.33	837.88	28.4963	29.7904	63.469	93.259	23.5902	4257.5	66.619	6.2833	1.29767	0.84767								
2016/06/07 11:15:00		1.91815	167.954	35.0724	0.363021	1005.21	797.25	28.4461	28.5755	55.033	83.609	23.6141	4240.63	58.475	3.80083	1.53533	1.0545								
2016/06/07 11:20:00		1.92639	158.749	35.2594	0.361458	1005.1	915.47	28.3959	27.8698	49.2789	77.149	23.4425	4212.5	55.118	3.17	1.78667	1.32								
2016/06/07 11:25:00		2.41648	139.75	35.4151	0.364062	1005.01	681.7	28.3908	27.1618	43.4455	70.607	23.1946	4165.63	51.918	4.62	2.575	1.75167								
2016/06/07 11:30:00		2.33971	112.315	35.5276	0.365625	1004.97	764.52	28.4461	26.7799	40.902	67.682	23.0897	4193.75	54.354	8.03	3.17	2.04667								
2016/06/07 11:35:00		2.15886	150.703	35.7062	0.363542	1004.89	961.01	28.5137	26.1054	37.4786	63.584	23.0993	4082.29	49.1247	4.065	1.25333	0.80667								
2016/06/07 11:40:00		2.03316	128.056	35.901	0.367188	1004.84	949.75	28.9734	27.7157	35.2877	63.003	23.247	3921.67	38.6311	3.665	1.30167	0.93333								
2016/06/07 11:45:00		2.29533	150.87	35.9844	0.363021	1004.76	727.54	29.6107	30.6592	33.5829	64.242	23.1326	3874.17	65.444	6.0974	1.64397	1.15776								
2016/06/07 11:50:00		2.70232	131.561	35.8401	0.360417	1004.7	432.797	30.1058	30.0115	32.4292	62.441	23.5283	3733.33	70.858	6.3733	2.71667	2.04								
2016/06/07 11:55:00		1.35213	138.243	35.6323	0.368229	1004.63	951.72	30.3874	28.8658	30.0158	58.882	23.5902	3679.79	63.554	3.29833	1.845	1.36833								
2016/06/07 12:00:00		2.80251	144.135	35.7562	0.361979	1004.57	398.358	30.5286	26.8536	29.1771	56.031	23.5902	3707.08	58.536	8.9533	3.40667	2.31333								
2016/06/07 12:05:00		2.56475	140.302	35.6651	0.364583	1004.55	601.53	30.5995	25.7972	29.7316	55.529	23.5617	3698.96	53.039	2.56583	1.19333	0.90333								
2016/06/07 12:10:00		2.44306	140.473	35.6406	0.365625	1004.4	807.65	30.7214	27.6397	29.2147	56.854	23.7714	3573.75	50.403	4.82267	1.85183	1.31133								
2016/06/07 12:15:00		1.4081	158.325	35.674	0.363021	1004.29	611.39	30.8951	28.475	29.6324	58.107	23.8095	3496.25	50.668	3.975	2.03167	1.71667								
2016/06/07 12:20:00		3.16108	146.139	35.6531	0.364062	1004.13	1040.04	31.0959	27.3628	29.2866	56.649	23.7237	3448.13	51.068	4.05	1.42833	0.99083								
2016/06/07 12:25:00		3.66565	167.596	35.7703	0.361458	1004.02	1026.07	31.3037	25.8173	28.7183	54.536	23.7475	3164.79	51.775	6.2108	2.34667	1.59833								
2016/06/07 12:30:00		1.80314	150.675	35.9401	0.361458	1003.89	936.59	31.5128	24.694	28.5301	53.224	23.7666	3216.04	52.868	5.4483	1.69333	1.195								
2016/06/07 12:35:00		1.58417	156.473	36.2443	0.358333	1003.74	790.99	31.6871	24.4818	27.8317	52.313	23.8476	3120.0	54.732	4.425	2.28333	1.42333								
2016/06/07 12:40:00		2.90744	154.139	36.5474	0.363021	1003.6	788.72	31.8052	28.9775	28.8792	57.857	23.9525	3075.21	53.904	4.54667	1.95333	1.55333								
2016/06/07 12:45:00		2.90403	141.804	36.5917	0.360938	1003.54	686.63	31.9059	31.6687	28.3384	60.007	24.0145	2760.63	50.971	2.695	1.25167	0.97583								
2016/06/07 12:50:00		3.13716	122.961	36.4354	0.361979	1003.48	927.87	32.0127	30.9562	29.3174	60.274	24.1241	2550.0	50.364	5.0483	1.96583	1.69083								
2016/06/07 12:55:00		2.18639	133.346	36.4589	0.358333	1003.35	922.41	32.1188	28.9038	27.6537	56.557	24.0192	2388.75	50.039	6.8217	2.76833	1.82167								
2016/06/07 13:00:00		1.74567	144.981	36.7948	0.358333	1003.24	531.77	32.2245	26.36	28.2083	54.568	24.1479	2319.58	49.6747	3.3125	1.17333	0.98583								
2016/06/07 13:05:00		3.2557	164.472	36.8505	0.360417	1003.24	814.22	32.3303	25.3975	28.4205	53.818	24.2242	2130.0	50.253	3.26083	1.72417	1.42667								
2016/06/07 13:10:00		3.08876	153.662	36.6865	0.356771	1003.1	901.69	32.4063	25.087	28.0166	53.104	24.2004	2055.63	49.589	4.81667	2.32667	1.685								
2016/06/07 13:15:00		2.96646	153.396	36.7021	0.357812	1002.97	649.29	32.4697	23.9771	28.4171	52.394	24.2337	2069.58	49.6319	2.7585	1.3755	0.9735								
2016/06/07 13:20:00		3.14633	141.624	36.5464	0.359375	1002.91	914.07	32.5325	22.1279	29.3071	51.435	24.3338	1914.79	49.1925	5.4733	2.26833	1.91167								
2016/06/07 13:25:00		2.93705	132.82	36.5052	0.357812	1002.89	875.38	32.5902	19.5528	28.0063	47.5591	24.2051	1786.04	48.8925	3.2175	1.55583	1.3175								
2016/06/07 13:30:00		1.7099	145.2	36.5016	0.354688	1002.8	583.61	32.62	18.1347	27.1128	45.2475	24.2099	1744.17	51.532	1.41767	0.63267	0.499717								
2016/06/07 13:35:00		2.47374	149.501	36.5089	0.361458	1002.72	900.05	32.6452	17.7863	27.4859	45.2722	24.3243	1785.42	56.647	4.38333	1.87667	1.29833								
2016/06/07 13:40:00		2.52774	151.657	36.6365	0.363021	1002.64	508.99	32.6686	18.2329	26.969	45.2019	24.4101	1842.5	48.4854	5.0768	1.356	0.983								
2016/06/07 13:45:00		2.48713	141.873	36.6599	0.363021	1002.55	588.12	32.6946	19.1553	27.3114	46.4667	24.4864	1854.79	48.9497	4.345	2.19083	1.34417								
2016/06/07 13:50:00		3.1237	150.124	36.6146	0.365625	1002.42	852.18	32.7011	19.6913	27.8454	47.5367	24.5579	1852.92	49.489	3.88667	1.57583	0.9825								
2016/06/07 13:55:00		3.07476	134.038	36.6104	0.363021	1002.27	832.91	32.7019	19.4523	26.9759	46.4282	24.5483	1809.38	49.1568	6.1022	1.73267	1.05722								
2016/06/07 14:00:00		1.65439	117.618	36.6193	0.3625	1002.11	791.94	32.6909	19.9794	26.6472	46.6266	24.3815	1849.38	49.4533	5.2358	1.6225	0.81								
2016/06/07 14:05:00		2.26836	155.716	36.7042	0.358854	1002.01	753.51	32.6621	26.2975	27.3113	53.609	24.5054	2043.33	49.3033	3.80333	1.17083	0.8775								
2016/06/07 14:10:00		3.02187	137.925	36.7661	0.359375	1001.9	488.075	32.6372	31.6888	27.2737	58.962	24.5817	2019.38	50.093	5.1317	2.29	1.33833								
2016/06/07 14:15:00		1.79193	134.469	36.5687	0.35625	1001.72	535.23	32.6104	31.5079	27.5168	59.025	24.6484	1976.88	51.264	4.25583	1.3605	0.90055								
2016/06/07 14:20:00		1.94222	157.715	36.4161	0.363542	1001.58	815.68	32.5773	29.183	27.8762	57.059	24.4721	2138.54	52.296	4.88833	1.855	1.37167								
2016/06/07 14:25:00		1.40641	154.159	36.624	0.359375	1001.58	808.16	32.5306	31.0791	28.0337	59.113	24.5293	2172.5	49.1247	4.1975	1.4	0.96								
2016/06/07 14:30:00		2.49772	127.006	36.8187	0.353125	1001.56	647.25	32.489	32.2024	28.8998	61.102	24.7247	2411.67	48.0889	3.64833	1.49167	1.00167								
2016/06/07 14:35:00		1.57389	135.472	36.8964	0.360938	1001.47	341.374	32.4611	29.6788	29.1634	58.842	24.7676	2410.42	51.971	5.9517	2.10833	1.52667								
2016/06/07 14:40:00		2.38625	117.639	36.7427	0.352604	1001.37	218.976	32.4229	28.3455	29.8172	58.163	24.7438	2482.08	49.0961	5.8467	1.89917	1.3325								
2016/06/07 14:45:00		2.29902	135.937	36.5615	0.353646	1001.47	177.136	32.3679	31.461	29.249	60.71	24.6961	2586.67	49.4211	4.31917	2.02333	1.3025								
2016/06/07 14:50:00		2.16423	134.742	36.3417	0.359896	1001.64	167.205	32.3088	30.7999	29.6769	60.477	24.7533	2626.04	48.4318	3.88667	1.60083	0.98833								
2016/06/07 14:55:00		1.83774	128.241	36.1568	0.358854	1001.68	133.423	32.2439	29.6051	29.2627	58.868	24.6103	2587.29	47.9746	5.6867	1.48667	0.94167								
2016/06/07 15:00:00		1.83231	132.592	35.8766	0.35625	1001.52	104.57	32.2007	28.6782	28.4924	57.171	24.5769	2619.38	49.1604	6.3381	2.07797	1.05847								
2016/06/07 15:05:00		1.53395	109.22	35.6865	0.360417	1001.27	111.978	32.1392	28.0328	28.7834	56.816	24.5912	2758.96	48.5604	5.4267	2.065	1.3675								
2016/06/07 15:10:00		1.81862	101.871	35.5396	0.35625	1001.05	182.044	32.096	26.9586	27.7256	54.684	24.5483	2857.29	49.1176	3.5325	1.36167	0.895								
2016/06/07 15:15:00		2.90883	95.848	35.4167	0.356771	1000.93	208.403	32.0345	28.0797	27.8865	55.966	24.6818	2867.5	49.8033	4.0625	1.7625	1.14667								
2016/06/07 15:20:00		1.60927	123.096	35.4161	0.357812	1001.06	156.683	31.973	29.0244	27.1984	56.223	24.4578	3050.42	49.3962	7.816	1.861	1.06								
2016/06/07 15:25:00		1.72879	115.819	35.3432	0.351042	1001.12	137.922	31.9005	32.8099	27.0478	59.858	24.5531	3203.75	49.4604	3.48167	0.91917	0.6								
2016/06/07 15:30:00		1.69272	124.728	35.2167	0.354167	1000.99	134.663	31.8251	36.879	26.5171	63.396	24.6151	3325.83	49.6962	5.6367	2.07833	1.4								
2016/06/07 15:35:00		2.58297	98.419	35.1422	0.357292	1000.86	112.911	31.7333	36.4681	26.1166	62.585	24.4339	3498.33	49.2033	5.7575	2.17667	1.09917								
2016/06/07 15:40:00		2.96268	87.178	35.1281	0.355729	1000.8	89.804	31.6551	35.5815	25.5244	61.106	24.4292	3578.13	49.6319	3.89583	1.32417	0.85083								
2016/06/07 15:45:00		3.13121	100.054	35.0161	0.358854	1000.86	73.536	31.6132	37.4217	25.4114	62.833	24.577	3568.96	47.7246	5.1983	1.75833	1.265								
2016/06/07 15:50:00		2.10937	107.775	34.8302	0.353125	1001.11	65.158	31.6417	39.6327	24.7781	64.411	24.5769	3763.33	49.2211	5.6517	1.23333	0.595								
2016/06/07 15:55:00		2.13056	129.564	34.6677	0.355729	1001.17	51.713	31.6401	39.8203	24.3022	64.123	24.7485	3741.67	52.028	5.6175	1.915	1.2125								
2016/06/07 16:00:00		2.39278	99.238	34.5682	0.357292	1000.97	64.954	31.5909	41.7499	24.2783	66.028	24.7056	3670.21	51.593	5.99	1.65333	1.165								
2016/06/07 16:05:00		1.67455	101.723	34.4073	0.359896	1001.01	61.41	31.5101	39.1436	23.5115	62.655	24.801	3617.5	50.696	4.09	1.44083	0.93417								
2016/06/07 16:10:00		1.96603	164.286	34.0172	0.360938	1001.29	33.425	31.4275	38.2213	23.0116	61.233	24.8772	3595.42	49.6855	3.90167	2.60167	1.65								
2016/06/07 16:15:00		3.67897	230.187	33.3245	0.358333	1001.42	18.2948	31.3775	38.1565	21.1767	59.333	24.6627	3414.58	48.5068	4.35167	2.89667	1.38								
2016/06/07 16:20:00		1.81462	274.527	32.0891	0.355208	1001.42	2.92396	31.3467	34.9896	21.8511	56.841	24.6294	3318.75	50.339	4.445	2.95917	1.7725								
2016/06/07 16:25:00		3.09409	223.187	31.0531	0.361979	1001.64	1.09375	31.2876	33.6541	22.2688	55.923	24.5722	3165.42	52.436	3.48933	2.36267	1.491								
2016/06/07 16:30:00		4.18692	195.61	30.3047	0.356771	1002.27	1.07187	31.1872	35.347	21.4643	56.811	24.6818	3041.04	52.268	3.1975	2.16583	1.56917								
2016/06/07 16:35:00		3.28901	179.242	29.6453	0.358333	1002.72	1.05729	31.0693	35.9232	20.8721	56.795	24.3338	2925.0	51.561	2.7105	1.9905	1.39333								
2016/06/07 16:40:00		3.35279	171.257	29.0057	0.356771	1002.87	1.07187	30.916	34.6033	19.4959	54.099	24.3386	2800.42	50.853	2.82	1.91167	1.30667								
2016/06/07 16:45:00		4.08391	152.095	28.4661	0.35625	1002.68	3.52917	30.7616	33.6608	19.7047	53.366	24.4816	2667.29	51.132	0.91356	0.69407	0.477119								
2016/06/07 16:50:00		3.32181	152.236	27.9234	0.358333	1002.57	7.3865	30.592	32.1578	18.4415	50.599	24.4244	2519.58	50.811	3.25333	2.27333	1.68667								
2016/06/07 16:55:00		3.44425	167.464	27.388	0.355729	1002.49	15.2833	30.4107	32.3052	18.0957	50.401	24.391	2446.25	50.918	1.59167	1.27917	0.9525								
2016/06/07 17:00:00		3.80585	150.914	27.0286	0.357292	1002.58	16.7417	30.2312	31.8786	17.9143	49.7929	24.5865	2519.58	47.3103	1.69417	1.30833	0.9275								
2016/06/07 17:05:00		4.17172	145.339	26.7437	0.363021	1002.6	16.3333	30.2207	31.5927	16.2985	47.8912	24.3481	2548.96	36.5774	1.24667	0.96667	0.70417								
2016/06/07 17:10:00		3.24987	162.931	26.4609	0.359896	1002.61	12.5052	30.3103	31.0322	17.0653	48.0975	24.3195	2611.46	48.4747	1.31443	1.12167	0.85693								
2016/06/07 17:15:00		1.63923	162.511	26.375	0.363021	1002.87	5.2208	30.3917	32.8523	16.8394	49.6917	24.3195	3027.92	69.512	2.06	1.615	1.27333								
2016/06/07 17:20:00		1.4711	163.095	26.4083	0.363021	1003.5	1.83021	30.3949	33.4151	37.5129	70.928	24.2671	6018.8	60.386	1.61167	1.15193	0.87055								
2016/06/07 17:25:00		1.57654	160.924	26.4073	0.358854	1002.79	1.10833	30.3265	67.663	52.839	120.502	24.5483	7981.0	83.684	2.00833	1.495	1.15333								
2016/06/07 17:30:00		2.07909	172.789	26.4068	0.360938	1002.67	1.12292	30.1544	69.457	46.0336	115.49	24.6151	7820.8	63.347	1.46	0.9925	0.7625								
2016/06/07 17:35:00		1.44042	174.379	26.4302	0.366667	1002.7	1.13021	29.9592	71.652	38.9644	110.616	24.6484	7478.8	52.328	1.69	1.27667	1.02833								
2016/06/07 17:40:00		1.35408	143.537	26.5005	0.361458	1002.75	1.18125	29.6427	72.233	35.2603	107.493	24.6437	8294.4	50.8	1.62	1.125	0.91833								
2016/06/07 17:45:00		1.76714	164.215	26.4974	0.361979	1002.73	1.15208	29.1785	73.394	29.6118	103.006	24.5626	8630.0	57.897	1.565	1.065	0.79833								
2016/06/07 17:50:00		1.31136	183.708	26.5839	0.361979	1002.71	1.10833	28.7081	72.557	26.5616	99.118	24.4721	8626.0	56.679	2.11083	1.50167	1.1825								
2016/06/07 17:55:00		0.96245	184.468	26.4901	0.363542	1002.83	1.16667	28.2002	68.816	22.2414	91.057	24.1527	7864.2	54.132	1.40583	1.145	1.03917								
2016/06/07 18:00:00		1.27779	172.677	26.4974	0.365104	1002.73	1.18125	27.6785	65.868	20.3517	86.219	24.0478	7799.2	51.218	1.7675	1.44	1.30917								
2016/06/07 18:05:00		1.54675	167.176	26.5943	0.363542	1002.25	1.12292	27.2168	62.978	18.3183	81.296	23.8143	7817.1	46.4817	1.88	1.53	1.39333								
2016/06/07 18:10:00		1.8847	174.176	26.6411	0.364062	1001.97	1.14479	26.8704	61.948	17.613	79.561	23.3805	7376.0	46.1959	1.15833	0.94333	0.85667								
2016/06/07 18:15:00		1.84652	177.269	26.7271	0.364062	1001.84	1.1375	26.6388	60.427	16.7401	77.167	23.4043	7277.7	51.736	0.91017	0.74117	0.67517								
2016/06/07 18:20:00		1.96856	168.687	26.824	0.361458	1002.01	1.15937	26.461	65.89	14.0357	79.926	23.5235	7070.0	56.332	1.04133	0.84767	0.77167								
2016/06/07 18:25:00		1.44081	178.777	26.9328	0.365104	1002.21	1.18125	26.3201	67.208	14.1726	81.38	23.4663	7117.9	57.822	1.0305	0.83867	0.76333								
2016/06/07 18:30:00		1.7047	211.055	26.988	0.361458	1002.58	1.07187	26.1858	63.038	12.9368	75.975	23.2852	6439.8	58.732	0.95283	0.7755	0.70567								
2016/06/07 18:35:00		0.99198	179.311	27.0318	0.364583	1002.88	1.12292	26.05	57.604	12.0364	69.641	23.2184	5992.7	59.34	0.87083	0.70767	0.643								
2016/06/07 18:40:00		1.66227	136.691	27.1365	0.361979	1002.98	1.18854	25.9689	56.963	11.7352	68.699	23.1708	6320.2	59.822	0.81217	0.65917	0.5995								
2016/06/07 18:45:00		1.30685	164.548	27.2724	0.363542	1003.01	1.09375	25.8776	58.263	11.7557	70.019	23.1088	6645.8	60.422	0.78683	0.6425	0.58267								
2016/06/07 18:50:00		1.08927	145.109	27.3813	0.356771	1003.05	1.18125	25.7998	60.155	11.4134	71.568	23.1088	6578.5	60.09	0.9245	0.753	0.685								
2016/06/07 18:55:00		1.07962	150.415	27.4443	0.360938	1003.05	1.18854	25.7329	63.337	10.8657	74.203	23.104	6947.1	59.943	0.765	0.62333	0.56667								
2016/06/07 19:00:00		1.53285	164.329	27.5651	0.361458	1003.05	1.17396	25.6596	66.232	10.359	76.591	23.0897	6737.1	60.136	0.63667	0.52	0.471667								
2016/06/07 19:05:00		2.51114	180.395	27.6969	0.364062	1003.02	1.16667	25.6025	65.07	10.0235	75.094	23.0182	6617.3	59.665	0.65	0.53	0.481667								
2016/06/07 19:10:00		2.62462	168.286	27.7958	0.360938	1002.88	1.14479	25.5472	61.441	9.7394	71.181	23.1088	6228.3	59.761	0.82167	0.67	0.60833								
2016/06/07 19:15:00		2.25285	176.024	27.7948	0.360938	1002.94	1.14479	25.4986	60.921	10.3077	71.229	23.1422	6065.2	59.743	1.00833	0.71167	0.52333								
2016/06/07 19:20:00		2.61105	167.226	27.7927	0.364583	1002.99	1.13021	25.4596	57.926	8.9178	66.844	22.9563	5747.5	61.129	2.65667	1.77	1.01833								
2016/06/07 19:25:00		1.68124	151.132	27.7927	0.366146	1003.01	1.17396	25.4121	57.205	9.3217	66.526	22.9467	5600.2	60.415	2.035	1.35667	0.67								
2016/06/07 19:30:00		2.01053	139.401	27.7953	0.3625	1003.08	1.13021	25.3761	60.059	9.1471	69.206	22.8991	5596.7	61.043	1.86667	1.24333	0.68667								
2016/06/07 19:35:00		1.64712	137.806	27.7901	0.359375	1003.1	1.14479	25.3342	58.866	8.9623	67.828	22.9038	5489.6	61.075	1.51167	1.08667	0.80667								
2016/06/07 19:40:00		1.72489	144.695	27.701	0.361979	1003.14	1.15208	25.2848	58.708	8.8664	67.574	22.9467	5336.9	60.668	1.25167	1.02	0.92833								
2016/06/07 19:45:00		1.63005	133.736	27.6844	0.363021	1003.35	1.16667	25.258	61.345	8.1338	69.479	22.6893	5307.7	61.797	1.41	1.06667	0.89833								
2016/06/07 19:50:00		1.66249	161.284	27.5729	0.357812	1003.4	1.11563	25.2902	61.073	8.5652	69.638	22.9706	4980.83	44.8816	1.3	0.91667	0.715								
2016/06/07 19:55:00		2.48801	178.565	27.4849	0.360417	1003.46	1.15937	25.5751	60.063	8.4248	68.488	22.9086	4718.96	37.6704	1.20667	0.86	0.685								
2016/06/07 20:00:00		1.55829	163.091	27.4833	0.358854	1003.47	1.16667	25.92	57.408	6.7474	64.155	23.1231	4436.46	93.428	1.88667	1.27167	0.78								
2016/06/07 20:05:00		2.00214	164.545	27.4219	0.361979	1003.51	1.10104	26.1719	59.547	7.2746	66.822	22.9944	4306.25	151.435	1.61	1.07167	0.74333								
2016/06/07 20:10:00		2.38157	165.988	27.3901	0.361979	1003.48	1.11563	26.2452	61.792	7.8497	69.642	23.2041	4307.92	171.201	0.98333	0.80333	0.73								
2016/06/07 20:15:00		2.45718	157.828	27.388	0.363021	1003.4	1.14479	26.2232	60.28	6.7405	67.02	23.2375	4163.96	105.846	1.11	0.825	0.66								
2016/06/07 20:20:00		1.80573	149.655	27.3453	0.360938	1003.37	1.23958	26.109	55.979	6.9254	62.904	23.1946	3913.13	81.395	1.18	0.845	0.61167								
2016/06/07 20:25:00		1.91251	147.889	27.299	0.359896	1003.44	1.18854	25.981	52.758	7.2609	60.019	23.2375	3905.63	72.626	0.93	0.69667	0.59333								
2016/06/07 20:30:00		1.56102	152.685	27.2906	0.367188	1003.57	1.18854	25.8315	51.108	7.5108	58.618	23.0135	3898.96	67.29	0.98667	0.74	0.60333								
2016/06/07 20:35:00		1.89014	140.265	27.2922	0.365104	1003.63	1.10833	25.6798	54.395	7.1376	61.533	23.1803	3920.42	64.119	1.02	0.76333	0.61167								
2016/06/07 20:40:00		1.60907	137.195	27.2901	0.359896	1003.66	1.17396	25.5874	54.435	6.8022	61.237	23.0993	3775.83	44.7637	1.13	0.81833	0.6								
2016/06/07 20:45:00		1.72577	137.239	27.2969	0.363021	1003.62	1.16667	25.7762	53.352	7.1958	60.548	22.961	3707.29	28.3912	1.14333	0.86	0.66833								
2016/06/07 20:50:00		1.9924	140.318	27.2948	0.360938	1003.65	1.17396	26.0599	52.555	6.8056	59.36	23.0707	3615.83	79.705	1.39	0.92667	0.55583								
2016/06/07 20:55:00		1.45924	150.163	27.2953	0.365104	1003.83	1.15208	26.3193	52.758	5.9189	58.677	23.0802	3512.29	144.342	1.45133	0.96833	0.57867								
2016/06/07 21:00:00		1.44623	150.781	27.2938	0.359375	1003.93	1.10104	26.367	52.859	8.9041	61.763	23.1565	3515.21	180.248	1.44667	0.96567	0.593								
2016/06/07 21:05:00		1.38436	168.109	27.2958	0.364062	1003.87	1.18854	26.3408	52.555	7.4766	60.031	22.9753	3526.04	109.35	1.44917	0.981	0.62417								
2016/06/07 21:10:00		2.06234	174.116	27.2526	0.364062	1003.97	1.14479	26.225	49.7832	7.1377	56.921	23.1231	3330.42	85.827	1.424	0.96083	0.61333								
2016/06/07 21:15:00		1.9417	172.77	27.1974	0.363021	1004.1	1.17396	26.0728	47.2171	7.4697	54.687	22.9658	3234.58	74.03	1.5075	1.00767	0.612								
2016/06/07 21:20:00		1.60917	158.53	27.1917	0.357292	1004.32	1.12292	25.9072	45.7632	6.922	52.685	22.942	3206.46	66.019	1.82069	1.21379	0.72414								
2016/06/07 21:25:00		1.33714	174.776	27.2797	0.3625	1004.52	1.19583	25.7469	48.3517	7.7093	56.061	23.0945	3301.04	63.526	1.27	0.88833	0.625								
2016/06/07 21:30:00		0.92784	171.305	27.2964	0.363021	1004.58	1.14479	25.6671	48.4633	7.0178	55.481	23.0945	3188.54	33.2522	1.425	0.94833	0.65667								
2016/06/07 21:35:00		1.2691	125.771	27.2964	0.363542	1004.6	1.13021	25.8795	48.202	7.1856	55.388	22.8895	3309.38	37.0346	1.71833	1.145	0.68833								
2016/06/07 21:40:00		1.56166	121.682	27.2182	0.365104	1004.62	1.11563	26.1654	50.476	7.5587	58.034	23.0802	3231.25	90.56	1.37667	0.92	0.45								
2016/06/07 21:45:00		1.30878	124.028	27.2464	0.363542	1004.69	1.15208	26.3483	50.154	7.3841	57.538	23.0278	3276.04	159.45	1.61333	1.0775	0.64417								
2016/06/07 21:50:00		0.72729	112.753	27.299	0.358854	1004.72	1.10833	26.3738	50.094	8.5481	58.642	23.1469	3427.71	152.792	1.76667	1.17933	0.62467								
2016/06/07 21:55:00		1.09714	140.616	27.2958	0.357812	1004.65	1.12292	26.2983	49.4103	7.5827	56.993	23.0993	3610.83	101.8	1.83217	1.22217	0.61933								
2016/06/07 22:00:00		1.03142	155.808	27.3021	0.358854	1004.67	1.07917	26.1206	49.216	7.3259	56.542	23.1279	3624.17	80.302	1.759	1.1735	0.6255								
2016/06/07 22:05:00		0.53198	113.742	27.3552	0.358854	1004.64	1.16667	25.9743	50.587	7.3978	57.985	23.2518	3528.96	67.865	1.82917	1.22	0.63733								
2016/06/07 22:10:00		0.71757	127.529	27.3911	0.363021	1004.65	1.13021	25.8151	53.966	7.7504	61.717	23.2613	3700.42	64.411	1.745	1.16333	0.64								
2016/06/07 22:15:00		0.6753	113.953	27.4531	0.365104	1004.74	1.18854	25.7968	56.394	8.0551	64.449	23.1183	3720.63	28.5162	1.69667	1.13	0.65								
2016/06/07 22:20:00		0.79551	116.221	27.4917	0.364583	1004.7	1.07917	26.0274	55.451	9.2464	64.698	23.104	3821.04	44.9851	1.28	0.85167	0.585								
2016/06/07 22:25:00		0.95655	73.254	27.4094	0.356771	1004.75	1.11563	26.3042	51.521	8.3392	59.86	23.2089	3406.25	95.428	1.56667	1.04333	0.65333								
2016/06/07 22:30:00		0.67294	48.5529	27.3948	0.3625	1004.82	1.12292	26.3928	51.398	8.6131	60.011	22.9753	3412.71	167.993	1.63767	1.091	0.6625								
2016/06/07 22:35:00		0.88621	97.083	27.3937	0.359896	1004.73	1.10104	26.388	51.568	8.7637	60.331	23.2375	3501.25	116.843	1.34667	0.89833	0.575								
2016/06/07 22:40:00		1.07885	135.579	27.3927	0.360417	1004.61	1.10833	26.279	49.1981	8.3906	57.589	23.0707	3366.88	86.134	1.31683	0.87933	0.54633								
2016/06/07 22:45:00		1.3996	126.637	27.3932	0.359896	1004.7	1.12292	26.1155	47.2462	8.952	56.198	23.2327	3333.13	68.997	1.51333	1.00833	0.6								
2016/06/07 22:50:00		1.36633	120.74	27.4651	0.361979	1004.78	1.10104	25.9383	45.0687	9.3457	54.414	22.9992	3349.17	64.886	1.345	0.89667	0.53								
2016/06/07 22:55:00		0.87115	118.69	27.4849	0.355208	1004.8	1.13021	25.7673	41.3323	9.4587	50.791	23.0135	3122.71	62.772	1.42167	0.94667	0.55333								
2016/06/07 23:00:00		0.92374	106.797	27.4854	0.359896	1004.73	1.14479	25.7939	39.1861	9.1985	48.3846	22.9038	3101.25	24.0623	1.95	1.3	0.64833								
2016/06/07 23:05:00		1.34576	129.216	27.4865	0.359375	1004.63	1.19583	26.0277	39.1325	9.4758	48.6083	22.9181	2976.88	47.7675	2.185	1.455	0.66667								
2016/06/07 23:10:00		0.96563	115.027	27.5281	0.360417	1004.68	1.05729	26.3163	38.5473	8.8835	47.4309	22.8276	2734.17	99.142	2.13167	1.42083	0.73583								
2016/06/07 23:15:00		0.9009	117.209	27.5953	0.359375	1004.66	1.05	26.4017	39.3111	9.6606	48.9718	23.0325	2667.5	168.629	2.13898	1.42712	0.69915								
2016/06/07 23:20:00		0.5859	81.309	27.538	0.358333	1004.62	1.10833	26.4036	40.0526	8.9691	49.0217	23.1183	2656.88	114.025	1.93833	1.29333	0.65667								
2016/06/07 23:25:00		0.91269	69.405	27.4943	0.358333	1004.62	1.09375	26.2868	41.0933	9.0787	50.172	23.0897	2647.29	86.131	1.76167	1.175	0.62								
2016/06/07 23:30:00		1.14961	100.018	27.488	0.356771	1004.52	1.16667	26.1217	41.6852	7.7025	49.3877	23.1612	2529.17	69.222	1.57467	1.04967	0.581								
2016/06/07 23:35:00		1.25332	86.237	27.4208	0.365104	1004.4	1.09375	25.9762	39.7064	7.3088	47.0152	22.9849	2404.17	63.268	1.50267	1.00167	0.58333								
2016/06/07 23:40:00		0.95612	98.507	27.388	0.359375	1004.38	1.10833	26.1456	38.1409	7.3191	45.46	23.0182	2372.71	62.411	1.55167	1.036	0.606								
2016/06/07 23:45:00		0.73246	111.862	27.3943	0.357812	1004.23	1.16667	26.3611	35.4497	7.5484	42.9982	23.0754	2270.0	63.415	1.64567	1.09717	0.64633								
2016/06/07 23:50:00		0.94188	136.928	27.3859	0.358854	1004.21	1.14479	26.4887	34.6256	7.8976	42.5232	22.9706	2273.54	65.436	1.81667	1.21333	0.76167								
2016/06/07 23:55:00		1.08908	113.932	27.3161	0.363542	1004.19	1.12292	26.522	35.1147	7.5245	42.6392	22.9229	2147.5	62.047	1.8775	1.2525	0.745								
2016/06/08 00:00:00		0.51836	117.838	27.2958	0.3625	1004.11	1.10833	26.5045	33.3459	7.4594	40.8053	22.88	2009.58	56.768	2.0925	1.39633	0.79917								
