-- 1st mean values --
Format: XTAB(V:1;HEAD:2;COL:TCFFFFFFFFFFFFFFFFFFFFFFFF)
StartTime: 2016/06/12 00:00:00
EndTime: 2016/06/13 00:00:00
Period: 24 h
Station: Gia Lam

Time	MeasPt	Wind Spd.	Wind Dir.	Temp	RH	Barometer	Radiation	InnerTemp	NO	NO2	NOx	SO2	CO	O3	PM-10	PM-2.5	PM-1	CH4	NMHC	THC	BENZEN	TOLUEN	ETHYL BENZEN	MP-XYLEN	O-XYLEN
		m/s	degree	°C	%	hPa	W/m²	°C	µg/m3	µg/m3	µg/m3	µg/m3	µg/m3	µg/m3	µg/m3	µg/m3	µg/m3	ppm	ppmC	ppmC	ug/m3	ug/m3	ug/m3	ug/m3	ug/m3
2016/06/12 00:05:00		1.61537	160.033	30.9792	0.357292	1000.96	1.12292	27.0235	23.584	7.2164	30.8004	22.88	2236.67	52.021	1.39883	0.93317	0.5335								
2016/06/12 00:10:00		2.17372	160.193	30.9109	0.357812	1000.96	1.19583	27.1239	24.0173	6.8022	30.8194	22.9038	2306.04	52.782	1.2815	0.85467	0.504								
2016/06/12 00:15:00		1.74701	173.898	30.8609	0.363021	1000.95	1.14479	27.2388	24.1602	6.2579	30.4181	23.0468	2181.88	55.572	1.745	1.16167	0.476667								
2016/06/12 00:20:00		1.52206	145.416	30.7651	0.3625	1000.95	1.1375	27.3276	24.3366	6.3571	30.6938	23.0087	2042.29	56.454	3.25849	2.1717	0.69623								
2016/06/12 00:25:00		1.23066	160.696	30.7047	0.360417	1000.96	1.14479	27.3996	28.2092	5.2754	33.4846	23.1469	1964.17	56.739	3.24458	2.16356	0.64169								
2016/06/12 00:30:00		1.44352	170.316	30.6203	0.361979	1000.94	1.11563	27.4576	31.7178	5.7512	37.469	23.2184	1876.46	57.6	3.05017	2.03367	0.62333								
2016/06/12 00:35:00		1.50816	182.25	30.6224	0.360938	1000.93	1.1375	27.5091	31.7312	5.6622	37.3934	23.1803	1841.04	56.232	2.79317	1.8625	0.59917								
2016/06/12 00:40:00		1.37093	167.623	30.6839	0.360938	1000.93	1.13021	27.548	31.9166	5.515	37.4316	23.1994	1694.17	55.939	2.20667	1.47	0.56333								
2016/06/12 00:45:00		1.33757	162.46	30.7208	0.3625	1000.88	1.10833	27.5722	31.7245	6.0388	37.7633	23.2041	1599.58	56.325	3.15667	2.105	0.68333								
2016/06/12 00:50:00		1.44973	152.923	30.8203	0.360938	1000.82	1.11563	27.594	31.7893	5.9977	37.7869	23.4854	1467.08	55.182	3.97333	2.6485	0.743								
2016/06/12 00:55:00		1.38928	150.441	30.8219	0.361458	1000.78	1.10833	27.6133	30.8758	5.3644	36.2402	23.3519	1387.92	55.354	3.74017	2.49333	0.68083								
2016/06/12 01:00:00		0.69913	174.61	30.7328	0.361458	1000.84	1.03542	27.635	30.7508	5.7546	36.5054	23.4091	1301.25	55.779	3.3845	2.25617	0.64633								
2016/06/12 01:05:00		0.94546	156.04	30.7547	0.35625	1000.95	1.08646	27.6552	31.787	5.1384	36.9255	23.1565	1271.67	55.564	3.05967	2.03983	0.618								
2016/06/12 01:10:00		1.37124	169.704	30.8182	0.358854	1000.94	1.15208	27.6815	31.4967	5.022	36.5187	23.1708	1210.21	54.861	2.7765	1.85067	0.59283								
2016/06/12 01:15:00		1.44316	163.694	30.8203	0.359375	1000.92	1.15208	27.7081	31.1327	5.4363	36.5689	23.2661	1232.29	54.818	2.63733	1.758	0.582								
2016/06/12 01:20:00		1.24488	165.461	30.8865	0.359896	1000.86	1.16667	27.7274	32.7987	5.1453	37.944	23.4186	1215.21	54.814	2.14817	1.4325	0.55633								
2016/06/12 01:25:00		1.22756	170.334	30.9057	0.357812	1000.85	1.15208	27.7403	33.9377	5.8471	39.7848	23.3948	1212.08	55.182	1.56849	1.04547	0.58962								
2016/06/12 01:30:00		1.32269	172.37	30.9047	0.359375	1000.89	1.13021	27.765	34.572	5.0734	39.6454	23.4425	1157.92	54.989	1.86552	1.2431	0.55517								
2016/06/12 01:35:00		1.34177	168.758	30.9042	0.364583	1000.92	1.06458	27.7865	33.5692	5.3027	38.872	23.39	1086.67	55.075	1.7155	1.1425	0.53383								
2016/06/12 01:40:00		1.52044	156.553	30.9057	0.358854	1000.89	1.10104	27.8028	32.5039	5.2274	37.7314	23.3853	1025.63	55.011	1.50833	1.00567	0.51033								
2016/06/12 01:45:00		1.8944	153.598	30.862	0.367708	1000.84	1.08646	27.8233	31.0835	4.57357	35.6571	23.4711	994.38	54.839	1.50633	1.00433	0.51517								
2016/06/12 01:50:00		2.23549	162.616	30.8188	0.367188	1000.79	1.13021	27.8297	28.2338	4.50511	32.7389	23.2709	936.25	54.861	1.54733	1.03183	0.53517								
2016/06/12 01:55:00		1.84296	162.415	30.8036	0.358854	1000.73	1.12292	27.8474	27.03	4.59411	31.6241	23.1946	898.96	55.204	1.545	1.03	0.605								
2016/06/12 02:00:00		1.99952	160.341	30.7198	0.360417	1000.67	1.12292	27.8692	27.6755	4.77213	32.4476	23.5092	850.42	55.932	1.11167	0.74	0.430833								
2016/06/12 02:05:00		1.93237	160.11	30.7187	0.361458	1000.63	1.1375	27.8939	26.8983	3.55342	30.4517	23.3281	831.46	56.1	1.59733	1.064	0.628								
2016/06/12 02:10:00		1.89915	166.566	30.7219	0.359896	1000.63	1.10833	27.9161	24.9776	4.75159	29.7292	23.3567	810.62	56.204	1.71133	1.14017	0.6425								
2016/06/12 02:15:00		1.76487	166.681	30.7203	0.360417	1000.62	1.05729	27.9424	23.8654	4.27232	28.1377	23.4949	770.21	56.682	1.71167	1.14333	0.67167								
2016/06/12 02:20:00		2.12419	175.597	30.7182	0.361979	1000.62	1.10833	27.9674	22.2842	4.32025	26.6044	23.3376	740.21	56.489	2.195	1.465	0.725								
2016/06/12 02:25:00		2.18195	186.702	30.7203	0.360938	1000.62	1.14479	27.9846	21.2435	3.78278	25.0263	23.4616	735.21	56.254	2.191	1.46267	0.71583								
2016/06/12 02:30:00		1.82282	184.418	30.8094	0.360938	1000.59	1.07917	27.9956	20.167	3.40279	23.5698	23.3853	708.96	56.275	1.965	1.31	0.76167								
2016/06/12 02:35:00		2.01656	188.67	30.8568	0.3625	1000.53	1.14479	28.0069	20.4797	2.74551	23.2252	23.247	668.13	57.24	1.81	1.20667	0.755								
2016/06/12 02:40:00		1.58434	195.434	30.9042	0.357292	1000.47	1.13021	28.0219	19.3273	4.13196	23.4592	23.2804	663.75	57.347	1.7	1.13333	0.74333								
2016/06/12 02:45:00		2.04148	191.668	30.9552	0.358333	1000.42	1.09375	28.0297	17.985	3.77936	21.7644	23.309	676.04	57.411	1.83833	1.22667	0.73833								
2016/06/12 02:50:00		1.81649	201.339	30.9844	0.358854	1000.42	1.10104	28.0369	16.9421	4.59754	21.5396	23.3567	667.92	56.897	1.56667	1.045	0.73								
2016/06/12 02:55:00		1.62841	190.442	30.9813	0.355729	1000.48	1.09375	28.0498	14.979	4.67285	19.6518	23.371	694.17	57.111	1.62667	1.085	0.725								
2016/06/12 03:00:00		1.51964	178.948	31.0667	0.353125	1000.42	1.02813	28.0606	14.6998	4.10115	18.801	23.4234	768.75	58.14	1.77333	1.18167	0.74667								
2016/06/12 03:05:00		1.22169	179.374	31.0917	0.357292	1000.38	1.07917	28.0831	13.1744	4.66943	17.8439	23.3757	844.58	56.125	1.635	1.08833	0.75833								
2016/06/12 03:10:00		1.08756	178.859	31.1771	0.353125	1000.34	1.15208	28.0866	15.3653	3.91287	19.2782	23.371	939.38	55.504	1.5825	1.055	0.76383								
2016/06/12 03:15:00		1.24604	162.419	31.1901	0.355208	1000.29	1.10833	28.0944	17.391	3.11181	20.5028	23.2518	992.92	55.332	1.66733	1.11117	0.76533								
2016/06/12 03:20:00		1.42713	159.34	31.1172	0.353125	1000.22	1.12292	28.0925	19.5171	4.54276	24.0599	23.2423	1045.42	55.439	1.72417	1.1495	0.76783								
2016/06/12 03:25:00		1.51833	165.659	31.0932	0.360938	1000.22	1.07187	28.092	21.1072	3.82044	24.9277	23.309	1026.04	55.504	1.81667	1.21	0.805								
2016/06/12 03:30:00		1.69689	165.286	31.0057	0.357812	1000.21	1.12292	28.0893	20.9889	3.88548	24.8744	23.5712	1024.79	55.143	1.67167	1.11333	0.80167								
2016/06/12 03:35:00		1.52361	169.612	30.9354	0.360417	1000.25	1.09375	28.0828	20.3166	4.51195	24.8286	23.2852	1015.83	55.739	2.01833	1.345	0.83667								
2016/06/12 03:40:00		1.93234	173.637	30.9052	0.361979	1000.22	1.12292	28.0769	19.4233	4.83375	24.257	23.4139	959.17	55.268	1.95167	1.3	0.86667								
2016/06/12 03:45:00		1.46265	166.08	30.9	0.360417	1000.19	1.16667	28.0643	18.6908	3.39937	22.0901	23.4425	957.29	55.461	1.69333	1.13	0.83833								
2016/06/12 03:50:00		1.71675	158.061	30.8245	0.363021	1000.07	1.1375	28.0552	17.5473	4.41268	21.96	23.4425	957.08	55.997	1.75333	1.16833	0.87167								
2016/06/12 03:55:00		1.29517	160.151	30.8214	0.359375	1000.04	1.12292	28.0461	16.6875	3.57396	20.2614	23.1898	940.83	55.932	1.82167	1.23333	0.89								
2016/06/12 04:00:00		1.65287	169.099	30.7245	0.361979	1000.14	1.15937	28.0275	16.5356	4.0498	20.5854	23.3567	927.71	55.739	1.985	1.325	0.93167								
2016/06/12 04:05:00		1.35897	156.502	30.6938	0.361458	1000.14	1.10104	28.0192	16.6607	3.4918	20.1525	23.2089	934.79	55.697	2.0125	1.34	0.97417								
2016/06/12 04:10:00		1.72421	165.689	30.626	0.358333	1000.1	1.16667	28.023	16.5959	2.93037	19.5263	23.3996	988.75	56.211	2.11117	1.40583	0.9875								
2016/06/12 04:15:00		1.54766	159.49	30.5526	0.364583	1000.11	1.18854	28.0275	16.252	3.5945	19.8465	23.2852	963.96	55.825	2.30867	1.53883	1.00583								
2016/06/12 04:20:00		1.26678	155.042	30.5099	0.360417	1000.11	1.15208	28.035	16.7143	3.61846	20.3327	23.3662	1005.63	56.318	2.54833	1.69883	1.04717								
2016/06/12 04:25:00		1.18194	139.161	30.4604	0.359896	1000.13	1.1375	28.0367	17.4178	4.5188	21.9366	23.514	1038.54	55.761	2.87917	1.91933	1.093								
2016/06/12 04:30:00		1.1001	139.464	30.4135	0.358854	1000.12	1.14479	28.0415	19.9571	3.76909	23.7262	23.2613	1175.63	56.361	3.1495	2.09967	1.12667								
2016/06/12 04:35:00		0.97983	136.317	30.4104	0.358333	1000.1	1.14479	28.0412	21.7839	3.14947	24.9334	23.4711	1285.42	56.639	3.23483	2.15633	1.1385								
2016/06/12 04:40:00		1.33182	147.647	30.4109	0.359375	1000.08	1.16667	28.0458	22.3512	3.78621	26.1374	23.4997	1389.79	56.232	6.1167	4.08	2.27								
2016/06/12 04:45:00		1.52984	149.833	30.4109	0.361458	1000.02	1.06458	28.0455	24.7319	3.27613	28.0081	23.4472	1506.25	56.489	3.95169	2.63644	1.5161								
2016/06/12 04:50:00		1.32358	168.793	30.413	0.359375	1000.04	1.02813	28.0463	28.0886	2.6702	30.7588	23.3757	1521.46	57.004	2.59517	1.731	1.06183								
2016/06/12 04:55:00		1.56362	165.065	30.4146	0.360938	1000.06	1.1375	28.0452	29.0423	3.02965	32.0719	23.6427	1553.75	56.897	2.556	1.70483	1.06083								
2016/06/12 05:00:00		1.62523	161.205	30.4135	0.358333	1000.08	1.10833	28.0544	30.112	2.3176	32.4296	23.247	1616.46	56.897	2.481	1.65483	1.01883								
2016/06/12 05:05:00		1.63951	165.851	30.4135	0.361979	1000.12	1.12292	28.0705	30.3622	2.85164	33.2138	23.4806	1651.25	57.175	2.40233	1.60267	0.9895								
2016/06/12 05:10:00		1.80528	166.113	30.4156	0.358333	1000.18	1.12292	28.0681	30.485	3.639	34.124	23.452	1688.75	56.897	2.32483	1.551	0.9635								
2016/06/12 05:15:00		1.91904	167.941	30.5078	0.364062	1000.26	1.12292	28.0627	30.0763	2.55038	32.6267	23.452	1649.17	57.132	2.3275	1.55283	0.9435								
2016/06/12 05:20:00		1.39985	165.215	30.5125	0.359896	1000.34	1.12292	28.0581	31.6218	1.75959	33.3814	23.533	1746.67	56.339	2.33	1.55417	0.93867								
2016/06/12 05:25:00		1.58581	170.244	30.4292	0.3625	1000.35	1.10104	28.0573	36.0371	1.92391	37.961	23.4711	1851.25	55.332	2.44433	1.63133	0.943								
2016/06/12 05:30:00		1.73695	167.583	30.4156	0.360938	1000.4	1.13021	28.0463	37.9734	2.51957	40.4929	23.5426	1947.29	55.182	3.12167	2.08167	1.01667								
2016/06/12 05:35:00		1.25765	165.913	30.4146	0.360417	1000.45	4.68854	28.0563	42.7996	2.25598	45.0556	23.7571	2004.17	51.318	2.95167	1.96833	1.05833								
2016/06/12 05:40:00		1.8803	163.033	30.3573	0.363542	1000.46	6.3146	27.9642	48.3628	2.83452	51.197	23.6617	2220.21	49.8926	2.55	1.7	0.97167								
2016/06/12 05:45:00		1.28537	159.41	30.3167	0.366146	1000.48	11.5792	27.7894	50.864	2.02661	52.891	23.5235	2259.38	61.761	2.52881	1.68644	0.99492								
2016/06/12 05:50:00		1.43714	164.894	30.3135	0.359375	1000.49	18.7687	27.5789	54.1	1.48573	55.586	23.4711	2443.75	66.562	2.89833	1.93333	1.05667								
2016/06/12 05:55:00		1.36718	168.012	30.3177	0.364062	1000.5	26.6437	27.4015	58.621	2.06427	60.685	23.4425	2568.54	63.233	2.38667	1.59	0.975								
2016/06/12 06:00:00		1.56091	160.243	30.3141	0.363542	1000.58	34.3292	27.2369	57.01	1.79725	58.808	23.39	2623.96	62.418	2.44833	1.63333	1.06								
2016/06/12 06:05:00		1.38465	163.779	30.3969	0.357812	1000.63	42.6563	27.0694	56.604	1.12285	57.727	23.4425	2642.29	61.772	3.94167	2.62667	1.89833								
2016/06/12 06:10:00		0.94845	167.442	30.4109	0.360938	1000.72	51.239	26.9142	60.729	1.11601	61.845	23.2232	2914.58	61.122	2.93667	1.95833	0.995								
2016/06/12 06:15:00		1.39132	169.461	30.4792	0.359896	1000.8	59.843	26.7859	63.333	0.94142	64.274	23.5473	3208.54	60.433	2.32833	1.55167	0.92								
2016/06/12 06:20:00		1.76568	178.204	30.5078	0.361979	1000.82	69.993	26.6696	63.71	0.95853	64.669	23.3042	3369.79	59.147	2.65167	1.77	0.95								
2016/06/12 06:25:00		1.61219	172.615	30.5766	0.365625	1000.86	88.98	26.6087	65.352	0.71205	66.064	23.3757	3330.42	63.09	2.495	1.66333	0.88167								
2016/06/12 06:30:00		1.7783	172.123	30.6177	0.357292	1000.88	128.217	26.5743	67.118	1.03385	68.152	23.3519	3316.46	64.697	2.55783	1.7035	0.9485								
2016/06/12 06:35:00		1.41186	161.595	30.7156	0.363542	1000.96	138.636	26.5217	68.166	1.68428	69.85	23.3853	3731.46	65.465	2.40317	1.60167	0.887								
2016/06/12 06:40:00		1.79434	166.621	30.8099	0.363021	1001.0	123.579	26.5002	69.059	0.88664	69.946	23.3662	3705.83	65.812	1.82083	1.21267	0.75433								
2016/06/12 06:45:00		1.68695	171.345	30.9188	0.361979	1001.08	135.712	26.4908	68.583	1.72194	70.305	23.3424	3594.17	66.469	2.05424	1.3678	0.77288								
2016/06/12 06:50:00		1.36609	183.079	31.0307	0.3625	1001.13	165.827	26.4809	68.798	1.98211	70.78	23.3471	3673.54	66.415	1.66207	1.10776	0.72845								
2016/06/12 06:55:00		1.92804	192.319	31.15	0.364062	1001.2	195.519	26.4908	65.057	2.58119	67.638	23.4663	3308.75	65.997	1.38	0.921	0.65133								
2016/06/12 07:00:00		1.58318	178.274	31.2839	0.360938	1001.22	196.671	26.4717	60.854	2.75236	63.606	23.3567	3351.46	66.262	1.5445	1.03033	0.68833								
2016/06/12 07:05:00		1.34464	176.427	31.426	0.363542	1001.2	209.825	26.4683	60.365	2.28336	62.648	23.166	3635.0	67.129	1.6365	1.09133	0.71267								
2016/06/12 07:10:00		1.04287	195.865	31.6031	0.366667	1001.22	250.811	26.4785	63.672	3.63558	67.308	23.3042	3848.33	65.919	1.74783	1.13	0.7145								
2016/06/12 07:15:00		1.4076	193.833	31.7667	0.359896	1001.25	275.297	26.5064	64.894	3.69378	68.588	23.309	4010.42	65.258	1.95617	1.15317	0.71833								
2016/06/12 07:20:00		1.61419	182.062	31.9781	0.360417	1001.26	249.149	26.5515	67.802	5.8607	73.663	23.3328	4286.04	65.74	2.1535	1.15533	0.70833								
2016/06/12 07:25:00		1.72231	177.168	32.1714	0.360417	1001.3	228.098	26.5805	67.634	7.0521	74.686	23.5044	4255.83	64.954	2.47167	1.16967	0.699								
2016/06/12 07:30:00		2.17621	191.165	32.3109	0.361979	1001.35	261.822	26.6103	65.028	6.833	71.861	23.3376	4111.04	63.526	2.515	1.1405	0.68517								
2016/06/12 07:35:00		2.48349	191.991	32.3995	0.361458	1001.4	299.359	26.6508	59.304	7.0076	66.311	23.3471	3645.42	63.811	2.494	1.11367	0.67083								
2016/06/12 07:40:00		2.518	182.269	32.5005	0.365625	1001.43	310.836	26.7024	53.58	8.1236	61.703	23.2375	3522.71	62.918	2.50117	1.08983	0.65733								
2016/06/12 07:45:00		2.04123	180.252	32.6328	0.367188	1001.45	338.034	26.7512	50.047	8.709	58.756	23.1898	3847.5	62.318	2.50867	1.08083	0.64967								
2016/06/12 07:50:00		1.6387	174.908	32.7594	0.361458	1001.45	346.536	26.8017	47.6303	10.2118	57.842	23.2423	3995.63	61.461	2.99119	1.13237	0.64797								
2016/06/12 07:55:00		1.79641	203.003	32.9188	0.360938	1001.51	359.151	26.8422	48.5728	10.0749	58.648	23.2327	4321.67	62.147	3.32586	0.93879	0.5819								
2016/06/12 08:00:00		2.4758	216.45	33.0604	0.365625	1001.59	366.516	26.9118	43.6237	10.7424	54.366	23.2947	3915.83	63.333	2.85593	0.74797	0.482203								
2016/06/12 08:05:00		2.31584	206.001	33.1813	0.366667	1001.63	382.462	26.9781	38.9292	10.6226	49.5518	23.1231	3782.71	62.34	2.55667	0.71483	0.433167								
2016/06/12 08:10:00		2.62554	201.612	33.3411	0.358333	1001.67	356.737	27.0431	35.941	12.3651	48.3061	23.0707	3718.33	61.976	2.24717	0.6905	0.418517								
2016/06/12 08:15:00		2.96747	203.354	33.4609	0.363542	1001.7	370.781	27.0946	33.8104	11.8858	45.6962	23.1803	3404.38	59.704	2.07367	0.65767	0.40395								
2016/06/12 08:20:00		3.33576	209.695	33.5849	0.369271	1001.7	342.511	27.1566	32.2091	11.9337	44.1429	23.247	3368.96	59.25	2.36333	0.62333	0.37								
2016/06/12 08:25:00		3.36991	213.729	33.6292	0.368229	1001.75	317.53	27.2366	31.05	11.3278	42.3778	23.1136	3205.21	59.39	0.73667	0.19	0.133333								
2016/06/12 08:30:00		3.49075	209.132	33.7146	0.361458	1001.75	358.524	27.319	31.8875	12.7553	44.6429	22.9944	3156.46	59.811	0.0	0.0	0.0								
2016/06/12 08:35:00		3.14933	210.198	33.8219	0.365104	1001.76	413.933	27.3905	29.1338	11.8413	40.9751	23.1898	2938.96	58.386	0.0	0.0	0.0								
2016/06/12 08:40:00		2.50671	213.032	33.9703	0.371354	1001.82	428.065	27.4412	27.097	12.1118	39.2088	23.1469	2833.75	58.461	0.0	0.0	0.0								
2016/06/12 08:45:00		2.47122	209.129	34.1578	0.368229	1001.84	505.11	27.4785	25.2277	12.0741	37.3018	23.2423	2792.92	57.75	0.0	0.0	0.0								
2016/06/12 08:50:00		3.21797	214.872	34.3875	0.363542	1001.88	556.47	27.4989	24.3612	12.413	36.7742	23.023	2615.63	57.265	3.095	0.78167	0.338333								
2016/06/12 08:55:00		2.58973	213.079	34.6417	0.367188	1001.88	562.44	27.4957	25.7928	13.6796	39.4724	23.1183	2691.04	56.907	3.01	0.72167	0.415								
2016/06/12 09:00:00		3.22802	220.615	34.8542	0.365625	1001.85	604.92	27.5124	25.2925	12.413	37.7055	23.0516	2596.25	54.904	4.32667	0.935	0.391667								
2016/06/12 09:05:00		2.413	227.405	34.9969	0.366146	1001.79	636.59	27.4632	23.6421	12.3069	35.949	23.166	2499.17	54.386	2.435	1.01167	0.311667								
2016/06/12 09:10:00		2.46509	218.762	35.175	0.366146	1001.77	638.52	27.3787	21.7125	12.5431	34.2556	22.9992	2395.63	52.761	5.67	1.12333	0.415								
2016/06/12 09:15:00		3.76289	216.008	35.3922	0.359375	1001.77	635.07	27.315	21.4177	12.0022	33.4199	23.0087	2321.67	50.253	4.24667	1.02167	0.445								
2016/06/12 09:20:00		3.27146	207.006	35.6109	0.365104	1001.75	651.43	27.2618	19.3943	12.4986	31.8929	22.7894	2302.08	50.918	4.81667	1.1	0.56								
2016/06/12 09:25:00		3.27538	195.493	35.7859	0.364062	1001.76	646.0	27.2125	18.3267	12.1049	30.4316	22.8943	2241.67	49.7319	0.915	0.43	0.17								
2016/06/12 09:30:00		2.45358	191.745	35.9969	0.364062	1001.76	619.9	27.2122	17.4915	11.3826	28.8741	22.8752	2189.17	50.861	0.0	0.0	0.0								
2016/06/12 09:35:00		3.86653	211.466	36.1307	0.363021	1001.72	586.15	27.2012	15.9884	12.324	28.3124	22.6655	2216.04	51.078	2.495	0.66	0.28								
2016/06/12 09:40:00		3.88932	212.846	36.2161	0.3625	1001.7	551.36	27.2256	16.5691	11.8961	28.4652	22.8037	2187.08	49.8212	3.27333	0.90333	0.351667								
2016/06/12 09:45:00		3.37534	215.507	36.2958	0.363021	1001.7	554.49	27.2514	17.2011	12.8854	30.0866	22.8752	1975.83	50.978	3.39	0.95667	0.37								
2016/06/12 09:50:00		3.00379	208.356	36.3906	0.363021	1001.64	577.98	27.2568	18.3156	12.793	31.1086	22.6226	2078.33	49.8462	4.235	0.765	0.358333								
2016/06/12 09:55:00		3.26325	204.032	36.5557	0.361979	1001.6	637.1	27.3035	21.2904	14.0802	35.3705	22.8037	2214.38	49.0497	4.795	0.65167	0.311667								
2016/06/12 10:00:00		4.40076	217.712	36.7578	0.364062	1001.58	659.29	27.3548	22.2596	14.1452	36.4049	22.9134	2029.38	50.871	4.92	1.095	0.41								
2016/06/12 10:05:00		1.80334	238.672	36.7792	0.361458	1001.6	675.19	27.3776	20.9732	13.2517	34.225	22.7179	1947.08	50.693	3.95	0.985	0.34								
2016/06/12 10:10:00		3.46651	201.501	36.7927	0.363021	1001.59	631.82	27.42	18.9923	12.8067	31.799	22.8371	1897.92	49.4069	4.07	0.84	0.37								
2016/06/12 10:15:00		3.69382	219.816	36.8776	0.363021	1001.63	654.25	27.4732	16.4105	13.1867	29.5972	22.6655	1878.33	50.046	5.01	0.865	0.38								
2016/06/12 10:20:00		3.05982	224.3	36.9745	0.363021	1001.59	684.91	27.5421	14.8405	13.0977	27.9382	22.594	1766.67	49.164	2.62833	0.52	0.28								
2016/06/12 10:25:00		3.55859	208.172	37.0969	0.361458	1001.57	732.05	27.6047	13.8489	12.7622	26.6111	22.8133	1694.79	50.657	2.04167	0.42	0.18								
2016/06/12 10:30:00		2.5808	224.786	37.2943	0.364583	1001.51	684.91	27.6715	12.0198	12.1836	24.2034	22.6798	1647.71	49.6105	0.85	0.28	0.168333								
2016/06/12 10:35:00		2.86355	218.62	37.375	0.359896	1001.46	557.99	27.7572	11.093	11.8687	22.9617	22.8037	1500.63	49.2354	3.24167	0.386667	0.206667								
2016/06/12 10:40:00		1.97563	222.424	37.3786	0.363542	1001.42	574.66	27.8386	10.28	13.0977	23.3777	22.7656	1536.04	49.8033	3.47667	0.428333	0.25								
2016/06/12 10:45:00		2.13185	276.405	37.2859	0.3625	1001.44	592.46	27.9	10.4185	12.6663	23.0848	22.6798	1634.17	49.6105	2.90833	0.61833	0.326667								
2016/06/12 10:50:00		2.0315	238.995	37.2224	0.363542	1001.42	632.79	27.969	10.2465	14.2068	24.4534	22.7942	1620.42	50.607	2.72	0.695	0.35								
2016/06/12 10:55:00		2.04352	255.219	37.1281	0.360417	1001.41	683.39	28.0485	9.7932	14.2685	24.0616	22.6131	1610.0	47.6818	2.99667	0.625	0.316667								
2016/06/12 11:00:00		1.8047	221.806	37.088	0.364583	1001.34	677.16	28.2128	10.1438	13.553	23.6968	22.6798	1582.29	49.439	5.02	0.71333	0.281667								
2016/06/12 11:05:00		1.5357	258.281	37.187	0.366667	1001.27	664.22	28.3247	10.2287	13.755	23.9836	22.799	1611.04	52.096	2.225	0.405	0.226667								
2016/06/12 11:10:00		1.50469	254.981	37.188	0.358854	1001.2	517.31	28.3819	10.414	14.7546	25.1686	22.6798	1635.42	49.6747	0.84167	0.226667	0.115								
2016/06/12 11:15:00		2.37958	221.213	37.1396	0.360417	1001.21	460.928	28.4259	9.7217	14.4739	24.1956	22.9229	1620.42	49.6962	1.67667	0.336667	0.145								
2016/06/12 11:20:00		1.78802	251.973	37.0453	0.363021	1001.23	561.24	28.4531	9.7396	14.9737	24.7132	22.8276	1666.25	49.6319	1.04333	0.348333	0.133333								
2016/06/12 11:25:00		1.60936	247.685	36.9271	0.360938	1001.14	747.24	28.467	10.2823	13.8371	24.1194	22.8085	1673.75	49.289	0.695	0.22	0.125								
2016/06/12 11:30:00		1.29952	260.084	37.0792	0.364062	1001.09	934.01	28.4856	9.9361	14.6245	24.5606	22.6893	1595.42	49.7819	1.78833	0.488333	0.231667								
2016/06/12 11:35:00		2.27016	248.876	37.35	0.360938	1001.08	952.6	28.5095	10.6351	15.1106	25.7457	22.8848	1674.79	48.2139	5.4783	0.60833	0.406667								
2016/06/12 11:40:00		2.99283	226.012	37.5151	0.3625	1001.01	822.67	28.957	11.2426	15.2955	26.5381	23.0945	1656.25	46.2031	0.58167	0.235	0.105								
2016/06/12 11:45:00		4.67483	216.243	37.599	0.370833	1000.99	754.1	29.5715	10.6865	14.8401	25.5266	22.8895	1550.21	52.375	4.045	0.56667	0.155								
2016/06/12 11:50:00		2.8771	213.239	37.5979	0.367708	1000.97	672.77	30.0306	11.4079	14.378	25.7859	22.9229	1522.5	54.025	1.42833	0.288333	0.116667								
2016/06/12 11:55:00		1.97187	282.275	37.5995	0.369271	1000.93	817.68	30.2829	11.0751	14.6621	25.7372	23.0325	1412.29	51.932	0.57833	0.198333	0.108333								
2016/06/12 12:00:00		3.05604	292.387	37.5844	0.366146	1000.85	754.13	30.4309	10.3984	14.2548	24.6532	23.0087	1269.38	49.5212	0.91167	0.221667	0.128333								
2016/06/12 12:05:00		1.39133	253.74	37.6068	0.366146	1000.86	1035.82	30.596	9.82	14.0802	23.9001	23.3328	1129.38	49.0104	1.34667	0.343333	0.186667								
2016/06/12 12:10:00		1.51781	255.704	37.9193	0.361979	1000.86	998.94	30.741	9.3688	14.7032	24.0721	23.2899	1085.0	48.3247	0.331667	0.211667	0.091667								
2016/06/12 12:15:00		2.00107	293.213	38.2198	0.363021	1000.76	1040.24	30.9373	9.0249	14.6792	23.7041	23.3996	1125.42	48.1103	0.335	0.146667	0.096667								
2016/06/12 12:20:00		2.8774	299.513	38.387	0.3625	1000.7	1082.26	31.156	9.0383	14.1452	23.1835	23.4282	984.79	48.4104	1.825	0.775	0.191667								
2016/06/12 12:25:00		1.59237	285.136	38.3615	0.366146	1000.68	1046.56	31.3695	8.672	12.7827	21.4548	23.4425	918.96	48.0032	2.10833	0.75333	0.451667								
2016/06/12 12:30:00		1.08727	266.49	38.6354	0.363542	1000.67	849.26	31.5808	10.8004	14.1041	24.9045	23.6141	938.96	48.4532	1.085	0.605	0.32								
2016/06/12 12:35:00		1.86056	289.027	38.6823	0.363542	1000.64	605.03	31.7985	10.9478	14.3985	25.3463	23.5712	907.08	47.5103	0.225	0.218333	0.19								
2016/06/12 12:40:00		1.3305	225.65	38.5135	0.357812	1000.65	486.77	32.0366	9.8177	15.1209	24.9386	23.5473	808.54	47.8068	0.70667	0.278333	0.146667								
2016/06/12 12:45:00		1.65795	285.083	38.3146	0.359896	1000.64	496.212	32.2299	9.7418	14.0904	23.8322	23.881	793.75	47.9639	0.79833	0.463333	0.203333								
2016/06/12 12:50:00		1.22785	289.255	38.1141	0.363021	1000.65	697.83	32.3682	9.1142	14.8093	23.9236	23.7809	857.5	48.1746	0.96667	0.42	0.176667								
2016/06/12 12:55:00		2.18654	203.754	38.1208	0.363542	1000.63	823.11	32.4737	9.6726	14.8538	24.5264	24.0288	864.38	47.9389	1.90167	1.19333	0.281667								
2016/06/12 13:00:00		1.49016	238.956	38.2693	0.358854	1000.63	835.34	32.5489	9.2214	14.6929	23.9144	23.8905	800.0	47.9175	0.785	0.378333	0.27								
2016/06/12 13:05:00		2.17415	202.772	38.3745	0.358333	1000.63	618.46	32.6307	9.0227	13.6317	22.6544	23.9763	728.96	47.8961	4.24333	1.58667	0.286667								
2016/06/12 13:10:00		1.55103	275.926	38.5406	0.360417	1000.61	787.05	32.7306	8.7435	13.642	22.3855	24.1289	798.96	48.0461	0.53833	0.16	0.1								
2016/06/12 13:15:00		1.48857	300.827	38.4823	0.358333	1000.56	791.61	32.8133	7.877	14.0665	21.9434	24.2051	713.75	47.9175	0.401667	0.16	0.078333								
2016/06/12 13:20:00		0.376405	291.377	38.3187	0.363542	1000.41	865.36	32.9043	7.1377	13.3168	20.4545	24.2623	646.25	48.2604	1.31	0.263333	0.16								
2016/06/12 13:25:00		1.97085	297.902	38.5552	0.358854	1000.34	873.59	32.9693	6.9032	13.4332	20.3364	24.3767	624.17	48.2818	0.70833	0.466667	0.228333								
2016/06/12 13:30:00		1.21687	253.199	38.6729	0.361979	1000.3	885.49	33.0396	7.4616	13.8063	21.2679	24.4816	647.29	48.0675	0.875	0.55	0.233333								
2016/06/12 13:35:00		0.80363	297.436	38.8099	0.360417	1000.29	800.33	33.1263	7.169	13.6968	20.8658	24.453	642.92	48.3461	0.58	0.46	0.34								
2016/06/12 13:40:00		1.73068	312.801	38.8156	0.357812	1000.29	738.11	33.1054	8.6028	14.0528	22.6556	24.5579	642.92	47.9175	0.93	0.186667	0.096667								
2016/06/12 13:45:00		1.22127	311.326	38.7245	0.3625	1000.25	878.22	33.0182	8.2455	12.8888	21.1343	24.5579	590.42	48.2818	0.735	0.333333	0.17								
2016/06/12 13:50:00		2.77861	299.297	38.6599	0.361979	1000.14	895.74	32.9387	8.1628	13.2346	21.3974	24.5865	545.83	48.1532	0.486667	0.136667	0.098333								
2016/06/12 13:55:00		2.62997	297.984	38.5693	0.363542	1000.02	395.989	32.8624	7.1199	12.7485	19.8684	24.4578	472.292	47.8746	0.99	0.275	0.155								
2016/06/12 14:00:00		2.37048	293.99	38.3068	0.367188	999.97	701.44	32.7953	6.6643	12.8991	19.5634	24.5197	461.042	48.1318	0.59	0.336667	0.171667								
2016/06/12 14:05:00		2.18923	270.08	38.2172	0.360417	999.92	929.98	32.7177	5.9183	12.6013	18.5196	24.434	390.833	48.0032	2.46167	0.431667	0.243333								
2016/06/12 14:10:00		1.67924	210.961	38.4156	0.363542	999.9	804.59	32.6441	5.9407	11.8892	17.8299	24.4006	409.792	46.6495	0.66667	0.27	0.153333								
2016/06/12 14:15:00		1.73565	304.688	38.7281	0.363542	999.88	835.98	32.5867	5.389	12.3069	17.6959	24.3481	441.875	42.8136	0.57167	0.298333	0.153333								
2016/06/12 14:20:00		1.85296	311.663	38.788	0.361979	999.81	806.03	32.5344	5.1925	11.653	16.8455	24.3958	421.458	47.2103	0.83333	0.251667	0.135								
2016/06/12 14:25:00		1.92254	296.275	38.6755	0.361458	999.79	414.648	32.486	4.93567	11.0471	15.9828	24.6246	393.75	48.0246	0.44	0.226667	0.101667								
2016/06/12 14:30:00		0.94267	280.991	38.4411	0.363021	999.72	451.945	32.4297	4.61183	11.2833	15.8951	24.7581	354.583	47.4031	0.29	0.171667	0.086667								
2016/06/12 14:35:00		1.2434	319.622	38.262	0.359896	999.57	367.901	32.3845	4.29023	11.03	15.3202	24.4196	372.083	48.0675	0.53833	0.261667	0.173333								
2016/06/12 14:40:00		0.9679	279.156	38.163	0.358854	999.46	725.62	32.3322	5.1099	11.5024	16.6123	24.6103	535.0	48.3675	4.33667	0.82	0.245								
2016/06/12 14:45:00		1.22548	255.779	38.3443	0.363021	999.4	643.81	32.2495	6.0724	12.5054	18.5779	24.4959	560.63	48.2389	0.75167	0.345	0.123333								
2016/06/12 14:50:00		2.11877	217.68	38.5635	0.363542	999.32	499.428	32.184	7.2449	13.4469	20.6918	24.453	624.38	48.4104	1.05167	0.351667	0.201667								
2016/06/12 14:55:00		0.371171	278.75	38.6385	0.360938	999.23	468.023	32.1362	10.6619	14.5868	25.2488	24.7342	718.54	48.3032	0.95	0.2	0.13								
2016/06/12 15:00:00		1.45092	322.287	38.5687	0.357812	999.19	143.952	32.0863	12.0667	17.1475	29.2142	24.6151	866.04	48.5604	0.096667	0.096667	0.08								
2016/06/12 15:05:00		1.02376	315.486	38.3911	0.360938	999.1	560.82	32.0264	13.0739	17.3152	30.3892	24.391	1131.88	48.5604	0.0	0.0	0.0								
2016/06/12 15:10:00		0.9034	315.64	38.4917	0.358854	999.04	657.96	31.9727	14.0633	17.9211	31.9845	24.5722	1190.83	48.2818	0.0	0.0	0.0								
2016/06/12 15:15:00		0.88757	321.119	38.6109	0.3625	998.98	650.1	31.9142	13.4179	17.1372	30.5551	24.5102	1085.0	48.5818	0.42	0.261667	0.131667								
2016/06/12 15:20:00		1.28897	304.416	38.6719	0.360938	998.95	634.77	31.8541	10.5346	16.7572	27.2919	24.2623	1014.17	48.539	1.065	0.368333	0.243333								
2016/06/12 15:25:00		1.0782	292.702	38.7948	0.363021	998.92	627.82	31.813	10.8116	16.4628	27.2744	24.4578	1105.63	48.5389	2.3	0.63	0.443333								
2016/06/12 15:30:00		0.70927	228.942	38.9651	0.360938	998.83	618.39	31.7561	12.1516	17.7466	29.8981	24.2909	1045.63	48.3032	1.16667	0.498333	0.321667								
2016/06/12 15:35:00		1.43078	208.373	39.1089	0.360417	998.74	584.38	31.7139	12.4084	18.3901	30.7985	24.4721	1211.04	48.2389	4.21833	2.03333	1.68								
2016/06/12 15:40:00		1.09358	256.304	39.2901	0.3625	998.75	555.98	31.6849	13.8377	18.7154	32.5531	24.3148	1271.67	48.7104	2.025	0.565	0.36								
2016/06/12 15:45:00		1.67894	203.098	39.374	0.363021	998.71	501.66	31.6543	13.9494	19.626	33.5754	24.2957	1267.08	48.1532	0.97167	0.50667	0.266667								
2016/06/12 15:50:00		2.2592	204.941	39.3396	0.3625	998.66	429.625	31.6216	12.6049	18.8044	31.4093	24.372	1171.88	48.5175	1.805	0.575	0.355								
2016/06/12 15:55:00		2.18037	206.668	39.3109	0.359375	998.63	424.922	31.5912	11.1064	18.017	29.1234	24.4482	1119.79	48.3246	1.52833	0.575	0.283333								
2016/06/12 16:00:00		2.4621	212.89	39.2135	0.359896	998.61	236.25	31.5485	12.2186	18.2053	30.4238	24.3005	1125.83	48.4961	2.345	0.475	0.266667								
2016/06/12 16:05:00		1.38554	186.277	39.0625	0.355208	998.58	168.671	31.5037	12.0689	17.9143	29.9832	24.0812	1186.67	48.3461	1.71667	0.605	0.285								
2016/06/12 16:10:00		1.34304	305.796	38.8714	0.358333	998.58	405.468	31.4693	12.7546	20.136	32.8906	24.2194	1238.54	48.5604	0.965	0.225	0.158333								
2016/06/12 16:15:00		1.36399	301.633	38.8104	0.359896	998.55	426.905	31.4452	12.5714	20.338	32.9095	24.2719	1321.67	48.6032	0.0	0.0	0.0								
2016/06/12 16:20:00		1.51119	292.218	38.826	0.356771	998.5	463.801	31.4202	13.3285	20.16	33.4885	24.2719	1312.08	48.7747	0.0	0.0	0.0								
2016/06/12 16:25:00		2.15224	212.789	38.8323	0.357812	998.55	432.848	31.377	11.6669	20.1087	31.7756	24.3243	1262.71	48.7961	0.0	0.0	0.0								
2016/06/12 16:30:00		1.37444	232.626	38.913	0.359375	998.5	403.769	31.3426	11.2046	20.1258	31.3304	24.1718	1242.08	47.9603	0.0	0.0	0.0								
2016/06/12 16:35:00		2.21964	221.972	38.9724	0.359375	998.44	390.782	31.351	11.8568	19.2802	31.137	24.086	1375.63	47.7246	0.0	0.0	0.0								
2016/06/12 16:40:00		1.32271	228.573	39.0161	0.356771	998.47	394.457	31.3456	10.8763	19.8861	30.7625	24.3148	1341.88	48.3246	0.0	0.0	0.0								
2016/06/12 16:45:00		0.81046	262.454	39.1594	0.359375	998.48	356.424	31.3402	10.9969	19.8382	30.8352	24.3195	1582.92	47.9818	0.423333	0.305	0.198333								
2016/06/12 16:50:00		1.01121	243.56	39.3339	0.358333	998.48	317.005	31.3322	13.6501	19.335	32.9851	24.3767	1786.67	47.8746	2.23333	0.72167	0.47								
2016/06/12 16:55:00		2.12757	220.589	39.4141	0.358333	998.56	306.943	31.3437	20.7253	21.1767	41.9021	24.2528	2095.42	48.6889	2.30833	0.75667	0.41								
2016/06/12 17:00:00		2.81875	212.906	39.3656	0.363021	998.58	279.767	31.3528	20.9866	21.7039	42.6906	24.2909	2009.17	48.0889	3.795	0.625	0.33								
2016/06/12 17:05:00		2.54353	204.929	39.1776	0.358333	998.54	105.744	31.3445	19.2625	20.4544	39.7169	24.3625	1842.5	48.6247	3.40333	0.7	0.36								
2016/06/12 17:10:00		2.98526	191.41	38.8182	0.359896	998.57	84.933	31.3434	16.7053	19.0406	35.7459	24.31	1745.21	48.389	5.31	0.675	0.346667								
2016/06/12 17:15:00		2.95226	198.974	38.5	0.360938	998.57	79.056	31.3461	16.2989	18.9755	35.2744	24.2528	1605.0	48.3889	6.275	1.06833	0.43								
2016/06/12 17:20:00		2.58601	164.591	38.1786	0.359896	998.54	89.6	31.3445	15.3475	19.6499	34.9974	24.1193	1595.0	48.2389	4.48	1.18333	0.58167								
2016/06/12 17:25:00		2.65108	163.101	37.9516	0.358854	998.64	76.256	31.3158	19.2647	19.9272	39.192	24.3148	1867.71	48.4747	3.53	0.775	0.405								
2016/06/12 17:30:00		2.93553	167.527	37.7318	0.358854	998.72	65.29	31.2548	21.6142	20.5229	42.1371	24.2385	1854.58	48.839	1.80833	0.408333	0.278333								
2016/06/12 17:35:00		2.60558	166.908	37.5474	0.359896	998.75	47.9281	31.2446	22.4338	21.0706	43.5045	24.2766	2205.0	47.0817	1.31833	0.443333	0.218333								
2016/06/12 17:40:00		3.17049	169.264	37.3786	0.35625	998.8	27.8104	31.3203	25.1496	22.3407	47.4902	24.2957	2368.13	48.4961	1.61	0.31	0.23								
2016/06/12 17:45:00		2.57594	164.084	37.1531	0.35625	998.85	18.5865	31.0626	24.0977	20.8858	44.9834	24.2194	2154.38	50.232	7.565	0.87333	0.57								
2016/06/12 17:50:00		2.96844	169.061	36.9203	0.358854	998.87	13.7594	30.7104	21.5695	19.7047	41.2742	23.9144	2158.33	49.7819	4.19	0.835	0.58								
2016/06/12 17:55:00		2.35432	165.149	36.7578	0.357812	998.88	8.7354	30.3955	20.2854	19.6328	39.9182	23.6617	2243.54	49.4819	0.0	0.0	0.0								
2016/06/12 18:00:00		1.47499	168.235	36.662	0.361979	998.9	5.9354	30.0867	19.5975	19.3179	38.9154	23.7094	2217.92	49.4212	0.0	0.0	0.0								
2016/06/12 18:05:00		1.8028	152.73	36.5708	0.35625	998.89	3.50729	29.8456	20.2251	19.7355	39.9606	23.6522	2422.08	49.5462	0.0	0.0	0.0								
2016/06/12 18:10:00		1.9844	168.105	36.4854	0.361458	998.9	12.7312	29.651	22.5388	19.0063	41.5451	23.5474	2524.79	49.7176	0.0	0.0	0.0								
2016/06/12 18:15:00		1.5132	164.073	36.3885	0.35625	998.93	16.1948	29.4684	25.7101	19.6088	45.319	23.6045	2643.96	49.5247	0.0	0.0	0.0								
2016/06/12 18:20:00		2.01349	157.817	36.3526	0.358854	998.99	12.0167	29.3484	29.5537	19.8416	49.3953	23.5187	2811.25	49.7604	0.0	0.0	0.0								
2016/06/12 18:25:00		1.854	164.94	36.2703	0.360417	999.07	8.4802	29.2587	30.2416	19.8416	50.083	23.2184	2814.17	51.175	0.0	0.0	0.0								
2016/06/12 18:30:00		1.95895	165.945	36.1724	0.356771	999.12	2.975	29.1382	29.0065	19.8143	48.8208	23.4663	2713.33	51.389	0.0	0.0	0.0								
2016/06/12 18:35:00		2.01575	161.035	36.0516	0.356771	999.14	1.13021	29.041	26.8089	18.9755	45.7845	23.4329	2751.46	51.561	6.4283	2.62167	1.94167								
2016/06/12 18:40:00		2.32327	165.231	35.9255	0.361979	999.12	1.18854	29.0115	26.1322	20.1018	46.234	23.2995	2923.33	49.5462	10.78	3.57	2.335								
2016/06/12 18:45:00		2.60714	169.662	35.8417	0.355729	999.17	1.1375	28.9986	27.3092	21.1699	48.4791	23.2566	2946.67	52.778	15.96	3.405	2.0								
2016/06/12 18:50:00		2.28356	169.052	35.749	0.363021	999.29	1.15937	29.012	25.1741	20.9234	46.0975	23.0611	2824.17	53.643	7.205	2.24667	1.40167								
2016/06/12 18:55:00		1.82623	158.988	35.6828	0.358854	999.39	1.13021	28.9887	22.5879	20.0744	42.6624	23.1898	2835.0	53.532	5.0417	1.64	0.99333								
2016/06/12 19:00:00		1.80018	161.869	35.6135	0.359896	999.47	1.13021	28.9608	21.0246	20.2353	41.2599	23.309	2765.0	53.725	0.0	0.0	0.0								
2016/06/12 19:05:00		2.60223	162.48	35.5146	0.358854	999.62	1.15208	28.9347	20.3211	20.6632	40.9843	23.228	2676.46	53.832	0.0	0.0	0.0								
2016/06/12 19:10:00		2.22499	166.541	35.4396	0.359375	999.77	1.15937	28.9143	23.2088	21.0056	44.2144	23.1279	2767.5	53.554	0.0	0.0	0.0								
2016/06/12 19:15:00		2.51327	169.981	35.3729	0.358854	999.87	1.16667	28.8939	24.2339	21.1836	45.4175	23.2184	2891.25	54.114	0.0	0.0	0.0								
2016/06/12 19:20:00		2.38142	165.303	35.2682	0.359375	999.92	1.16667	28.8767	25.8977	20.338	46.2358	23.1326	3016.46	54.279	12.425	4.54	3.045								
2016/06/12 19:25:00		2.61644	172.832	35.1807	0.361458	1000.02	1.17396	28.8286	28.772	19.9923	48.7643	23.2232	3090.0	54.582	17.955	4.285	2.09								
2016/06/12 19:30:00		2.7561	163.151	35.1141	0.360417	1000.23	1.15937	28.7938	31.3672	18.8968	50.264	23.4854	3183.54	55.2	0.0	0.0	0.0								
2016/06/12 19:35:00		3.444	158.981	35.0391	0.360417	1000.31	1.13021	28.7454	31.9746	18.1642	50.139	23.5187	3114.17	55.043	0.0	0.0	0.0								
2016/06/12 19:40:00		3.82567	168.013	34.8896	0.359375	1000.36	1.1375	28.7232	29.2544	18.3148	47.5693	23.5473	2996.04	55.589	0.0	0.0	0.0								
2016/06/12 19:45:00		3.42108	162.747	34.7156	0.358854	1000.54	1.18125	28.6885	27.8407	17.281	45.1217	23.4043	2905.83	55.761	0.0	0.0	0.0								
2016/06/12 19:50:00		2.95289	163.551	34.5687	0.357292	1000.62	1.08646	28.662	25.4377	17.1304	42.568	23.2852	2791.04	56.061	0.0	0.0	0.0								
2016/06/12 19:55:00		2.76583	157.494	34.4693	0.358854	1000.66	1.11563	28.6209	25.0937	16.6819	41.7756	23.309	2750.0	56.125	0.0	0.0	0.0								
2016/06/12 20:00:00		3.31896	166.008	34.3646	0.359375	1000.73	1.14479	28.6088	23.3138	16.3396	39.6533	23.3138	2737.08	54.325	0.0	0.0	0.0								
2016/06/12 20:05:00		3.1105	164.218	34.2703	0.358333	1000.88	1.14479	28.5881	22.7041	17.0722	39.7762	23.247	2752.29	57.99	2.55667	1.06	0.80167								
2016/06/12 20:10:00		2.49632	167.863	34.1833	0.357292	1001.02	1.1375	28.5296	24.455	16.634	41.089	23.2232	2810.42	56.511	4.48867	1.56533	1.21667								
2016/06/12 20:15:00		3.73812	162.844	34.1089	0.361979	1001.13	1.17396	28.5084	25.5382	16.2711	41.8093	23.2137	2833.75	57.047	4.47833	1.66917	1.22183								
2016/06/12 20:20:00		3.67522	166.771	34.0271	0.357812	1001.19	1.15208	28.4541	25.3662	15.559	40.9252	23.2518	2790.42	56.768	4.097	1.65317	1.20667								
2016/06/12 20:25:00		4.11165	163.898	33.888	0.359896	1001.22	1.15208	28.4386	25.058	15.0798	40.1378	23.2184	2681.04	58.247	3.8575	1.5945	1.1795								
2016/06/12 20:30:00		2.99177	167.805	33.7672	0.363021	1001.26	1.15937	28.3972	24.1669	14.6484	38.8153	23.2184	2632.92	57.418	3.71817	1.53517	1.14867								
2016/06/12 20:35:00		2.99132	170.746	33.6453	0.366146	1001.28	1.16667	28.3548	24.7208	14.6211	39.3418	23.2423	2591.25	58.693	3.6325	1.492	1.125								
2016/06/12 20:40:00		2.44403	174.395	33.5781	0.361458	1001.3	1.14479	28.3189	28.14	14.8162	42.9562	23.2852	2621.46	57.604	3.17857	1.53054	1.11375								
2016/06/12 20:45:00		1.95759	166.111	33.499	0.351563	1001.35	1.1375	28.2788	28.6179	13.3921	42.01	23.452	2566.04	57.911	3.81923	1.79423	1.24038								
2016/06/12 20:50:00		2.55168	174.904	33.5401	0.357812	1001.47	1.16667	28.2074	28.9016	13.2586	42.1601	23.514	2688.13	58.69	2.80288	1.52797	1.07136								
2016/06/12 20:55:00		2.76012	187.2	33.6016	0.361979	1001.63	1.10104	28.1462	27.6866	13.1524	40.8391	23.4186	2506.04	58.611	3.3245	1.5455	1.04883								
2016/06/12 21:00:00		1.88577	181.86	33.5995	0.364583	1001.74	1.09375	28.1073	26.896	11.8584	38.7545	23.3042	2284.58	57.672	3.7575	1.4425	0.98767								
2016/06/12 21:05:00		2.50627	187.495	33.5021	0.360938	1001.7	1.23958	28.067	23.0636	12.3925	35.4561	23.3042	2095.63	57.247	3.41983	1.47233	1.0065								
2016/06/12 21:10:00		3.03561	187.68	33.4984	0.360417	1001.76	1.1375	28.0383	22.0787	12.4712	34.5499	23.2709	2294.38	57.397	3.61817	1.48983	1.013								
2016/06/12 21:15:00		3.40163	187.818	33.4833	0.363542	1001.74	1.16667	27.9746	22.2485	11.3929	33.6413	23.2613	2170.63	58.461	3.56983	1.476	1.02333								
2016/06/12 21:20:00		3.32952	165.171	33.3917	0.360938	1001.7	1.15208	27.9459	20.3993	10.9855	31.3847	23.3662	2080.21	57.432	3.39533	1.44133	1.00917								
2016/06/12 21:25:00		3.8324	172.389	33.2568	0.359896	1001.76	1.15937	27.925	22.2753	11.0711	33.3463	23.1231	2141.25	60.175	3.947	1.545	0.9965								
2016/06/12 21:30:00		3.25765	173.037	33.0302	0.358333	1001.75	1.17396	27.8786	22.5969	10.0783	32.6752	23.2184	2055.21	60.09	2.67933	1.29883	0.91717								
2016/06/12 21:35:00		4.53836	162.538	32.7099	0.358854	1001.65	1.12292	27.8702	20.7879	10.1262	30.9141	23.166	1957.92	56.854	2.17333	1.08667	0.82								
2016/06/12 21:40:00		3.57408	158.803	32.2766	0.359896	1001.72	1.1375	27.8353	19.3005	10.4754	29.7759	23.0611	1880.83	63.276	1.44833	0.79333	0.61667								
2016/06/12 21:45:00		2.48103	163.574	31.9417	0.363542	1001.68	1.15208	27.7588	17.9203	10.5131	28.4333	23.1469	1802.71	59.5	3.21	1.21167	0.83167								
2016/06/12 21:50:00		2.75984	158.758	31.7286	0.360938	1001.68	1.1375	27.6213	17.8689	10.1468	28.0157	22.942	1848.96	60.772	2.29833	1.475	1.14667								
2016/06/12 21:55:00		3.08247	158.753	31.612	0.358333	1001.72	1.12292	27.5056	19.5774	10.2803	29.8577	23.0516	1778.13	55.161	1.41	0.84167	0.51667								
2016/06/12 22:00:00		2.66379	162.067	31.5245	0.360417	1001.74	1.20313	27.4436	21.3015	11.5709	32.8724	23.023	1781.25	50.736	1.66	0.59833	0.448333								
2016/06/12 22:05:00		2.15067	156.621	31.3984	0.358333	1001.77	1.06458	27.5424	20.8236	11.6462	32.4698	22.9086	1755.83	52.157	3.18167	1.41667	0.79333								
2016/06/12 22:10:00		1.95278	157.246	31.301	0.359896	1001.73	1.12292	27.5204	20.8013	12.437	33.2382	22.9134	1811.25	68.572	6.555	2.81833	1.46167								
2016/06/12 22:15:00		2.17525	147.739	31.2807	0.357292	1001.69	1.10833	27.4315	22.5232	12.389	34.9122	22.8895	1930.83	57.332	5.1767	1.72	1.04								
2016/06/12 22:20:00		1.91989	164.537	31.2807	0.359896	1001.74	1.10104	27.2927	22.0698	12.7108	34.7806	23.166	2011.04	55.589	2.94	1.52	1.15333								
2016/06/12 22:25:00		1.97893	164.221	31.2828	0.360417	1001.66	1.12292	27.1867	21.8666	12.4575	34.3241	23.0182	2101.46	56.475	5.3083	2.625	1.52833								
2016/06/12 22:30:00		2.51468	161.492	31.2828	0.359896	1001.59	1.10104	27.1105	23.4545	13.0155	36.47	22.9944	2216.04	52.854	7.01	2.535	1.615								
2016/06/12 22:35:00		2.43286	166.852	31.3214	0.363021	1001.52	1.11563	27.0761	23.5751	12.5089	36.0839	22.9896	2243.96	56.318	4.405	1.94333	1.44667								
2016/06/12 22:40:00		1.39816	150.665	31.3818	0.357812	1001.49	1.13021	26.97	23.4299	13.3989	36.8288	23.2232	2325.83	59.786	6.21	2.625	1.675								
2016/06/12 22:45:00		2.50036	160.725	31.3766	0.361458	1001.47	1.12292	26.8761	23.1418	13.1216	36.2634	23.0564	2306.88	55.511	5.5183	2.37333	1.49667								
2016/06/12 22:50:00		2.69043	166.715	31.3766	0.365104	1001.53	1.10104	26.7601	22.7889	13.4879	36.2769	22.8657	2261.67	59.425	7.975	3.455	1.64								
2016/06/12 22:55:00		2.41753	171.785	31.3313	0.360938	1001.57	1.15208	26.6162	21.1407	12.3548	33.4955	22.737	2189.38	53.925	4.95833	1.94667	1.42333								
2016/06/12 23:00:00		2.42073	168.844	31.2807	0.359375	1001.58	1.14479	26.559	20.1268	11.8755	32.0023	22.9086	2120.42	53.711	0.0	0.0	0.0								
2016/06/12 23:05:00		1.87776	151.162	31.2849	0.3625	1001.58	1.07187	26.479	19.4345	12.4438	31.8783	22.8943	2040.21	56.79	0.0	0.0	0.0								
2016/06/12 23:10:00		2.23953	165.778	31.1943	0.358854	1001.6	1.05729	26.3493	18.7287	12.8615	31.5902	22.7465	1961.88	56.704	0.0	0.0	0.0								
2016/06/12 23:15:00		2.36164	170.224	31.1833	0.360938	1001.56	1.11563	26.2462	18.8248	13.0224	31.8471	22.7036	1867.08	55.332	0.0	0.0	0.0								
2016/06/12 23:20:00		1.82779	168.278	31.1292	0.359896	1001.56	1.17396	26.177	18.8493	12.0638	30.9132	22.6369	1799.79	55.418	0.438333	0.291667	0.216667								
2016/06/12 23:25:00		2.57522	166.033	31.087	0.366146	1001.55	1.15208	26.0967	18.4071	11.362	29.7692	22.7751	1807.08	56.082	1.58333	1.055	0.72167								
2016/06/12 23:30:00		1.90139	169.996	31.088	0.364062	1001.51	1.10833	26.0398	17.9873	11.7934	29.7806	22.7322	1784.38	55.914	1.53167	1.02167	0.785								
2016/06/12 23:35:00		1.55241	160.199	31.0833	0.357812	1001.39	1.18125	25.9885	19.191	11.475	30.666	22.6655	1762.5	51.964	2.185	1.45833	1.05167								
2016/06/12 23:40:00		1.47048	162.208	31.0823	0.360417	1001.35	1.15208	26.348	21.1765	11.3483	32.5248	22.7704	1795.63	55.836	1.58667	1.05833	0.78								
2016/06/12 23:45:00		1.85129	160.859	31.0839	0.3625	1001.33	1.11563	26.6994	21.3953	11.1738	32.5691	22.7513	1721.46	64.033	1.58333	1.055	0.77333								
2016/06/12 23:50:00		1.55265	161.281	31.0875	0.358854	1001.36	1.14479	26.9249	20.8593	11.3449	32.2043	22.9181	1661.88	63.333	1.61667	1.07833	0.79333								
2016/06/12 23:55:00		1.90836	158.706	31.0859	0.361979	1001.38	1.18125	27.0221	19.8856	10.6055	30.4911	22.8752	1590.0	58.865	1.70167	1.135	0.77833								
2016/06/13 00:00:00		1.29747	156.307	31.0859	0.3625	1001.39	1.15208	27.0637	19.9794	10.0338	30.0132	22.9563	1496.88	55.332	1.8931	1.26207	0.83448								
