-- 1st mean values --
Format: XTAB(V:1;HEAD:2;COL:TCFFFFFFFFFFFFFFFFFFFFFFFF)
StartTime: 2016/06/27 00:00:00
EndTime: 2016/06/28 00:00:00
Period: 24 h
Station: Gia Lam

Time	MeasPt	Wind Spd.	Wind Dir.	Temp	RH	Barometer	Radiation	InnerTemp	NO	NO2	NOx	SO2	CO	O3	PM-10	PM-2.5	PM-1	CH4	NMHC	THC	BENZEN	TOLUEN	ETHYL BENZEN	MP-XYLEN	O-XYLEN
		m/s	degree	°C	%	hPa	W/m²	°C	µg/m3	µg/m3	µg/m3	µg/m3	µg/m3	µg/m3	µg/m3	µg/m3	µg/m3	ppm	ppmC	ppmC	ug/m3	ug/m3	ug/m3	ug/m3	ug/m3
2016/06/27 00:05:00		2.04386	170.021	30.2151	0.360417	1005.81	1.1375	27.2313	19.1307	8.3461	27.4768	24.8439	1251.46	45.1887	37.835	25.55	19.0383								
2016/06/27 00:10:00		1.61261	163.853	30.2125	0.3625	1005.74	1.11563	27.2976	20.1089	7.5621	27.6711	25.3634	1234.79	45.3244	33.6267	22.8183	17.285								
2016/06/27 00:15:00		1.56717	174.024	30.2135	0.363542	1005.72	1.11563	27.3964	21.44	7.5382	28.9782	25.1346	1222.92	46.1174	32.7417	22.4233	16.2467								
2016/06/27 00:20:00		1.61038	166.114	30.2568	0.361458	1005.71	1.10833	27.486	19.229	7.3636	26.5926	25.1203	1170.42	45.8245	30.6317	20.735	15.2617								
2016/06/27 00:25:00		1.70041	153.946	30.3109	0.361979	1005.65	1.11563	27.5776	24.7409	6.8022	31.543	25.6304	1089.58	45.7066	39.3633	26.295	15.2083								
2016/06/27 00:30:00		1.5484	161.26	30.3151	0.358333	1005.57	1.10833	27.6501	23.2021	8.5344	31.7365	25.6256	1090.0	46.0424	30.0467	20.4067	14.675								
2016/06/27 00:35:00		1.6111	165.343	30.3146	0.361979	1005.54	1.10833	27.7303	21.6321	7.9387	29.5708	25.4683	1029.79	45.9674	28.565	19.5183	14.345								
2016/06/27 00:40:00		1.62513	164.582	30.312	0.358333	1005.5	1.03542	27.7795	24.2205	7.9592	32.1797	25.2824	969.79	46.6745	30.4167	20.6933	14.2917								
2016/06/27 00:45:00		1.32214	154.677	30.3047	0.358854	1005.44	1.11563	27.8313	21.1296	8.5309	29.6605	25.1346	990.0	45.9459	31.0875	21.34	15.2242								
2016/06/27 00:50:00		1.4908	166.963	30.2281	0.358333	1005.42	1.05729	27.8686	25.0357	8.2365	33.2722	25.2872	945.63	45.9459	29.3242	20.0167	14.6917								
2016/06/27 00:55:00		1.57821	165.4	30.2188	0.357292	1005.38	1.10833	27.9102	22.3668	8.2845	30.6513	25.1394	905.21	45.8816	30.4892	20.5758	15.0717								
2016/06/27 01:00:00		1.45127	154.143	30.2198	0.35625	1005.38	1.05	27.9529	20.4171	8.6063	29.0234	25.3682	850.63	45.6887	29.29	20.0125	14.7308								
2016/06/27 01:05:00		1.43409	153.365	30.2188	0.358854	1005.34	1.07917	27.9865	18.1838	8.7124	26.8962	25.5446	833.13	45.7745	30.5242	20.515	14.8258								
2016/06/27 01:10:00		1.75815	162.972	30.2167	0.359896	1005.28	1.06458	28.0187	15.7294	7.8942	23.6236	25.3444	804.17	46.5245	29.4708	20.1533	14.9483								
2016/06/27 01:15:00		1.8874	171.439	30.1307	0.360417	1005.3	1.16667	28.0458	16.7165	7.8908	24.6073	25.0822	777.71	46.0316	30.6475	20.6908	15.4858								
2016/06/27 01:20:00		1.13053	165.085	30.1214	0.365104	1005.28	1.1375	28.0791	18.2486	8.863	27.1116	25.0536	758.96	46.1174	36.0967	24.2383	15.6342								
2016/06/27 01:25:00		1.06881	171.759	30.1229	0.360417	1005.17	1.06458	28.1003	19.4233	8.62	28.0432	25.2538	744.17	45.8816	31.9083	21.3392	15.2425								
2016/06/27 01:30:00		1.17978	163.696	30.1229	0.360938	1005.12	1.10104	28.1223	22.2194	9.1232	31.3426	25.1918	745.63	45.9245	32.7425	21.9658	15.2875								
2016/06/27 01:35:00		1.09419	162.244	30.1161	0.364062	1005.11	1.14479	28.1459	19.5238	8.0791	27.6029	25.1156	751.67	45.6673	30.4433	20.8167	15.0592								
2016/06/27 01:40:00		1.32432	160.948	30.1188	0.363542	1005.04	1.11563	28.1658	20.8035	8.1989	29.0024	25.4349	700.42	45.8602	30.2067	20.3817	14.7067								
2016/06/27 01:45:00		1.05305	165.712	30.0891	0.363021	1005.03	1.06458	28.1886	16.0353	7.5827	23.618	25.5112	676.46	46.0959	27.9083	18.8058	13.8517								
2016/06/27 01:50:00		1.31345	170.079	30.0307	0.363021	1005.02	1.07187	28.2015	17.2927	7.8874	25.1801	25.1251	635.42	46.5031	27.9033	18.8875	13.7475								
2016/06/27 01:55:00		0.95212	167.375	30.1203	0.366667	1004.92	1.10833	28.2168	20.0442	8.8699	28.914	25.0727	616.25	46.0959	28.0758	19.18	13.3467								
2016/06/27 02:00:00		0.84956	175.667	30.1724	0.358854	1004.85	1.15208	28.2316	17.3709	8.6268	25.9977	25.4016	612.5	45.8888	24.8625	16.7	11.635								
2016/06/27 02:05:00		1.01751	158.101	30.2198	0.358854	1004.76	1.11563	28.2458	21.2256	8.7192	29.9448	25.2824	609.38	45.6209	27.2392	18.2825	11.7592								
2016/06/27 02:10:00		0.69716	167.748	30.2443	0.363542	1004.68	1.14479	28.2598	17.7014	9.5785	27.2799	25.1823	618.75	45.7602	26.5492	17.7083	11.8733								
2016/06/27 02:15:00		0.7387	182.726	30.3182	0.359375	1004.58	1.1375	28.2775	17.8287	8.7398	26.5685	25.6208	582.08	45.878	23.2958	15.6483	10.99								
2016/06/27 02:20:00		0.91788	156.79	30.3057	0.355729	1004.55	1.13021	28.296	14.7512	9.1814	23.9325	25.6828	564.38	45.4459	24.0025	16.0458	10.73								
2016/06/27 02:25:00		0.68961	189.41	30.2563	0.364062	1004.56	1.12292	28.3167	16.9242	10.1468	27.071	25.2681	572.92	46.3531	23.7458	15.9133	10.27								
2016/06/27 02:30:00		1.42221	166.904	30.3167	0.358333	1004.57	1.07187	28.3269	13.2392	8.4043	21.6435	25.1966	534.17	46.3209	17.2858	11.7617	8.2683								
2016/06/27 02:35:00		0.79182	179.527	30.3208	0.359896	1004.55	1.09375	28.3355	14.9142	9.178	24.0922	24.8915	491.458	46.3531	18.6025	12.6067	8.2325								
2016/06/27 02:40:00		0.79895	170.931	30.3156	0.364062	1004.56	1.10833	28.3443	13.9226	9.0787	23.0013	24.8486	485.833	45.6959	19.5617	13.0508	8.1175								
2016/06/27 02:45:00		0.9632	161.151	30.3849	0.360938	1004.6	1.10833	28.3529	16.2765	12.0159	28.2924	24.7771	498.542	45.4816	16.8758	11.4133	7.6542								
2016/06/27 02:50:00		1.29234	161.263	30.4146	0.363021	1004.59	1.08646	28.361	13.5519	11.564	25.1159	24.8296	489.583	46.0888	16.0967	11.1392	7.5342								
2016/06/27 02:55:00		1.04826	161.203	30.3958	0.360417	1004.52	1.00625	28.3712	15.4256	11.5572	26.9828	24.6627	487.083	46.1638	17.3025	11.8758	8.135								
2016/06/27 03:00:00		1.7355	135.859	30.1583	0.361458	1004.46	1.13021	28.3768	12.2498	9.9345	22.1844	24.8248	470.208	46.646	19.4542	13.4217	9.075								
2016/06/27 03:05:00		1.59117	121.925	29.7958	0.365104	1004.46	1.07917	28.3688	11.6178	9.8455	21.4633	24.5054	452.083	46.0924	27.6833	18.8017	11.8333								
2016/06/27 03:10:00		1.73978	85.618	29.3177	0.357812	1004.33	1.1375	28.3347	11.5776	10.9992	22.5768	24.5436	425.625	46.1995	22.9017	17.1783	12.5183								
2016/06/27 03:15:00		0.94123	76.596	28.9401	0.359375	1004.22	1.10833	28.2976	10.653	10.4104	21.0634	24.4435	395.0	46.1602	16.3283	13.01	10.1367								
2016/06/27 03:20:00		1.34541	129.442	28.4953	0.361458	1004.3	1.05729	28.2525	9.1946	10.9033	20.098	24.5102	356.042	46.2745	11.4125	9.665	8.195								
2016/06/27 03:25:00		0.80969	324.862	28.0833	0.357812	1004.34	1.07187	28.1792	9.313	9.0068	18.3198	24.2957	392.292	46.0245	10.0842	8.9833	7.8292								
2016/06/27 03:30:00		0.83841	74.527	27.8417	0.355729	1004.41	1.12292	28.0995	7.5219	7.836	15.3579	24.3243	359.792	45.703	10.6183	9.4325	8.1758								
2016/06/27 03:35:00		0.53452	101.574	27.7234	0.358333	1004.38	1.05729	28.0251	8.643	8.2126	16.8556	24.3195	462.292	45.9566	12.62	10.83	9.075								
2016/06/27 03:40:00		1.16642	92.687	27.6339	0.361979	1004.45	1.07187	27.954	7.7139	8.709	16.4229	24.2814	501.46	46.396	11.4742	9.4042	7.7992								
2016/06/27 03:45:00		1.05896	76.824	27.5865	0.361458	1004.5	1.07187	27.9191	8.7591	8.9212	17.6803	24.2671	605.0	46.3317	9.43	7.9292	6.5783								
2016/06/27 03:50:00		0.66928	107.347	27.4432	0.359375	1004.4	1.05729	27.8968	7.2784	7.4081	14.6865	23.9954	575.63	45.7316	8.72	7.7217	6.55								
2016/06/27 03:55:00		1.84671	157.59	27.3385	0.360417	1004.39	1.14479	27.8735	6.7045	8.9999	15.7044	23.7714	603.33	46.1174	9.3225	8.1892	6.9983								
2016/06/27 04:00:00		1.95867	163.27	27.299	0.355729	1004.38	1.05729	27.8533	8.4688	8.8014	17.2702	23.9239	651.25	46.2674	9.3075	7.8125	6.6042								
2016/06/27 04:05:00		1.4249	130.607	27.2021	0.355729	1004.36	1.10833	27.8426	7.2941	8.6576	15.9517	24.229	616.67	45.6673	9.8217	7.9933	6.8042								
2016/06/27 04:10:00		1.28829	150.116	27.201	0.359375	1004.49	1.06458	27.8292	8.5403	8.5583	17.0986	23.9906	651.04	46.3531	10.4833	8.6725	7.3308								
2016/06/27 04:15:00		0.89433	149.401	27.1948	0.363542	1004.57	1.02813	27.8227	6.9501	8.1783	15.1285	24.0764	618.75	46.3745	11.59	9.2258	7.8075								
2016/06/27 04:20:00		1.28639	93.927	27.2771	0.35625	1004.54	1.05	27.8192	7.3477	8.3837	15.7314	24.372	696.67	46.3317	11.8242	10.1642	8.5533								
2016/06/27 04:25:00		1.00237	79.747	27.3766	0.356771	1004.43	1.11563	27.8104	9.0093	8.6405	17.6498	23.8667	721.67	46.6317	13.7692	12.4283	10.6108								
2016/06/27 04:30:00		0.58489	22.3776	27.2646	0.359896	1004.23	1.07187	27.8018	6.0769	7.8908	13.9677	23.9334	686.67	46.3959	11.3467	10.2892	9.2433								
2016/06/27 04:35:00		0.62926	6.2172	27.0099	0.356771	1004.14	1.05729	27.7897	5.8915	7.9079	13.7994	24.0621	642.5	46.0352	9.7658	9.08	8.17								
2016/06/27 04:40:00		0.82287	125.321	26.8974	0.355729	1004.13	1.12292	27.7824	5.4404	7.2712	12.7116	23.9048	616.04	45.9888	10.8933	9.955	8.6767								
2016/06/27 04:45:00		1.16305	119.36	26.9292	0.363542	1004.18	1.10104	27.7733	6.6933	7.254	13.9473	23.9001	682.5	46.1388	13.1917	10.4433	8.8792								
2016/06/27 04:50:00		0.79081	214.682	26.9193	0.365625	1004.05	1.06458	27.7588	8.4621	8.5583	17.0204	24.1003	727.29	46.1316	10.6025	9.6217	8.305								
2016/06/27 04:55:00		0.67639	280.346	26.8958	0.360938	1004.13	1.15208	27.7505	10.5525	8.37	18.9226	24.0812	779.17	46.7317	12.1308	10.7333	9.2433								
2016/06/27 05:00:00		0.0	502.0	26.912	0.358854	1004.29	1.07187	27.7387	11.2515	8.3255	19.5771	24.0717	853.75	46.2459	12.0192	10.8242	9.42								
2016/06/27 05:05:00		0.90141	144.149	26.963	0.363542	1004.39	1.10104	27.7274	7.9484	7.3054	15.2538	24.0669	816.46	46.0316	11.8017	10.7375	9.3925								
2016/06/27 05:10:00		1.33878	170.97	26.9167	0.361458	1004.4	1.08646	27.7153	12.1717	7.3465	19.5181	23.8572	868.33	46.5674	15.565	12.5142	10.2683								
2016/06/27 05:15:00		0.59077	115.23	27.0583	0.360417	1004.47	1.04271	27.6973	31.921	8.1646	40.0857	24.9726	1308.96	45.8388	20.4225	16.2342	13.2192								
2016/06/27 05:20:00		0.72413	106.289	27.1026	0.361458	1004.56	1.09375	27.6831	35.309	8.8527	44.1617	26.2024	1456.46	45.8816	17.7525	14.0825	11.2975								
2016/06/27 05:25:00		0.0	502.0	27.0995	0.359896	1004.62	1.11563	27.6678	42.6991	9.2156	51.915	25.9545	1730.21	46.4602	17.8883	14.5442	11.76								
2016/06/27 05:30:00		0.57777	344.282	27.0917	0.360938	1004.75	1.09375	27.6452	33.1628	9.9311	43.0939	25.8925	1963.96	46.1174	16.1667	13.2908	11.4492								
2016/06/27 05:35:00		0.80866	313.446	27.0906	0.359375	1004.85	1.09375	27.6423	26.2551	10.8999	37.155	25.8115	2030.83	46.3102	15.9225	13.3475	11.5842								
2016/06/27 05:40:00		0.68711	320.318	27.0974	0.3625	1004.88	1.45833	27.6366	37.9667	10.7185	48.6851	25.74	2213.75	47.1353	15.3867	13.8575	12.1692								
2016/06/27 05:45:00		0.5444	315.473	27.1818	0.363542	1005.02	6.7667	27.464	40.171	9.2772	49.4482	25.3825	2404.58	47.5532	17.7658	14.9092	12.6833								
2016/06/27 05:50:00		0.74361	321.798	27.1672	0.363542	1005.04	14.9698	27.2825	33.031	9.5579	42.5889	25.106	2483.75	47.146	14.51	12.8967	11.4242								
2016/06/27 05:55:00		0.70916	321.715	27.162	0.364062	1004.88	21.3427	27.2892	44.5349	8.6987	53.234	25.1203	2636.46	51.475	18.1083	15.2683	12.8992								
2016/06/27 06:00:00		0.9943	319.722	27.188	0.364062	1004.8	30.275	27.4981	34.4447	10.2084	44.6531	24.9583	2708.13	55.0	15.445	13.5375	12.0625								
2016/06/27 06:05:00		0.64332	301.994	27.188	0.3625	1005.02	42.9771	27.7932	37.2654	10.0851	47.3505	25.0059	2561.46	56.207	16.1042	14.215	12.6892								
2016/06/27 06:10:00		0.55437	282.144	27.1536	0.3625	1005.34	48.774	28.1046	27.1462	11.1156	38.2617	25.3634	2390.83	56.5	14.1625	12.5258	11.1467								
2016/06/27 06:15:00		0.67118	315.373	27.1536	0.366667	1005.33	51.807	28.2904	38.5295	8.7706	47.3	24.9821	2441.25	50.11	17.9217	14.6675	12.9317								
2016/06/27 06:20:00		0.60738	324.324	27.3302	0.364583	1005.11	44.3333	28.2402	64.994	9.647	74.641	25.2156	3034.79	48.5461	18.265	15.62	13.8308								
2016/06/27 06:25:00		0.87898	322.305	27.3911	0.361458	1005.0	40.5344	28.0861	51.277	10.4412	61.719	25.392	3137.71	47.9746	19.2383	15.5025	13.4525								
2016/06/27 06:30:00		1.11732	319.891	27.3896	0.364583	1004.7	46.7469	27.8879	55.458	11.095	66.553	25.6208	3321.67	48.2282	20.9008	15.17	12.675								
2016/06/27 06:35:00		0.84086	320.428	27.3146	0.361979	1004.59	52.806	27.674	46.938	11.1121	58.05	25.597	3345.21	47.7889	17.6183	14.6175	12.7958								
2016/06/27 06:40:00		0.97958	330.407	27.1917	0.366146	1004.65	47.549	27.4766	40.5752	10.1673	50.743	25.2586	3066.88	46.9281	19.3708	15.3308	13.3025								
2016/06/27 06:45:00		0.52063	51.089	27.2328	0.364062	1004.95	51.589	27.2814	51.552	8.8117	60.364	25.1632	3152.5	47.7067	26.7033	18.4617	14.6567								
2016/06/27 06:50:00		0.60578	56.922	27.3005	0.364062	1005.2	105.977	27.0976	45.6716	8.8459	54.518	25.0631	3139.58	47.521	23.4883	16.595	13.5733								
2016/06/27 06:55:00		1.17315	118.089	27.3417	0.358854	1005.32	149.61	27.1472	45.1625	8.6884	53.851	24.8772	3091.04	72.844	25.1683	19.0533	15.825								
2016/06/27 07:00:00		1.22096	113.998	27.5578	0.361979	1005.44	138.126	27.3639	85.063	5.8642	90.927	25.1775	3324.58	155.878	41.58	32.1867	24.7017								
2016/06/27 07:05:00		1.46916	86.407	27.7536	0.365625	1005.53	138.359	27.631	107.158	9.089	116.247	26.5217	4011.46	239.062	57.437	44.2917	33.7675								
2016/06/27 07:10:00		1.24199	99.936	27.7245	0.360417	1005.63	149.071	27.9438	78.394	11.0505	89.445	26.8792	4077.92	213.229	47.0833	37.9975	30.675								
2016/06/27 07:15:00		0.9316	129.485	27.774	0.363542	1005.72	91.394	28.1035	85.983	10.2255	96.209	26.5265	4695.42	11.2865	43.895	33.715	26.8367								
2016/06/27 07:20:00		1.25129	125.488	27.8005	0.361979	1005.84	36.6188	28.1408	89.061	9.9414	99.002	26.5503	5116.7	32.1022	44.5325	34.4433	27.4592								
2016/06/27 07:25:00		1.12272	135.056	27.7219	0.3625	1005.83	38.8208	28.0699	81.711	11.5058	93.217	26.4312	5711.5	40.4455	39.6292	31.6083	24.9617								
2016/06/27 07:30:00		1.42354	151.432	27.6984	0.363542	1005.98	32.4115	27.9411	78.888	11.3449	90.233	26.9889	5771.9	47.6389	42.0142	30.4692	24.3167								
2016/06/27 07:35:00		1.22629	161.873	27.6964	0.3625	1005.94	53.404	27.7972	98.374	10.4754	108.849	26.9412	6196.5	48.0889	43.9775	32.4367	25.9125								
2016/06/27 07:40:00		0.76371	176.11	27.6969	0.357812	1005.87	55.242	27.6334	97.874	10.5986	108.472	27.0365	6514.4	48.6247	40.0683	30.855	24.5917								
2016/06/27 07:45:00		1.02634	168.637	27.6932	0.361458	1005.94	117.454	27.4587	85.689	10.1399	95.828	26.8649	6325.2	48.2139	35.1275	28.4692	23.2167								
2016/06/27 07:50:00		1.56753	197.967	27.6964	0.367188	1005.88	196.328	27.3067	90.577	11.1361	101.713	26.3549	6325.8	48.8926	31.9892	25.8217	21.435								
2016/06/27 07:55:00		1.75073	197.81	27.7167	0.365104	1005.81	151.142	27.2092	68.416	10.2563	78.672	26.2024	6022.5	66.694	27.9467	23.8592	20.065								
2016/06/27 08:00:00		1.43015	204.408	27.7365	0.365625	1005.88	131.731	27.3405	59.632	9.2293	68.862	25.9116	5583.1	151.614	27.7025	23.305	20.4458								
2016/06/27 08:05:00		0.58916	236.272	27.6964	0.365104	1006.04	152.316	27.5851	71.036	8.6234	79.659	26.25	5983.5	229.176	35.5025	27.1975	22.4192								
2016/06/27 08:10:00		0.82563	232.134	27.751	0.365625	1006.05	285.578	27.8979	69.378	8.4899	77.868	26.4741	5893.5	285.605	37.8533	28.1633	23.66								
2016/06/27 08:15:00		1.31838	298.229	27.8703	0.367188	1005.94	289.669	28.0802	66.437	8.8904	75.328	26.3978	6125.0	45.6423	41.8467	29.3175	22.6567								
2016/06/27 08:20:00		0.5718	295.622	27.9828	0.361979	1006.08	430.646	28.1468	52.177	9.8797	62.057	26.312	5738.3	19.2477	39.0267	28.7633	23.8908								
2016/06/27 08:25:00		0.87386	308.027	28.212	0.363542	1006.03	344.261	28.1188	69.055	10.2084	79.263	26.3072	6011.3	35.5345	35.7975	29.1675	26.5208								
2016/06/27 08:30:00		1.15332	301.431	28.4417	0.367708	1005.95	470.852	28.0326	62.323	12.947	75.27	26.7553	5990.0	46.2602	44.3667	32.2733	24.8192								
2016/06/27 08:35:00		1.2547	310.286	28.7484	0.363021	1005.96	457.209	27.9231	57.662	14.0733	71.736	26.5456	5824.2	48.2604	40.5992	29.51	23.6008								
2016/06/27 08:40:00		1.21884	316.449	29.0792	0.367188	1005.96	349.205	27.8109	45.3813	14.2034	59.585	25.9879	5494.0	49.0961	43.3942	30.7208	23.1375								
2016/06/27 08:45:00		1.57277	309.578	29.3109	0.363542	1005.95	550.54	27.685	40.1777	15.2373	55.415	25.8401	5183.8	49.5676	40.7317	29.6725	22.8883								
2016/06/27 08:50:00		1.24214	304.233	29.5344	0.363021	1005.97	495.79	27.5757	35.4229	14.2205	49.6434	25.7543	4799.79	49.5962	41.9958	30.2717	23.6242								
2016/06/27 08:55:00		1.53469	320.126	29.7724	0.365625	1005.86	603.06	27.4885	32.8568	14.3198	47.1766	25.802	4510.83	54.043	41.135	30.5717	24.135								
2016/06/27 09:00:00		1.76133	313.313	29.9625	0.369271	1005.76	281.313	27.4581	30.0763	15.8945	45.9708	26.2453	4361.04	53.554	36.9492	28.455	23.2092								
2016/06/27 09:05:00		1.41269	287.413	30.0099	0.364062	1005.84	238.518	27.4348	28.5308	16.2711	44.8019	25.597	4210.42	53.032	43.2075	31.3917	24.8533								
2016/06/27 09:10:00		0.92903	308.121	30.0	0.363542	1005.96	114.603	27.4189	27.8564	18.9208	46.7771	25.7543	4236.88	53.154	55.253	37.7708	27.6375								
2016/06/27 09:15:00		1.5435	305.062	30.0052	0.364583	1006.11	56.809	27.3934	25.1764	19.6191	44.7955	26.3597	4211.04	53.05	39.3375	30.215	25.06								
2016/06/27 09:20:00		2.23562	291.269	29.912	0.367188	1006.26	30.8802	27.3757	20.4194	18.6743	39.0936	25.8067	4009.58	52.775	36.1492	27.6833	23.7117								
2016/06/27 09:25:00		2.25201	290.844	29.762	0.364583	1006.31	56.015	27.3319	21.1564	18.4655	39.6218	25.5636	3912.92	52.882	40.1592	29.66	24.0108								
2016/06/27 09:30:00		1.60989	301.023	29.6615	0.369271	1006.14	114.275	27.2825	19.8074	20.6461	40.4536	25.5207	3799.79	52.775	37.0683	27.335	22.36								
2016/06/27 09:35:00		1.60862	309.451	29.6151	0.366146	1006.08	224.058	27.227	17.1877	20.5366	37.7243	25.392	3687.29	52.739	36.6517	27.8483	23.8517								
2016/06/27 09:40:00		1.13435	302.928	29.4672	0.364583	1006.16	215.235	27.1569	18.2307	18.3765	36.6072	25.3825	3500.0	52.2	30.31	25.6567	22.5417								
2016/06/27 09:45:00		1.32879	303.815	29.2089	0.360938	1006.0	119.0	27.1029	15.8812	18.5647	34.446	24.7342	3393.96	52.471	33.4975	26.0358	22.595								
2016/06/27 09:50:00		1.73023	295.137	28.9536	0.3625	1006.19	107.72	27.0458	15.917	20.6838	36.6007	25.0059	3488.96	51.946	38.9783	27.8767	23.9683								
2016/06/27 09:55:00		1.96415	297.557	28.8203	0.3625	1006.12	101.5	26.9808	15.2112	20.8652	36.0765	24.8057	3495.21	52.332	31.3217	24.9825	22.3508								
2016/06/27 10:00:00		1.18749	300.937	28.7495	0.366667	1006.05	86.713	26.9018	15.9281	19.3418	35.27	24.6723	3401.46	52.096	29.155	22.9075	20.0283								
2016/06/27 10:05:00		1.73252	308.303	28.7526	0.363021	1006.01	86.807	26.835	17.0113	18.7427	35.754	24.6532	3426.46	52.353	27.9833	22.5667	19.8617								
2016/06/27 10:10:00		1.48434	296.03	28.8	0.358333	1006.0	99.167	26.8119	15.1241	17.7055	32.8296	24.7009	3265.63	95.453	28.9417	23.7133	21.0517								
2016/06/27 10:15:00		1.84628	291.131	28.799	0.3625	1005.94	93.909	27.0125	26.1814	18.2669	44.4483	25.0298	3480.42	207.232	33.0233	24.1933	21.5108								
2016/06/27 10:20:00		1.44867	297.577	28.7219	0.365104	1005.97	97.351	27.3089	17.6076	16.8428	34.4504	25.1394	3201.25	290.062	30.8467	23.0408	19.8575								
2016/06/27 10:25:00		1.96467	292.71	28.6281	0.3625	1005.9	108.369	27.6154	19.3049	16.2506	35.5555	25.187	3103.33	323.057	28.455	22.4283	19.835								
2016/06/27 10:30:00		1.48056	299.985	28.5964	0.367188	1005.78	128.574	27.8633	29.0959	15.9562	45.052	25.2729	3181.25	136.023	33.7175	24.7067	21.2625								
2016/06/27 10:35:00		1.30716	288.723	28.6172	0.364062	1005.75	160.672	27.9591	27.834	18.2498	46.0838	25.9402	3557.5	3.41094	29.9917	22.5	19.3808								
2016/06/27 10:40:00		0.65584	238.096	28.7578	0.359375	1005.74	207.907	27.954	36.6535	20.0642	56.718	25.168	3940.83	26.4553	29.0567	21.2608	18.13								
2016/06/27 10:45:00		0.64177	205.08	28.8589	0.365625	1005.72	275.632	27.8552	39.731	20.3449	60.076	25.6685	4280.0	42.9636	29.0783	21.0392	16.8983								
2016/06/27 10:50:00		0.52862	321.508	28.9688	0.363542	1005.72	298.514	27.7499	36.4659	21.7484	58.214	25.7638	4474.58	47.9603	37.7467	25.4417	16.4067								
2016/06/27 10:55:00		0.94079	297.135	29.0682	0.360417	1005.63	388.485	27.6173	35.5145	21.9299	57.444	26.0546	4429.79	48.7747	36.9925	24.7158	16.6592								
2016/06/27 11:00:00		0.70606	329.035	29.2651	0.363542	1005.58	721.58	27.4834	25.4578	21.971	47.4287	26.1023	4229.79	49.5462	39.1308	26.2142	16.6758								
2016/06/27 11:05:00		0.95636	310.642	29.6693	0.364583	1005.54	887.82	27.3835	21.5182	19.8416	41.3598	25.9164	3959.38	50.203	32.9783	22.3917	16.8533								
2016/06/27 11:10:00		1.26518	313.865	30.1948	0.367188	1005.6	963.06	27.3403	23.4522	22.3133	45.7655	25.3396	3827.5	54.775	38.9517	26.1192	17.2875								
2016/06/27 11:15:00		1.55893	312.252	30.6682	0.368229	1005.56	944.39	27.3725	18.2441	21.5773	39.8214	25.1775	3648.96	56.811	30.9367	21.2567	16.6858								
2016/06/27 11:20:00		1.18351	323.062	31.0141	0.365104	1005.58	922.66	27.4469	16.1716	20.8995	37.071	24.7676	3478.33	56.061	33.6083	23.0617	17.1133								
2016/06/27 11:25:00		1.37253	323.157	31.3161	0.366667	1005.51	923.54	27.5593	17.1051	23.6005	40.7056	24.6198	3473.13	56.168	31.9775	22.1433	17.2058								
2016/06/27 11:30:00		1.4336	313.97	31.512	0.367708	1005.43	887.99	27.7024	12.4062	20.2011	32.6073	24.6818	3268.96	56.039	29.9217	21.115	17.2458								
2016/06/27 11:35:00		1.97019	309.623	31.6917	0.367708	1005.36	908.56	27.8606	10.9255	19.5335	30.459	24.7104	3079.79	58.729	26.8817	19.2892	15.7117								
2016/06/27 11:40:00		1.80821	303.873	31.7995	0.369271	1005.2	899.24	28.2718	9.6413	20.0231	29.6644	24.6198	2885.0	113.611	27.7883	20.2508	16.6317								
2016/06/27 11:45:00		1.92838	302.622	31.9057	0.364062	1005.24	932.05	28.8284	9.1879	19.6157	28.8036	25.1441	2703.96	45.6352	25.96	18.7875	15.5967								
2016/06/27 11:50:00		1.15912	315.845	32.0667	0.363542	1005.18	907.96	29.2432	8.5403	20.8378	29.3781	24.9297	2588.75	47.4246	26.6375	18.8525	15.0842								
2016/06/27 11:55:00		1.60349	327.38	32.2807	0.361979	1005.11	918.18	29.5801	6.7871	20.4373	27.2244	24.9582	2529.38	43.6315	26.7967	16.6883	13.6525								
2016/06/27 12:00:00		0.83208	308.776	32.5156	0.367708	1005.01	757.44	29.8346	5.1188	21.0021	26.1209	24.9916	2342.29	45.0601	30.1608	18.22	14.585								
2016/06/27 12:05:00		1.54538	315.273	32.6943	0.365104	1004.97	683.48	30.0513	4.47783	20.9782	25.456	25.2967	2284.38	46.3602	24.98	16.2658	13.6692								
2016/06/27 12:10:00		1.72828	293.437	32.7646	0.364062	1004.94	704.79	30.2387	6.4074	23.7408	30.1482	25.4778	2171.04	45.3244	28.9458	17.5558	14.3625								
2016/06/27 12:15:00		0.8412	299.01	32.9047	0.360938	1004.88	891.44	30.4051	5.1121	22.8884	28.0005	25.5636	2043.54	45.9888	27.7033	16.3117	13.1042								
2016/06/27 12:20:00		1.64516	318.503	33.1333	0.365625	1004.8	730.37	30.5603	4.04904	22.101	26.1501	25.4683	1979.38	45.6388	26.1017	15.4583	12.77								
2016/06/27 12:25:00		1.39036	302.606	33.3182	0.360417	1004.76	315.175	30.6929	3.6783	22.2619	25.9402	25.1775	1890.42	45.8495	28.7258	16.615	12.975								
2016/06/27 12:30:00		1.3907	299.26	33.2599	0.356771	1004.68	204.582	30.8258	2.95693	21.0912	24.0481	25.2871	1826.88	45.9816	22.1508	15.4375	12.6667								
2016/06/27 12:35:00		1.22253	313.897	33.0391	0.358333	1004.66	356.264	30.9429	3.29417	23.3197	26.6139	25.4683	1760.21	46.2674	31.2492	18.0575	13.4342								
2016/06/27 12:40:00		1.07334	296.593	33.0047	0.360938	1004.65	510.61	31.0733	5.0451	28.2254	33.2705	25.6971	1852.5	46.6745	28.695	16.4533	13.1192								
2016/06/27 12:45:00		0.82076	306.772	33.0068	0.359375	1004.66	379.225	31.1751	3.50633	22.5153	26.0216	25.8067	1748.33	46.4174	22.855	14.7067	11.6817								
2016/06/27 12:50:00		1.30424	308.176	32.9609	0.359375	1004.63	370.57	31.2575	3.0284	22.4981	25.5265	25.5541	1690.42	46.6745	24.0317	14.785	11.9025								
2016/06/27 12:55:00		1.68829	316.204	32.9365	0.363021	1004.6	734.27	31.3212	2.68223	21.2075	23.8898	25.659	1611.04	46.5067	32.0608	16.5517	12.8558								
2016/06/27 13:00:00		1.80379	309.798	33.2411	0.364062	1004.55	921.27	31.3743	3.7453	23.6142	27.3595	25.8163	1607.29	46.5924	22.8467	15.5267	12.53								
2016/06/27 13:05:00		2.37966	302.931	33.551	0.3625	1004.47	564.38	31.4326	2.3986	20.5058	22.9044	25.8496	1471.46	45.7066	22.2683	15.3567	12.985								
2016/06/27 13:10:00		1.4977	289.944	33.5557	0.361458	1004.33	322.073	31.5185	1.83803	19.9957	21.8337	25.7638	1404.38	43.3993	23.01	15.7483	12.825								
2016/06/27 13:15:00		0.93379	299.137	33.4359	0.361458	1004.17	861.12	31.5885	2.48347	22.3475	24.831	25.6876	1345.63	45.6602	24.9367	15.8183	12.835								
2016/06/27 13:20:00		2.00822	299.705	33.725	0.3625	1003.97	814.77	31.621	3.74753	26.411	30.1585	26.1166	1306.25	45.7173	25.5067	16.2383	13.485								
2016/06/27 13:25:00		1.54649	303.063	33.9557	0.369792	1003.91	942.29	31.6575	2.8408	23.1897	26.0305	25.8401	1222.08	44.7565	22.1867	15.545	12.955								
2016/06/27 13:30:00		1.92079	291.268	34.1474	0.363021	1003.92	680.0	31.6976	2.3584	23.8949	26.2533	26.1833	1199.79	45.4387	26.0242	15.2158	12.8017								
2016/06/27 13:35:00		1.6646	295.378	34.0604	0.361979	1003.86	233.311	31.7507	2.42763	22.9192	25.3468	26.3072	1146.25	44.7958	21.7383	15.025	13.0158								
2016/06/27 13:40:00		1.63194	308.732	33.7078	0.360938	1003.8	146.227	31.8205	2.9279	25.1547	28.0826	25.9688	1097.5	44.8351	22.8617	16.2658	13.6558								
2016/06/27 13:45:00		1.75799	310.61	33.4432	0.359896	1003.7	143.208	31.843	6.595	27.7085	34.3035	26.0737	1144.58	45.7959	26.135	16.4083	13.7483								
2016/06/27 13:50:00		1.25627	313.9	33.2005	0.355208	1003.67	158.769	31.838	10.615	30.5978	41.2128	26.2548	1117.29	46.3103	21.865	16.4158	14.4308								
2016/06/27 13:55:00		1.41064	293.021	33.0396	0.359896	1003.58	213.93	31.8127	10.7535	37.6361	48.3896	26.1166	1163.96	46.0245	22.7583	16.9958	14.1483								
2016/06/27 14:00:00		2.28719	297.365	32.925	0.361458	1003.47	267.94	31.7582	7.7966	39.7278	47.5244	26.3215	1107.08	46.1316	20.6733	16.1308	13.8292								
2016/06/27 14:05:00		1.67418	303.314	32.8396	0.364583	1003.4	590.96	31.6871	6.6397	43.8015	50.441	26.1642	1044.79	46.2352	21.5425	16.3192	13.7683								
2016/06/27 14:10:00		1.59722	294.98	33.0109	0.3625	1003.25	678.07	31.6444	5.5811	44.7977	50.379	26.026	980.0	45.7102	23.4367	16.2308	13.7325								
2016/06/27 14:15:00		0.51932	204.017	33.2146	0.357292	1003.29	842.9	31.6551	6.3181	41.2238	47.5419	26.0927	992.29	47.0389	28.7608	15.7517	12.97								
2016/06/27 14:20:00		1.12805	301.863	33.4594	0.3625	1003.1	671.61	31.6812	5.7754	38.7076	44.483	26.6409	1148.54	47.096	22.3917	15.1517	12.7142								
2016/06/27 14:25:00		0.169923	137.729	33.6573	0.361458	1003.17	401.873	31.7018	12.4754	41.0868	53.562	26.7124	1262.5	46.6531	30.8217	17.2617	12.8783								
2016/06/27 14:30:00		1.50084	298.488	33.851	0.357292	1003.17	323.626	31.6976	18.9409	48.2005	67.141	26.9126	1554.38	47.1032	24.3058	16.4925	13.1792								
2016/06/27 14:35:00		1.21944	309.789	33.8349	0.360938	1003.09	132.993	31.6567	15.5418	40.8506	56.392	26.7315	1405.42	46.6745	32.2592	17.3367	13.3692								
2016/06/27 14:40:00		1.41613	147.253	33.7354	0.360417	1003.08	78.509	31.6353	12.4933	44.5513	57.045	26.6838	1391.04	46.7174	32.895	17.4025	13.6133								
2016/06/27 14:45:00		3.46912	132.561	33.5656	0.356771	1003.24	23.9458	31.6728	13.5206	42.1515	55.672	26.7982	1643.13	47.3174	36.92	15.4725	11.0125								
2016/06/27 14:50:00		2.27139	126.49	32.8151	0.358333	1003.24	49.7365	31.6943	13.9405	32.4327	46.3731	26.7219	1693.96	47.296	21.8367	16.4958	12.8058								
2016/06/27 14:55:00		2.24003	102.695	31.6448	0.358854	1003.31	51.122	31.6575	22.9162	32.6449	55.561	26.679	1804.79	47.146	17.9817	13.6767	10.8317								
2016/06/27 15:00:00		1.13884	98.769	30.8	0.361979	1003.29	60.054	31.5687	20.6874	29.4749	50.162	26.8983	1909.58	47.0389	16.2425	12.3608	9.7983								
2016/06/27 15:05:00		1.20756	147.345	30.1161	0.364583	1003.01	94.471	31.4691	24.2272	33.5897	57.817	26.6361	2248.13	47.3424	17.9825	13.9683	10.9825								
2016/06/27 15:10:00		1.59559	153.675	29.7224	0.361458	1002.94	98.146	31.3646	29.0088	32.1554	61.164	26.4407	2426.67	47.746	20.1567	14.45	11.14								
2016/06/27 15:15:00		0.95093	130.048	29.4802	0.358854	1003.03	105.875	31.2607	53.89	32.0492	85.94	26.6123	2645.21	47.296	21.94	16.8875	14.035								
2016/06/27 15:20:00		1.09596	150.205	29.3094	0.35625	1003.11	124.367	31.1439	45.6627	34.0964	79.759	26.803	2843.13	47.0067	19.6725	14.7975	12.055								
2016/06/27 15:25:00		1.4921	165.477	29.2224	0.359896	1002.78	150.121	31.0288	40.9459	33.1276	74.074	27.1128	3202.29	47.4032	19.8583	14.3317	11.2408								
2016/06/27 15:30:00		1.42965	177.011	29.2172	0.359896	1002.63	100.085	30.915	40.1643	31.077	71.241	27.1366	3311.04	46.9781	23.1708	16.3517	12.3808								
2016/06/27 15:35:00		1.27746	215.739	29.1693	0.3625	1002.9	66.989	30.8078	41.3502	31.481	72.831	27.251	3534.38	47.4282	18.6633	13.9533	10.9133								
2016/06/27 15:40:00		0.59443	140.169	29.1125	0.359375	1002.89	56.598	30.6937	51.02	30.875	81.896	27.313	3670.42	48.3746	23.7475	16.1575	11.99								
2016/06/27 15:45:00		0.57503	215.903	29.0589	0.354167	1002.71	54.717	30.6019	43.4182	29.0538	72.472	27.0222	3795.83	47.0246	21.1083	14.9483	10.63								
2016/06/27 15:50:00		0.54384	233.706	28.9609	0.363021	1002.71	64.721	30.5168	40.9124	28.5232	69.436	27.0127	3811.25	47.1996	25.7033	17.1958	11.8942								
2016/06/27 15:55:00		0.56179	302.136	28.963	0.364062	1002.64	175.401	30.4185	51.737	31.2174	82.955	27.1509	4087.5	47.2567	40.78	27.2067	15.8867								
2016/06/27 16:00:00		0.75079	195.078	29.1234	0.364583	1002.53	165.958	30.3391	55.199	36.7016	91.901	27.5132	4630.83	47.3138	46.3867	30.9217	16.09								
2016/06/27 16:05:00		0.6598	315.438	29.276	0.358854	1002.46	293.577	30.2688	46.8129	35.1439	81.957	27.7992	4817.08	47.7032	47.2567	31.5083	15.76								
2016/06/27 16:10:00		1.02184	312.564	29.4641	0.358854	1002.47	454.504	30.1971	41.6115	34.9111	76.523	28.0757	4886.25	47.5317	35.8833	24.2992	16.3458								
2016/06/27 16:15:00		0.99381	318.19	29.688	0.361979	1002.45	459.091	30.1595	39.4183	31.9123	71.331	27.8087	4604.79	47.3853	46.5017	31.0375	18.265								
2016/06/27 16:20:00		1.22264	315.51	29.9792	0.360417	1002.54	415.603	30.1391	65.057	36.2497	101.307	27.5037	4764.38	47.221	34.2867	23.0483	15.6567								
2016/06/27 16:25:00		1.82521	311.84	30.2604	0.363542	1002.58	431.674	30.1305	38.0694	31.2448	69.314	27.5037	4458.33	47.5567	26.5467	18.5033	14.0317								
2016/06/27 16:30:00		1.51099	307.997	30.4682	0.363542	1002.5	403.703	30.131	29.9133	25.4662	55.379	27.0032	4025.83	47.471	22.06	16.3133	13.7283								
2016/06/27 16:35:00		1.54729	313.596	30.6646	0.363021	1002.38	348.717	30.1369	26.2506	23.1588	49.4094	26.6647	3645.63	47.4281	24.035	16.98	13.6075								
2016/06/27 16:40:00		1.10035	317.947	30.7896	0.361458	1002.22	109.842	30.138	25.7771	27.6811	53.458	26.679	3452.92	47.4246	27.615	18.7025	13.7592								
2016/06/27 16:45:00		1.05197	318.157	30.8219	0.360417	1002.16	46.9802	30.1372	22.2663	29.4817	51.748	26.4264	3310.83	47.5889	28.0892	19.0858	13.8133								
2016/06/27 16:50:00		1.04535	322.514	30.7521	0.359375	1002.11	67.317	30.1402	19.9079	29.201	49.109	26.4836	3268.96	47.3924	29.4208	19.9675	14.0233								
2016/06/27 16:55:00		0.79206	329.878	30.737	0.3625	1002.04	161.306	30.1407	23.1329	29.4133	52.546	26.3168	3135.21	46.8031	30.3908	20.7442	13.5								
2016/06/27 17:00:00		1.13048	302.705	30.8641	0.360417	1002.13	179.215	30.1364	20.2295	33.9081	54.138	26.7219	3287.29	47.4996	29.3008	19.7533	14.07								
2016/06/27 17:05:00		1.4553	305.744	31.0026	0.359375	1002.23	275.982	30.1283	14.6663	25.6168	40.2831	26.4073	3044.58	47.0638	25.2008	17.7867	13.8792								
2016/06/27 17:10:00		1.10035	318.641	31.1521	0.359896	1002.29	249.827	30.1351	12.8841	25.7777	38.6618	25.7734	2891.46	47.3067	26.3158	18.0617	13.7667								
2016/06/27 17:15:00		1.20654	326.663	31.3312	0.359375	1002.35	219.333	30.1377	16.3234	27.9139	44.2373	25.9164	2948.96	47.2817	29.2183	20.205	15.425								
2016/06/27 17:20:00		1.53541	317.427	31.4562	0.361979	1002.4	192.901	30.1487	12.395	27.5304	39.9254	25.6208	2916.88	47.2067	30.8233	21.4833	16.3883								
2016/06/27 17:25:00		0.74878	317.789	31.5958	0.359896	1002.34	205.844	30.1611	15.8544	29.9987	45.8531	25.9879	3068.54	47.3639	33.2775	23.17	17.88								
2016/06/27 17:30:00		0.62791	333.735	31.8635	0.3625	1002.34	184.96	30.178	22.1837	35.4657	57.649	26.0165	3343.75	47.5067	32.1725	22.0067	16.5475								
2016/06/27 17:35:00		0.44559	333.353	31.9885	0.354167	1002.37	168.262	30.2113	14.7958	34.7366	49.5324	26.1928	3483.96	47.5139	29.3167	20.1833	14.9								
2016/06/27 17:40:00		1.22711	316.061	32.0938	0.363021	1002.42	163.567	30.2185	15.774	35.4486	51.223	26.1166	3510.21	48.6247	24.9967	17.19	12.98								
2016/06/27 17:45:00		1.529	300.555	32.0427	0.358333	1002.51	175.824	29.9353	12.5111	30.9949	43.506	26.1595	3293.13	46.8567	23.015	16.1317	12.1992								
2016/06/27 17:50:00		1.2314	304.188	31.9891	0.358333	1002.47	212.188	29.5342	11.3855	28.0987	39.4843	26.1881	3208.13	46.2959	26.675	17.9442	13.2175								
2016/06/27 17:55:00		0.73763	292.174	32.0807	0.364583	1002.46	214.083	29.1012	19.392	35.4897	54.882	26.026	3714.58	46.8567	32.7175	21.86	15.2842								
2016/06/27 18:00:00		1.14013	329.99	32.1177	0.3625	1002.53	107.917	28.7049	24.2004	38.492	62.692	25.8163	4256.46	46.7245	28.5742	19.6775	15.1992								
2016/06/27 18:05:00		0.78045	40.773	31.6807	0.358854	1002.58	35.2625	28.3487	12.4084	30.6662	43.0746	25.7162	3915.83	46.2245	24.1692	18.08	15.165								
2016/06/27 18:10:00		0.51263	34.2911	31.2693	0.359375	1002.66	24.5	28.0203	23.0569	34.6236	57.681	25.8401	4233.54	46.6745	27.4592	20.2242	16.8508								
2016/06/27 18:15:00		0.431093	329.153	30.9786	0.361979	1002.72	10.1208	27.7389	15.6021	32.977	48.579	25.5493	4242.71	46.2209	25.6058	18.115	14.785								
2016/06/27 18:20:00		0.50381	334.024	30.8339	0.359375	1002.68	5.476	27.4989	17.0604	29.6529	46.7133	25.311	4097.71	46.521	37.9625	25.7708	20.4683								
2016/06/27 18:25:00		0.52314	13.6368	30.7146	0.364583	1002.68	2.90208	27.2763	26.4628	32.8708	59.334	25.2776	4422.92	46.6924	58.213	39.0367	27.7992								
2016/06/27 18:30:00		0.50625	126.45	30.6125	0.3625	1002.74	1.1375	27.0756	30.0473	35.5171	65.564	25.4016	4667.08	46.2317	73.887	50.052	33.03								
2016/06/27 18:35:00		0.51022	22.2175	30.5615	0.358333	1002.77	1.13021	26.8876	59.713	34.8975	94.61	29.1148	5299.2	46.5888	84.764	56.512	33.6583								
2016/06/27 18:40:00		0.61636	73.966	30.5	0.358854	1002.77	1.18854	26.7741	60.269	36.2257	96.494	29.682	5754.4	47.3817	92.352	61.576	35.7808								
2016/06/27 18:45:00		0.90017	80.881	30.5036	0.358333	1002.78	1.18125	26.7367	78.828	36.2291	115.057	30.378	6905.6	47.4032	92.77	61.846	34.8117								
2016/06/27 18:50:00		0.94967	67.615	30.5021	0.3625	1002.88	1.17396	26.7212	95.015	34.6304	129.645	31.1788	10919.8	46.8245	93.43	62.363	32.1725								
2016/06/27 18:55:00		0.83338	62.373	30.5036	0.360938	1002.96	1.10104	26.7037	83.399	33.713	117.112	32.0463	12671.5	46.5031	46.95	31.425	21.6475								
2016/06/27 19:00:00		1.15924	76.944	30.5443	0.358333	1002.92	1.1375	26.6398	68.188	31.861	100.049	30.0443	11570.0	46.2245	55.856	37.2592	23.255								
2016/06/27 19:05:00		0.82451	95.574	30.6146	0.357292	1002.87	1.16667	26.5641	96.603	31.1763	127.779	29.5819	11093.1	46.2888	74.813	49.875	25.7633								
2016/06/27 19:10:00		1.34406	112.979	30.5193	0.363021	1002.85	1.18125	26.4822	106.333	30.5464	136.88	28.9146	10770.6	46.0959	77.368	51.582	25.9517								
2016/06/27 19:15:00		1.10684	137.835	30.5026	0.361979	1002.88	1.18854	26.3405	83.886	30.3889	114.275	28.2806	10200.2	46.2674	60.013	40.01	22.175								
2016/06/27 19:20:00		1.79439	151.03	30.501	0.360417	1002.88	1.21042	26.2551	70.587	27.8967	98.483	27.8278	9397.9	46.8245	54.638	36.4167	21.145								
2016/06/27 19:25:00		1.79982	145.858	30.5026	0.359896	1002.9	1.19583	26.265	69.457	25.6818	95.139	27.2796	8818.3	48.2604	52.027	34.6767	19.6367								
2016/06/27 19:30:00		1.88781	151.737	30.6125	0.365104	1002.95	1.14479	26.3096	63.125	23.3608	86.486	26.9603	8135.0	47.446	45.745	30.5017	15.8067								
2016/06/27 19:35:00		1.93148	154.554	30.7146	0.365104	1003.05	1.15208	26.3426	62.0	21.3616	83.361	27.0651	7581.7	47.3389	37.0683	24.7217	14.5417								
2016/06/27 19:40:00		2.0771	154.677	30.8078	0.3625	1003.15	1.13021	26.4006	62.23	18.7085	80.938	26.312	7006.9	47.4246	38.8692	25.9183	14.96								
2016/06/27 19:45:00		2.02939	149.244	30.8109	0.363021	1003.17	1.10833	26.4559	56.255	19.7629	76.018	26.0069	6535.2	47.7246	39.5725	26.3817	14.0367								
2016/06/27 19:50:00		1.5007	153.524	30.8151	0.361458	1003.17	1.15937	26.4997	57.937	16.5792	74.516	25.9307	6157.1	47.7925	39.0433	26.025	14.0575								
2016/06/27 19:55:00		1.37854	161.768	30.8135	0.363542	1003.22	1.16667	26.5432	56.427	16.6716	73.099	25.6304	5867.1	47.8532	38.5017	25.6717	14.0767								
2016/06/27 20:00:00		1.35234	160.98	30.8146	0.364583	1003.23	1.10833	26.5773	56.767	16.3396	73.106	25.7591	5572.1	47.7925	41.42	27.63	14.395								
2016/06/27 20:05:00		1.62811	158.058	30.8141	0.364583	1003.29	1.16667	26.6103	54.132	14.9702	69.102	25.5636	5351.0	47.8639	33.4167	22.275	11.6525								
2016/06/27 20:10:00		1.46358	156.545	30.813	0.360938	1003.39	1.21042	26.6371	55.375	14.1076	69.483	25.4111	5035.6	47.4782	28.6175	19.2108	10.0342								
2016/06/27 20:15:00		1.90303	160.826	30.8115	0.366146	1003.42	1.18125	26.6694	50.793	12.7827	63.575	25.4254	4810.21	47.8853	29.5933	19.7292	10.165								
2016/06/27 20:20:00		2.10608	147.488	30.812	0.358854	1003.41	1.10833	26.6911	47.9229	13.5324	61.455	25.1918	4466.88	48.0032	25.8525	17.245	8.9158								
2016/06/27 20:25:00		1.42482	162.916	30.8026	0.359896	1003.4	1.15208	26.7027	52.229	11.1327	63.361	25.0012	4363.13	47.8568	28.9525	19.3017	9.7733								
2016/06/27 20:30:00		1.56331	163.311	30.713	0.359375	1003.45	1.12292	26.7099	52.269	11.1977	63.467	25.0393	4235.42	47.6782	33.0842	22.0858	9.9533								
2016/06/27 20:35:00		1.31677	171.613	30.7161	0.35625	1003.52	1.16667	26.7204	54.962	11.1875	66.15	25.4588	4131.67	48.1961	31.4392	20.9625	9.5483								
2016/06/27 20:40:00		1.30024	176.145	30.712	0.364062	1003.64	1.12292	26.7247	48.3249	10.7253	59.05	25.3396	4102.71	48.4604	30.73	20.49	9.3717								
2016/06/27 20:45:00		1.59058	176.137	30.6344	0.363542	1003.72	1.1375	26.7295	41.9509	10.4822	52.433	25.1013	3892.5	48.0496	25.6575	17.1117	9.0767								
2016/06/27 20:50:00		1.8026	169.993	30.5922	0.35625	1003.74	1.14479	26.7341	53.109	9.3012	62.41	25.0583	3774.38	47.7496	29.9233	19.9375	9.7342								
2016/06/27 20:55:00		2.12761	165.449	30.5042	0.364062	1003.74	1.17396	26.7408	50.739	9.9105	60.65	24.9583	3804.17	48.1318	30.82	20.5475	10.1017								
2016/06/27 21:00:00		1.86132	163.12	30.5	0.357292	1003.83	1.16667	26.7408	48.1038	9.4552	57.559	25.3062	3681.04	48.2425	28.575	19.0417	10.3642								
2016/06/27 21:05:00		2.07118	165.763	30.5031	0.361979	1003.97	1.14479	26.7298	49.9038	8.9862	58.89	25.2109	3618.75	48.3032	31.12	20.7392	10.3042								
2016/06/27 21:10:00		2.1983	164.238	30.5036	0.361979	1004.06	1.14479	26.7357	47.0407	8.3735	55.414	25.2967	3551.25	48.0461	30.2683	20.1767	10.0208								
2016/06/27 21:15:00		2.54571	162.177	30.4818	0.360417	1004.17	1.14479	26.7287	43.6728	9.3423	53.015	25.1585	3376.67	47.9175	29.2533	19.505	9.9208								
2016/06/27 21:20:00		2.53823	160.68	30.4021	0.360417	1004.24	1.15937	26.7287	45.062	8.9075	53.969	25.1442	3295.0	48.1104	26.9133	17.9558	9.4183								
2016/06/27 21:25:00		2.17691	151.772	30.3896	0.363021	1004.33	1.10104	26.7274	41.4819	8.9486	50.431	24.9583	3094.38	47.5746	28.94	19.4058	10.9408								
2016/06/27 21:30:00		1.4124	171.626	30.3094	0.365104	1004.4	1.10833	26.7214	43.7979	8.5994	52.397	25.597	3050.63	47.7246	28.9942	19.335	9.8742								
2016/06/27 21:35:00		1.61564	169.51	30.3089	0.363021	1004.44	1.13021	26.7112	40.8164	8.952	49.7684	25.168	3033.54	48.1532	31.26	20.8417	10.3625								
2016/06/27 21:40:00		2.19664	160.631	30.3099	0.360417	1004.54	1.11563	26.6962	50.795	7.5039	58.299	25.0107	3058.96	48.0246	27.6833	18.4542	9.8942								
2016/06/27 21:45:00		1.89514	162.255	30.3156	0.3625	1004.66	1.16667	26.6817	41.1603	7.124	48.2843	24.944	3031.04	48.2389	31.1008	20.7367	10.0333								
2016/06/27 21:50:00		1.85179	164.165	30.2615	0.366146	1004.69	1.16667	26.66	49.178	7.4903	56.668	25.2633	3033.54	48.1104	39.7417	26.4975	11.225								
2016/06/27 21:55:00		1.80203	167.56	30.2109	0.366667	1004.73	1.19583	26.6492	54.665	7.5108	62.176	25.1775	2985.63	48.0889	35.31	23.5425	10.5042								
2016/06/27 22:00:00		1.66993	166.573	30.2141	0.363021	1004.8	1.12292	26.6385	47.3288	6.7097	54.039	25.1203	3044.17	48.1104	33.4417	22.2892	10.6475								
2016/06/27 22:05:00		1.85635	159.723	30.213	0.363021	1004.83	1.12292	26.6291	50.779	7.0247	57.804	24.8677	3155.42	48.1532	34.8842	23.2608	11.3783								
2016/06/27 22:10:00		2.27299	161.849	30.15	0.358854	1004.82	1.15937	26.6157	48.4053	7.1822	55.587	25.168	3096.46	48.1532	33.9617	22.645	11.0367								
2016/06/27 22:15:00		2.12243	162.676	30.1146	0.360938	1004.81	1.05	26.6025	49.9641	6.2202	56.184	25.3158	3040.63	48.5175	34.6275	23.0817	10.8317								
2016/06/27 22:20:00		2.09377	165.514	30.1141	0.3625	1004.94	1.18125	26.5958	45.12	7.5074	52.627	25.0869	3002.92	48.0889	31.3167	20.8933	10.5617								
2016/06/27 22:25:00		1.71642	155.023	30.0875	0.361979	1005.13	1.13021	26.5845	41.6807	6.4153	48.096	25.3682	2966.25	48.1318	31.1775	20.8917	11.5075								
2016/06/27 22:30:00		2.18232	159.971	30.0031	0.3625	1005.2	1.07917	26.5918	38.9784	6.631	45.6094	25.1823	2883.75	48.3247	33.45	22.3833	11.2833								
2016/06/27 22:35:00		1.87454	161.195	30.0031	0.366146	1005.17	1.14479	26.5947	37.9756	7.254	45.2296	25.3825	2738.96	48.2389	34.695	23.16	11.4167								
2016/06/27 22:40:00		1.99437	164.481	29.9125	0.363021	1005.21	1.1375	26.5958	42.7728	7.1445	49.9173	25.6971	2659.17	47.8961	38.65	25.765	13.16								
2016/06/27 22:45:00		1.8268	165.082	29.9042	0.364583	1005.23	1.09375	26.5979	40.305	6.2236	46.5286	25.1013	2613.33	47.6603	32.0792	21.4108	11.1758								
2016/06/27 22:50:00		2.3042	162.22	29.8849	0.364583	1005.23	1.11563	26.5928	37.0331	5.8676	42.9007	25.3682	2560.83	48.3032	33.0658	22.1508	12.925								
2016/06/27 22:55:00		2.02612	159.809	29.8083	0.361979	1005.13	1.09375	26.5894	39.9543	6.5249	46.4792	25.9259	2441.25	47.9175	29.8492	19.9867	10.9058								
2016/06/27 23:00:00		1.89021	143.305	29.8094	0.363021	1005.06	1.14479	26.5845	34.8623	5.7991	40.6615	25.597	2360.83	48.4318	31.055	20.78	10.7333								
2016/06/27 23:05:00		1.87443	157.712	29.8068	0.3625	1005.05	1.10833	26.5821	31.6865	6.0798	37.7664	25.3396	2162.08	48.2604	30.5658	20.4125	10.3308								
2016/06/27 23:10:00		1.73272	162.712	29.8068	0.366667	1005.08	1.18854	26.5708	28.6782	5.4054	34.0837	24.8486	2055.0	48.2389	27.3808	18.2958	10.1283								
2016/06/27 23:15:00		1.79582	156.68	29.8078	0.365104	1005.07	1.19583	26.5571	26.9787	5.5903	32.569	24.6723	1943.75	47.8746	31.7083	21.135	10.3992								
2016/06/27 23:20:00		1.61325	151.203	29.7552	0.368229	1005.05	1.13021	26.5491	27.6755	5.3472	33.0227	24.7533	1868.54	48.4318	30.6433	20.4417	10.4883								
2016/06/27 23:25:00		1.82712	165.833	29.7083	0.367708	1005.03	1.09375	26.5453	30.9004	5.6656	36.566	24.9058	1791.46	48.0889	35.3533	23.575	10.9492								
2016/06/27 23:30:00		1.14331	165.87	29.7094	0.360938	1005.06	1.07917	26.5351	30.6994	5.3301	36.0295	24.7342	1812.92	48.3246	34.0367	22.6817	10.8925								
2016/06/27 23:35:00		1.18954	158.797	29.7089	0.365625	1005.03	1.12292	26.5346	31.4275	5.5047	36.9322	24.6198	1814.17	49.0747	33.8825	22.5833	10.695								
2016/06/27 23:40:00		1.22883	156.01	29.7141	0.358333	1005.0	1.10104	26.6954	36.5552	4.98437	41.5396	24.7724	1812.92	48.4747	32.495	21.6542	10.8475								
2016/06/27 23:45:00		1.11612	149.527	29.7115	0.360417	1004.93	1.13021	26.8983	29.0847	5.1487	34.2334	24.7104	1702.92	46.9174	30.8225	20.55	10.5242								
2016/06/27 23:50:00		1.40766	148.495	29.7099	0.3625	1004.91	1.12292	27.0001	27.5124	4.80636	32.3188	24.534	1649.38	46.3531	30.9958	20.6825	10.2617								
2016/06/27 23:55:00		0.92414	159.873	29.6193	0.363021	1004.91	1.13021	27.0568	25.1429	5.2103	30.3532	24.4339	1550.21	45.7888	29.565	19.7542	10.0583								
2016/06/28 00:00:00		0.9461	160.659	29.6156	0.358854	1004.88	1.09375	27.0774	25.967	4.84059	30.8076	24.7247	1441.46	45.8459	28.28	18.9217	9.6417								
