-- 1st mean values --
Format: XTAB(V:1;HEAD:2;COL:TCFFFFFFFFFFFFFFFFFFFFFFFF)
StartTime: 2015/12/06 00:00:00
EndTime: 2015/12/07 00:00:00
Period: 24 h
Station: Gia Lam

Time	MeasPt	Wind Spd.	Wind Dir.	Temp	RH	Barometer	Radiation	InnerTemp	NO	NO2	NOx	SO2	CO	O3	PM-10	PM-2.5	PM-1	CH4	NMHC	THC	BENZEN	TOLUEN	ETHYL BENZEN	MP-XYLEN	O-XYLEN
		m/s	degree	°C	%	hPa	W/m²	°C	µg/m3	µg/m3	µg/m3	µg/m3	µg/m3	µg/m3	µg/m3	µg/m3	µg/m3	ppm	ppmC	ppmC	ug/m3	ug/m3	ug/m3	ug/m3	ug/m3
2015/12/06 00:05:00		0.5966	10.7762	16.0927	7.8193	1022.55	1.15208	22.4903					656.25		55.965	40.63	34.17								
2015/12/06 00:10:00		0.56392	351.044	16.0943	7.9526	1022.51	1.1375	22.4927					648.33		48.5325	35.1933	29.9792								
2015/12/06 00:15:00		0.67454	352.944	16.0594	8.0672	1022.49	1.11563	22.4724					647.71		43.7933	32.69	28.2667								
2015/12/06 00:20:00		0.499062	358.518	15.9901	8.225	1022.48	1.15937	22.4544					636.67		46.2075	32.8658	26.2133								
2015/12/06 00:25:00		0.60688	341.197	15.988	8.4036	1022.47	1.10833	22.4385					625.21		32.97	25.9825	23.0783								
2015/12/06 00:30:00		0.65812	342.553	15.913	8.5958	1022.41	1.14479	22.4289					628.75		45.6983	31.5783	24.6992								
2015/12/06 00:35:00		0.78519	347.903	15.8896	8.776	1022.39	1.10104	22.3966					618.33		37.77	27.3333	22.5908								
2015/12/06 00:40:00		0.388216	12.1504	15.8318	8.8839	1022.36	1.07917	22.3819					612.5		32.965	23.6425	20.1542								
2015/12/06 00:45:00		0.6645	7.1843	15.7948	8.9193	1022.39	1.11563	22.3736					613.75		30.94	23.0517	19.3842								
2015/12/06 00:50:00		0.63272	21.8498	15.7932	8.9156	1022.39	1.10833	22.3647					598.54		33.9908	25.2275	21.435								
2015/12/06 00:55:00		0.57328	355.278	15.701	8.9156	1022.42	1.09375	22.343					601.25		39.6292	30.5525	26.5008								
2015/12/06 01:00:00		0.61783	22.7081	15.6984	8.9177	1022.44	1.17396	22.333					592.71		55.704	41.9417	36.19								
2015/12/06 01:05:00		0.485186	16.9064	15.6974	8.8938	1022.4	1.10833	22.3201					597.08		55.29	43.1017	38.4675								
2015/12/06 01:10:00		0.55508	29.2069	15.7005	8.7625	1022.35	1.11563	22.2906					589.38		52.007	41.93	37.4567								
2015/12/06 01:15:00		0.429879	9.0659	15.6318	8.6359	1022.31	1.13021	22.2522					576.46		60.843	51.298	46.8483								
2015/12/06 01:20:00		0.79716	342.388	15.5943	8.6073	1022.33	1.10104	22.2259					578.75		77.441	58.636	51.128								
2015/12/06 01:25:00		0.455995	328.559	15.5901	8.6062	1022.33	1.18125	22.202					573.96		47.7917	36.3383	31.3542								
2015/12/06 01:30:00		0.59751	335.073	15.5938	8.5422	1022.31	1.10833	22.1845					568.54		41.7892	31.3333	26.1783								
2015/12/06 01:35:00		0.231173	348.859	15.5906	8.4161	1022.3	1.06458	22.1714					544.58		43.3558	34.5908	30.7933								
2015/12/06 01:40:00		0.99448	358.856	15.5792	8.3104	1022.25	1.14479	22.1378					545.63		44.4308	37.4492	33.7017								
2015/12/06 01:45:00		0.67282	351.836	15.4885	8.2	1022.23	1.14479	22.126					548.96		46.475	34.3008	29.2542								
2015/12/06 01:50:00		0.66175	329.097	15.4922	8.101	1022.24	1.14479	22.1032					540.21		38.7175	29.1733	24.2								
2015/12/06 01:55:00		0.56677	334.108	15.4943	7.9932	1022.23	1.18854	22.0766					536.88		32.9117	23.4783	17.9108								
2015/12/06 02:00:00		0.93855	0.62825	15.4911	7.9094	1022.18	1.13021	22.0318					533.33		28.0533	19.9758	15.4967								
2015/12/06 02:05:00		0.6739	357.937	15.4797	7.8375	1022.15	1.17396	21.999					527.71		32.6275	22.7133	16.5975								
2015/12/06 02:10:00		0.57983	348.809	15.3896	7.7625	1022.14	1.12292	21.9762					517.71		28.6283	20.8958	16.4158								
2015/12/06 02:15:00		0.85301	347.121	15.3875	7.5969	1022.11	1.05729	21.97					513.13		24.9425	19.8683	16.2358								
2015/12/06 02:20:00		1.00883	16.2464	15.3865	7.4125	1022.09	1.02813	21.9529					504.58		24.2308	18.1808	15.4283								
2015/12/06 02:25:00		1.0501	4.9233	15.387	7.1604	1022.07	1.06458	21.936					500.63		23.32	18.3658	15.505								
2015/12/06 02:30:00		0.7199	9.251	15.3875	6.9333	1022.09	1.10833	21.893					493.333		24.5275	18.3733	15.3867								
2015/12/06 02:35:00		1.17194	354.624	15.3828	6.7021	1022.06	1.15208	21.872					496.458		20.8617	16.6458	14.155								
2015/12/06 02:40:00		0.71093	347.554	15.3927	6.451	1022.01	1.06458	21.8457					491.25		25.5033	18.405	15.4658								
2015/12/06 02:45:00		0.79393	347.996	15.3188	6.3146	1021.99	1.13021	21.8226					488.125		30.4742	23.6717	20.5633								
2015/12/06 02:50:00		1.1169	348.154	15.2932	6.0953	1022.0	1.11563	21.7934					477.917		44.9533	35.1642	30.6508								
2015/12/06 02:55:00		0.63993	6.272	15.2891	5.9385	1021.99	1.06458	21.7598					473.75		59.273	44.5758	39.555								
2015/12/06 03:00:00		0.7847	347.603	15.2911	5.8078	1021.95	1.17396	21.7287					472.917		56.537	45.2933	40.315								
2015/12/06 03:05:00		0.9548	347.907	15.2901	5.7234	1021.93	1.10833	21.7147					465.208		47.3867	36.725	32.38								
2015/12/06 03:10:00		0.9627	342.938	15.2297	5.6099	1021.88	1.12292	21.6948					458.958		40.37	32.4133	28.9467								
2015/12/06 03:15:00		1.22188	352.903	15.1932	5.4411	1021.85	1.13021	21.6498					452.708		33.46	27.245	24.325								
2015/12/06 03:20:00		0.97632	358.976	15.1964	5.3839	1021.82	1.1375	21.6307					449.583		45.6533	32.3317	25.3433								
2015/12/06 03:25:00		0.78843	333.374	15.1922	5.4021	1021.77	1.11563	21.6084					443.125		37.8733	28.2167	24.6483								
2015/12/06 03:30:00		0.83139	353.422	15.1667	5.4828	1021.77	1.18125	21.5821					437.708		39.965	30.27	26.275								
2015/12/06 03:35:00		0.80553	9.4842	15.0927	5.5161	1021.74	1.10104	21.5558					441.25		36.4267	28.7	25.23								
2015/12/06 03:40:00		0.479214	357.392	15.0911	5.5849	1021.77	1.12292	21.5279					433.75		39.7583	29.92	24.5017								
2015/12/06 03:45:00		0.80844	352.27	15.0885	5.5964	1021.78	1.05729	21.5088					433.333		34.3333	27.2492	24.0975								
2015/12/06 03:50:00		0.51578	3.32518	14.9964	5.6755	1021.75	1.07917	21.504					424.583		32.255	26.41	24.0692								
2015/12/06 03:55:00		0.393231	349.203	14.9885	5.6802	1021.74	1.18125	21.4554					422.5		33.47	26.715	24.39								
2015/12/06 04:00:00		0.86719	345.379	14.9849	5.575	1021.77	1.10833	21.4393					417.5		29.2208	25.9967	24.3983								
2015/12/06 04:05:00		0.71291	345.493	14.9839	5.4172	1021.81	1.07917	21.425					413.958		32.1433	26.8575	24.9608								
2015/12/06 04:10:00		0.57717	344.799	14.9885	5.2219	1021.81	1.13021	21.3926					409.583		30.9658	27.1208	25.3592								
2015/12/06 04:15:00		0.50875	335.546	14.9464	5.0484	1021.75	1.13021	21.3668					400.208		31.7767	27.405	25.7017								
2015/12/06 04:20:00		0.79031	350.316	14.888	4.89583	1021.7	1.07917	21.3437					398.75		33.7175	27.42	25.0308								
2015/12/06 04:25:00		0.788	4.86674	14.8865	4.75417	1021.63	1.11563	21.3222					391.458		29.3975	24.7342	22.9517								
2015/12/06 04:30:00		0.62248	13.3831	14.8906	4.63333	1021.58	1.11563	21.3007					391.25		29.475	23.2025	21.0642								
2015/12/06 04:35:00		0.476557	3.42289	14.8849	4.5224	1021.51	1.10104	21.265					386.458		22.9467	19.305	17.6417								
2015/12/06 04:40:00		0.463744	24.408	14.8854	4.26979	1021.54	1.10833	21.2551					382.292		21.3483	16.9892	15.66								
2015/12/06 04:45:00		0.412594	40.981	14.8865	4.0	1021.56	1.15937	21.2213					382.083		21.4692	16.9475	15.0292								
2015/12/06 04:50:00		0.303936	5.0633	14.8849	3.65104	1021.54	1.11563	21.2049					376.667		22.8892	17.2833	14.7667								
2015/12/06 04:55:00		0.336152	51.591	14.8849	3.36146	1021.52	1.09375	21.1931					372.5		23.7842	17.755	14.5								
2015/12/06 05:00:00		0.371668	33.1772	14.8896	3.15833	1021.6	1.10104	21.1821					374.583		24.2917	18.3083	15.5142								
2015/12/06 05:05:00		0.70764	43.7671	14.8099	2.96302	1021.71	1.06458	21.1767					367.708		28.965	20.2275	17.2167								
2015/12/06 05:10:00		0.65837	10.3641	14.7911	2.85313	1021.81	1.08646	21.1585					362.292		32.5042	23.6467	19.1825								
2015/12/06 05:15:00		0.57229	25.502	14.7901	2.66875	1021.83	1.14479	21.1536					365.0		42.2392	29.4308	22.89								
2015/12/06 05:20:00		0.365098	8.0086	14.7849	2.51615	1021.92	1.09375	21.1297					358.125		30.3008	25.52	23.9567								
2015/12/06 05:25:00		0.490763	358.532	14.7885	2.44792	1021.92	1.11563	21.1171					358.125		32.5575	27.1417	25.0208								
2015/12/06 05:30:00		0.478945	354.131	14.7255	2.40729	1022.01	1.11563	21.1026					356.042		35.7783	27.2275	24.5083								
2015/12/06 05:35:00		0.67794	343.895	14.6891	2.52135	1022.02	1.06458	21.0809					354.583		31.1825	23.8575	21.2508								
2015/12/06 05:40:00		0.80283	358.108	14.6922	2.575	1022.09	1.09375	21.0658					353.542		26.9767	21.6225	19.3125								
2015/12/06 05:45:00		0.87872	345.235	14.6167	2.67448	1022.17	1.11563	21.0529					349.375		29.3942	21.9692	19.2242								
2015/12/06 05:50:00		0.95097	352.711	14.5807	2.80677	1022.21	1.09375	21.0296					342.917		31.8433	22.5292	18.65								
2015/12/06 05:55:00		0.7881	3.80005	14.5807	3.10052	1022.32	1.13021	20.9506					345.417		35.5267	24.1975	19.8408								
2015/12/06 06:00:00		0.89764	4.37482	14.4823	3.27344	1022.37	1.11563	20.9093					346.25		29.2133	21.54	18.2608								
2015/12/06 06:05:00		0.75492	355.898	14.4745	3.40417	1022.44	1.06458	20.8704					343.125		33.2283	22.7967	18.4092								
2015/12/06 06:10:00		0.65026	352.685	14.4333	3.48594	1022.53	1.06458	20.8366					331.667		32.0192	22.0433	18.1158								
2015/12/06 06:15:00		1.00797	357.691	14.3781	3.57708	1022.6	1.04271	20.8009					336.25		29.355	21.1883	18.0992								
2015/12/06 06:20:00		0.77612	343.882	14.3807	3.65521	1022.63	1.09375	20.7598					337.708		33.3767	23.4067	18.7017								
2015/12/06 06:25:00		0.8579	349.282	14.3714	3.6875	1022.68	1.11563	20.7351					334.583		34.2067	24.1567	20.3483								
2015/12/06 06:30:00		0.77144	359.87	14.2828	3.78125	1022.73	1.13021	20.7058					326.667		39.1217	27.06	22.075								
2015/12/06 06:35:00		0.90221	332.12	14.2854	3.88854	1022.83	1.15937	20.673					334.167		45.98	32.065	25.0533								
2015/12/06 06:40:00		0.98442	325.892	14.2849	4.05521	1022.81	1.15208	20.6355					326.458		39.9683	27.0517	21.125								
2015/12/06 06:45:00		0.83655	338.31	14.2844	4.27812	1022.86	1.13021	20.6231					328.75		33.4933	22.8667	18.2517								
2015/12/06 06:50:00		0.72361	339.859	14.2807	4.48906	1022.98	1.07187	20.6049					331.667		38.27	25.795	18.7633								
2015/12/06 06:55:00		0.7957	339.094	14.2078	4.63438	1023.07	2.86562	20.5802					331.458		42.7758	28.6333	20.4933								
2015/12/06 07:00:00		0.6775	1.70395	14.1891	4.77292	1023.14	13.774	20.5694					338.125		50.954	34.2183	23.6058								
2015/12/06 07:05:00		0.51653	17.5509	14.1896	4.93646	1023.16	25.5719	20.5555					335.0		59.917	39.98	25.605								
2015/12/06 07:10:00		0.403738	356.45	14.2281	5.0203	1023.23	37.8438	20.5396					342.917		58.678	39.3075	26.0408								
2015/12/06 07:15:00		0.64311	5.9923	14.2901	4.99896	1023.28	52.143	20.5243					350.833		66.422	44.4575	28.725								
2015/12/06 07:20:00		0.68237	9.5499	14.2974	4.73073	1023.34	66.967	20.5179					352.5		53.877	36.215	26.15								
2015/12/06 07:25:00		0.470636	1.60848	14.3844	4.32917	1023.5	81.827	20.5071					351.458		53.956	36.2625	25.6892								
2015/12/06 07:30:00		0.488942	8.646	14.449	3.89271	1023.61	95.368	20.4889					358.333		62.208	41.4808	27.37								
2015/12/06 07:35:00		0.57044	356.873	14.5432	3.54844	1023.66	111.154	20.4849					354.375		66.923	44.65	28.1883								
2015/12/06 07:40:00		0.50633	39.7439	14.6427	2.96875	1023.78	127.232	20.483					357.917		59.562	40.2775	27.0567								
2015/12/06 07:45:00		0.62658	10.001	14.7307	2.27292	1023.95	144.426	20.4854					368.958		56.656	38.4933	29.0892								
2015/12/06 07:50:00		0.383687	0.59649	14.8281	1.81354	1024.03	160.621	20.4814					368.125		76.483	51.336	35.67								
2015/12/06 07:55:00		0.471431	40.946	14.9323	1.12812	1024.08	177.873	20.4889					381.458		83.263	56.108	42.1142								
2015/12/06 08:00:00		0.62469	45.7322	15.063	0.6026	1024.15	196.036	20.4972					382.083		89.144	59.434	43.5558								
2015/12/06 08:05:00		0.69622	36.7452	15.2078	0.360417	1024.19	214.579	20.5216					397.292		81.318	54.709	41.675								
2015/12/06 08:10:00		0.93491	55.259	15.3266	0.369271	1024.29	236.469	20.5243					392.917		72.33	48.4958	37.9675								
2015/12/06 08:15:00		0.7211	54.982	15.4323	0.357812	1024.37	262.186	20.5337					396.667		54.515	36.4142	26.7892								
2015/12/06 08:20:00		0.99202	69.434	15.5469	0.357292	1024.39	274.874	20.5407					399.375		50.301	33.5775	23.5008								
2015/12/06 08:25:00		0.65403	60.543	15.6438	0.360938	1024.41	291.827	20.556					399.583		49.6042	33.1792	23.235								
2015/12/06 08:30:00		1.14106	58.373	15.7521	0.361979	1024.46	308.335	20.5638					408.125		55.424	37.0108	24.3258								
2015/12/06 08:35:00		0.86005	49.4583	15.8385	0.359896	1024.49	326.565	20.5863					407.292		48.4275	32.7	23.66								
2015/12/06 08:40:00		0.69641	67.301	15.9375	0.3625	1024.51	347.018	20.5877					405.625		57.387	38.3517	25.7817								
2015/12/06 08:45:00		0.99052	61.781	16.0313	0.3625	1024.58	386.21	20.6126					419.792		58.127	38.7983	25.3975								
2015/12/06 08:50:00		1.24046	61.714	16.1359	0.364583	1024.58	396.025	20.6228					418.958		50.091	33.7567	24.5958								
2015/12/06 08:55:00		1.08823	67.254	16.2484	0.364062	1024.62	406.0	20.6454					421.875		46.5508	31.4058	23.8408								
2015/12/06 09:00:00		0.67161	59.238	16.3266	0.3625	1024.68	408.72	20.6669					427.708		52.412	35.1267	24.72								
2015/12/06 09:05:00		0.78447	30.7235	16.4401	0.364062	1024.73	425.979	20.6937					421.458		44.1717	30.1033	23.1542								
2015/12/06 09:10:00		1.05727	72.601	16.5396	0.363021	1024.76	444.019	20.7217					424.583		45.5883	30.5942	23.8575								
2015/12/06 09:15:00		1.00683	61.939	16.6432	0.359896	1024.8	457.61	20.7453					427.708		69.398	36.8717	25.5267								
2015/12/06 09:20:00		1.86767	49.5325	16.7615	0.3625	1024.84	475.971	20.7805					429.583		71.534	30.7992	22.015								
2015/12/06 09:25:00		1.69077	55.122	16.8125	0.360417	1024.89	490.948	20.8127					436.042		59.98	27.8842	20.7575								
2015/12/06 09:30:00		1.96929	56.772	16.9026	0.357812	1024.91	507.28	20.8374					433.125		52.746	25.9033	20.3175								
2015/12/06 09:35:00		1.32774	56.359	16.975	0.359896	1024.88	512.43	20.8535					433.958		59.513	29.77	22.3567								
2015/12/06 09:40:00		2.2802	53.31	17.1031	0.357292	1024.88	531.6	20.8779					439.583		50.932	25.5508	20.1817								
2015/12/06 09:45:00		1.51928	54.477	17.1896	0.360417	1024.87	544.02	20.9074					442.708		48.9633	25.8125	19.6392								
2015/12/06 09:50:00		1.07599	60.974	17.2401	0.358854	1024.86	556.51	20.9227					441.458		63.997	27.6583	19.84								
2015/12/06 09:55:00		0.99547	17.0939	17.2979	0.366146	1024.83	570.55	20.9469					445.208		58.795	23.8417	19.0067								
2015/12/06 10:00:00		0.96692	3.49839	17.3651	0.3625	1024.79	583.22	20.9813					453.75		43.0817	23.1967	18.595								
2015/12/06 10:05:00		1.01066	39.5065	17.4302	0.360417	1024.71	596.39	21.0014					451.042		42.34	23.47	19.6867								
2015/12/06 10:10:00		2.04143	49.6217	17.5063	0.358333	1024.65	610.84	21.0349					446.042		41.24	24.01	19.77								
2015/12/06 10:15:00		0.97313	32.0831	17.5323	0.360938	1024.55	615.22	21.068					443.542		49.4842	25.82	20.2817								
2015/12/06 10:20:00		0.55182	39.4488	17.625	0.365625	1024.38	627.63	21.094					443.333		48.8758	25.0192	20.2933								
2015/12/06 10:25:00		0.81922	46.2349	17.7432	0.367708	1024.29	651.69	21.119					443.125		56.66	24.4683	19.465								
2015/12/06 10:30:00		1.00188	344.832	17.8891	0.368229	1024.26	658.45	21.137					447.708		55.917	26.4167	19.3367								
2015/12/06 10:35:00		0.98759	67.021	18.0068	0.371354	1024.18	685.24	21.1714					447.917		47.09	22.6358	18.1725								
2015/12/06 10:40:00		0.96049	44.3196	18.0344	0.364583	1024.13	303.96	21.207					458.958		46.935	24.5567	19.2358								
2015/12/06 10:45:00		0.91925	47.3027	18.1068	0.367708	1024.07	365.079	21.2516					459.167		41.2042	24.5125	19.6075								
2015/12/06 10:50:00		1.11364	68.32	18.1063	0.364583	1023.92	389.258	21.2921					458.125		53.172	24.3558	19.1383								
2015/12/06 10:55:00		0.7944	39.0909	18.1125	0.367708	1023.79	444.383	21.3262					462.5		57.887	26.86	21.035								
2015/12/06 11:00:00		0.420556	49.9146	18.2068	0.365104	1023.74	433.584	21.3837					464.583		42.675	23.2142	19.0292								
2015/12/06 11:05:00		0.60541	55.55	18.2792	0.366146	1023.68	454.541	21.4256					460.625		36.5633	22.5883	19.2525								
2015/12/06 11:10:00		0.95191	52.388	18.3198	0.365625	1023.58	530.24	21.4801					453.75		52.356	25.0475	20.4675								
2015/12/06 11:15:00		0.66306	40.6609	18.4089	0.364062	1023.48	515.24	21.5547					466.25		48.3833	22.5383	19.105								
2015/12/06 11:20:00		1.26074	56.269	18.4078	0.368229	1023.37	503.98	21.6226					466.042		34.3258	21.4558	18.7783								
2015/12/06 11:25:00		0.92684	32.9989	18.4995	0.365625	1023.28	578.33	21.6836					456.458		43.2883	22.8608	18.8575								
2015/12/06 11:30:00		0.68236	58.497	18.6281	0.363542	1023.14	527.36	21.7456					450.833		48.9525	23.1317	18.4175								
2015/12/06 11:35:00		0.74093	44.1704	18.775	0.365104	1023.03	575.47	21.8232					452.917		47.3133	23.8825	18.9175								
2015/12/06 11:40:00		0.63447	63.557	18.8839	0.364583	1022.89	602.09	21.889					449.583		31.7125	20.3733	17.72								
2015/12/06 11:45:00		0.85242	33.7698	18.9141	0.368229	1022.74	607.16	21.9475					458.125		34.695	21.4992	18.1458								
2015/12/06 11:50:00		0.488643	1.80006	18.9651	0.363542	1022.58	630.74	22.0216					447.917		36.2683	20.605	17.8608								
2015/12/06 11:55:00		0.51123	71.504	19.0688	0.363542	1022.48	701.44	22.129					444.375		38.6017	20.1333	17.47								
2015/12/06 12:00:00		0.50419	15.0108	19.1172	0.366667	1022.36	733.01	22.2127					447.708		37.2117	21.5067	17.6008								
2015/12/06 12:05:00		1.1612	32.6719	19.2021	0.366667	1022.26	688.54	22.3043					451.042		32.6617	20.1733	16.7075								
2015/12/06 12:10:00		0.58977	1.97516	19.2151	0.360417	1022.17	688.84	22.3803					446.25		29.8158	19.13	17.1075								
2015/12/06 12:15:00		0.8207	53.002	19.2156	0.365104	1022.07	762.45	22.4487					440.625		31.2092	18.9058	16.6775								
2015/12/06 12:20:00		0.67065	58.36	19.2589	0.364583	1021.96	730.19	22.4981					429.167		34.6308	19.8983	17.1								
2015/12/06 12:25:00		0.56748	335.635	19.3135	0.3625	1021.79	727.85	22.5486					430.417		25.4058	17.935	16.3942								
2015/12/06 12:30:00		0.265988	4.09448	19.3563	0.358854	1021.59	742.31	22.616					419.375		26.0783	18.3792	16.6408								
2015/12/06 12:35:00		0.97924	349.105	19.4323	0.360417	1021.43	732.25	22.6584					414.583		31.4375	18.9783	16.9167								
2015/12/06 12:40:00		0.444092	330.043	19.5656	0.361979	1021.31	740.96	22.7129					410.833		31.9633	19.4875	17.2017								
2015/12/06 12:45:00		0.59382	314.616	19.6182	0.367188	1021.14	743.13	22.7524					411.667		25.0883	18.7525	16.865								
2015/12/06 12:50:00		1.00883	318.994	19.6146	0.363542	1021.02	738.54	22.7956					406.25		28.3217	18.8817	17.1633								
2015/12/06 12:55:00		1.34761	332.765	19.6172	0.367188	1020.91	717.51	22.8544					394.167		25.25	18.2417	16.6633								
2015/12/06 13:00:00		1.46427	319.219	19.7318	0.365625	1020.79	728.24	22.9057					397.917		26.5383	18.1467	16.755								
2015/12/06 13:05:00		0.62385	342.121	19.8922	0.363021	1020.72	714.68	22.9626					384.792		27.3083	18.5008	16.9175								
2015/12/06 13:10:00		0.6444	359.209	20.1542	0.366667	1020.53	704.03	23.0044					388.542		25.0917	18.335	16.5717								
2015/12/06 13:15:00		0.81668	43.7819	20.3427	0.367708	1020.42	698.21	23.0692					383.542		24.7558	17.9575	16.4267								
2015/12/06 13:20:00		0.56021	31.5163	20.4849	0.364583	1020.33	686.07	23.136					378.333		25.5267	18.23	16.5583								
2015/12/06 13:25:00		1.17823	36.8295	20.6286	0.363021	1020.3	683.78	23.2093					378.958		25.2017	17.955	16.1975								
2015/12/06 13:30:00		0.83783	8.3943	20.763	0.365104	1020.26	684.3	23.2872					383.75		27.4508	17.5158	15.6008								
2015/12/06 13:35:00		0.98683	329.036	20.9521	0.364062	1020.11	670.3	23.3889					372.292		26.8383	18.0475	15.6692								
2015/12/06 13:40:00		0.6024	311.475	21.0313	0.3625	1019.98	661.08	23.4885					362.708		27.0317	18.0858	15.5817								
2015/12/06 13:45:00		1.08649	328.856	21.1766	0.365104	1019.9	651.07	23.6139					363.333		24.4567	16.4933	15.0942								
2015/12/06 13:50:00		0.77156	301.106	21.2359	0.3625	1019.85	642.46	23.732					349.792		33.1542	19.0192	15.9217								
2015/12/06 13:55:00		0.76208	315.331	21.3958	0.363542	1019.83	633.57	23.8628					354.583		21.4042	15.8408	14.4108								
2015/12/06 14:00:00		0.360233	342.691	21.325	0.360938	1019.7	631.14	23.9849					347.708		27.2892	16.9567	14.9042								
2015/12/06 14:05:00		0.91174	1.41778	21.4255	0.359896	1019.67	620.54	24.1114					342.917		31.5333	17.9617	15.2833								
2015/12/06 14:10:00		0.420155	313.078	21.5396	0.361979	1019.67	613.87	24.2206					340.625		31.8367	18.5717	14.715								
2015/12/06 14:15:00		0.316392	338.672	21.5724	0.363542	1019.61	485.712	24.3245					333.75		22.69	15.3642	13.7917								
2015/12/06 14:20:00		0.88776	5.6733	21.4786	0.357812	1019.58	595.28	24.4322					327.083		25.0092	16.2208	14.4233								
2015/12/06 14:25:00		0.61245	67.834	21.399	0.358333	1019.51	555.58	24.5197					324.375		25.0142	16.7317	14.6967								
2015/12/06 14:30:00		1.14783	336.172	21.4245	0.358333	1019.53	548.38	24.6113					320.417		26.9983	16.82	14.6875								
2015/12/06 14:35:00		0.312044	0.422368	21.45	0.359896	1019.47	525.54	24.6827					313.958		25.5175	15.8475	14.1583								
2015/12/06 14:40:00		0.89268	30.1766	21.3958	0.361458	1019.42	509.42	24.746					317.708		24.46	16.2475	14.1342								
2015/12/06 14:45:00		0.476017	40.8581	21.3927	0.361979	1019.41	483.773	24.8083					307.083		26.2675	16.5292	14.1333								
2015/12/06 14:50:00		0.280738	9.5107	21.3937	0.358333	1019.37	459.149	24.8674					301.667		30.1175	18.1717	15.2108								
2015/12/06 14:55:00		0.54519	283.273	21.4479	0.360417	1019.38	475.592	24.92					311.042		37.48	18.4425	15.085								
2015/12/06 15:00:00		1.04425	325.386	21.4755	0.361979	1019.34	454.767	24.9533					301.667		44.17	20.6167	16.42								
2015/12/06 15:05:00		0.463095	286.821	21.4516	0.365104	1019.31	430.15	24.9782					297.5		43.0975	21.0858	16.5942								
2015/12/06 15:10:00		0.92263	338.133	21.3953	0.359375	1019.3	416.361	25.0027					302.917		27.9217	19.1733	16.5333								
2015/12/06 15:15:00		0.61099	311.769	21.3948	0.359896	1019.29	402.952	25.0121					295.833		46.8558	21.8742	17.1358								
2015/12/06 15:20:00		1.21784	304.481	21.3943	0.357812	1019.33	384.606	25.007					306.458		40.8	19.1	15.8692								
2015/12/06 15:25:00		1.01405	316.236	21.3182	0.3625	1019.3	363.635	25.0099					303.125		37.7942	20.4942	16.2275								
2015/12/06 15:30:00		0.549	357.684	21.2911	0.360417	1019.29	342.125	25.0089					295.833		47.5792	23.7825	18.3858								
2015/12/06 15:35:00		0.70003	331.324	21.276	0.359375	1019.3	237.686	24.9954					299.583		37.8525	20.5442	16.5808								
2015/12/06 15:40:00		0.70136	329.776	21.1906	0.359896	1019.3	93.414	24.9801					296.875		33.1483	19.7292	16.4442								
2015/12/06 15:45:00		0.77697	11.4437	21.1911	0.360417	1019.26	87.383	24.9715					298.958		43.6342	21.0233	17.3025								
2015/12/06 15:50:00		0.69057	27.5528	21.1943	0.357812	1019.24	85.838	24.9519					297.708		45.31	21.42	17.9417								
2015/12/06 15:55:00		1.11473	307.456	21.1911	0.360938	1019.27	82.41	24.9254					298.333		45.0633	21.2817	16.9								
2015/12/06 16:00:00		0.441401	358.61	21.1911	0.360938	1019.31	80.573	24.9049					301.667		40.7283	21.1933	16.9017								
2015/12/06 16:05:00		0.68287	332.135	21.1917	0.359375	1019.33	77.729	24.8931					294.375		38.5208	21.195	16.8875								
2015/12/06 16:10:00		1.0664	333.302	21.1906	0.358854	1019.34	75.141	24.8846					299.167		46.34	23.6467	18.4533								
2015/12/06 16:15:00		1.32644	318.137	21.1927	0.360417	1019.37	70.642	24.8733					301.875		49.445	25.7233	19.9467								
2015/12/06 16:20:00		0.96273	324.094	21.1927	0.357292	1019.37	68.629	24.8703					303.958		47.6317	26.3608	20.9008								
2015/12/06 16:25:00		1.11623	315.453	21.1911	0.353125	1019.42	57.816	24.877					301.458		44.2017	26.2983	21.5158								
2015/12/06 16:30:00		0.99647	320.862	21.1464	0.360417	1019.44	51.815	24.8816					302.917		44.3625	26.6208	22.5108								
2015/12/06 16:35:00		1.14392	308.844	21.0938	0.356771	1019.49	47.8698	24.8773					307.083		66.715	33.2083	25.195								
2015/12/06 16:40:00		1.7493	315.374	21.0906	0.359375	1019.55	44.1219	24.8964					308.958		59.024	35.3283	28.8342								
2015/12/06 16:45:00		1.0101	319.531	21.0438	0.363021	1019.62	38.1865	24.8953					310.417		63.406	34.4608	27.76								
2015/12/06 16:50:00		0.84167	312.677	20.9922	0.358333	1019.67	32.9292	24.8768					323.333		66.306	36.0225	28.21								
2015/12/06 16:55:00		0.65092	307.384	20.949	0.360938	1019.72	26.1406	24.8735					325.833		60.413	33.7817	27.2858								
2015/12/06 17:00:00		1.12709	309.535	20.888	0.360417	1019.75	18.1344	24.8819					329.167		60.11	33.8458	27.68								
2015/12/06 17:05:00		0.79094	307.354	20.7906	0.358854	1019.77	11.9365	24.8738					327.083		75.176	38.2125	29.43								
2015/12/06 17:10:00		1.13715	310.766	20.7677	0.358854	1019.79	5.476	24.869					339.583		64.564	37.585	29.8333								
2015/12/06 17:15:00		0.70694	307.258	20.6922	0.359896	1019.84	1.1375	24.8752					343.75		83.28	43.1508	31.6542								
2015/12/06 17:20:00		0.80341	313.171	20.6042	0.363021	1019.88	1.03542	24.8703					353.958		71.221	39.655	31.08								
2015/12/06 17:25:00		1.11223	323.201	20.538	0.361458	1019.98	1.12292	24.8674					356.458		77.702	41.2883	32.12								
2015/12/06 17:30:00		0.71418	304.773	20.4635	0.35625	1020.08	1.03542	24.8531					360.625		89.522	44.285	33.4833								
2015/12/06 17:35:00		0.78473	307.293	20.3828	0.3625	1020.18	1.03542	24.8668					369.583		96.141	46.765	34.3267								
2015/12/06 17:40:00		0.66333	314.552	20.2833	0.360417	1020.27	1.09375	24.844					374.583		108.844	50.124	35.9175								
2015/12/06 17:45:00		0.83832	318.567	20.2146	0.357812	1020.34	1.14479	24.8276					381.875		95.916	50.162	37.3892								
2015/12/06 17:50:00		0.67557	316.183	20.1703	0.358854	1020.42	1.13021	24.8118					393.125		97.479	50.383	37.8792								
2015/12/06 17:55:00		0.88216	307.105	20.0948	0.3625	1020.49	1.12292	24.7278					404.792		102.122	52.227	39.9367								
2015/12/06 18:00:00		0.80691	320.011	19.999	0.358854	1020.53	1.18125	24.6805					426.25		117.105	57.847	41.2158								
2015/12/06 18:05:00		0.62935	315.96	19.9891	0.3625	1020.6	1.12292	24.6435					436.875		116.724	57.73	42.56								
2015/12/06 18:10:00		0.0	502.0	19.937	0.361979	1020.67	1.14479	24.6048					460.625		129.055	61.29	44.3875								
2015/12/06 18:15:00		0.72968	308.508	19.8766	0.361979	1020.74	1.08646	24.579					490.625		113.875	60.371	45.5275								
2015/12/06 18:20:00		0.69916	314.119	19.8219	0.357812	1020.83	1.10104	24.5605					507.92		117.871	64.047	48.245								
2015/12/06 18:25:00		0.5625	10.8	19.788	0.361458	1020.88	1.1375	24.55					529.38		113.328	63.087	48.3								
2015/12/06 18:30:00		0.6664	327.379	19.7333	0.365104	1020.94	1.12292	24.5302					542.08		113.355	62.44	48.49								
2015/12/06 18:35:00		0.0	502.0	19.7188	0.361979	1020.97	1.10833	24.5122					557.08		131.378	68.46	48.925								
2015/12/06 18:40:00		0.0	502.0	19.7193	0.363542	1021.05	1.10833	24.4966					583.75		135.08	71.108	49.9517								
2015/12/06 18:45:00		0.5625	305.325	19.7182	0.363021	1021.14	1.04271	24.4778					598.33		134.117	68.164	48.9775								
2015/12/06 18:50:00		0.57168	88.193	19.6714	0.358333	1021.23	1.10833	24.4604					613.54		125.035	64.413	47.4533								
2015/12/06 18:55:00		0.95075	110.048	19.5797	0.360417	1021.33	1.06458	24.4443					621.88		106.382	60.453	46.775								
2015/12/06 19:00:00		1.21289	107.271	19.4609	0.358333	1021.45	1.06458	24.4314					640.63		115.847	64.757	49.6333								
2015/12/06 19:05:00		1.38519	93.242	19.3411	0.364062	1021.56	1.11563	24.4225					659.58		115.13	63.233	49.3575								
2015/12/06 19:10:00		1.53803	88.969	19.2583	0.356771	1021.65	1.09375	24.4053					666.04		119.123	63.538	49.685								
2015/12/06 19:15:00		1.16451	82.622	19.2156	0.359375	1021.69	1.07187	24.3965					677.92		111.842	61.478	47.2317								
2015/12/06 19:20:00		1.17266	79.248	19.1297	0.358854	1021.76	1.06458	24.3823					686.67		93.472	54.403	43.9883								
2015/12/06 19:25:00		1.2258	77.957	19.1193	0.359896	1021.84	1.10833	24.3619					692.92		117.553	59.222	44.5867								
2015/12/06 19:30:00		1.24707	82.049	19.1224	0.361979	1021.95	1.11563	24.3511					698.33		102.793	55.68	43.0733								
2015/12/06 19:35:00		0.81257	87.126	19.1198	0.359896	1022.02	1.20313	24.3227					706.04		110.877	57.153	43.3575								
2015/12/06 19:40:00		1.04916	73.208	19.1219	0.358333	1022.11	1.07917	24.3017					712.92		114.999	58.577	44.4125								
2015/12/06 19:45:00		1.02773	81.14	19.1203	0.360417	1022.18	1.05729	24.2886					715.0		113.667	54.666	42.7067								
2015/12/06 19:50:00		1.17409	73.763	19.1026	0.35625	1022.28	1.07917	24.2706					718.33		133.076	58.034	42.2958								
2015/12/06 19:55:00		1.05226	73.553	19.0161	0.359896	1022.31	1.08646	24.2577					729.17		128.128	60.078	43.8558								
2015/12/06 20:00:00		1.00643	80.198	18.9349	0.361458	1022.33	1.07187	24.2332					734.17		112.012	54.364	41.6642								
2015/12/06 20:05:00		0.89553	77.995	18.8854	0.3625	1022.34	1.07917	24.2142					737.08		114.475	56.018	42.78								
2015/12/06 20:10:00		1.16605	76.594	18.8188	0.360417	1022.44	1.13021	24.1873					748.33		104.709	49.5483	38.1675								
2015/12/06 20:15:00		1.23005	64.57	18.8156	0.361979	1022.52	1.10833	24.1771					750.21		99.647	47.37	36.7208								
2015/12/06 20:20:00		1.6453	69.259	18.725	0.363542	1022.58	1.07917	24.1586					747.08		89.232	46.1308	35.635								
2015/12/06 20:25:00		1.23762	71.65	18.7193	0.358333	1022.59	1.02083	24.1275					750.62		102.916	45.2467	34.87								
2015/12/06 20:30:00		1.04934	68.57	18.6255	0.364062	1022.65	1.08646	24.0993					756.67		126.853	51.25	36.27								
2015/12/06 20:35:00		0.90724	80.02	18.5885	0.361458	1022.72	1.10104	24.07					761.46		93.941	48.0233	35.9817								
2015/12/06 20:40:00		1.17636	74.813	18.5057	0.359896	1022.75	1.10104	24.0316					760.0		96.759	48.765	36.9592								
2015/12/06 20:45:00		1.37094	71.146	18.4385	0.358854	1022.79	1.10104	24.0091					760.21		101.126	51.887	38.06								
2015/12/06 20:50:00		1.83671	67.59	18.3448	0.360417	1022.85	1.07187	23.979					760.83		85.257	42.9908	34.5575								
2015/12/06 20:55:00		1.19132	74.745	18.2333	0.357812	1022.9	1.04271	23.946					766.46		82.531	41.5092	32.0								
2015/12/06 21:00:00		1.51269	69.181	18.137	0.361458	1022.98	1.12292	23.9138					762.5		100.363	43.345	30.6833								
2015/12/06 21:05:00		1.76006	65.457	18.026	0.363021	1023.07	1.10104	23.8706					763.96		72.193	38.0025	30.4442								
2015/12/06 21:10:00		1.79621	65.291	17.9219	0.363542	1023.14	1.05	23.8305					754.38		72.004	35.46	28.7958								
2015/12/06 21:15:00		1.64431	64.529	17.8328	0.359375	1023.18	1.09375	23.7908					761.25		83.364	37.7617	28.0842								
2015/12/06 21:20:00		1.86918	65.681	17.7396	0.361979	1023.22	1.10833	23.7519					753.54		55.318	35.2333	29.2117								
2015/12/06 21:25:00		1.8957	68.242	17.6271	0.353125	1023.28	1.13021	23.7146					751.67		62.611	38.6533	32.4133								
2015/12/06 21:30:00		1.82213	64.443	17.5182	0.358333	1023.35	1.16667	23.6748					749.38		61.199	38.6592	33.0617								
2015/12/06 21:35:00		2.11237	65.093	17.438	0.359896	1023.38	1.10104	23.6311					768.54		54.959	36.3167	31.6283								
2015/12/06 21:40:00		1.81236	66.608	17.3854	0.354688	1023.43	1.07187	23.5752					755.42		55.079	35.9775	31.0392								
2015/12/06 21:45:00		1.40066	68.456	17.3073	0.357812	1023.49	1.07917	23.5248					756.25		54.778	35.2367	30.835								
2015/12/06 21:50:00		1.74864	70.416	17.2458	0.360938	1023.48	1.10104	23.4971					752.08		68.356	37.6358	30.3092								
2015/12/06 21:55:00		2.67214	64.749	17.1958	0.353646	1023.48	1.10104	23.448					746.04		54.191	32.0433	26.9308								
2015/12/06 22:00:00		2.63116	63.272	17.1083	0.353125	1023.49	1.05729	23.4058					750.42		63.023	31.5183	25.29								
2015/12/06 22:05:00		1.69371	62.845	17.0625	0.357292	1023.5	1.08646	23.3559					753.75		56.717	28.5358	22.6133								
2015/12/06 22:10:00		2.06766	64.873	17.0031	0.355208	1023.52	1.04271	23.3073					752.08		52.468	27.4242	21.5667								
2015/12/06 22:15:00		1.51839	70.805	16.9042	0.357812	1023.56	1.04271	23.2694					739.37		53.085	26.9925	21.7683								
2015/12/06 22:20:00		2.12091	70.691	16.8526	0.359896	1023.6	1.06458	23.2225					742.92		44.5117	26.7658	22.4133								
2015/12/06 22:25:00		1.10123	68.232	16.8042	0.354688	1023.6	1.07187	23.1765					736.67		59.717	29.1625	22.9608								
2015/12/06 22:30:00		1.06454	61.059	16.7156	0.355729	1023.6	1.08646	23.1395					730.42		54.768	29.0092	23.6658								
2015/12/06 22:35:00		1.28515	59.838	16.6771	0.359375	1023.63	1.07917	23.1054					733.96		58.674	32.41	25.2992								
2015/12/06 22:40:00		1.30588	65.478	16.5995	0.358333	1023.64	1.10104	23.0436					721.88		49.21	30.4583	26.345								
2015/12/06 22:45:00		1.38451	69.568	16.5927	0.356771	1023.69	1.14479	22.9993					717.08		48.3092	30.3492	25.445								
2015/12/06 22:50:00		0.97719	73.731	16.5021	0.35625	1023.71	1.16667	22.9634					713.13		61.568	31.5117	25.91								
2015/12/06 22:55:00		1.1532	81.322	16.4802	0.359375	1023.75	1.09375	22.9129					707.5		89.032	39.4917	28.1517								
2015/12/06 23:00:00		1.24634	72.032	16.3969	0.357812	1023.8	1.18854	22.8775					708.54		121.687	47.685	31.025								
2015/12/06 23:05:00		1.14133	61.235	16.3312	0.358854	1023.77	1.10104	22.8485					702.5		80.8	38.5367	27.9825								
2015/12/06 23:10:00		0.61645	71.733	16.3	0.359896	1023.77	1.09375	22.8216					701.88		72.775	33.865	26.5383								
2015/12/06 23:15:00		0.539	49.3565	16.2318	0.357292	1023.77	1.12292	22.7787					696.88		89.192	40.215	28.3617								
2015/12/06 23:20:00		0.81675	61.057	16.1974	0.356771	1023.77	1.12292	22.7427					699.79		73.745	36.4358	25.9242								
2015/12/06 23:25:00		0.80662	56.5	16.1229	0.357812	1023.76	1.06458	22.71					697.08		72.193	34.5467	24.2975								
2015/12/06 23:30:00		1.21111	55.141	16.0677	0.363021	1023.79	1.13021	22.6823					688.54		37.5692	24.5692	20.6925								
2015/12/06 23:35:00		1.06667	55.907	15.9922	0.359896	1023.75	1.05	22.646					682.5		44.4392	24.6308	20.585								
2015/12/06 23:40:00		1.09543	67.691	15.8979	0.359375	1023.79	1.09375	22.6179					682.71		61.394	27.6292	21.185								
2015/12/06 23:45:00		0.83731	61.114	15.8812	0.355208	1023.82	1.10104	22.5851					678.13		68.249	31.2208	21.8283								
2015/12/06 23:50:00		1.00381	67.786	15.7974	0.359375	1023.78	1.09375	22.5631					677.08		58.132	30.1992	21.6058								
2015/12/06 23:55:00		1.5826	67.099	15.7427	0.358333	1023.84	1.09375	22.5623					672.5		46.06	25.1292	20.5292								
2015/12/07 00:00:00		1.57991	63.952	15.6734	0.35625	1023.85	1.04271	22.5666					664.58		41.375	24.5167	20.28								
