-- 1st mean values --
Format: XTAB(V:1;HEAD:2;COL:TCFFFFFFFFFFFFFFFFFFFFFFFF)
StartTime: 2015/12/26 00:00:00
EndTime: 2015/12/27 00:00:00
Period: 24 h
Station: Gia Lam

Time	MeasPt	Wind Spd.	Wind Dir.	Temp	RH	Barometer	Radiation	InnerTemp	NO	NO2	NOx	SO2	CO	O3	PM-10	PM-2.5	PM-1	CH4	NMHC	THC	BENZEN	TOLUEN	ETHYL BENZEN	MP-XYLEN	O-XYLEN
		m/s	degree	°C	%	hPa	W/m²	°C	µg/m3	µg/m3	µg/m3	µg/m3	µg/m3	µg/m3	µg/m3	µg/m3	µg/m3	ppm	ppmC	ppmC	ug/m3	ug/m3	ug/m3	ug/m3	ug/m3
2015/12/26 00:05:00		0.73807	355.256	13.099	2.36562	1021.42	1.06458	21.6694	4.0334	19.3589	23.3924	11.726	407.083	39.6669	1.74167	1.62	1.56								
2015/12/26 00:10:00		0.91948	15.2599	13.0964	2.36562	1021.36	1.01354	21.6645	3.7855	17.904	21.6895	11.726	398.333	39.8169	2.83833	2.67833	2.54167								
2015/12/26 00:15:00		1.2657	10.7112	13.0948	2.28021	1021.31	1.05	21.6549	3.60683	17.3905	20.9974	11.6736	373.542	39.7026	1.58	1.56	1.49667								
2015/12/26 00:20:00		0.430768	353.87	13.101	2.26198	1021.24	0.99896	21.646	3.7051	17.0961	20.8012	11.6116	351.458	40.1812	1.63	1.62167	1.535								
2015/12/26 00:25:00		0.81071	332.196	13.1896	2.29792	1021.17	1.02083	21.6487	4.4019	17.8595	22.2614	11.726	347.5	30.4949	1.82667	1.68667	1.555								
2015/12/26 00:30:00		0.79281	20.2384	13.2083	2.36406	1021.15	1.02083	21.6511	7.0797	18.0512	25.1309	11.726	353.958	28.9412	1.93667	1.625	1.52667								
2015/12/26 00:35:00		0.88694	346.634	13.2083	2.37083	1021.05	1.04271	21.6664	6.6419	18.9961	25.638	11.726	334.583	30.4735	1.735	1.60667	1.53833								
2015/12/26 00:40:00		1.13791	0.9611	13.2094	2.30625	1021.01	1.05	21.6868	7.3052	17.9348	25.2401	11.726	331.042	35.6166	1.61	1.55	1.49833								
2015/12/26 00:45:00		0.55888	11.2158	13.212	2.26094	1021.02	1.03542	21.6999	6.3829	18.0923	24.4752	11.6211	319.167	39.2812	1.61667	1.57667	1.515								
2015/12/26 00:50:00		0.87012	1.87733	13.1385	2.16927	1021.02	0.97708	21.7056	5.2148	17.4008	22.6156	11.6593	294.167	39.5098	1.56667	1.54333	1.48167								
2015/12/26 00:55:00		0.92345	10.7019	13.0995	2.21354	1020.88	1.07917	21.7048	4.74583	17.0824	21.8283	11.6926	292.083	35.8595	1.60833	1.6	1.53833								
2015/12/26 01:00:00		1.03187	9.0905	13.099	2.34323	1020.81	1.03542	21.7091	5.2863	16.9489	22.2352	11.7737	300.625	35.2059	1.56167	1.52667	1.47333								
2015/12/26 01:05:00		0.67428	57.833	13.1042	2.36823	1020.51	1.06458	21.7016	4.9982	17.0208	22.019	11.7117	293.958	36.6882	1.55667	1.46667	1.425								
2015/12/26 01:10:00		0.487956	15.3287	13.1005	2.36302	1020.29	0.98438	21.7048	3.8525	18.3901	22.2426	11.726	298.333	36.2596	1.47333	1.45167	1.39667								
2015/12/26 01:15:00		0.68898	39.8999	13.1026	2.36302	1020.24	1.02083	21.7	4.1406	19.0235	23.1641	11.726	287.917	32.295	1.59833	1.565	1.47667								
2015/12/26 01:20:00		0.307161	23.0064	13.176	2.43542	1020.14	1.06458	21.704	4.35947	17.9554	22.3149	11.7117	282.083	32.3379	1.7105	1.61183	1.56667								
2015/12/26 01:25:00		0.61313	36.9614	13.1599	2.46198	1020.22	1.05	21.697	4.8776	18.397	23.2746	11.726	288.958	36.9668	1.651	1.6085	1.56733								
2015/12/26 01:30:00		0.84265	9.8525	13.1807	2.44427	1020.16	1.01354	21.6991	3.8123	18.3183	22.1306	11.726	273.958	34.5809	1.6885	1.622	1.57317								
2015/12/26 01:35:00		0.82818	32.3254	13.1583	2.31667	1020.11	1.03542	21.7048	3.51527	17.5994	21.1146	11.726	252.5	42.1742	1.752	1.72567	1.6945								
2015/12/26 01:40:00		0.9955	21.3567	13.2	2.20104	1019.98	0.99167	21.7051	2.7671	17.2639	20.031	11.6783	263.125	37.7882	2.46	2.42333	2.33833								
2015/12/26 01:45:00		1.01997	13.0212	13.2115	2.0625	1020.04	0.97708	21.7018	2.9949	16.1171	19.1119	11.664	258.542	37.6239	3.51667	3.305	3.17333								
2015/12/26 01:50:00		0.64182	8.6476	13.2083	1.96406	1020.07	0.94063	21.6994	2.7604	15.0798	17.8402	11.6783	255.625	41.4385	3.90833	3.64667	3.52667								
2015/12/26 01:55:00		0.56424	355.702	13.2094	1.86875	1020.16	0.96979	21.7013	2.4723	14.9634	17.4357	11.7308	267.917	36.481	4.10333	3.73833	3.56667								
2015/12/26 02:00:00		0.57907	22.0261	13.2312	1.86406	1020.02	0.99896	21.7026	1.8827	15.3571	17.2398	11.807	263.125	38.074	3.55667	3.42	3.26								
2015/12/26 02:05:00		0.52585	72.341	13.3109	1.86354	1019.9	0.99167	21.7067	2.4388	15.8672	18.306	11.8833	275.208	31.3699	3.21167	3.015	2.905								
2015/12/26 02:10:00		0.349075	30.2257	13.3104	1.75208	1019.86	0.94792	21.7201	3.53983	15.8329	19.3727	11.9691	301.458	33.1701	2.47833	2.40333	2.35333								
2015/12/26 02:15:00		0.54488	24.8064	13.3609	1.56979	1019.88	1.00625	21.7273	2.61077	16.9318	19.5426	11.8547	284.167	31.6057	2.33167	2.24167	2.15333								
2015/12/26 02:20:00		0.83711	17.186	13.3984	1.39271	1020.07	0.97708	21.7349	3.216	16.9934	20.2094	11.8261	284.375	37.1846	2.03167	1.99667	1.935								
2015/12/26 02:25:00		0.552	343.668	13.4016	1.19062	1020.03	1.01354	21.7485	2.98597	14.9634	17.9494	11.7975	278.958	35.6095	2.00667	1.96333	1.905								
2015/12/26 02:30:00		0.318361	41.0138	13.4042	1.0651	1019.81	0.97708	21.7647	2.89887	15.9733	18.8721	11.6688	280.417	34.5666	1.87	1.80833	1.72								
2015/12/26 02:35:00		0.69591	328.99	13.4047	0.92344	1019.99	1.00625	21.7767	3.32543	14.7717	18.0971	11.6402	282.5	34.9166	1.84333	1.78167	1.68333								
2015/12/26 02:40:00		0.76308	318.912	13.4552	0.8651	1020.01	1.02813	21.7775	2.4723	15.9459	18.4182	11.9357	289.583	34.0594	1.78167	1.73	1.64833								
2015/12/26 02:45:00		0.498982	351.675	13.5047	0.85521	1020.0	0.98438	21.7845	3.2964	15.6686	18.965	11.7403	296.667	33.9523	1.8	1.73167	1.62833								
2015/12/26 02:50:00		0.58574	323.482	13.4984	0.85417	1019.93	1.00625	21.7738	2.6063	15.2509	17.8573	11.7498	314.375	34.2808	1.71333	1.70167	1.66333								
2015/12/26 02:55:00		0.76644	317.037	13.5005	0.85573	1019.9	1.02813	21.7698	1.98767	14.9292	16.9168	11.6783	340.208	37.2953	1.95833	1.88333	1.75833								
2015/12/26 03:00:00		0.6401	308.337	13.5339	0.75677	1019.79	1.00625	21.7641	2.0368	13.796	15.8328	11.726	363.542	35.5524	2.34	2.14	2.02667								
2015/12/26 03:05:00		0.459558	337.32	13.6052	0.78802	1019.68	0.9625	21.755	1.69287	14.1247	15.8175	11.726	419.167	30.5342	2.635	2.38833	2.28833								
2015/12/26 03:10:00		0.61192	16.7305	13.6651	0.92344	1019.65	1.03542	21.7373	2.9949	13.4879	16.4828	11.726	454.167	29.6484	2.6	2.49167	2.365								
2015/12/26 03:15:00		0.57131	333.593	13.7177	0.88698	1019.58	0.9625	21.7327	2.38967	14.2924	16.6821	11.6545	479.375	30.3627	2.26333	2.20667	2.1								
2015/12/26 03:20:00		0.55565	19.3119	13.7156	0.78802	1019.64	0.9625	21.7324	2.6599	14.5766	17.2365	11.726	519.79	29.6127	2.23	2.095	1.975								
2015/12/26 03:25:00		0.58506	4.47644	13.7146	0.495833	1019.57	0.94063	21.7375	2.34277	14.847	17.1898	11.726	526.04	29.2269	2.15	2.02	1.88167								
2015/12/26 03:30:00		0.74407	9.6966	13.7141	0.357812	1019.63	0.97708	21.748	2.97703	15.939	18.9161	11.726	505.63	29.2698	2.03	1.935	1.83								
2015/12/26 03:35:00		0.8691	338.104	13.7135	0.358333	1019.77	0.94063	21.7561	2.62863	15.1756	17.8043	11.726	475.0	28.7984	1.93667	1.88667	1.81667								
2015/12/26 03:40:00		0.69414	344.368	13.7448	0.355208	1019.92	0.99896	21.7762	4.37734	14.8059	19.1833	11.726	446.25	31.9343	1.84167	1.76833	1.69083								
2015/12/26 03:45:00		0.78926	352.359	13.8026	0.353646	1019.9	0.99167	21.7864	3.8458	13.9056	17.7514	11.726	411.875	30.6699	1.80533	1.7495	1.6775								
2015/12/26 03:50:00		0.78604	5.5427	13.8083	0.355729	1019.87	1.02813	21.8009	3.20707	15.2201	18.4272	11.6068	390.0	33.1951	1.76383	1.7255	1.66767								
2015/12/26 03:55:00		0.71584	11.9935	13.8094	0.353646	1019.87	0.93333	21.8135	3.15123	14.0322	17.1835	11.726	359.792	30.3199	1.75883	1.71833	1.66433								
2015/12/26 04:00:00		0.95343	22.4302	13.8328	0.352083	1019.73	0.9625	21.8216	3.64033	14.6074	18.2477	11.6259	347.708	25.941	1.80783	1.75183	1.699								
2015/12/26 04:05:00		0.68275	35.2776	13.9109	0.356771	1019.49	0.96979	21.8283	6.6084	16.6614	23.2698	11.6307	365.417	22.5086	1.86983	1.80717	1.74733								
2015/12/26 04:10:00		0.87858	21.825	13.9115	0.356771	1019.48	0.9625	21.843	6.7402	16.9318	23.672	11.726	385.208	26.0232	2.31316	2.19561	2.09474								
2015/12/26 04:15:00		1.36139	6.8878	13.9078	0.352604	1019.5	0.99896	21.8511	6.8988	16.6819	23.5807	11.7212	385.0	28.8841	2.2	1.975	1.905								
2015/12/26 04:20:00		1.20578	19.3574	13.9141	0.357812	1019.48	1.01354	21.8626	5.8312	16.1307	21.962	11.7165	363.958	36.8382	1.75167	1.73333	1.67								
2015/12/26 04:25:00		0.75205	21.0308	13.9109	0.355208	1019.26	0.95521	21.8618	5.293	15.7302	21.0232	11.726	350.208	33.4201	1.76	1.71833	1.64167								
2015/12/26 04:30:00		1.02831	35.7853	13.9125	0.355729	1019.06	0.99896	21.8675	4.9446	14.532	19.4766	11.6593	335.417	34.0058	1.86	1.71333	1.62								
2015/12/26 04:35:00		0.67322	36.8103	13.8333	0.360417	1019.0	1.05	21.8629	3.99767	15.2955	19.2931	11.6974	343.542	36.5381	1.90167	1.73167	1.62833								
2015/12/26 04:40:00		0.65393	55.94	13.8161	0.357812	1018.98	1.02813	21.8621	4.27237	15.2646	19.537	11.726	327.708	32.2843	2.00267	1.77	1.66633								
2015/12/26 04:45:00		0.83372	32.4883	13.8151	0.35625	1018.85	1.01354	21.857	3.8592	16.3122	20.1714	11.726	343.125	33.7701	1.90067	1.735	1.65267								
2015/12/26 04:50:00		1.00812	23.205	13.763	0.359896	1019.06	1.02083	21.8514	5.0362	17.2399	22.2761	11.726	333.75	30.6771	1.853	1.70717	1.63867								
2015/12/26 04:55:00		0.496109	3.92738	13.7135	0.359896	1019.25	0.99896	21.8511	4.25897	16.0965	20.3555	11.726	334.375	37.2311	1.81683	1.69817	1.63583								
2015/12/26 05:00:00		0.331879	20.3256	13.7161	0.357812	1019.28	1.01354	21.8447	4.27237	15.7439	20.0163	11.7117	342.292	28.9162	1.75333	1.58167	1.55167								
2015/12/26 05:05:00		0.69162	20.1118	13.7182	0.355729	1019.27	0.96979	21.8339	6.4655	16.5484	23.0139	11.726	368.75	26.1196	1.98833	1.62333	1.53833								
2015/12/26 05:10:00		0.70005	31.2664	13.7161	0.35625	1019.15	0.99167	21.8288	6.9211	16.9626	23.8837	11.726	388.958	31.9236	1.725	1.58667	1.51833								
2015/12/26 05:15:00		0.355418	31.3529	13.7167	0.357812	1019.17	0.99896	21.8181	6.968	17.8458	24.8138	11.726	414.167	30.627	1.975	1.63833	1.55333								
2015/12/26 05:20:00		0.302469	64.333	13.7177	0.357812	1019.23	1.06458	21.8127	8.1628	18.0478	26.2106	11.726	407.292	26.5875	2.27333	1.665	1.56833								
2015/12/26 05:25:00		0.56334	31.8946	13.7823	0.359375	1019.17	1.05	21.7979	11.0438	18.8728	29.9167	11.6926	420.0	26.7625	2.06	1.66	1.57667								
2015/12/26 05:30:00		0.61604	5.2469	13.812	0.353125	1019.1	0.98438	21.7995	12.8126	19.6225	32.4352	11.726	441.875	21.33	2.60833	1.87717	1.65833								
2015/12/26 05:35:00		0.67817	355.792	13.737	0.356771	1019.23	0.97708	21.7365	15.448	20.5537	36.0017	11.5592	460.625	26.2517	1.71833	1.70833	1.67								
2015/12/26 05:40:00		0.63997	18.3107	13.7151	0.35625	1019.16	0.96979	21.6006	14.5345	20.8515	35.3861	11.6402	495.417	26.1232	1.84333	1.76167	1.69167								
2015/12/26 05:45:00		0.77033	13.6801	13.7135	0.357812	1019.21	0.98438	21.4728	15.1867	21.1288	36.3155	11.7212	549.58	21.5872	2.02667	1.94	1.80167								
2015/12/26 05:50:00		0.434538	0.254579	13.7151	0.352083	1019.35	0.97708	21.3869	18.9163	20.8652	39.7816	11.726	630.42	20.5942	1.94	1.89167	1.815								
2015/12/26 05:55:00		0.51997	6.8601	13.7151	0.358333	1019.51	0.97708	21.3201	18.0677	20.6359	38.7035	11.726	697.71	22.7229	2.02333	1.96667	1.87167								
2015/12/26 06:00:00		0.323532	318.025	13.7125	0.357812	1019.55	0.95521	21.2712	18.8024	20.5674	39.3698	11.726	751.88	17.944	2.04667	1.94167	1.875								
2015/12/26 06:05:00		0.61509	14.0078	13.7219	0.360938	1019.61	0.99896	21.2159	20.1804	20.3825	40.5629	11.726	811.46	21.68	2.185	1.89833	1.81								
2015/12/26 06:10:00		0.447796	3.7053	13.7177	0.357812	1019.7	1.02813	21.1727	21.1519	22.0326	43.1845	11.726	863.96	18.2369	2.16333	1.95167	1.87833								
2015/12/26 06:15:00		0.345991	318.326	13.7151	0.357292	1019.73	1.01354	21.1483	21.402	21.1494	42.5514	11.726	902.92	17.2226	1.96667	1.91833	1.85167								
2015/12/26 06:20:00		0.289146	52.681	13.8052	0.360417	1019.72	0.98438	21.1158	21.679	20.9987	42.6777	11.726	951.04	18.0583	2.27833	1.94833	1.855								
2015/12/26 06:25:00		0.86152	356.957	13.812	0.359375	1019.78	0.98438	21.1077	21.4847	21.7792	43.2639	11.726	1001.46	18.6298	2.10167	1.965	1.865								
2015/12/26 06:30:00		0.66703	2.81052	13.7349	0.358333	1019.73	0.99167	21.1031	20.5913	21.721	42.3124	11.726	994.58	20.3442	2.08067	1.90183	1.80717								
2015/12/26 06:35:00		0.487241	20.0728	13.712	0.359896	1019.75	1.01354	21.1013	21.7102	22.3852	44.0954	11.7165	969.79	17.2797	2.056	1.87883	1.78433								
2015/12/26 06:40:00		0.55937	345.135	13.6167	0.351042	1019.89	0.95521	21.0967	20.7231	20.0915	40.8146	11.726	963.13	23.4873	2.00433	1.8415	1.74833								
2015/12/26 06:45:00		0.7383	344.254	13.5641	0.357292	1019.98	0.98438	21.0878	19.7516	20.136	39.8876	11.726	906.04	20.4228	1.98367	1.7945	1.70883								
2015/12/26 06:50:00		0.7293	342.126	13.4995	0.349479	1019.9	0.94792	21.0865	22.6281	21.8374	44.4656	11.726	917.08	15.8796	1.98317	1.77233	1.68867								
2015/12/26 06:55:00		0.83997	13.9661	13.4844	0.352083	1019.88	0.9625	21.0747	28.3991	21.9915	50.391	11.7165	945.83	19.9942	1.95017	1.76017	1.67417								
2015/12/26 07:00:00		0.72625	19.1996	13.4021	0.35	1019.95	0.94063	21.0717	29.8306	20.8549	50.686	11.726	952.5	17.394	1.54667	1.53667	1.48833								
2015/12/26 07:05:00		0.84463	343.591	13.3125	0.354167	1020.08	0.98438	21.0532	30.2661	21.7176	51.984	11.726	951.04	21.3586	1.71167	1.63333	1.52								
2015/12/26 07:10:00		0.71306	4.91491	13.2437	0.50208	1020.14	0.98438	21.0247	29.107	22.3783	51.485	11.726	907.5	19.0727	1.61833	1.505	1.44083								
2015/12/26 07:15:00		0.54487	355.482	13.2047	0.82813	1020.09	0.96979	21.0019	29.8485	21.8409	51.689	11.6307	893.33	15.2439	1.63733	1.54567	1.47717								
2015/12/26 07:20:00		0.75233	20.7803	13.2031	1.15573	1020.06	0.97708	20.9759	31.1193	23.5902	54.709	11.6068	939.79	16.7583	1.65983	1.58167	1.5165								
2015/12/26 07:25:00		0.65331	10.3276	13.2078	1.33646	1020.16	0.99896	20.948	29.3572	20.9576	50.315	11.5639	935.83	22.3586	1.61083	1.559	1.47633								
2015/12/26 07:30:00		1.08875	337.791	13.2089	1.51823	1020.18	1.02083	20.9324	29.3125	22.4947	51.807	11.726	941.25	15.3082	2.02745	1.97647	1.84706								
2015/12/26 07:35:00		0.61391	311.195	13.2068	1.71146	1020.4	1.04271	20.9219	31.9277	23.823	55.751	11.726	997.92	17.2583	1.77807	1.72368	1.65								
2015/12/26 07:40:00		1.01623	318.011	13.2099	1.87031	1020.5	1.02083	20.9123	31.155	21.7484	52.903	11.726	1022.92	15.8653	1.66117	1.61567	1.56133								
2015/12/26 07:45:00		0.72883	313.849	13.2943	2.07135	1020.47	1.07917	20.9042	35.2643	24.3399	59.604	11.726	1095.21	12.5866	1.69133	1.64783	1.59583								
2015/12/26 07:50:00		1.24751	314.45	13.3083	2.23542	1020.61	1.03542	20.8905	35.2621	23.7853	59.047	11.726	1201.88	14.8581	1.72767	1.67633	1.62017								
2015/12/26 07:55:00		0.376335	337.335	13.312	2.34219	1020.64	1.02083	20.8814	37.9175	22.4845	60.402	11.726	1215.42	12.8151	1.77283	1.7135	1.649								
2015/12/26 08:00:00		0.74022	326.054	13.3078	2.42448	1020.79	1.07187	20.8809	37.2319	22.7891	60.021	11.726	1305.42	15.6153	1.789	1.73017	1.6665								
2015/12/26 08:05:00		0.93087	329.095	13.3036	2.46458	1020.88	1.06458	20.8846	37.2185	23.7579	60.976	11.726	1367.08	14.1867	1.854	1.72733	1.65817								
2015/12/26 08:10:00		1.019	333.245	13.3177	2.48854	1020.73	3.44167	20.8784	43.8783	24.6857	68.564	11.726	1481.25	10.9364	2.03167	1.83667	1.77167								
2015/12/26 08:15:00		0.398532	15.6646	13.4021	2.59479	1020.73	12.1406	20.8782	53.435	25.1855	78.62	11.726	1694.17	10.9507	1.78167	1.7075	1.6575								
2015/12/26 08:20:00		0.77991	23.2894	13.3839	2.58958	1020.89	19.0167	20.8774	54.395	25.3155	79.711	11.726	1724.17	14.5653	1.76	1.65667	1.60167								
2015/12/26 08:25:00		0.63577	354.83	13.3062	2.51094	1020.99	13.9125	20.8688	52.419	24.1276	76.546	11.726	1651.25	18.6798	1.79	1.66833	1.58333								
2015/12/26 08:30:00		0.89181	331.265	13.3057	2.38333	1021.21	6.074	20.8733	46.6164	22.9569	69.573	11.726	1531.04	20.1013	1.875	1.54	1.43667								
2015/12/26 08:35:00		0.55069	0.70582	13.3073	2.26823	1021.33	4.09792	20.8629	43.1525	24.4049	67.557	11.726	1412.29	17.9869	1.67	1.445	1.35833								
2015/12/26 08:40:00		0.64684	352.917	13.3099	2.1849	1021.46	8.5604	20.858	39.1637	24.4392	63.603	11.726	1337.71	20.1799	1.58333	1.45	1.37333								
2015/12/26 08:45:00		0.80627	325.408	13.313	2.16615	1021.65	15.2979	20.8537	37.6227	24.4871	62.11	11.726	1256.46	15.2724	1.77833	1.45	1.375								
2015/12/26 08:50:00		1.03957	317.595	13.4052	2.1375	1021.71	8.8302	20.8408	37.4217	25.6373	63.059	11.726	1250.83	16.0011	1.618	1.37217	1.29183								
2015/12/26 08:55:00		0.425891	359.988	13.4047	2.04896	1021.58	16.5229	20.8239	38.1118	25.562	63.674	11.726	1236.04	14.8724	1.52167	1.37333	1.28333								
2015/12/26 09:00:00		0.5736	332.742	13.4021	1.96302	1021.68	18.9219	20.8102	41.5065	26.2125	67.719	11.726	1331.25	12.0937	1.49217	1.32417	1.2545								
2015/12/26 09:05:00		0.5906	334.672	13.4036	1.84844	1021.78	18.1198	20.8089	41.4127	26.0584	67.471	11.726	1339.79	14.2652	1.524	1.34183	1.2765								
2015/12/26 09:10:00		0.76464	337.733	13.3964	1.70573	1021.76	20.125	20.8035	41.0018	26.2364	67.238	11.726	1295.83	14.7153	1.556	1.35467	1.2845								
2015/12/26 09:15:00		0.54583	4.26745	13.4891	1.6401	1021.76	23.676	20.8011	42.344	28.3383	70.682	11.726	1316.88	12.6366	1.60083	1.36717	1.28833								
2015/12/26 09:20:00		0.61546	16.4181	13.499	1.5526	1021.76	27.8979	20.7984	41.5891	27.4825	69.072	11.726	1316.88	15.0081	1.5535	1.3665	1.27433								
2015/12/26 09:25:00		0.66689	3.29261	13.5021	1.46042	1021.79	24.5073	20.8073	40.1732	27.2668	67.44	11.726	1306.67	14.1795	1.435	1.39833	1.325								
2015/12/26 09:30:00		0.360667	0.7941	13.5323	1.3526	1021.78	20.9635	20.8199	40.0146	27.5784	67.593	11.7165	1303.33	14.5438	1.88833	1.46833	1.41								
2015/12/26 09:35:00		0.70992	12.6384	13.612	1.3875	1021.77	30.45	20.8339	53.368	29.0196	82.387	11.6211	1443.13	9.4506	2.03833	1.69	1.53417								
2015/12/26 09:40:00		0.70196	31.5334	13.7161	1.36198	1021.65	39.3021	20.8596	55.838	29.4954	85.333	11.6831	1573.33	11.5651	1.9161	1.63559	1.55593								
2015/12/26 09:45:00		0.64637	31.4201	13.7141	1.06094	1021.77	33.6729	20.8801	53.75	30.4916	84.241	11.726	1584.38	14.5795	1.69167	1.58883	1.47917								
2015/12/26 09:50:00		0.342239	9.4863	13.7104	0.75781	1021.7	45.2302	20.9002	51.092	30.0295	81.121	11.726	1537.71	13.8866	1.608	1.51517	1.44667								
2015/12/26 09:55:00		0.85439	43.8865	13.7141	0.74427	1021.67	61.046	20.9182	58.46	33.6	92.06	11.726	1647.92	13.1794	1.63183	1.51517	1.45983								
2015/12/26 10:00:00		0.78739	50.859	13.7307	0.65104	1021.61	83.657	20.941	54.283	33.8054	88.089	11.726	1635.21	14.4581	1.6595	1.53933	1.48667								
2015/12/26 10:05:00		0.5118	59.742	13.8146	0.63437	1021.54	95.659	20.9582	50.779	36.6707	87.45	11.726	1650.21	12.4937	1.68233	1.55967	1.50633								
2015/12/26 10:10:00		0.63635	39.7414	13.8865	0.79844	1021.54	83.847	20.9923	62.113	38.8856	100.999	11.726	1819.17	9.2363	1.75983	1.62033	1.55967								
2015/12/26 10:15:00		0.398267	51.097	14.0208	1.00417	1021.53	81.083	21.0339	79.257	39.0671	118.324	11.726	2202.5	9.4721	1.82433	1.659	1.594								
2015/12/26 10:20:00		0.83303	10.4824	14.0781	0.61406	1021.49	105.299	21.0699	75.636	37.5163	113.153	11.726	2326.46	15.8082	1.859	1.6855	1.6155								
2015/12/26 10:25:00		0.67491	30.0094	14.0833	0.368229	1021.47	92.334	21.0975	77.908	37.554	115.462	11.726	2233.96	13.9366	1.877	1.70367	1.63283								
2015/12/26 10:30:00		0.6323	357.455	14.0828	0.354167	1021.51	99.203	21.1209	69.89	38.4509	108.341	11.726	2132.71	17.1869	0.69667	0.60667	0.58333								
2015/12/26 10:35:00		0.57468	8.5611	14.0813	0.353125	1021.48	83.249	21.1585	61.828	34.7948	96.622	11.8023	1975.21	19.1156	0.0	0.0	0.0								
2015/12/26 10:40:00		0.88196	327.643	14.1115	0.358854	1021.48	85.808	21.1883	58.042	34.2162	92.258	11.7975	1873.96	16.4725	1.97933	1.89967	1.80167								
2015/12/26 10:45:00		0.99357	321.598	14.1823	0.356771	1021.56	48.4677	21.2127	54.779	33.1995	87.979	11.8118	1742.29	13.9866	2.31667	1.87368	1.75965								
2015/12/26 10:50:00		1.2847	318.333	14.1885	0.355729	1021.43	48.1396	21.2449	51.398	31.2379	82.636	11.7355	1657.29	14.9153	3.096	2.296	2.0466								
2015/12/26 10:55:00		0.87036	318.382	14.1833	0.358854	1021.31	59.588	21.2779	46.3819	30.0295	76.411	11.4638	1571.25	19.687	2.31455	1.88727	1.79091								
2015/12/26 11:00:00		1.27945	325.003	14.2188	0.357292	1021.27	70.503	21.3083	42.8532	29.4852	72.338	11.4829	1474.38	15.701	2.723	1.92	1.72667								
2015/12/26 11:05:00		1.18827	315.799	14.2844	0.357812	1021.28	72.027	21.3233	40.64	29.7796	70.42	11.6402	1438.75	19.5942	2.741	1.95183	1.74533								
2015/12/26 11:10:00		0.66121	313.077	14.3078	0.356771	1021.15	66.631	21.3367	37.5736	27.9823	65.556	11.6021	1355.0	18.3012	2.67733	2.02583	1.816								
2015/12/26 11:15:00		1.60829	317.232	14.3797	0.358854	1021.08	37.7708	21.3649	42.9649	29.2045	72.169	11.6783	1506.04	12.5508	3.505	2.33667	1.835								
2015/12/26 11:20:00		1.18669	319.348	14.3823	0.354688	1021.03	39.6885	21.3872	39.8181	28.0439	67.862	11.726	1502.29	18.7441	2.75	1.98167	1.68								
2015/12/26 11:25:00		1.40336	317.429	14.3807	0.360938	1021.0	43.7938	21.4052	39.2776	27.616	66.894	11.726	1435.42	20.2656	2.61	1.845	1.60333								
2015/12/26 11:30:00		1.28787	311.037	14.3792	0.357812	1020.91	38.4562	21.4226	36.7718	26.9587	63.731	11.7498	1395.0	15.401	3.13833	2.21833	1.73167								
2015/12/26 11:35:00		0.8592	319.005	14.3828	0.358333	1020.74	53.915	21.4801	32.4436	28.9785	61.422	11.726	1368.75	20.0228	2.60833	1.73667	1.43333								
2015/12/26 11:40:00		1.22174	316.439	14.3823	0.355729	1020.74	52.237	21.6165	28.8301	26.4521	55.282	11.7451	1293.75	22.1443	2.50333	1.78333	1.355								
2015/12/26 11:45:00		1.31976	317.383	14.3417	0.358333	1020.71	34.6354	21.7037	25.6186	25.3156	50.934	11.788	1192.29	28.3055	1.54	1.305	1.255								
2015/12/26 11:50:00		1.20305	309.936	14.287	0.359896	1020.64	13.4823	21.7657	26.5231	26.8492	53.372	11.8309	1171.25	16.9226	1.37333	1.26	1.21667								
2015/12/26 11:55:00		0.83335	318.337	14.2328	0.355208	1020.46	18.9073	21.8149	28.2159	26.6986	54.915	12.012	1154.38	16.9226	1.295	1.29333	1.27667								
2015/12/26 12:00:00		0.73588	315.861	14.1839	0.356771	1020.45	40.7385	21.8436	25.4622	26.9519	52.414	11.8166	1127.92	22.1872	1.84833	1.34333	1.26								
2015/12/26 12:05:00		0.86244	317.507	14.1526	0.355208	1020.3	40.1771	21.8637	23.9659	27.0272	50.993	11.8166	1083.33	19.3227	1.32	1.22167	1.13667								
2015/12/26 12:10:00		0.6874	312.4	14.0745	0.35625	1020.29	33.7896	21.8678	25.7972	26.5582	52.355	11.7451	1023.96	16.5868	1.285	1.14333	1.05833								
2015/12/26 12:15:00		1.02784	323.849	13.9807	0.359375	1020.16	38.0917	21.8581	28.6559	25.9797	54.636	11.7403	999.79	14.2438	1.38833	1.18167	1.08167								
2015/12/26 12:20:00		0.80535	314.721	13.9641	0.359375	1020.12	33.6729	21.8417	34.6747	27.2258	61.9	11.726	1063.96	15.251	1.32133	1.08	1.0035								
2015/12/26 12:25:00		0.69987	305.187	13.9104	0.358854	1019.99	62.832	21.8436	33.0891	25.6716	58.761	11.6164	1060.42	17.3012	1.158	0.98683	0.9265								
2015/12/26 12:30:00		0.50831	329.472	13.9115	0.357812	1019.75	81.849	21.8503	34.5608	24.8602	59.421	11.6688	1115.0	15.551	1.22683	0.98917	0.92217								
2015/12/26 12:35:00		0.81861	311.243	13.9109	0.52396	1019.58	98.233	21.8516	40.0548	27.8146	67.869	11.726	1246.46	11.9508	1.26717	1.02133	0.9465								
2015/12/26 12:40:00		0.77282	329.988	13.9271	0.7349	1019.46	90.781	21.8667	41.3658	27.236	68.602	11.6879	1358.96	16.4297	1.278	1.05317	0.9785								
2015/12/26 12:45:00		0.69547	316.583	13.9151	0.86354	1019.29	75.41	21.8804	41.1849	25.6921	66.877	11.7308	1342.29	21.2728	1.337	1.22533	1.131								
2015/12/26 12:50:00		0.5631	299.911	13.9135	0.86042	1019.27	50.035	21.8884	35.4564	24.7781	60.234	11.7737	1250.63	22.9087	1.46949	1.39831	1.31695								
2015/12/26 12:55:00		0.95581	316.602	13.913	0.9875	1019.22	61.979	21.9	37.7031	26.904	64.607	11.726	1205.42	13.7866	1.83621	1.54655	1.48621								
2015/12/26 13:00:00		0.90737	318.12	13.9083	1.18542	1019.2	62.052	21.9121	35.4631	26.1645	61.628	11.726	1185.42	21.0157	1.48917	1.47	1.385								
2015/12/26 13:05:00		0.72353	325.689	13.8432	1.34687	1019.11	22.2031	21.9164	32.3096	26.7431	59.053	11.726	1153.33	17.8512	0.0	0.0	0.0								
2015/12/26 13:10:00		0.76859	303.97	13.8177	1.50104	1018.97	20.6281	21.9207	33.2655	26.055	59.32	11.726	1140.21	17.3154	0.0	0.0	0.0								
2015/12/26 13:15:00		0.91114	319.738	13.8135	1.68698	1018.85	35.875	21.9172	33.9042	25.9146	59.819	11.726	1118.33	15.9225	0.0	0.0	0.0								
2015/12/26 13:20:00		0.70522	16.2176	13.8167	1.87083	1018.72	38.1865	21.9123	36.4123	26.3186	62.731	11.726	1159.38	16.0082	0.0	0.0	0.0								
2015/12/26 13:25:00		0.88944	2.2142	13.6948	1.88854	1018.67	39.2729	21.9	34.5742	25.5244	60.099	11.6354	1160.63	21.2514	0.0	0.0	0.0								
2015/12/26 13:30:00		0.83433	39.658	13.6031	1.93177	1018.64	38.9083	21.8965	32.6781	25.9215	58.6	11.44	1112.08	20.5442	0.0	0.0	0.0								
2015/12/26 13:35:00		0.7374	51.302	13.6068	2.14063	1018.55	40.9938	21.8871	39.0588	27.1813	66.24	11.5878	1128.33	11.0222	1.00267	0.94167	0.87383								
2015/12/26 13:40:00		0.55319	37.8182	13.6073	2.36198	1018.52	38.9885	21.8683	41.5177	28.6533	70.171	11.6307	1204.58	13.2723	0.9245	0.899	0.85667								
2015/12/26 13:45:00		0.91003	355.57	13.6005	2.52708	1018.58	47.4542	21.8559	43.311	29.2318	72.543	11.7403	1249.17	17.494	0.95233	0.91367	0.86833								
2015/12/26 13:50:00		0.66089	8.2221	13.5995	2.61406	1018.67	38.6021	21.8406	45.5957	28.8005	74.396	11.44	1251.88	12.9723	0.95533	0.90283	0.86283								
2015/12/26 13:55:00		0.56746	30.8581	13.6052	2.74844	1018.66	23.3917	21.8409	43.9944	29.8207	73.815	11.5496	1261.46	15.4296	1.02833	0.96033	0.89717								
2015/12/26 14:00:00		0.56917	55.84	13.6057	2.84635	1018.47	8.7573	21.8293	44.2982	29.2832	73.581	11.6211	1250.83	15.3653	0.0	0.0	0.0								
2015/12/26 14:05:00		0.64393	50.352	13.6375	2.9849	1018.46	4.13438	21.8294	48.5661	30.1972	78.763	11.7165	1298.75	11.8651	0.0	0.0	0.0								
2015/12/26 14:10:00		0.95079	317.561	13.7896	3.20937	1018.41	29.5021	21.8232	61.205	31.8404	93.045	11.5401	1535.21	10.8579	0.96833	0.86167	0.79667								
2015/12/26 14:15:00		0.78317	314.446	13.8385	3.37344	1018.39	46.4917	21.8264	61.135	29.9713	91.107	11.44	1624.38	13.9938	0.88333	0.855	0.80167								
2015/12/26 14:20:00		0.0	502.0	13.8729	3.4776	1018.35	85.378	21.8275	59.219	29.9234	89.142	11.44	1596.46	15.4439	1.29667	1.13167	1.05833								
2015/12/26 14:25:00		0.436604	333.141	13.9104	3.575	1018.34	66.318	21.8283	58.643	29.7179	88.361	11.44	1617.08	14.6295	1.32167	1.13833	1.06833								
2015/12/26 14:30:00		0.0	502.0	13.9224	3.6849	1018.22	56.08	21.8361	61.499	29.2284	90.728	11.5306	1683.33	12.5723	1.185	1.115	1.03333								
2015/12/26 14:35:00		0.0	502.0	13.976	3.77292	1018.09	52.186	21.8401	67.418	30.5361	97.954	11.5544	1731.46	11.1222	1.25333	1.15833	1.08167								
2015/12/26 14:40:00		0.382119	14.5288	13.9823	3.80573	1018.09	60.987	21.8371	68.525	30.697	99.222	11.5496	1748.13	11.5651	1.56333	1.21667	1.14833								
2015/12/26 14:45:00		0.62263	81.609	13.9833	3.8474	1018.08	67.477	21.8331	72.907	31.635	104.542	11.502	1804.17	11.8722	3.535	3.23	3.06333								
2015/12/26 14:50:00		0.69116	46.8431	13.9839	3.87656	1018.07	69.336	21.8363	95.491	34.5894	130.08	11.6211	1960.21	11.9937	1.65333	1.365	1.28								
2015/12/26 14:55:00		0.97164	68.091	13.9859	3.84219	1017.9	44.1875	21.8323	82.383	32.6689	115.052	11.6259	1925.21	12.6866	1.24667	1.16	1.125								
2015/12/26 15:00:00		0.4364	73.801	14.0667	3.85885	1017.9	28.0146	21.8347	93.447	32.6997	126.147	11.5878	1965.42	9.8649	1.78333	1.35833	1.25								
2015/12/26 15:05:00		0.74296	346.449	14.175	3.89792	1018.07	27.0521	21.8328	98.532	33.4973	132.03	11.5973	2136.46	11.8722	1.66	1.43	1.33167								
2015/12/26 15:10:00		0.68473	1.54282	14.1859	3.8776	1018.12	44.1875	21.8396	90.756	32.4635	123.219	11.5306	2127.29	13.5152	1.49833	1.42167	1.33833								
2015/12/26 15:15:00		1.02453	315.12	14.101	3.81562	1018.25	18.3385	21.8404	85.59	33.1995	118.79	11.6783	2070.83	17.2583	1.43667	1.32833	1.255								
2015/12/26 15:20:00		0.66655	349.026	14.0854	3.70521	1018.21	7.1531	21.843	77.952	31.8301	109.782	11.6259	1957.92	16.0296	1.59667	1.36	1.26333								
2015/12/26 15:25:00		0.79849	312.324	14.0839	3.67188	1018.28	27.9927	21.8592	76.239	32.2307	108.47	11.6307	1878.33	12.6294	1.63833	1.40167	1.32								
2015/12/26 15:30:00		0.65641	316.451	14.0813	3.66562	1018.26	35.3865	21.8648	71.699	31.2448	102.944	11.7212	1839.38	17.7798	1.575	1.36167	1.31833								
2015/12/26 15:35:00		0.68813	15.3348	14.0849	3.61302	1018.15	40.3958	21.8874	66.636	29.4338	96.07	11.7165	1754.58	20.8871	0.405	0.405	0.405								
2015/12/26 15:40:00		0.59604	20.2819	14.0833	3.52969	1018.06	44.5521	21.9115	61.703	30.6936	92.396	11.645	1670.63	18.0441	0.0	0.0	0.0								
2015/12/26 15:45:00		0.63659	51.013	14.1646	3.40573	1017.97	39.7177	21.9292	58.219	30.0363	88.255	11.6211	1604.58	19.6013	0.0	0.0	0.0								
2015/12/26 15:50:00		0.52327	355.424	14.1839	3.23229	1017.88	11.5281	21.9402	54.056	29.6289	83.685	11.502	1517.08	18.2726	0.0	0.0	0.0								
2015/12/26 15:55:00		0.64858	18.3048	14.1844	3.12135	1017.88	11.2219	21.9491	52.088	31.0428	83.131	11.44	1482.92	18.8155	0.0	0.0	0.0								
2015/12/26 16:00:00		0.67033	48.1924	14.1865	2.95573	1017.74	26.5417	21.9625	47.6281	29.8994	77.527	11.44	1427.92	18.7012	0.0	0.0	0.0								
2015/12/26 16:05:00		0.48591	20.537	14.2312	2.91198	1017.92	26.3667	21.9754	49.0328	32.3745	81.407	11.5782	1542.5	12.9223	0.0	0.0	0.0								
2015/12/26 16:10:00		0.67239	10.2236	14.2839	2.90156	1018.02	30.3479	21.9899	51.197	32.5935	83.79	11.726	1681.04	15.8082	1.56333	1.32333	1.265								
2015/12/26 16:15:00		0.65187	339.463	14.2833	2.70729	1018.25	20.001	22.0127	47.8804	32.6278	80.508	11.726	1664.38	19.2584	1.44237	1.37458	1.3339								
2015/12/26 16:20:00		0.70156	1.99942	14.287	2.58281	1018.18	25.6375	22.0267	46.1652	32.3265	78.492	11.6307	1630.0	14.7796	1.46417	1.35183	1.31333								
2015/12/26 16:25:00		0.85425	12.2248	14.3677	2.54635	1018.12	34.6281	22.0482	47.0764	32.4429	79.519	11.726	1641.04	13.9724	1.6755	1.5175	1.40433								
2015/12/26 16:30:00		0.7515	24.7704	14.3792	2.35	1018.29	15.2104	22.0597	44.8654	32.5936	77.459	11.726	1645.42	18.1584	1.15067	0.90767	0.851								
2015/12/26 16:35:00		0.81751	330.647	14.3766	2.04948	1018.42	3.99583	22.0753	41.8728	31.2448	73.118	11.726	1608.13	16.8726	0.0	0.0	0.0								
2015/12/26 16:40:00		0.63566	329.772	14.3781	1.97656	1018.44	3.69688	22.0965	52.032	33.8636	85.896	11.726	1628.54	12.3508	0.0	0.0	0.0								
2015/12/26 16:45:00		0.82281	315.363	14.3792	1.84948	1018.54	0.99896	22.1035	45.7096	32.5182	78.228	11.5925	1633.54	14.0795	0.0	0.0	0.0								
2015/12/26 16:50:00		0.89471	341.525	14.4641	1.80833	1018.49	1.05729	22.1164	49.312	31.8678	81.18	11.7784	1728.13	12.9294	0.0	0.0	0.0								
2015/12/26 16:55:00		1.09111	323.358	14.4797	1.7651	1018.48	1.02083	22.1303	51.014	31.6145	82.628	11.6783	1760.42	11.5079	0.0	0.0	0.0								
2015/12/26 17:00:00		0.69313	312.854	14.476	1.83958	1018.41	1.02813	22.1499	54.156	31.5015	85.658	11.5639	1874.79	11.1007	0.0	0.0	0.0								
2015/12/26 17:05:00		0.83098	330.03	14.4776	1.64375	1018.38	0.99896	22.1673	50.931	29.5708	80.502	11.5687	1907.92	17.744	0.0	0.0	0.0								
2015/12/26 17:10:00		0.53591	1.08148	14.4755	1.43385	1018.37	1.06458	22.1829	49.8234	29.1463	78.97	11.4495	1850.63	14.0152	0.0	0.0	0.0								
2015/12/26 17:15:00		0.50464	342.32	14.4755	1.35104	1018.4	1.01354	22.2004	48.5236	30.4711	78.995	11.4972	1822.08	14.501	2.59667	2.34333	2.18								
2015/12/26 17:20:00		0.55685	315.026	14.4781	1.25885	1018.5	1.12292	22.2106	45.5667	30.8203	76.387	11.5592	1777.29	17.0297	4.25667	3.75	3.505								
2015/12/26 17:25:00		0.63952	331.124	14.4802	1.24896	1018.42	1.02813	22.2197	44.5595	29.4817	74.041	11.5544	1749.58	14.3581	1.35333	1.01667	0.84								
2015/12/26 17:30:00		0.77749	334.241	14.4771	1.25833	1018.44	1.02083	22.2256	43.7532	29.4441	73.197	11.583	1742.71	12.3294	1.86167	1.37	1.305								
2015/12/26 17:35:00		0.94346	20.8474	14.4812	1.36198	1018.41	0.9625	22.1875	48.6621	30.7415	79.404	11.6783	1771.88	11.4079	2.175	1.51	1.41333								
2015/12/26 17:40:00		0.75591	16.454	14.4776	1.30729	1018.44	1.00625	22.071	50.48	30.0089	80.489	11.44	1814.79	13.3366	2.22333	1.64333	1.415								
2015/12/26 17:45:00		0.74624	357.466	14.4714	1.21406	1018.46	1.05	21.9778	47.8023	30.6594	78.462	11.44	1880.83	14.3224	2.32167	1.63167	1.36833								
2015/12/26 17:50:00		0.471424	4.66437	14.475	1.06823	1018.46	0.98438	21.9174	48.2177	29.3585	77.576	11.5306	1883.54	12.3865	1.92167	1.50333	1.33167								
2015/12/26 17:55:00		0.386167	278.109	14.5719	1.15625	1018.64	1.02813	21.8729	63.471	30.8648	94.336	11.44	2043.54	10.015	2.24167	1.72	1.56667								
2015/12/26 18:00:00		0.62098	337.348	14.5792	1.09948	1018.72	0.96979	21.8369	59.619	30.0192	89.638	11.44	2155.21	12.308	2.28167	1.545	1.35333								
2015/12/26 18:05:00		0.51794	357.511	14.5828	0.94635	1018.8	0.99167	21.8132	60.188	28.9169	89.105	11.44	2117.92	13.8652	2.21333	1.57	1.325								
2015/12/26 18:10:00		0.71924	350.951	14.5786	0.7224	1018.86	0.99896	21.7851	56.291	28.2357	84.527	11.5782	2044.79	12.9509	2.98333	2.02167	1.78667								
2015/12/26 18:15:00		0.55582	350.918	14.5802	0.62187	1018.98	0.97708	21.7633	54.574	28.6875	83.261	11.7117	1955.63	11.5865	0.0	0.0	0.0								
2015/12/26 18:20:00		0.484501	321.012	14.5776	0.55313	1019.06	1.02813	21.7418	52.171	29.1736	81.344	11.4829	1882.29	14.1009	0.0	0.0	0.0								
2015/12/26 18:25:00		0.62343	316.83	14.5807	0.55781	1019.16	1.02083	21.7421	50.56	28.465	79.025	11.6593	1813.33	12.2294	0.0	0.0	0.0								
2015/12/26 18:30:00		0.66123	328.006	14.6771	0.61875	1019.3	1.03542	21.7518	51.737	28.222	79.959	11.5878	1843.54	10.2221	0.0	0.0	0.0								
2015/12/26 18:35:00		0.67947	336.557	14.6849	0.67552	1019.3	1.05729	21.7553	55.708	28.9066	84.615	11.5449	1919.58	10.1078	0.0	0.0	0.0								
2015/12/26 18:40:00		0.382831	62.933	14.6917	0.60938	1019.29	0.94792	21.7657	58.292	28.174	86.466	11.5592	1915.42	9.7078	0.0	0.0	0.0								
2015/12/26 18:45:00		0.61326	20.9187	14.6906	0.60469	1019.31	0.96979	21.7842	59.987	28.6738	88.661	11.5639	1997.92	9.4863	0.0	0.0	0.0								
2015/12/26 18:50:00		0.54903	8.4385	14.7109	0.427083	1019.31	1.00625	21.81	63.679	28.0508	91.73	11.4829	2038.54	9.8435	0.0	0.0	0.0								
2015/12/26 18:55:00		0.5949	349.077	14.7526	0.356771	1019.42	0.95521	21.8269	66.122	26.5959	92.718	11.6068	1998.13	9.5685	1.32767	1.08083	0.98217								
2015/12/26 19:00:00		0.56529	28.266	14.7875	0.353125	1019.44	0.99167	21.8465	73.314	26.702	100.016	11.44	2002.5	8.8684	2.188	1.73733	1.57583								
2015/12/26 19:05:00		0.444215	28.2372	14.7849	0.353125	1019.46	0.96979	21.8661	81.378	25.5449	106.923	11.44	2093.75	9.1149	0.86667	0.70667	0.64167								
2015/12/26 19:10:00		0.65695	5.7521	14.8255	0.350521	1019.45	0.9625	21.8933	83.67	26.7636	110.433	11.5067	2167.92	8.6041	0.0	0.0	0.0								
2015/12/26 19:15:00		0.55743	42.0049	14.8818	0.352083	1019.67	0.99167	21.9142	86.865	25.8872	112.753	11.5496	2237.5	10.6936	0.0	0.0	0.0								
2015/12/26 19:20:00		0.54736	315.801	14.8839	0.35625	1019.79	0.99167	21.9346	94.984	26.5959	121.58	11.6402	2360.0	8.7899	0.0	0.0	0.0								
2015/12/26 19:25:00		0.80211	321.455	14.8953	0.35625	1019.83	0.9625	21.9478	100.442	25.206	125.648	11.6116	2422.08	8.7399	0.0	0.0	0.0								
2015/12/26 19:30:00		0.59005	341.844	14.913	0.354167	1019.8	0.97708	21.9692	91.053	24.0044	115.057	11.7022	2382.29	10.9579	0.0	0.0	0.0								
2015/12/26 19:35:00		0.54255	21.7313	14.8781	0.350521	1019.85	0.91146	21.9727	86.182	24.3776	110.56	11.4638	2245.83	10.4543	0.0	0.0	0.0								
2015/12/26 19:40:00		0.53202	344.473	14.8844	0.355729	1019.88	1.02083	21.9862	83.734	24.1345	107.869	11.726	2137.92	9.072	0.0	0.0	0.0								
2015/12/26 19:45:00		0.92099	27.1302	14.8844	0.35625	1019.95	0.92604	22.0001	80.842	24.7747	105.617	11.6164	2107.08	9.5685	0.0	0.0	0.0								
2015/12/26 19:50:00		0.76242	349.972	14.8813	0.354167	1020.05	0.91146	22.0254	79.357	23.5765	102.934	11.5401	2023.54	11.6722	6.64	4.565	3.53								
2015/12/26 19:55:00		0.69199	346.881	14.8771	0.352604	1020.14	0.99896	22.0455	70.911	24.9492	95.86	11.44	1886.88	11.9508	9.82	6.55	5.43								
2015/12/26 20:00:00		0.5995	3.16738	14.8823	0.357812	1020.23	0.99896	22.0541	76.8	26.2056	103.005	11.5496	1828.54	10.0542	8.415	6.435	5.815								
2015/12/26 20:05:00		0.314952	355.739	14.8828	0.352604	1020.39	1.02813	22.0629	70.042	22.8097	92.851	11.44	1718.33	12.1365	7.0	4.96333	3.915								
2015/12/26 20:10:00		0.58163	306.232	14.8807	0.354688	1020.47	0.99896	22.0793	67.295	24.1105	91.405	11.5401	1614.38	9.4899	7.8383	5.5867	4.50667								
2015/12/26 20:15:00		0.52369	321.976	14.962	0.355729	1020.55	1.06458	22.0938	66.087	25.3909	91.477	11.4686	1548.54	9.2899	11.365	7.575	5.43								
2015/12/26 20:20:00		0.70153	313.526	14.9828	0.353125	1020.42	1.08646	22.0965	67.473	24.1824	91.656	11.521	1486.88	9.0363	6.1233	4.08	2.935								
2015/12/26 20:25:00		0.62916	311.342	14.9792	0.353646	1020.38	1.04271	22.1061	65.484	25.0588	90.542	11.5592	1465.42	11.0579	0.0	0.0	0.0								
2015/12/26 20:30:00		0.53929	294.799	14.9958	0.355729	1020.38	1.07917	22.1185	67.498	23.9633	91.461	11.6736	1415.63	8.7042	0.84667	0.69	0.62667								
2015/12/26 20:35:00		0.5625	296.55	15.0865	0.353125	1020.47	1.07917	22.1341	75.237	25.0383	100.275	11.5925	1593.54	8.6434	2.24833	1.83333	1.665								
2015/12/26 20:40:00		0.68084	331.588	15.1615	0.354688	1020.53	1.05	22.1558	83.62	23.5046	107.125	11.7355	1687.92	8.6113	2.21333	1.80333	1.64								
2015/12/26 20:45:00		0.5566	306.456	15.1922	0.355729	1020.65	1.08646	22.1596	77.166	22.4845	99.651	11.6593	1629.58	9.9328	3.11333	2.26667	1.81667								
2015/12/26 20:50:00		0.66675	344.089	15.1917	0.354688	1020.71	1.12292	22.1695	79.473	22.3681	101.841	11.6307	1566.67	8.6327	6.7117	4.975	3.92								
2015/12/26 20:55:00		0.93393	318.441	15.1932	0.353646	1020.8	1.07187	22.1751	77.555	23.128	100.683	11.8213	1522.5	9.6435	8.58	5.86	4.155								
2015/12/26 21:00:00		0.60627	328.074	15.1901	0.356771	1020.78	1.06458	22.1727	84.552	24.1345	108.686	11.807	1549.38	8.6791	8.05	6.5583	5.9667								
2015/12/26 21:05:00		0.80456	319.061	15.2839	0.35625	1020.78	1.08646	22.1746	94.151	24.5385	118.689	11.44	1718.33	8.5506	7.4133	6.0367	5.49								
2015/12/26 21:10:00		0.52348	326.0	15.2891	0.353646	1020.8	1.03542	22.1773	102.934	23.6587	126.593	11.645	1813.33	8.2184	6.4783	5.2833	4.80167								
2015/12/26 21:15:00		0.77516	309.525	15.287	0.353125	1020.81	1.06458	22.177	100.156	23.4841	123.64	11.7451	1823.13	8.8363	6.64	5.41	4.92								
2015/12/26 21:20:00		0.76998	310.204	15.2911	0.35625	1020.82	1.04271	22.1762	105.17	23.306	128.476	11.7832	1805.63	8.4934	4.92	3.59	2.97								
2015/12/26 21:25:00		0.8598	325.23	15.2891	0.356771	1020.9	1.10833	22.184	97.744	22.7207	120.465	11.8023	1690.21	9.8078	4.87333	3.24833	2.43833								
2015/12/26 21:30:00		0.56894	325.781	15.288	0.352604	1020.98	1.07187	22.2001	94.856	22.4331	117.289	11.7784	1646.88	8.9113	0.0	0.0	0.0								
2015/12/26 21:35:00		0.75842	328.204	15.2849	0.358333	1021.03	1.08646	22.2146	87.565	22.012	109.577	11.6879	1623.13	10.6221	1.23333	1.08333	0.96667								
2015/12/26 21:40:00		0.69784	329.932	15.288	0.354167	1021.05	1.05	22.2262	83.283	20.7796	104.063	11.95	1561.88	9.4721	7.2433	4.82667	2.94333								
2015/12/26 21:45:00		0.76532	319.594	15.288	0.353646	1021.07	1.06458	22.2412	78.129	22.1935	100.322	11.9643	1500.21	10.1864	3.33833	2.22667	1.635								
2015/12/26 21:50:00		0.69352	325.885	15.2875	0.357292	1021.1	1.09375	22.2484	69.294	20.2079	89.502	11.7594	1409.79	11.7794	4.53	3.01833	2.565								
2015/12/26 21:55:00		0.57093	322.381	15.2906	0.351563	1021.03	1.04271	22.2611	74.424	22.0394	96.463	11.6021	1457.29	9.0613	0.0	0.0	0.0								
2015/12/26 22:00:00		0.0	502.0	15.2859	0.35	1020.99	1.05729	22.2791	68.708	20.6804	89.389	11.521	1470.63	9.9757	0.0	0.0	0.0								
2015/12/26 22:05:00		0.52158	15.3581	15.2807	0.353125	1020.97	1.03542	22.2799	65.222	21.4848	86.707	11.6831	1452.29	11.0507	0.0	0.0	0.0								
2015/12/26 22:10:00		0.50625	342.337	15.2896	0.354167	1020.99	1.05	22.2968	61.077	21.6355	82.713	11.7212	1378.33	9.1649	0.0	0.0	0.0								
2015/12/26 22:15:00		0.69663	340.348	15.2859	0.353125	1021.07	1.04271	22.3051	59.84	22.2311	82.071	11.726	1374.17	8.897	0.0	0.0	0.0								
2015/12/26 22:20:00		0.60592	312.592	15.2885	0.355729	1021.08	1.04271	22.3223	55.983	22.3441	78.327	11.726	1347.5	9.2792	0.0	0.0	0.0								
2015/12/26 22:25:00		0.5625	343.013	15.287	0.351563	1021.04	1.01354	22.3274	54.312	23.508	77.82	11.6688	1401.25	9.5578	0.0	0.0	0.0								
2015/12/26 22:30:00		0.79307	336.961	15.2906	0.353125	1021.06	1.05729	22.3336	53.14	21.769	74.909	11.6497	1407.71	9.9292	0.0	0.0	0.0								
2015/12/26 22:35:00		0.57139	323.607	15.3005	0.357292	1021.11	1.06458	22.3448	54.335	21.8956	76.23	11.7212	1407.71	9.2935	6.1567	4.10167	3.12								
2015/12/26 22:40:00		0.82018	321.801	15.3839	0.357812	1021.09	1.07187	22.3545	58.663	22.4126	81.076	11.7451	1429.58	9.5792	6.7667	4.88	4.09833								
2015/12/26 22:45:00		0.64718	312.799	15.3828	0.353646	1021.12	1.04271	22.3644	59.99	22.0428	82.032	11.7451	1431.46	10.0042	6.93	4.62	3.44								
2015/12/26 22:50:00		0.79647	325.569	15.3854	0.355208	1021.11	1.02813	22.3762	55.804	21.8819	77.686	11.6497	1388.54	10.7079	8.4267	5.7683	4.545								
2015/12/26 22:55:00		0.97048	324.634	15.3833	0.356771	1021.1	1.07187	22.3859	55.367	21.3684	76.735	11.8023	1347.08	10.2221	10.995	7.335	5.37								
2015/12/26 23:00:00		0.79513	322.794	15.3542	0.353646	1021.17	1.05729	22.394	50.996	20.5023	71.498	11.7641	1302.5	9.8185	9.44	6.47	5.265								
2015/12/26 23:05:00		0.7768	317.721	15.2911	0.355208	1021.25	1.05	22.3993	47.9586	20.944	68.903	11.726	1216.25	9.8471	3.79833	3.18667	2.91167								
2015/12/26 23:10:00		0.84587	332.491	15.287	0.355208	1021.3	1.07917	22.4034	44.9994	22.3201	67.32	11.664	1145.21	9.0577	0.0	0.0	0.0								
2015/12/26 23:15:00		0.95495	317.352	15.2865	0.352604	1021.28	1.13021	22.4238	40.8119	21.567	62.379	11.6783	1095.63	9.6899	0.0	0.0	0.0								
2015/12/26 23:20:00		0.91866	318.055	15.2896	0.352083	1021.23	1.02813	22.431	37.8483	21.3034	59.152	11.726	1049.38	9.5542	7.1667	5.1383	4.35								
2015/12/26 23:25:00		0.70769	318.408	15.2906	0.354167	1021.22	0.97708	22.4356	35.7467	21.9949	57.742	11.6402	1028.75	9.3292	8.765	6.22	5.11								
2015/12/26 23:30:00		0.73181	312.488	15.2865	0.35625	1021.2	1.03542	22.4366	34.5921	20.6975	55.29	11.5067	983.96	9.3756	8.2467	5.855	4.57667								
2015/12/26 23:35:00		0.86856	329.2	15.287	0.352083	1021.2	1.06458	22.4785	32.8077	20.8344	53.642	11.5449	963.13	9.0613	8.52	5.965	4.82								
2015/12/26 23:40:00		0.89663	330.904	15.288	0.35625	1021.2	1.02813	22.577	32.4526	20.4818	52.934	11.6783	951.04	8.9577	9.4	6.265	5.17								
2015/12/26 23:45:00		1.02479	329.79	15.2891	0.361458	1021.24	1.02083	22.6568	30.7776	21.6218	52.399	11.807	936.04	9.3399	8.91	5.9383	4.70167								
2015/12/26 23:50:00		0.8526	318.599	15.2891	0.355729	1021.37	1.07917	22.7057	29.4666	20.5674	50.034	11.7737	891.04	10.8007	7.08	5.87	5.105								
2015/12/26 23:55:00		0.85794	319.082	15.2917	0.356771	1021.32	1.07917	22.7317	26.963	20.8378	47.8009	11.6259	851.46	10.6007	8.645	5.885	4.94								
2015/12/27 00:00:00		1.02472	324.42	15.2875	0.357812	1021.31	1.10104	22.7524	27.8653	20.9782	48.8435	11.8404	816.88	9.6792	8.64	6.115	4.91								
