-- 1st mean values --
Format: XTAB(V:1;HEAD:2;COL:TCFFFFFFFFFFFFFFFFFFFFFFFF)
StartTime: 2015/12/27 00:00:00
EndTime: 2015/12/28 00:00:00
Period: 24 h
Station: Gia Lam

Time	MeasPt	Wind Spd.	Wind Dir.	Temp	RH	Barometer	Radiation	InnerTemp	NO	NO2	NOx	SO2	CO	O3	PM-10	PM-2.5	PM-1	CH4	NMHC	THC	BENZEN	TOLUEN	ETHYL BENZEN	MP-XYLEN	O-XYLEN
		m/s	degree	°C	%	hPa	W/m²	°C	µg/m3	µg/m3	µg/m3	µg/m3	µg/m3	µg/m3	µg/m3	µg/m3	µg/m3	ppm	ppmC	ppmC	ug/m3	ug/m3	ug/m3	ug/m3	ug/m3
2015/12/27 00:05:00		1.35024	321.424	15.2901	0.355729	1021.3	1.11563	22.7572	25.5136	21.5122	47.0258	11.7498	772.5	10.915	7.485	5.455	4.885								
2015/12/27 00:10:00		0.85813	326.74	15.2906	0.364062	1021.34	1.05729	22.7698	22.1569	21.3376	43.4945	11.6879	723.54	11.2079	6.63	4.92333	4.42333								
2015/12/27 00:15:00		0.90027	328.373	15.2901	0.358333	1021.41	1.05	22.7744	21.7616	20.8173	42.5789	11.5925	695.21	9.8149	3.14333	2.17	1.77333								
2015/12/27 00:20:00		1.10985	323.97	15.2896	0.351563	1021.54	1.01354	22.7902	23.2155	20.2764	43.4919	11.4591	685.21	9.7292	5.2017	4.035	3.37333								
2015/12/27 00:25:00		0.862	311.83	15.287	0.35625	1021.56	1.07187	22.813	23.2937	21.8648	45.1585	11.7117	683.75	9.8578	3.08667	2.18667	1.85833								
2015/12/27 00:30:00		0.86021	319.802	15.2906	0.351563	1021.59	1.06458	22.8292	22.3356	22.4502	44.7858	11.6688	690.0	9.5792	3.40333	2.44667	1.94833								
2015/12/27 00:35:00		0.85836	319.977	15.2901	0.351563	1021.55	1.03542	22.8576	23.3964	22.4673	45.8637	11.8309	701.67	9.1899	8.545	6.4883	5.445								
2015/12/27 00:40:00		1.0797	321.093	15.288	0.353646	1021.47	1.04271	22.8753	24.2093	21.8888	46.0981	11.7498	701.04	9.2185	8.345	5.695	4.91333								
2015/12/27 00:45:00		0.94106	320.093	15.2943	0.359375	1021.39	1.05729	22.9008	25.0178	22.1113	47.1291	11.7641	686.04	9.5113	1.83667	1.65333	1.45								
2015/12/27 00:50:00		1.06874	317.691	15.2901	0.354688	1021.35	1.05729	22.9204	27.3695	21.7039	49.0734	11.7594	681.88	10.0292	3.73333	3.16667	2.83								
2015/12/27 00:55:00		0.89165	319.824	15.2891	0.361458	1021.4	1.02083	22.9411	25.5181	21.3753	46.8934	11.7689	649.79	11.0079	0.0	0.0	0.0								
2015/12/27 01:00:00		0.76578	311.599	15.2911	0.355208	1021.42	1.10104	22.962	24.0798	21.2589	45.3387	11.9024	615.63	11.5222	0.0	0.0	0.0								
2015/12/27 01:05:00		1.11854	319.272	15.2917	0.361458	1021.48	1.03542	22.9733	22.6214	19.9478	42.5692	11.6259	585.42	12.3151	3.555	2.445	2.3								
2015/12/27 01:10:00		0.70181	304.459	15.2906	0.355729	1021.38	1.08646	22.9808	21.9559	19.5712	41.5271	11.6783	570.42	11.4079	5.4217	4.27833	3.85833								
2015/12/27 01:15:00		0.87617	323.622	15.288	0.357812	1021.34	1.08646	22.9771	18.6952	19.8451	38.5403	11.7117	541.04	14.6938	3.06333	2.40333	2.22167								
2015/12/27 01:20:00		0.97824	334.989	15.2891	0.354167	1021.33	1.07187	22.9897	18.6975	19.5301	38.2276	11.5067	515.42	14.7867	3.20333	2.51667	2.24667								
2015/12/27 01:25:00		0.90653	316.502	15.2891	0.354167	1021.36	1.06458	22.9961	17.3485	19.7903	37.1388	11.5639	498.125	19.9085	3.465	2.675	2.25167								
2015/12/27 01:30:00		0.69762	318.981	15.2906	0.355729	1021.47	1.06458	23.0007	22.6974	19.3487	42.046	11.7069	490.0	15.3582	13.48	9.02	6.825								
2015/12/27 01:35:00		1.17111	320.206	15.2911	0.355729	1021.55	1.07187	23.0028	25.6476	18.7359	44.3835	11.664	495.0	15.3582	11.07	7.9	6.77								
2015/12/27 01:40:00		0.67709	301.963	15.3099	0.357292	1021.5	1.07187	23.0053	25.2746	18.9653	44.2399	11.7117	492.5	16.7368	6.9883	6.1267	5.5517								
2015/12/27 01:45:00		0.91986	324.608	15.2937	0.355729	1021.38	1.06458	23.0044	21.8152	18.4586	40.2738	11.6879	466.875	15.301	9.055	6.8067	5.5867								
2015/12/27 01:50:00		0.436363	355.825	15.2865	0.354688	1021.3	1.07187	23.0144	19.7047	18.041	37.7457	11.726	443.125	16.7011	7.325	6.225	5.895								
2015/12/27 01:55:00		0.64013	336.437	15.2891	0.355729	1021.28	1.06458	23.0152	17.0068	17.1509	34.1577	11.726	427.708	16.4154	7.4317	5.785	5.1717								
2015/12/27 02:00:00		0.55108	348.203	15.2901	0.357292	1021.22	1.07917	23.0184	15.3497	17.055	32.4047	11.726	413.75	16.3654	8.0933	6.125	5.3983								
2015/12/27 02:05:00		0.56311	345.954	15.2911	0.352604	1021.15	1.05729	23.0189	14.2777	17.0174	31.2951	11.726	418.333	15.4867	6.4867	4.88667	4.15667								
2015/12/27 02:10:00		0.61821	29.8826	15.2885	0.354167	1021.16	1.04271	23.0176	13.3174	16.6785	29.9958	11.726	452.5	17.5797	5.3733	4.64	4.22667								
2015/12/27 02:15:00		0.78727	330.027	15.2891	0.354167	1021.18	0.99167	23.0125	13.5295	17.1132	30.6428	11.726	471.25	15.1153	11.24	8.245	6.89								
2015/12/27 02:20:00		0.5774	333.625	15.2906	0.354167	1021.16	1.07917	23.0152	12.4754	17.7123	30.1877	11.7355	482.917	13.1866	9.575	8.0	7.295								
2015/12/27 02:25:00		0.69976	7.7018	15.2937	0.35625	1021.05	1.02083	23.0238	13.9003	17.3255	31.2258	11.726	505.63	11.9436	13.46	8.975	7.54								
2015/12/27 02:30:00		0.72068	357.966	15.2901	0.351042	1020.99	1.08646	23.0238	14.0678	15.7987	29.8664	11.726	504.58	12.958	9.18	8.1	7.25								
2015/12/27 02:35:00		0.89622	352.119	15.287	0.354688	1021.01	0.97708	23.0227	12.3414	15.3982	27.7396	11.726	523.75	12.6866	10.885	7.7033	6.595								
2015/12/27 02:40:00		0.87356	349.873	15.287	0.349479	1021.03	1.03542	23.0173	12.3124	14.9052	27.2176	11.726	534.79	12.6008	8.2283	6.8233	6.285								
2015/12/27 02:45:00		1.01557	324.964	15.2891	0.35	1021.07	1.02813	23.002	11.4481	15.85	27.2981	11.726	558.13	12.1937	10.025	7.815	7.155								
2015/12/27 02:50:00		0.66836	324.138	15.287	0.352604	1021.1	1.08646	22.9985	11.2739	14.8299	26.1037	11.6736	558.13	12.5223	9.585	7.495	6.925								
2015/12/27 02:55:00		0.93313	321.122	15.287	0.357812	1021.13	1.10104	22.9891	10.0612	15.3194	25.3806	11.7117	563.75	12.0794	10.025	7.62	6.82								
2015/12/27 03:00:00		1.04186	329.95	15.2906	0.353646	1021.13	1.03542	22.9822	12.022	14.1931	26.2152	11.6783	594.17	11.8508	2.98167	2.41333	2.20833								
2015/12/27 03:05:00		0.75024	336.018	15.288	0.356771	1021.1	1.02083	22.9709	11.5776	14.1384	25.716	11.6354	610.0	12.508	3.29667	2.465	2.15								
2015/12/27 03:10:00		0.79062	338.203	15.2927	0.353125	1021.06	1.06458	22.9596	11.0282	14.1247	25.1529	11.726	611.04	13.0723	2.44167	2.25833	2.025								
2015/12/27 03:15:00		0.70241	342.107	15.2865	0.35625	1021.04	1.00625	22.9446	10.0455	13.9261	23.9716	11.726	618.75	12.3223	3.08167	2.40667	2.09833								
2015/12/27 03:20:00		0.61191	3.21266	15.3151	0.357812	1020.95	1.03542	22.9349	10.9925	14.087	25.0795	11.726	646.67	11.0579	3.19167	2.29167	2.06								
2015/12/27 03:25:00		0.83529	6.9755	15.388	0.353646	1020.94	1.05	22.9411	12.4665	14.5492	27.0156	11.726	682.08	11.0364	4.37	3.57333	3.18167								
2015/12/27 03:30:00		0.474998	343.686	15.3693	0.353646	1020.97	1.09375	22.9349	12.692	13.8953	26.5873	11.7689	712.5	12.4008	6.5167	4.85	4.36833								
2015/12/27 03:35:00		0.71669	336.199	15.3135	0.353646	1021.01	1.00625	22.9419	13.0672	13.9672	27.0344	11.7403	733.13	12.9223	8.04	6.16	5.32								
2015/12/27 03:40:00		0.512	353.824	15.3557	0.357812	1020.91	1.05	22.9505	12.7233	13.3476	26.0709	11.7355	753.75	11.4793	6.48	5.825	5.225								
2015/12/27 03:45:00		0.66061	339.953	15.3885	0.354688	1020.9	1.07917	22.962	12.8059	14.5252	27.3311	11.6354	791.04	12.2722	5.73	4.69333	4.03333								
2015/12/27 03:50:00		0.51931	344.526	15.387	0.354167	1020.98	1.05	22.9725	13.6367	13.2996	26.9364	11.7212	831.88	10.6936	7.705	5.8267	4.71333								
2015/12/27 03:55:00		0.63173	336.542	15.387	0.35625	1021.01	1.05729	22.9843	14.0856	14.1076	28.1932	11.726	865.83	9.7221	2.86	2.00333	1.73833								
2015/12/27 04:00:00		0.74888	318.741	15.3849	0.353646	1021.01	1.05	22.9873	13.831	15.2475	29.0786	11.726	897.29	10.1292	2.65167	1.925	1.70333								
2015/12/27 04:05:00		0.84935	323.374	15.3865	0.352604	1020.95	1.05729	22.9967	13.2504	15.2304	28.4808	11.6736	896.88	9.3685	2.44333	1.92167	1.69167								
2015/12/27 04:10:00		0.6756	338.596	15.387	0.355208	1020.9	1.07187	23.0058	14.9857	15.5214	30.5071	11.5353	925.83	9.4863	2.23	1.83833	1.64167								
2015/12/27 04:15:00		0.80259	330.973	15.3833	0.357812	1020.94	1.06458	23.013	14.5122	14.0802	28.5924	11.6116	927.5	11.2365	2.13833	1.80833	1.57167								
2015/12/27 04:20:00		0.64122	328.074	15.3839	0.353646	1020.98	1.03542	23.0155	14.6708	14.669	29.3397	11.726	927.08	9.9649	2.23	1.87667	1.61833								
2015/12/27 04:25:00		0.81215	313.85	15.3844	0.355729	1021.11	1.07917	23.0222	14.7757	15.7131	30.4888	11.726	932.92	10.0935	2.7	1.875	1.68167								
2015/12/27 04:30:00		0.78097	309.603	15.3885	0.353646	1021.23	0.99167	23.0251	15.1219	15.6652	30.7871	11.5782	937.29	10.5793	2.48167	1.99167	1.72167								
2015/12/27 04:35:00		1.06823	321.642	15.388	0.358333	1021.36	1.05	23.0345	17.047	14.289	31.336	11.645	945.42	10.4828	2.54	1.95667	1.70333								
2015/12/27 04:40:00		0.78295	334.734	15.387	0.352083	1021.5	1.00625	23.0455	18.2754	14.7443	33.0197	11.6259	933.33	10.7864	2.62833	1.96333	1.79333								
2015/12/27 04:45:00		0.88027	327.392	15.413	0.355729	1021.55	1.05	23.0576	17.688	15.025	32.713	11.583	889.79	11.4008	2.885	2.12833	1.88333								
2015/12/27 04:50:00		1.00744	320.902	15.4286	0.355729	1021.57	1.04271	23.0694	17.2212	14.6416	31.8628	11.4877	851.88	12.5508	5.08	4.14	3.82667								
2015/12/27 04:55:00		0.97019	333.044	15.424	0.350521	1021.58	1.04271	23.0837	17.8667	14.2753	32.142	11.6164	854.58	11.7794	7.655	5.9433	5.22								
2015/12/27 05:00:00		0.71582	322.305	15.4901	0.354688	1021.55	1.07187	23.0829	18.7957	15.4016	34.1973	11.7165	848.54	11.5079	7.5633	5.7483	5.2917								
2015/12/27 05:05:00		0.62484	332.944	15.487	0.355729	1021.6	1.06458	23.0866	18.521	15.3742	33.8952	11.726	842.5	11.7222	7.395	5.4817	4.94167								
2015/12/27 05:10:00		0.71948	314.496	15.4547	0.356771	1021.62	1.05729	23.0976	19.6734	14.7511	34.4246	11.6354	830.83	10.8293	10.145	7.345	6.805								
2015/12/27 05:15:00		0.72424	316.275	15.4172	0.355208	1021.69	0.99896	23.1062	18.9967	15.1893	34.1861	11.44	837.29	10.5007	8.6567	6.4417	5.78								
2015/12/27 05:20:00		0.78553	316.067	15.4896	0.354688	1021.74	1.04271	23.1111	22.4495	15.9767	38.4262	11.6402	882.92	10.1864	8.3267	6.3833	5.6467								
2015/12/27 05:25:00		0.84081	322.449	15.4859	0.354167	1021.83	0.99167	23.1164	22.5522	14.9839	37.5361	11.7689	906.88	11.7937	8.635	6.6	6.015								
2015/12/27 05:30:00		0.51828	306.545	15.4391	0.351563	1021.81	1.12292	23.1204	23.2021	15.5967	38.7988	11.5067	902.71	10.6721	4.225	3.52167	3.18667								
2015/12/27 05:35:00		0.90714	316.247	15.4786	0.35625	1021.85	1.05729	23.0802	27.1685	14.0049	41.1734	11.5878	910.21	9.1435	3.23	2.32333	1.89833								
2015/12/27 05:40:00		0.97286	321.057	15.4885	0.354688	1021.98	1.02083	22.9604	29.5559	15.429	44.9849	11.7022	934.38	8.6899	4.615	3.225	2.90333								
2015/12/27 05:45:00		0.84232	325.732	15.4854	0.35625	1022.06	0.99896	22.8737	29.116	15.4735	44.5894	11.7451	914.17	8.7934	4.37833	3.16167	2.82833								
2015/12/27 05:50:00		1.10772	324.734	15.4885	0.352083	1022.1	1.01354	22.8206	32.9149	14.9565	47.8714	11.9596	892.92	8.4041	4.10833	3.20167	2.88333								
2015/12/27 05:55:00		0.87063	327.32	15.487	0.350521	1022.13	1.05729	22.7626	36.4636	15.9596	52.423	11.7498	914.38	8.2827	3.03667	2.12	1.69833								
2015/12/27 06:00:00		0.8476	325.4	15.4844	0.351563	1022.15	1.02083	22.7228	39.0878	14.6656	53.753	11.9596	938.96	8.1505	2.625	1.76833	1.58167								
2015/12/27 06:05:00		0.92659	324.37	15.4812	0.354688	1022.2	1.01354	22.6855	41.5043	14.58	56.084	11.7832	952.5	9.4328	4.71667	3.455	2.85167								
2015/12/27 06:10:00		0.55742	325.667	15.4859	0.356771	1022.22	1.05729	22.6471	39.5233	16.3293	55.853	11.7737	900.21	9.1363	7.28	5.11	4.38								
2015/12/27 06:15:00		0.79531	332.412	15.4854	0.355208	1022.24	1.01354	22.6192	36.5731	15.7336	52.307	11.726	855.21	11.6365	2.64667	2.26167	2.095								
2015/12/27 06:20:00		0.81084	315.899	15.4854	0.353125	1022.34	1.01354	22.605	34.3241	14.9634	49.2875	11.5306	797.08	10.2578	2.28333	1.52	1.29667								
2015/12/27 06:25:00		0.73701	325.854	15.4839	0.352604	1022.34	1.01354	22.5846	33.0288	16.5005	49.5292	11.7784	748.75	10.4078	2.28667	1.61333	1.28333								
2015/12/27 06:30:00		0.61053	338.502	15.4859	0.355208	1022.32	1.04271	22.5658	34.065	15.696	49.761	11.7641	748.75	8.9649	3.9	2.60167	2.23333								
2015/12/27 06:35:00		0.69727	319.242	15.4865	0.352604	1022.34	1.04271	22.5537	35.6373	15.4666	51.104	11.8785	777.5	9.4471	2.33667	1.64667	1.41								
2015/12/27 06:40:00		0.67404	327.586	15.4859	0.353646	1022.39	1.00625	22.5448	34.3889	15.7713	50.16	11.6926	751.88	11.3722	2.31667	1.64333	1.37								
2015/12/27 06:45:00		1.02458	359.372	15.4854	0.355208	1022.41	1.06458	22.5408	35.7557	15.3091	51.065	11.726	761.88	10.7436	3.91667	2.705	2.24833								
2015/12/27 06:50:00		0.62613	328.26	15.4906	0.354688	1022.48	1.07187	22.5486	34.9695	14.8265	49.796	11.8356	755.63	10.6936	3.42667	2.61333	2.29667								
2015/12/27 06:55:00		0.81473	333.672	15.4875	0.355729	1022.64	1.02083	22.5456	34.9204	14.9018	49.8222	11.8595	750.21	11.8579	2.445	1.65	1.36667								
2015/12/27 07:00:00		0.72505	320.138	15.487	0.355729	1022.83	1.01354	22.5376	33.1896	15.4837	48.6733	11.7641	750.83	10.8221	2.64167	1.76	1.44								
2015/12/27 07:05:00		0.88583	327.76	15.488	0.352604	1022.92	1.05	22.5317	32.2047	16.1547	48.3594	11.9596	742.5	10.9222	2.55833	1.715	1.415								
2015/12/27 07:10:00		0.89018	324.667	15.5688	0.353646	1022.99	1.04271	22.529	34.4	17.2159	51.616	11.9691	803.33	9.3649	2.21667	1.67833	1.45833								
2015/12/27 07:15:00		0.86389	321.037	15.5906	0.356771	1023.03	1.03542	22.5365	37.5535	15.9014	53.455	11.6497	858.13	8.5649	2.29	1.62833	1.42167								
2015/12/27 07:20:00		0.74254	317.668	15.6125	0.351563	1023.15	1.06458	22.5419	47.4963	15.9801	63.476	11.8595	1010.42	8.1077	2.04333	1.54167	1.34167								
2015/12/27 07:25:00		0.77553	334.238	15.6927	0.35625	1023.26	1.11563	22.5397	51.103	16.4868	67.59	11.7832	1198.96	8.8292	2.08667	1.47333	1.20667								
2015/12/27 07:30:00		1.07295	322.777	15.6917	0.354688	1023.29	1.07917	22.5483	65.908	15.5659	81.474	11.726	1388.75	8.0148	2.08667	1.59	1.355								
2015/12/27 07:35:00		1.182	319.042	15.6958	0.357812	1023.33	2.80729	22.5497	67.491	15.5043	82.996	11.726	1577.08	9.2006	2.64333	1.76167	1.175								
2015/12/27 07:40:00		0.80313	327.718	15.7932	0.353125	1023.38	7.7219	22.5738	64.637	15.3673	80.004	11.726	1642.92	9.1149	2.67333	1.86167	1.255								
2015/12/27 07:45:00		0.55993	322.742	15.749	0.35625	1023.46	15.6042	22.5859	64.592	15.8329	80.425	11.807	1654.17	10.4293	2.13	1.42333	1.105								
2015/12/27 07:50:00		0.86096	310.828	15.6943	0.360938	1023.54	14.9844	22.5974	59.395	15.6309	75.026	11.95	1550.83	12.7723	1.69833	1.185	1.035								
2015/12/27 07:55:00		0.65717	322.539	15.6271	0.359375	1023.61	21.8677	22.6117	53.886	15.3571	69.243	11.9739	1421.04	15.3224	1.80333	1.22	0.96667								
2015/12/27 08:00:00		0.73747	309.868	15.5948	0.356771	1023.73	25.8198	22.6232	47.3779	14.4841	61.862	11.726	1282.71	15.3796	5.88	3.915	2.945								
2015/12/27 08:05:00		0.63083	341.581	15.588	0.356771	1023.86	28.474	22.631	42.7259	15.9767	58.703	11.8213	1189.79	14.7224	1.79333	1.19667	1.01167								
2015/12/27 08:10:00		0.77797	2.40782	15.5901	0.353646	1023.92	23.0562	22.6294	39.4943	16.6751	56.169	11.7355	1127.92	14.5295	3.375	2.25167	1.74333								
2015/12/27 08:15:00		0.92041	312.684	15.5896	0.354688	1024.04	25.3969	22.6307	41.4529	16.877	58.33	11.726	1122.08	14.7796	1.805	1.205	1.00667								
2015/12/27 08:20:00		0.47633	301.033	15.5911	0.353125	1024.16	16.851	22.6324	41.0062	16.6579	57.664	11.726	1094.79	14.8796	3.53833	2.36	1.76667								
2015/12/27 08:25:00		0.63289	302.454	15.6255	0.355208	1024.23	35.1094	22.6369	40.7516	15.9767	56.728	11.726	1096.04	14.5653	4.09167	2.77	1.94667								
2015/12/27 08:30:00		0.489727	290.952	15.6979	0.358333	1024.24	55.329	22.6366	37.7992	16.7846	54.584	11.8356	1082.71	16.9154	2.94	1.96	1.67833								
2015/12/27 08:35:00		0.310395	16.7785	15.6969	0.357812	1024.25	78.378	22.6353	34.6077	16.8805	51.488	11.7784	1017.08	15.4867	6.105	4.07	3.07								
2015/12/27 08:40:00		0.85924	309.955	15.7464	0.361458	1024.35	50.378	22.6334	36.5038	17.8664	54.37	11.7355	1034.79	11.5008	2.43333	1.62167	1.12833								
2015/12/27 08:45:00		0.69094	357.577	15.8391	0.353646	1024.45	40.8115	22.6353	41.444	18.3799	59.824	11.7308	1146.04	10.665	3.85333	2.57	1.65333								
2015/12/27 08:50:00		0.99307	332.941	15.8891	0.3625	1024.49	51.632	22.6299	44.6421	18.462	63.104	11.7832	1247.29	10.1507	5.38	3.58833	2.37333								
2015/12/27 08:55:00		0.6336	335.361	15.887	0.363021	1024.48	63.321	22.6353	48.9078	19.7355	68.643	11.726	1364.17	12.5794	5.765	3.845	2.695								
2015/12/27 09:00:00		0.67827	340.47	15.8854	0.359375	1024.49	76.285	22.6342	43.3937	17.5822	60.976	11.788	1311.67	16.5297	3.14333	2.09833	1.365								
2015/12/27 09:05:00		0.72604	311.475	15.9	0.360417	1024.52	103.133	22.6399	40.1531	17.6541	57.807	11.726	1233.96	15.1367	1.81	1.205	0.755								
2015/12/27 09:10:00		0.484919	341.822	16.0099	0.356771	1024.57	105.897	22.642	36.9148	17.7568	54.672	11.726	1188.13	12.158	1.885	1.255	0.81167								
2015/12/27 09:15:00		0.89434	308.349	16.0885	0.359375	1024.61	90.511	22.6493	33.5514	18.1779	51.729	11.6926	1180.63	15.401	2.63667	1.75833	1.38167								
2015/12/27 09:20:00		0.83132	332.128	16.1224	0.357812	1024.62	101.456	22.6646	31.4543	18.0615	49.5158	11.726	1111.88	14.5438	1.99667	1.33167	0.84								
2015/12/27 09:25:00		0.64108	317.361	16.1922	0.35625	1024.57	114.1	22.689	32.0751	18.9139	50.989	11.7641	1170.42	14.8153	2.67	1.78333	1.26								
2015/12/27 09:30:00		1.23136	309.52	16.2828	0.357292	1024.58	115.777	22.7121	28.8256	18.7701	47.5958	11.726	1096.46	19.662	1.88167	1.29167	1.13167								
2015/12/27 09:35:00		1.09151	322.818	16.3104	0.356771	1024.59	117.899	22.7355	27.9368	17.0105	44.9473	11.8309	1019.58	14.9153	2.14333	1.43	0.80333								
2015/12/27 09:40:00		0.9084	315.062	16.4354	0.354167	1024.62	127.254	22.7674	36.2604	20.7728	57.033	11.726	1122.29	9.2649	2.47667	1.65	0.935								
2015/12/27 09:45:00		0.94915	319.232	16.5688	0.358333	1024.61	151.339	22.809	43.2686	20.4852	63.754	11.6354	1346.04	10.2721	1.905	1.27	0.93667								
2015/12/27 09:50:00		1.22328	323.401	16.6495	0.357812	1024.56	172.528	22.8466	41.4864	19.0953	60.582	11.726	1340.63	17.8726	1.62833	1.085	0.81167								
2015/12/27 09:55:00		1.30785	317.233	16.7297	0.360417	1024.5	193.659	22.8844	39.9677	18.4689	58.437	11.726	1302.08	15.0439	2.89	1.94333	1.48								
2015/12/27 10:00:00		1.00877	317.62	16.8104	0.359896	1024.36	213.011	22.9226	35.979	18.7051	54.684	11.726	1254.38	17.1154	1.74167	1.16167	0.85167								
2015/12/27 10:05:00		0.81727	333.685	16.9188	0.355729	1024.14	284.652	22.9666	36.3966	20.4031	56.8	11.726	1298.13	15.0653	1.535	1.09833	0.86167								
2015/12/27 10:10:00		0.55383	321.502	17.0646	0.35625	1024.0	312.842	23.0109	38.9761	19.7971	58.773	11.726	1379.38	11.5722	2.21167	1.47333	0.93333								
2015/12/27 10:15:00		0.97012	322.562	17.1953	0.352083	1023.91	336.977	23.0735	35.6887	18.8934	54.582	11.7022	1362.92	20.2692	2.66833	1.78	1.30833								
2015/12/27 10:20:00		0.88643	315.176	17.2729	0.359375	1023.78	327.396	23.1304	35.7222	20.2696	55.992	11.726	1277.5	14.0795	5.12	3.415	2.415								
2015/12/27 10:25:00		0.79211	347.528	17.3927	0.357812	1023.63	387.414	23.1881	38.3218	21.5704	59.892	11.726	1350.21	15.6153	5.35	3.765	2.505								
2015/12/27 10:30:00		0.50211	355.858	17.499	0.355208	1023.38	487.543	23.2498	33.7725	19.3932	53.166	11.6783	1310.63	25.0481	3.705	2.475	2.125								
2015/12/27 10:35:00		0.86978	19.8568	17.5005	0.358854	1022.91	388.347	23.3094	28.3477	20.7146	49.0623	11.788	1190.0	20.6549	4.285	2.88	2.105								
2015/12/27 10:40:00		0.7529	56.299	17.5073	0.354167	1022.59	408.654	23.3714	25.3595	20.9576	46.3171	11.726	1128.33	22.0622	6.56	4.375	2.09333								
2015/12/27 10:45:00		1.62233	69.535	17.5266	0.358333	1021.98	569.06	23.4211	26.7129	22.2106	48.9235	11.726	1111.25	28.8876	1.09833	0.785	0.63833								
2015/12/27 10:50:00		1.12432	88.016	17.6078	0.354688	1021.9	585.19	23.4738	25.2702	22.0634	47.3335	11.726	1096.25	14.7867	2.55333	1.70333	0.95								
2015/12/27 10:55:00		1.7392	78.601	17.8922	0.358854	1022.02	420.97	23.5253	48.2244	25.9797	74.204	11.726	1430.0	8.5934	2.06833	1.38	0.875								
2015/12/27 11:00:00		0.6136	71.217	18.1141	0.3625	1022.17	338.151	23.5844	53.636	25.3703	79.006	11.726	1653.54	10.24	2.095	1.39833	0.86333								
2015/12/27 11:05:00		0.60834	8.6899	18.2693	0.361979	1022.21	305.893	23.6482	51.527	26.548	78.075	11.726	1669.58	17.4726	1.65	1.1	0.80833								
2015/12/27 11:10:00		0.98107	356.615	18.299	0.359375	1022.34	275.304	23.7197	45.8503	25.788	71.638	11.726	1585.63	25.866	2.15833	1.44	1.06333								
2015/12/27 11:15:00		1.01572	58.607	18.2203	0.354688	1022.23	271.17	23.7865	39.0632	26.3357	65.399	11.726	1438.75	23.698	3.47167	2.315	1.75167								
2015/12/27 11:20:00		0.446614	12.091	18.213	0.359896	1022.29	254.931	23.8603	37.8215	27.1984	65.02	11.726	1441.46	19.437	3.67833	2.50333	1.69333								
2015/12/27 11:25:00		0.97919	19.9022	18.2604	0.357812	1022.33	208.461	23.9173	36.0371	27.171	63.208	11.6307	1368.54	31.2521	3.865	2.66	2.385								
2015/12/27 11:30:00		0.267879	351.852	18.1714	0.356771	1022.28	176.546	23.9745	29.8976	24.3878	54.285	11.726	1213.54	39.4955	2.955	2.53	2.20667								
2015/12/27 11:35:00		0.63937	336.412	18.0688	0.363542	1022.26	152.753	24.0448	25.1429	25.3087	50.452	11.726	1048.75	29.1841	3.63	2.64833	2.1								
2015/12/27 11:40:00		0.68194	322.284	18.0448	0.35625	1022.26	134.276	24.1661	22.4964	26.3323	48.8286	11.726	975.63	25.7624	2.82667	1.88667	1.5								
2015/12/27 11:45:00		0.57804	4.54252	18.1151	0.35625	1022.16	124.235	24.2518	23.8118	26.969	50.781	11.726	1000.42	18.7655	2.69833	1.79667	1.49833								
2015/12/27 11:50:00		0.248928	10.8772	18.2089	0.359375	1022.07	126.678	24.306	27.5705	27.7119	55.282	11.726	1086.88	21.0085	2.915	1.94	1.485								
2015/12/27 11:55:00		0.75537	315.466	18.2099	0.357812	1021.85	139.971	24.3506	28.5599	28.2973	56.857	11.726	1153.13	17.9583	3.15	2.10167	1.54167								
2015/12/27 12:00:00		0.7814	334.069	18.2078	0.359896	1021.64	158.288	24.3906	26.3824	25.942	52.324	11.726	1143.75	30.2449	2.87833	2.18167	1.95333								
2015/12/27 12:05:00		0.449175	356.207	18.3068	0.361458	1021.58	155.364	24.4158	30.4091	27.5955	58.005	11.726	1058.75	22.7229	3.945	2.62667	2.26167								
2015/12/27 12:10:00		0.61995	347.298	18.3156	0.358333	1021.52	162.291	24.4477	33.6452	27.8899	61.535	11.726	1090.83	22.1372	5.775	3.85	2.645								
2015/12/27 12:15:00		0.60609	330.758	18.4057	0.35625	1021.52	157.814	24.4829	30.112	28.174	58.286	11.726	1054.17	24.2766	4.32167	2.885	2.32333								
2015/12/27 12:20:00		0.65137	27.7631	18.4047	0.359896	1021.39	172.382	24.5135	30.4738	28.0713	58.545	11.726	1025.21	17.3226	5.395	3.6	2.76								
2015/12/27 12:25:00		0.490658	311.44	18.4036	0.355208	1021.3	171.267	24.5479	29.0869	27.5784	56.665	11.726	1000.63	27.5411	5.655	3.765	2.805								
2015/12/27 12:30:00		1.08433	315.154	18.4729	0.359375	1021.23	167.191	24.6008	25.1942	28.1056	53.3	11.726	998.54	24.4088	2.72	1.84333	1.19								
2015/12/27 12:35:00		0.83317	326.416	18.5068	0.357812	1021.15	167.052	24.6623	24.4751	27.8899	52.365	11.726	958.13	26.0053	3.19833	2.26333	1.62333								
2015/12/27 12:40:00		1.3572	326.396	18.4615	0.35625	1021.13	154.299	24.7071	20.4529	26.4555	46.9084	11.726	875.83	36.0024	1.51167	1.02833	0.85833								
2015/12/27 12:45:00		1.47501	316.477	18.4026	0.358333	1021.09	147.795	24.7552	17.1006	25.2368	42.3375	11.726	765.63	35.8238	2.87	2.19833	1.795								
2015/12/27 12:50:00		1.81468	325.987	18.4042	0.359375	1021.0	153.161	24.7938	14.2889	24.3536	38.6425	11.726	683.96	35.4738	2.13167	1.50167	1.27								
2015/12/27 12:55:00		0.78189	323.093	18.4365	0.357812	1020.88	169.196	24.829	14.1437	25.408	39.5517	11.726	692.92	22.0765	1.96	1.30667	0.89167								
2015/12/27 13:00:00		0.89009	313.65	18.5031	0.35625	1020.76	175.97	24.8754	15.0661	26.1303	41.1964	11.6068	827.5	27.5554	2.80833	1.87	1.47833								
2015/12/27 13:05:00		0.91116	19.5845	18.501	0.357292	1020.61	205.96	24.9125	17.5473	25.5312	43.0785	11.726	906.46	29.4663	1.39667	0.96667	0.81667								
2015/12/27 13:10:00		0.92534	328.856	18.5031	0.356771	1020.55	214.543	24.9412	15.4971	25.6784	41.1755	11.726	858.33	31.3699	1.34	0.98167	0.82								
2015/12/27 13:15:00		0.88743	328.121	18.5651	0.35625	1020.48	216.016	24.9635	14.0923	25.8222	39.9145	11.726	816.04	31.6092	2.145	1.55167	1.31833								
2015/12/27 13:20:00		1.09397	313.084	18.6104	0.361458	1020.42	188.701	24.9968	11.5128	24.0763	35.5891	11.726	749.17	42.5564	2.60167	2.015	1.825								
2015/12/27 13:25:00		1.161	318.657	18.6125	0.359896	1020.39	163.705	25.0226	10.0924	23.7682	33.8606	11.726	676.88	36.581	1.40167	0.945	0.79667								
2015/12/27 13:30:00		1.23454	312.963	18.613	0.357812	1020.32	155.983	25.0483	11.3163	23.6484	34.9647	11.726	718.75	27.734	1.52333	1.015	0.795								
2015/12/27 13:35:00		0.84428	320.318	18.6104	0.359375	1020.3	140.131	25.0698	10.7982	24.3365	35.1346	11.726	743.96	32.3093	1.27333	0.95833	0.81333								
2015/12/27 13:40:00		1.03432	322.271	18.6104	0.357812	1020.21	138.141	25.0921	16.1358	26.6849	42.8207	11.726	865.0	17.5797	3.09	2.06167	1.51								
2015/12/27 13:45:00		0.81941	331.825	18.6833	0.360417	1020.13	131.214	25.1216	20.071	27.8659	47.9369	11.726	1097.5	16.2154	3.47	2.31333	1.66								
2015/12/27 13:50:00		1.57468	317.096	18.7193	0.359375	1020.11	123.601	25.1407	23.6689	28.7937	52.463	11.726	1197.08	24.7159	1.35333	0.90167	0.66167								
2015/12/27 13:55:00		0.61253	326.853	18.7156	0.358854	1020.04	129.66	25.1509	21.2814	27.8317	49.1131	11.726	1165.0	25.6839	0.0	0.0	0.0								
2015/12/27 14:00:00		0.57301	331.337	18.7156	0.359375	1020.01	130.674	25.1667	23.852	27.8796	51.732	11.726	1245.42	16.9368	0.0	0.0	0.0								
2015/12/27 14:05:00		0.92991	318.913	18.7146	0.361979	1019.89	137.346	25.1895	23.7627	27.3524	51.115	11.726	1262.71	22.7587	0.0	0.0	0.0								
2015/12/27 14:10:00		0.65173	306.485	18.6958	0.359896	1019.82	142.705	25.2081	20.4886	26.4076	46.8962	11.726	1146.04	33.2343	3.34333	2.535	2.145								
2015/12/27 14:15:00		0.29453	39.7259	18.6115	0.358854	1019.79	142.99	25.2282	16.3726	26.1611	42.5337	11.726	1007.29	32.4664	1.62333	1.18167	1.00167								
2015/12/27 14:20:00		0.50026	12.8699	18.6109	0.355208	1019.76	150.806	25.2416	16.6294	28.0576	44.687	11.726	1004.58	24.073	2.83167	1.88667	1.27667								
2015/12/27 14:25:00		0.440268	330.867	18.6109	0.357292	1019.75	145.075	25.2591	24.9396	29.629	54.569	11.726	1060.0	23.6552	1.885	1.35	0.99333								
2015/12/27 14:30:00		1.59992	317.21	18.6109	0.360417	1019.74	141.393	25.2773	22.349	25.9146	48.2636	11.726	998.54	34.2666	1.62167	1.12833	0.96167								
2015/12/27 14:35:00		0.70256	325.712	18.6271	0.359896	1019.76	122.42	25.2838	20.7767	26.726	47.5027	11.726	939.17	21.38	3.615	2.53167	1.74667								
2015/12/27 14:40:00		0.5755	315.985	18.7401	0.359896	1019.77	113.662	25.2873	30.9205	29.4852	60.406	11.726	1257.29	10.5364	4.52667	3.01667	2.11667								
2015/12/27 14:45:00		1.23482	320.289	18.8146	0.359896	1019.74	114.363	25.2813	32.227	30.0911	62.318	11.726	1385.21	19.4406	0.0	0.0	0.0								
2015/12/27 14:50:00		0.87063	312.387	18.8125	0.358333	1019.69	110.469	25.2843	32.8121	28.8964	61.708	11.726	1399.38	15.9261	0.0	0.0	0.0								
2015/12/27 14:55:00		0.84754	296.315	18.8151	0.359896	1019.68	102.543	25.2781	31.7759	29.0846	60.861	11.726	1367.92	31.5664	0.0	0.0	0.0								
2015/12/27 15:00:00		0.54064	334.502	18.8188	0.357812	1019.72	86.939	25.2776	29.1629	28.7081	57.871	11.726	1326.25	22.5515	0.0	0.0	0.0								
2015/12/27 15:05:00		0.51902	306.745	18.8151	0.355729	1019.76	76.716	25.2663	32.2047	30.3376	62.542	11.726	1422.29	13.2437	7.445	4.965	3.84								
2015/12/27 15:10:00		1.3628	309.351	18.7984	0.359375	1019.83	72.392	25.2593	33.6117	28.7628	62.375	11.726	1478.96	20.8657	11.355	7.575	6.01								
2015/12/27 15:15:00		0.57059	308.159	18.7161	0.359896	1019.8	67.04	25.2467	29.9557	29.492	59.448	11.726	1424.58	24.2838	9.68	6.82	5.955								
2015/12/27 15:20:00		0.79234	298.802	18.7156	0.359375	1019.78	60.813	25.244	33.3727	30.4711	63.844	11.726	1449.38	14.5795	11.23	7.535	6.17								
2015/12/27 15:25:00		1.10784	308.879	18.6344	0.360417	1019.83	50.75	25.2499	33.9444	30.1082	64.053	11.726	1484.79	20.9371	10.245	7.335	5.935								
2015/12/27 15:30:00		1.35552	306.491	18.6193	0.35625	1019.94	40.7313	25.2585	31.9612	29.5502	61.511	11.726	1491.88	20.6621	10.965	7.455	5.94								
2015/12/27 15:35:00		0.74317	313.703	18.5516	0.355729	1020.07	31.15	25.2618	29.0959	27.9139	57.01	11.726	1481.46	26.4446	11.045	7.85	5.8								
2015/12/27 15:40:00		1.34891	302.246	18.5073	0.361458	1020.14	24.5146	25.2623	27.3784	28.6841	56.063	11.726	1486.88	21.7979	9.925	6.62	5.565								
2015/12/27 15:45:00		1.21866	309.766	18.5047	0.355208	1020.15	24.7188	25.2663	26.3466	28.9169	55.264	11.726	1452.08	22.3836	9.855	6.5733	5.1								
2015/12/27 15:50:00		1.18756	310.031	18.4828	0.361979	1020.2	23.6323	25.2577	29.1227	29.7248	58.847	11.726	1515.21	18.7727	9.645	7.09	5.635								
2015/12/27 15:55:00		1.24832	310.107	18.4057	0.358854	1020.19	26.3375	25.2553	27.7134	29.6118	57.325	11.726	1498.96	19.937	9.03	6.625	5.38								
2015/12/27 16:00:00		1.2156	321.418	18.4063	0.35625	1020.16	27.6719	25.2513	29.5291	29.6221	59.151	11.726	1483.13	16.4118	11.31	7.56	5.72								
2015/12/27 16:05:00		1.24381	314.864	18.4052	0.358333	1020.19	25.8781	25.244	28.973	28.5266	57.5	11.726	1611.46	24.3088	8.35	6.08	5.29								
2015/12/27 16:10:00		1.39333	310.905	18.4063	0.360417	1020.23	24.099	25.2395	26.2059	29.1223	55.328	11.726	1559.17	18.9477	9.635	6.63	5.515								
2015/12/27 16:15:00		1.57507	316.707	18.4042	0.352604	1020.28	19.5781	25.2309	26.1233	29.4099	55.533	11.726	1530.63	22.898	10.1	6.745	5.565								
2015/12/27 16:20:00		1.00928	314.482	18.4047	0.354167	1020.25	19.9865	25.233	23.2557	28.5677	51.823	11.726	1447.29	20.1549	10.26	7.05	5.715								
2015/12/27 16:25:00		1.26739	311.14	18.3406	0.357292	1020.3	14.1969	25.2169	23.957	27.8967	51.854	11.726	1492.29	20.5049	9.495	6.5267	5.295								
2015/12/27 16:30:00		0.80366	310.946	18.3062	0.359375	1020.33	9.2312	25.2169	27.1685	28.376	55.545	11.726	1559.79	15.1439	11.605	7.84	6.09								
2015/12/27 16:35:00		1.48478	320.01	18.3057	0.359896	1020.37	5.8698	25.2169	28.8435	30.3478	59.191	11.726	1699.17	17.7083	10.69	7.13	5.7								
2015/12/27 16:40:00		1.23099	319.02	18.3005	0.357292	1020.42	2.29688	25.2115	28.1221	29.4133	57.535	11.726	1690.0	19.1156	10.185	6.875	5.575								
2015/12/27 16:45:00		1.60056	317.47	18.3068	0.360938	1020.4	1.09375	25.2089	27.3181	29.7351	57.053	11.726	1678.75	20.7585	3.18833	2.125	1.77								
2015/12/27 16:50:00		1.05474	321.769	18.2266	0.359896	1020.44	1.10104	25.2027	25.5136	29.8686	55.382	11.726	1599.79	18.1191	3.345	2.29833	1.78333								
2015/12/27 16:55:00		1.23722	317.222	18.2047	0.3625	1020.5	1.11563	25.1936	30.5944	30.8237	61.418	11.726	1654.38	12.9794	2.85167	2.00167	1.70333								
2015/12/27 17:00:00		1.04241	314.544	18.2062	0.357812	1020.6	1.07187	25.1879	35.6931	30.7484	66.442	11.726	1786.04	16.4654	3.11167	2.09333	1.70333								
2015/12/27 17:05:00		1.06609	310.106	18.2115	0.361979	1020.7	1.10104	25.1788	36.3564	30.5704	66.927	11.726	1874.38	13.6973	3.68333	2.455	1.8								
2015/12/27 17:10:00		1.04373	322.187	18.2099	0.360417	1020.76	1.05729	25.1708	37.8751	30.7997	68.675	11.726	2034.38	15.4796	2.86667	1.99667	1.67167								
2015/12/27 17:15:00		0.90508	294.766	18.2099	0.356771	1020.84	1.05729	25.164	38.0225	30.6731	68.696	11.726	2059.58	15.3617	4.49833	3.00167	2.26333								
2015/12/27 17:20:00		1.03769	305.903	18.2099	0.359896	1020.86	1.04271	25.1624	40.7561	30.6457	71.402	11.726	2071.04	15.076	0.0	0.0	0.0								
2015/12/27 17:25:00		0.95048	311.288	18.2099	0.361979	1020.9	1.06458	25.149	44.7984	30.1459	74.944	11.726	2080.83	15.0903	3.485	2.325	1.655								
2015/12/27 17:30:00		1.0163	289.565	18.2089	0.354688	1020.95	1.11563	25.1466	44.4009	30.8716	75.273	11.726	2138.96	12.3008	3.26	2.17167	1.69								
2015/12/27 17:35:00		0.65361	301.834	18.2073	0.357292	1020.95	1.06458	25.1004	49.379	30.899	80.278	11.726	2228.54	10.7221	3.67833	2.45167	1.71833								
2015/12/27 17:40:00		0.89462	300.255	18.2089	0.357812	1020.94	1.07917	24.9863	52.671	31.7959	84.467	11.726	2370.83	9.2363	3.415	2.275	1.67								
2015/12/27 17:45:00		0.79121	304.347	18.2073	0.361979	1020.9	1.06458	24.8972	56.776	31.2208	87.997	11.726	2547.29	9.3721	7.0283	4.755	3.38667								
2015/12/27 17:50:00		0.8076	319.007	18.2115	0.355208	1020.9	1.06458	24.829	64.34	31.6658	96.006	11.726	2725.83	8.6863	7.6817	5.12	3.89167								
2015/12/27 17:55:00		1.18224	304.769	18.2062	0.359896	1020.98	1.05729	24.7796	60.019	30.8785	90.897	11.726	2733.13	12.6008	9.24	6.28	4.79								
2015/12/27 18:00:00		0.84817	310.839	18.1385	0.360417	1021.09	1.02813	24.7321	55.699	31.1763	86.876	11.726	2604.17	10.8864	9.92	6.61	4.9								
2015/12/27 18:05:00		0.79666	319.879	18.1292	0.356771	1021.12	1.01354	24.695	64.512	31.4125	95.925	11.726	2793.13	7.9791	10.89	7.2583	4.62167								
2015/12/27 18:10:00		0.0	502.0	18.2062	0.356771	1021.12	1.04271	24.6577	69.718	31.5118	101.23	11.726	2965.0	8.1505	10.1367	6.7583	4.56167								
2015/12/27 18:15:00		0.63601	342.259	18.2083	0.359375	1021.17	1.03542	24.6322	73.894	31.1763	105.071	11.726	3081.25	8.4077	9.0983	6.065	4.06167								
2015/12/27 18:20:00		0.421903	335.004	18.2073	0.355208	1021.23	1.03542	24.6008	84.523	31.5563	116.079	11.726	3192.29	8.6434	7.2717	4.85333	3.495								
2015/12/27 18:25:00		0.0	502.0	18.2458	0.358854	1021.26	0.99896	24.5884	99.448	30.6149	130.063	11.726	3427.08	7.2719	4.77	3.17833	1.88								
2015/12/27 18:30:00		0.67533	333.431	18.301	0.357292	1021.28	1.10833	24.5839	104.895	29.7419	134.637	11.726	3729.17	8.0077	3.925	2.61667	1.9								
2015/12/27 18:35:00		0.454308	349.81	18.3078	0.358854	1021.29	1.02083	24.5917	109.402	27.4825	136.885	11.726	3847.29	7.7577	13.48	8.985	6.265								
2015/12/27 18:40:00		0.0	502.0	18.3057	0.354688	1021.33	1.03542	24.6002	122.791	27.3695	150.16	11.726	4222.71	8.122	12.995	8.665	6.04								
2015/12/27 18:45:00		0.52025	4.43325	18.3005	0.357292	1021.4	0.97708	24.6056	128.776	26.5514	155.328	11.726	4331.46	7.6434	10.03	6.6833	4.89667								
2015/12/27 18:50:00		0.50088	334.028	18.2177	0.357292	1021.52	1.05	24.6072	120.629	27.2326	147.862	11.726	4004.17	9.4435	10.51	7.01	5.1								
2015/12/27 18:55:00		0.75179	313.734	18.1641	0.357812	1021.63	1.02083	24.6196	112.902	27.1196	140.021	11.726	3550.0	7.6291	10.03	6.685	5.195								
2015/12/27 19:00:00		0.65363	308.799	18.1042	0.357292	1021.72	1.00625	24.6322	110.619	25.7229	136.342	11.726	3324.58	7.7148	10.83	7.235	5.36								
2015/12/27 19:05:00		0.85268	316.243	18.1068	0.352083	1021.83	1.04271	24.6429	99.363	26.6267	125.99	11.726	3111.46	10.3221	11.02	7.37	6.025								
2015/12/27 19:10:00		0.85107	312.322	18.049	0.359375	1021.91	1.05729	24.6429	85.809	26.0516	111.861	11.726	2783.96	12.3294	8.315	5.805	5.235								
2015/12/27 19:15:00		1.02633	319.691	17.9979	0.352604	1022.07	1.08646	24.644	78.631	26.5856	105.217	11.726	2558.96	9.7149	8.2917	5.5267	4.665								
2015/12/27 19:20:00		0.84832	332.339	17.999	0.358854	1022.12	1.01354	24.6521	71.822	26.3015	98.123	11.726	2414.79	9.8078	3.81667	2.54333	2.02333								
2015/12/27 19:25:00		0.88968	316.219	17.9969	0.355208	1022.23	0.99896	24.6523	68.32	25.8804	94.2	11.726	2311.46	10.3864	3.53167	2.385	1.94								
2015/12/27 19:30:00		0.72764	322.979	17.9969	0.355729	1022.29	1.01354	24.6545	65.055	27.4551	92.51	11.726	2292.92	8.9006	3.825	2.58333	2.04167								
2015/12/27 19:35:00		0.80816	328.339	17.9953	0.356771	1022.31	1.01354	24.6596	63.429	24.9938	88.423	11.726	2257.08	9.3578	3.615	2.41	1.96								
2015/12/27 19:40:00		0.79754	332.521	17.9937	0.355208	1022.31	1.04271	24.6607	64.132	26.0858	90.218	11.4924	2198.54	9.6792	4.1	2.73167	2.08								
2015/12/27 19:45:00		0.74062	323.372	17.9281	0.353646	1022.23	1.02083	24.6612	63.25	25.4285	88.679	11.726	2117.08	9.3006	4.33667	2.89167	2.34167								
2015/12/27 19:50:00		0.58003	351.015	17.8984	0.357812	1022.3	0.96979	24.6693	60.108	25.0246	85.133	11.726	1969.38	9.5006	8.6433	5.7633	4.805								
2015/12/27 19:55:00		0.59596	318.5	17.8958	0.355208	1022.43	0.98438	24.6693	61.551	24.7028	86.253	11.726	1907.5	8.1577	9.55	6.3633	4.88								
2015/12/27 20:00:00		0.87185	298.831	17.8979	0.358333	1022.52	1.04271	24.6679	66.984	25.7982	92.783	11.726	2003.33	7.972	9.8617	6.5983	5.1117								
2015/12/27 20:05:00		0.91128	313.369	17.9073	0.360417	1022.62	1.10833	24.6596	70.864	24.9047	95.768	11.726	2181.67	7.9577	4.85333	3.23667	2.65667								
2015/12/27 20:10:00		0.66542	330.008	17.9995	0.351563	1022.67	1.02083	24.6556	74.593	24.1105	98.704	11.726	2310.0	8.1434	4.96833	3.31333	2.50833								
2015/12/27 20:15:00		0.59969	311.765	17.999	0.358333	1022.74	1.07917	24.655	78.919	25.6647	104.584	11.726	2450.0	7.9648	4.33833	2.89167	2.235								
2015/12/27 20:20:00		0.91647	329.538	18.0	0.357292	1022.8	1.06458	24.651	78.953	24.7302	103.683	11.726	2465.0	8.1148	4.44167	2.96167	2.19								
2015/12/27 20:25:00		0.8119	310.225	18.0031	0.358333	1022.88	1.07917	24.644	85.065	24.6617	109.727	11.726	2582.5	7.5076	12.1417	8.095	4.05667								
2015/12/27 20:30:00		0.95342	324.944	17.9984	0.354167	1022.89	1.07187	24.6443	87.882	23.5833	111.465	11.726	2673.13	7.8934	5.5033	3.67	2.42833								
2015/12/27 20:35:00		0.73281	318.511	17.9948	0.358333	1022.83	1.09375	24.636	92.031	24.4392	116.47	11.726	2637.71	7.7505	4.305	2.87	2.24167								
2015/12/27 20:40:00		0.53518	340.634	17.999	0.360417	1022.87	1.05	24.6317	95.191	24.9424	120.134	11.726	2601.46	7.9648	5.2983	3.53	2.46								
2015/12/27 20:45:00		0.72134	321.267	18.0453	0.358854	1022.97	1.02083	24.6177	105.744	22.885	128.629	11.726	2753.54	7.6076	4.33833	2.89167	2.195								
2015/12/27 20:50:00		0.78149	315.242	18.1036	0.35625	1023.08	1.02813	24.6005	110.394	23.063	133.457	11.6497	2809.79	7.872	5.5517	3.7	2.485								
2015/12/27 20:55:00		0.88099	320.07	18.0651	0.364062	1023.12	1.08646	24.5941	114.943	22.214	137.157	11.5782	2865.42	7.5505	7.1267	4.75167	3.70333								
2015/12/27 21:00:00		0.78904	318.224	17.9974	0.35625	1023.18	1.02083	24.5731	112.013	22.1113	134.124	11.6545	3067.71	7.8148	4.395	2.93	2.19833								
2015/12/27 21:05:00		0.82362	316.334	17.9979	0.355208	1023.2	1.02813	24.5621	113.165	23.0425	136.208	11.44	3072.29	7.872	7.4267	4.95	3.82167								
2015/12/27 21:10:00		0.89615	340.89	18.0021	0.359375	1023.23	1.03542	24.5557	106.338	23.3129	129.651	11.4352	2891.25	8.0577	14.1233	9.655	5.5867								
2015/12/27 21:15:00		0.7005	318.931	17.9958	0.358333	1023.33	1.05729	24.5433	100.683	24.0729	124.756	11.2732	2778.33	8.0791	13.83	9.22	6.98								
2015/12/27 21:20:00		0.77263	319.635	18.0031	0.358333	1023.44	1.07917	24.539	94.734	23.9359	118.669	11.1874	2740.63	8.4434	0.0	0.0	0.0								
2015/12/27 21:25:00		0.65121	310.968	18.0031	0.355208	1023.53	0.99167	24.5269	84.864	23.4738	108.338	11.154	2635.83	8.5934	0.0	0.0	0.0								
2015/12/27 21:30:00		0.68759	325.317	18.0042	0.356771	1023.65	1.06458	24.5175	76.65	24.9253	101.576	11.3351	2506.88	9.8364	0.0	0.0	0.0								
2015/12/27 21:35:00		0.79056	315.946	18.001	0.359896	1023.7	1.04271	24.51	69.698	23.9599	93.658	11.5496	2363.13	8.8363	0.0	0.0	0.0								
2015/12/27 21:40:00		1.19192	318.261	18.001	0.355729	1023.7	1.02813	24.5047	68.043	24.0626	92.106	11.4591	2253.33	8.6006	7.3283	4.88	4.04								
2015/12/27 21:45:00		0.97211	312.066	17.9995	0.361458	1023.8	1.03542	24.5055	64.512	24.8945	89.407	11.4495	2160.0	8.4863	8.4983	5.7317	5.1333								
2015/12/27 21:50:00		0.96988	310.424	18.0016	0.358333	1023.82	1.10833	24.5108	56.575	24.9493	81.524	11.4686	2025.83	8.7006	12.9483	8.7083	6.8333								
2015/12/27 21:55:00		0.489141	301.423	17.9995	0.354167	1023.85	1.02083	24.5133	60.954	26.1748	87.129	11.4591	2006.46	8.0791	10.7867	7.19	6.0383								
2015/12/27 22:00:00		0.88235	308.144	17.9974	0.360417	1023.84	1.06458	24.5092	58.784	26.4179	85.201	11.4781	1967.92	8.1363	12.975	8.65	6.965								
2015/12/27 22:05:00		0.79386	296.062	17.9979	0.357812	1023.72	1.05	24.51	56.481	25.9934	82.474	11.5163	1918.54	7.9291	13.675	9.12	7.285								
2015/12/27 22:10:00		1.065	307.005	18.0021	0.358333	1023.7	1.07187	24.5087	51.38	26.1577	77.538	11.4972	1808.13	8.4077	12.575	8.475	7.235								
2015/12/27 22:15:00		0.6242	323.136	17.9984	0.358854	1023.66	1.03542	24.5146	51.385	26.055	77.44	11.44	1736.67	8.3077	13.125	8.75	7.305								
2015/12/27 22:20:00		0.64423	307.845	17.9995	0.353646	1023.63	1.03542	24.5055	51.545	26.6061	78.151	11.44	1740.42	8.072	14.38	9.585	7.635								
2015/12/27 22:25:00		0.57654	304.789	17.9396	0.353125	1023.74	1.04271	24.51	46.9469	26.1337	73.081	11.4734	1688.13	8.2434	8.96	5.975	4.975								
2015/12/27 22:30:00		0.77925	316.831	17.899	0.358854	1023.83	0.99896	24.5127	45.0888	25.942	71.031	11.6021	1675.63	8.5077	0.0	0.0	0.0								
2015/12/27 22:35:00		0.82516	320.621	17.8958	0.352604	1023.88	1.02813	24.5167	48.9211	24.9424	73.864	11.44	1713.96	8.2291	0.0	0.0	0.0								
2015/12/27 22:40:00		0.84165	310.25	17.9031	0.35625	1023.92	0.94792	24.5181	50.089	25.7435	75.833	11.44	1730.63	8.1005	0.0	0.0	0.0								
2015/12/27 22:45:00		0.85556	324.25	17.9646	0.357812	1023.92	0.98438	24.5194	55.067	25.8907	80.958	11.44	1817.08	7.9077	1.74333	1.16167	0.84833								
2015/12/27 22:50:00		0.67059	323.707	17.9063	0.356771	1023.9	1.01354	24.5269	58.996	24.9766	83.972	11.44	1877.5	7.8862	3.98	2.65333	1.83167								
2015/12/27 22:55:00		0.73176	328.514	17.8969	0.356771	1023.85	1.02083	24.5256	61.85	24.3022	86.152	11.44	1896.46	8.2648	6.495	4.33	2.83667								
2015/12/27 23:00:00		0.67286	330.03	17.8979	0.354167	1023.85	0.99167	24.5264	64.264	24.3159	88.58	11.44	1873.75	8.3291	5.8283	3.885	2.80167								
2015/12/27 23:05:00		0.75895	309.479	17.9594	0.356771	1023.88	0.94792	24.5385	69.329	25.0554	94.385	11.44	1882.08	8.422	6.8567	4.57	2.95167								
2015/12/27 23:10:00		0.70074	308.928	17.9958	0.354688	1023.92	0.98438	24.5369	79.513	22.9158	102.429	11.521	1865.42	8.322	6.95	4.63333	2.98167								
2015/12/27 23:15:00		0.79755	325.756	18.0005	0.359896	1023.97	0.98438	24.5404	85.586	23.7956	109.381	11.44	1817.71	8.4791	5.8217	3.88	2.80667								
2015/12/27 23:20:00		0.79373	331.659	17.9839	0.357812	1024.06	0.99167	24.5436	86.647	22.3954	109.042	11.44	1753.75	8.1863	6.1117	4.075	2.78333								
2015/12/27 23:25:00		1.0937	319.67	17.9365	0.354688	1024.07	0.98438	24.5554	85.15	22.6522	107.802	11.44	1720.42	8.4934	5.6483	3.76667	2.63833								
2015/12/27 23:30:00		0.92778	314.144	17.9016	0.359375	1024.07	1.00625	24.5584	73.7	21.8785	95.579	11.44	1571.67	8.7292	4.83667	3.285	2.57667								
2015/12/27 23:35:00		0.84724	310.883	17.8948	0.361979	1024.07	0.97708	24.5981	66.783	22.3475	89.131	11.44	1436.67	8.9363	13.9067	9.27	6.3233								
2015/12/27 23:40:00		0.69857	321.945	17.8255	0.355208	1024.11	1.05	24.7034	61.475	22.0326	83.507	11.44	1323.13	8.922	12.735	8.49	6.1233								
2015/12/27 23:45:00		0.7108	326.241	17.8062	0.352604	1024.05	0.99896	24.7659	59.5	21.1562	80.657	11.44	1247.92	8.4506	3.7	2.46667	1.74333								
2015/12/27 23:50:00		0.75446	325.794	17.8016	0.359375	1023.99	1.03542	24.8019	59.862	21.8409	81.703	11.44	1213.33	9.0577	3.40333	2.27	1.71667								
2015/12/27 23:55:00		0.827	307.66	17.8	0.359375	1023.97	1.05	24.8298	51.722	21.1494	72.871	11.44	1141.88	9.7078	0.0	0.0	0.0								
2015/12/28 00:00:00		0.464474	359.208	17.7698	0.358333	1023.91	1.05	24.8443	44.9994	22.0394	67.039	11.44	1055.83	9.4792	0.0	0.0	0.0								
