-- 1st mean values --
Format: XTAB(V:1;HEAD:2;COL:TCFFFFFFFFFFFFFFFFFFFFFFFF)
StartTime: 2015/12/29 00:00:00
EndTime: 2015/12/30 00:00:00
Period: 24 h
Station: Gia Lam

Time	MeasPt	Wind Spd.	Wind Dir.	Temp	RH	Barometer	Radiation	InnerTemp	NO	NO2	NOx	SO2	CO	O3	PM-10	PM-2.5	PM-1	CH4	NMHC	THC	BENZEN	TOLUEN	ETHYL BENZEN	MP-XYLEN	O-XYLEN
		m/s	degree	°C	%	hPa	W/m²	°C	µg/m3	µg/m3	µg/m3	µg/m3	µg/m3	µg/m3	µg/m3	µg/m3	µg/m3	ppm	ppmC	ppmC	ug/m3	ug/m3	ug/m3	ug/m3	ug/m3
2015/12/29 00:05:00		0.56366	46.6178	16.4927	0.355208	1024.11	0.96979	24.8682	15.276	25.028	40.304	11.5687	544.17	18.3512	3.76383	3.00133	2.773								
2015/12/29 00:10:00		0.63468	65.511	16.4474	0.352604	1024.11	1.03542	24.8298	15.9728	24.3912	40.3641	11.726	536.88	19.0191	4.00717	3.01017	2.70367								
2015/12/29 00:15:00		0.417317	17.0761	16.3953	0.353646	1024.08	0.99896	24.8032	18.3133	24.4084	42.7217	11.5735	515.83	14.626	2.575	1.9795	1.77467								
2015/12/29 00:20:00		0.68967	66.344	16.3943	0.354167	1024.08	1.01354	24.7831	20.875	25.0246	45.8995	11.5592	551.67	17.9655	0.0	0.0	0.0								
2015/12/29 00:25:00		0.56007	46.5994	16.3995	0.353646	1024.07	1.00625	24.7635	19.564	23.2102	42.7742	11.44	535.21	17.7226	0.0	0.0	0.0								
2015/12/29 00:30:00		0.527	66.728	16.3984	0.355208	1024.03	0.98438	24.7476	26.2439	23.9976	50.241	11.502	532.29	13.5223	0.0	0.0	0.0								
2015/12/29 00:35:00		0.51172	20.3987	16.3062	0.356771	1024.02	1.04271	24.7439	25.6096	24.0729	49.6825	11.44	539.58	17.7226	0.0	0.0	0.0								
2015/12/29 00:40:00		0.376985	10.8051	16.2964	0.354167	1024.0	0.98438	24.7332	23.5505	24.5145	48.065	11.4734	519.79	16.3154	0.0	0.0	0.0								
2015/12/29 00:45:00		0.51025	33.3286	16.2234	0.353125	1023.94	1.05729	24.7219	21.7214	22.8781	44.5995	11.4495	517.29	20.1871	0.0	0.0	0.0								
2015/12/29 00:50:00		0.225085	348.306	16.1552	0.478646	1023.96	0.99896	24.7076	18.1146	22.6419	40.7565	11.5115	493.542	22.3372	0.0	0.0	0.0								
2015/12/29 00:55:00		0.28604	67.421	16.0958	0.78229	1023.96	0.98438	24.6969	15.4725	21.8511	37.3237	11.726	465.0	20.7085	0.0	0.0	0.0								
2015/12/29 01:00:00		0.469861	21.0734	16.0646	1.04479	1023.93	1.06458	24.6811	13.1253	20.071	33.1963	11.726	445.625	25.1767	0.0	0.0	0.0								
2015/12/29 01:05:00		0.87602	337.871	15.9953	1.19583	1023.89	0.98438	24.6612	12.5424	20.7967	33.3392	11.6068	431.458	26.3089	0.0	0.0	0.0								
2015/12/29 01:10:00		0.149858	308.128	15.9224	1.37708	1023.84	1.00625	24.6373	10.72	19.5096	30.2296	11.6354	406.042	26.2732	1.90333	1.73	1.62167								
2015/12/29 01:15:00		0.52975	37.1084	15.8896	1.58594	1023.74	1.03542	24.6177	9.7775	19.8279	29.6055	11.502	401.667	21.5443	1.935	1.765	1.64167								
2015/12/29 01:20:00		0.64015	356.658	15.8937	1.82917	1023.7	1.02813	24.582	9.2661	19.4445	28.7106	11.7117	387.917	24.6016	1.82333	1.755	1.685								
2015/12/29 01:25:00		0.398042	41.9137	15.8302	1.99531	1023.63	0.99167	24.5511	9.6681	19.3589	29.0271	11.6211	366.875	22.8658	3.0	2.74	2.62833								
2015/12/29 01:30:00		0.448616	15.6634	15.7922	2.1776	1023.64	1.01354	24.5245	10.4475	18.5955	29.0431	11.6926	365.417	21.53	3.18167	2.77833	2.63333								
2015/12/29 01:35:00		0.71772	8.7826	15.7896	2.32344	1023.63	0.99896	24.4977	9.5877	19.2117	28.7994	11.726	350.0	27.6626	2.72333	2.61	2.46333								
2015/12/29 01:40:00		0.318632	16.486	15.7354	2.46354	1023.56	1.04271	24.4587	8.3214	18.7119	27.0333	11.726	336.875	24.6731	2.705	2.61	2.44333								
2015/12/29 01:45:00		0.68475	4.39019	15.7365	2.63802	1023.51	1.07187	24.4308	14.2196	18.1505	32.3701	11.726	336.667	20.9371	2.73667	2.545	2.36833								
2015/12/29 01:50:00		1.09594	16.0912	15.6974	2.78698	1023.56	0.96979	24.4048	16.1269	16.7469	32.8738	11.6545	345.625	25.4374	2.55667	2.425	2.31								
2015/12/29 01:55:00		0.92031	28.4365	15.7	2.87344	1023.55	1.02083	24.3777	15.707	16.7127	32.4197	11.726	330.833	26.8768	1.62333	1.57333	1.5								
2015/12/29 02:00:00		1.12236	11.1123	15.6135	2.96771	1023.47	1.05	24.3468	13.7707	17.6712	31.442	11.5353	328.333	27.4304	4.98	4.76333	4.48333								
2015/12/29 02:05:00		0.72189	342.081	15.5948	3.06042	1023.38	0.9625	24.3127	11.5419	16.521	28.0629	11.726	320.625	27.2161	0.0	0.0	0.0								
2015/12/29 02:10:00		1.03373	14.4226	15.5917	3.16094	1023.28	0.93333	24.2749	10.0701	16.5039	26.574	11.726	320.0	28.7698	1.59	1.58333	1.51667								
2015/12/29 02:15:00		0.76641	13.2491	15.5922	3.26354	1023.22	0.94063	24.2477	7.408	16.4868	23.8947	11.5115	313.958	30.0377	0.89333	0.82167	0.75								
2015/12/29 02:20:00		0.74941	3.07417	15.5948	3.34427	1023.24	0.96979	24.2174	7.4616	15.8671	23.3287	11.5973	315.417	29.3162	2.42	2.34167	2.25833								
2015/12/29 02:25:00		0.83714	38.4298	15.5927	3.40781	1023.09	1.01354	24.1846	6.901	14.9257	21.8267	11.5496	318.125	28.3447	2.535	2.35167	2.29333								
2015/12/29 02:30:00		1.12993	28.4341	15.5927	3.46771	1022.93	0.99167	24.1503	6.164	15.8226	21.9866	11.6307	310.0	31.1271	2.35333	2.34	2.25667								
2015/12/29 02:35:00		0.79484	10.3978	15.5917	3.56979	1022.8	1.03542	24.1299	4.75477	15.3263	20.081	11.6831	290.625	30.1734	2.545	2.43167	2.31333								
2015/12/29 02:40:00		0.75041	26.8923	15.5927	3.64792	1022.76	1.05	24.0875	5.7196	15.7097	21.4292	11.726	304.375	24.1159	0.87333	0.82833	0.79333								
2015/12/29 02:45:00		0.7356	359.648	15.5906	3.72344	1022.81	1.05	24.0394	6.9233	16.1992	23.1225	11.5782	311.25	28.3662	0.0	0.0	0.0								
2015/12/29 02:50:00		0.76331	12.4188	15.5938	3.77031	1022.84	1.05729	24.0034	6.2154	15.4598	21.6751	11.6307	316.25	28.2733	0.0	0.0	0.0								
2015/12/29 02:55:00		0.470915	19.5718	15.5943	3.85156	1022.74	1.07187	23.972	4.7302	14.556	19.2862	11.44	322.292	32.2486	0.0	0.0	0.0								
2015/12/29 03:00:00		0.77552	22.0909	15.5938	3.86927	1022.63	1.04271	23.942	4.0937	14.0357	18.1294	11.4448	310.625	30.302	0.0	0.0	0.0								
2015/12/29 03:05:00		0.70639	3.04467	15.5938	3.87188	1022.69	0.99896	23.8961	4.4019	14.4875	18.8894	11.5496	338.333	31.2949	0.0	0.0	0.0								
2015/12/29 03:10:00		0.59705	345.569	15.5906	3.96823	1022.85	1.05729	23.8719	3.8056	12.995	16.8006	11.5925	341.458	31.4521	0.0	0.0	0.0								
2015/12/29 03:15:00		0.73513	27.3357	15.5938	3.97292	1022.75	0.95521	23.8359	2.93683	13.0155	15.9523	11.726	336.25	30.9021	0.0	0.0	0.0								
2015/12/29 03:20:00		0.82794	6.8775	15.5922	4.03594	1022.66	1.04271	23.798	2.97257	12.7964	15.769	11.6307	336.667	32.0271	0.0	0.0	0.0								
2015/12/29 03:25:00		0.475918	22.2427	15.5922	4.06979	1022.75	1.02083	23.7835	3.20707	12.6629	15.87	11.6736	336.875	32.2914	0.0	0.0	0.0								
2015/12/29 03:30:00		0.52095	17.4197	15.5932	4.07396	1022.88	1.07917	23.7763	3.56663	12.0467	15.6133	11.726	326.667	31.7378	0.0	0.0	0.0								
2015/12/29 03:35:00		0.51216	14.1568	15.5906	4.07188	1022.87	0.99896	23.7666	2.97703	12.1836	15.1607	11.6593	335.625	27.5875	0.0	0.0	0.0								
2015/12/29 03:40:00		0.72507	12.122	15.5938	4.07344	1022.88	1.00625	23.7554	4.3885	12.4849	16.8734	11.583	331.25	28.2805	0.0	0.0	0.0								
2015/12/29 03:45:00		0.95133	1.66159	15.5911	4.07448	1022.94	0.99167	23.7465	3.78327	12.3993	16.1826	11.726	326.875	34.7059	0.0	0.0	0.0								
2015/12/29 03:50:00		0.90147	11.3044	15.5896	4.07031	1022.91	1.04271	23.7398	2.9614	11.4784	14.4398	11.726	323.125	34.4523	0.0	0.0	0.0								
2015/12/29 03:55:00		0.62527	336.817	15.5917	4.07292	1022.83	1.03542	23.7307	3.07083	11.0916	14.1624	11.726	320.833	32.2021	0.0	0.0	0.0								
2015/12/29 04:00:00		0.330003	1.07083	15.5922	4.0724	1022.87	1.01354	23.7196	2.94353	11.6393	14.5829	11.726	345.0	30.2877	0.0	0.0	0.0								
2015/12/29 04:05:00		0.79539	340.081	15.5917	4.0776	1022.96	1.04271	23.7033	2.68223	11.7728	14.4551	11.5067	360.208	31.9593	0.0	0.0	0.0								
2015/12/29 04:10:00		0.55747	27.7472	15.5552	4.07083	1022.81	1.04271	23.6923	3.84133	11.9235	15.7648	11.6783	395.0	26.9947	0.0	0.0	0.0								
2015/12/29 04:15:00		0.434501	69.601	15.4911	4.07396	1022.61	1.03542	23.6721	4.1272	12.4678	16.595	11.726	425.0	33.0558	0.0	0.0	0.0								
2015/12/29 04:20:00		0.53679	33.1443	15.4875	4.07708	1022.57	1.02813	23.663	4.48677	12.3274	16.8142	11.726	460.208	31.6093	7.33	7.26	7.075								
2015/12/29 04:25:00		0.55139	64.855	15.4896	4.075	1022.55	0.99896	23.6571	3.50857	12.5842	16.0927	11.5115	471.042	29.5877	6.595	6.47	6.32								
2015/12/29 04:30:00		0.481954	65.371	15.4896	4.06875	1022.54	0.99167	23.6442	3.2562	13.2894	16.5456	11.726	491.667	30.0877	6.285	6.265	6.155								
2015/12/29 04:35:00		0.94753	49.4794	15.4885	4.07396	1022.41	1.06458	23.6297	3.63587	12.7553	16.3912	11.726	502.29	28.1519	6.1	6.075	5.99								
2015/12/29 04:40:00		0.477433	75.292	15.4927	4.07813	1022.44	1.06458	23.6158	5.6637	14.9155	20.5792	11.726	509.17	22.7944	5.745	5.6083	5.3817								
2015/12/29 04:45:00		0.77891	70.244	15.4964	4.1099	1022.49	1.05	23.5903	6.6576	16.3225	22.98	11.726	529.79	21.5657	5.98	5.8467	5.6083								
2015/12/29 04:50:00		0.95364	57.389	15.4911	4.16823	1022.4	1.06458	23.5763	7.5978	15.5111	23.1089	11.726	579.17	25.6446	3.36667	3.31833	3.22833								
2015/12/29 04:55:00		1.08237	65.212	15.4911	4.16719	1022.32	1.02083	23.5575	8.4576	15.85	24.3077	11.6402	619.58	27.4233	2.69	2.60667	2.505								
2015/12/29 05:00:00		0.68727	46.4135	15.4833	4.16615	1022.4	1.06458	23.5559	10.3738	16.9558	27.3296	11.6259	637.08	21.6014	2.62833	2.575	2.515								
2015/12/29 05:05:00		0.76168	51.309	15.4885	4.16458	1022.53	1.02813	23.5441	11.8344	17.6096	29.4441	11.5973	668.33	21.7157	2.40333	2.235	2.12833								
2015/12/29 05:10:00		0.53084	38.207	15.4896	4.23125	1022.56	1.01354	23.5347	13.362	17.726	31.088	11.6307	700.42	20.6442	1.44833	1.36333	1.31667								
2015/12/29 05:15:00		0.74591	52.677	15.4927	4.26875	1022.52	1.01354	23.5218	15.8142	18.3628	34.177	11.6593	707.08	18.5441	3.68167	3.22333	3.10833								
2015/12/29 05:20:00		0.75216	41.6942	15.4911	4.26927	1022.66	1.02083	23.5162	24.3031	18.1197	42.4228	11.5735	726.88	16.9154	2.86	2.67	2.49667								
2015/12/29 05:25:00		1.11922	16.3977	15.4875	4.27031	1022.75	1.04271	23.5113	21.746	17.8116	39.5576	11.7165	715.62	25.8589	4.58667	4.43333	4.3								
2015/12/29 05:30:00		0.72984	21.4356	15.4896	4.2776	1022.72	1.05729	23.5076	20.8482	17.7123	38.5605	11.726	720.63	19.0013	4.00833	3.87333	3.72833								
2015/12/29 05:35:00		0.6904	10.3811	15.4849	4.36406	1022.69	1.02083	23.4461	25.661	18.7496	44.4106	11.6164	753.96	22.1872	2.51667	2.46667	2.42								
2015/12/29 05:40:00		0.67709	33.0635	15.4875	4.36719	1022.7	0.97708	23.3118	25.7146	18.7975	44.5121	11.44	738.54	20.1156	0.0	0.0	0.0								
2015/12/29 05:45:00		1.0722	27.664	15.4333	4.3026	1022.8	0.99896	23.1953	24.4126	18.0581	42.4707	11.4543	749.17	24.2588	1.03	1.03	1.02667								
2015/12/29 05:50:00		0.58626	41.9413	15.3849	4.27187	1022.9	0.96979	23.1135	22.9922	19.1433	42.1354	11.6211	731.67	19.1727	0.0	0.0	0.0								
2015/12/29 05:55:00		0.79337	10.5685	15.4734	4.26771	1023.01	1.02083	23.0326	26.427	20.4818	46.9088	11.726	784.58	19.0941	4.06	3.62	3.48								
2015/12/29 06:00:00		0.6712	5.3088	15.4896	4.27135	1023.02	1.08646	22.9824	27.7201	19.0303	46.7504	11.726	804.17	15.7368	4.38333	3.75333	3.675								
2015/12/29 06:05:00		0.68382	30.598	15.4875	4.36823	1022.94	0.99167	22.9443	33.9489	19.9923	53.941	11.5544	868.75	18.1941	3.63833	3.60833	3.48								
2015/12/29 06:10:00		0.81921	30.3415	15.4875	4.36979	1022.94	1.06458	22.9014	31.7446	19.3247	51.069	11.726	907.08	21.33	0.0	0.0	0.0								
2015/12/29 06:15:00		0.74027	33.0968	15.4906	4.375	1023.01	0.98438	22.8691	30.0875	18.6537	48.7412	11.5973	903.13	18.1226	0.0	0.0	0.0								
2015/12/29 06:20:00		0.197222	352.974	15.4865	4.3724	1023.07	1.03542	22.8418	34.2258	20.3757	54.602	11.6497	949.38	18.0441	0.0	0.0	0.0								
2015/12/29 06:25:00		0.329517	26.339	15.4906	4.41667	1023.23	1.03542	22.8243	32.3878	19.3453	51.733	11.726	945.21	17.2226	0.0	0.0	0.0								
2015/12/29 06:30:00		0.55827	19.5674	15.4589	4.475	1023.27	1.00625	22.809	31.8987	18.7667	50.665	11.726	915.83	19.1441	0.0	0.0	0.0								
2015/12/29 06:35:00		0.57492	25.2329	15.3828	4.4724	1023.28	1.03542	22.8018	32.2382	18.2293	50.467	11.6307	883.75	17.0083	0.0	0.0	0.0								
2015/12/29 06:40:00		0.488226	24.025	15.3844	4.49375	1023.33	1.00625	22.7913	31.2354	18.7291	49.9645	11.726	886.67	21.3514	0.0	0.0	0.0								
2015/12/29 06:45:00		0.52472	42.1548	15.4089	4.57604	1023.3	1.04271	22.7889	31.9099	19.7287	51.639	11.6307	920.0	14.2224	0.0	0.0	0.0								
2015/12/29 06:50:00		0.5235	51.913	15.4911	4.60469	1023.27	1.02813	22.7843	36.8299	19.5609	56.391	11.7212	1125.63	14.8581	2.115	2.015	1.91								
2015/12/29 06:55:00		0.493621	28.3637	15.4891	4.66979	1023.27	0.9625	22.7843	45.4796	21.6252	67.105	11.6211	1253.13	13.3223	6.285	5.965	5.695								
2015/12/29 07:00:00		0.62673	33.2694	15.4896	4.67292	1023.35	0.98438	22.7838	49.312	19.2323	68.544	11.6259	1410.63	16.9797	4.82	4.79167	4.68833								
2015/12/29 07:05:00		0.408334	44.5662	15.4844	4.76667	1023.47	1.03542	22.7878	48.7939	20.9474	69.741	11.6736	1474.38	14.5653	5.29	5.235	5.125								
2015/12/29 07:10:00		0.62603	15.6507	15.4849	4.76823	1023.54	1.04271	22.7824	57.16	21.947	79.107	11.5163	1624.17	11.4722	5.7917	5.1267	4.935								
2015/12/29 07:15:00		0.66755	351.294	15.4844	4.86927	1023.67	0.99896	22.7816	65.731	21.9915	87.723	11.6926	2007.5	13.9224	6.585	5.66	5.475								
2015/12/29 07:20:00		0.441958	0.93532	15.4849	4.87917	1023.73	1.02813	22.7781	71.364	22.1284	93.492	11.726	2176.25	11.9936	6.255	5.8	5.59								
2015/12/29 07:25:00		0.7014	9.4036	15.5083	4.98125	1023.75	0.97708	22.7757	74.147	21.1528	95.299	11.726	2407.92	12.4508	1.76667	1.46667	1.31								
2015/12/29 07:30:00		0.373801	26.5907	15.5073	5.0016	1023.78	0.99896	22.7757	72.427	21.5054	93.932	11.6307	2506.25	13.1152	0.0	0.0	0.0								
2015/12/29 07:35:00		0.60709	358.597	15.5917	5.0755	1023.8	1.00625	22.7843	75.136	21.9744	97.11	11.726	2733.96	12.758	1.52167	1.43833	1.34								
2015/12/29 07:40:00		0.65508	342.956	15.5911	5.1594	1023.88	1.02813	22.787	74.62	22.0497	96.67	11.6164	2839.17	12.3151	0.0	0.0	0.0								
2015/12/29 07:45:00		1.21033	20.2474	15.5943	5.1729	1023.95	1.01354	22.7867	74.781	20.7488	95.53	11.7117	2880.42	14.1795	0.83	0.72833	0.66667								
2015/12/29 07:50:00		1.01314	27.7359	15.5917	5.1786	1024.0	0.97708	22.7824	67.087	21.0467	88.134	11.726	2777.92	14.2224	1.50833	1.36167	1.27								
2015/12/29 07:55:00		0.59153	11.6404	15.4896	5.1745	1023.97	2.02708	22.787	65.258	20.7488	86.007	11.6688	2721.25	14.9653	1.39667	1.265	1.19167								
2015/12/29 08:00:00		0.92632	6.4277	15.4844	5.1755	1024.03	1.26875	22.787	64.521	21.9162	86.437	11.6402	2732.29	14.3795	1.28833	1.245	1.19167								
2015/12/29 08:05:00		0.70269	339.348	15.4849	5.2031	1024.16	0.99167	22.7913	59.465	21.9641	81.429	11.726	2712.5	13.9009	2.105	1.90333	1.785								
2015/12/29 08:10:00		0.69938	341.167	15.5849	5.2745	1024.26	1.07917	22.78	64.543	23.2307	87.774	11.726	2774.17	11.6436	2.33	1.975	1.845								
2015/12/29 08:15:00		1.19261	11.4459	15.588	5.2802	1024.33	1.04271	22.7814	69.204	22.2859	91.49	11.726	2862.29	13.8009	2.275	2.02	1.82333								
2015/12/29 08:20:00		0.64047	358.843	15.5911	5.2776	1024.4	0.95521	22.7733	64.811	21.8203	86.632	11.726	2772.71	16.6654	1.90667	1.85833	1.80667								
2015/12/29 08:25:00		0.68135	3.48203	15.5891	5.2573	1024.43	0.98438	22.7607	62.122	23.1349	85.257	11.726	2697.5	13.7938	1.985	1.895	1.79								
2015/12/29 08:30:00		0.64701	9.5267	15.5792	5.1745	1024.47	0.95521	22.7505	56.287	22.8918	79.179	11.726	2588.33	16.2439	2.03667	1.93667	1.735								
2015/12/29 08:35:00		0.96041	20.9801	15.5729	5.1724	1024.49	0.98438	22.744	56.028	21.5122	77.54	11.726	2598.54	16.1654	4.30667	3.6	3.42333								
2015/12/29 08:40:00		0.68716	34.179	15.5839	5.1724	1024.5	1.04271	22.7301	52.653	21.6663	74.319	11.726	2495.21	14.8296	1.90167	1.79167	1.725								
2015/12/29 08:45:00		0.84881	31.7995	15.5906	5.1104	1024.53	1.05	22.7097	51.887	23.4396	75.327	11.726	2388.96	14.3867	2.015	1.80333	1.74								
2015/12/29 08:50:00		0.99677	357.142	15.5901	5.076	1024.61	1.07917	22.6928	52.184	22.9363	75.12	11.726	2370.63	14.9581	2.09667	1.85833	1.73167								
2015/12/29 08:55:00		0.67294	7.2898	15.5927	5.0734	1024.69	2.42812	22.6713	52.186	22.505	74.691	11.726	2338.33	15.9939	2.07	1.88	1.775								
2015/12/29 09:00:00		0.72895	47.5885	15.5943	4.97865	1024.73	1.3125	22.6485	54.442	22.3646	76.807	11.726	2309.79	14.951	2.19333	1.895	1.77167								
2015/12/29 09:05:00		0.8	16.622	15.5948	4.97708	1024.7	5.6438	22.6321	57.039	24.8465	81.886	11.726	2338.96	13.3223	1.98	1.83167	1.76333								
2015/12/29 09:10:00		0.9131	7.1988	15.5922	4.97865	1024.73	13.8396	22.6136	58.927	24.025	82.951	11.726	2336.25	13.1437	2.06083	1.87	1.81583								
2015/12/29 09:15:00		0.73994	18.1056	15.5927	4.91927	1024.73	16.9531	22.5961	63.324	23.9976	87.322	11.521	2345.42	13.0509	0.62833	0.62	0.60833								
2015/12/29 09:20:00		0.47397	47.3804	15.5911	4.8776	1024.69	21.6271	22.5886	62.276	24.9527	87.229	11.726	2289.38	15.5368	0.0	0.0	0.0								
2015/12/29 09:25:00		0.67785	4.03747	15.5922	4.87813	1024.71	28.5833	22.5789	57.437	22.9808	80.418	11.726	2150.0	14.7938	0.0	0.0	0.0								
2015/12/29 09:30:00		1.09081	31.099	15.5922	4.87396	1024.69	36.1229	22.5816	60.278	24.4734	84.751	11.7117	2098.54	14.7581	0.0	0.0	0.0								
2015/12/29 09:35:00		0.402792	48.4342	15.5922	4.87656	1024.65	35.4958	22.5816	56.077	25.473	81.55	11.6545	2031.04	15.2224	0.0	0.0	0.0								
2015/12/29 09:40:00		0.428978	30.1156	15.5875	4.87917	1024.72	15.6333	22.5872	57.77	25.7948	83.564	11.6926	2032.92	13.2652	0.0	0.0	0.0								
2015/12/29 09:45:00		0.382553	12.3791	15.5885	4.875	1024.71	9.049	22.5929	55.498	24.7028	80.201	11.726	2009.17	14.4295	0.0	0.0	0.0								
2015/12/29 09:50:00		0.437422	1.14886	15.5906	4.88073	1024.66	16.8438	22.5931	56.226	25.7709	81.997	11.726	1979.38	13.0294	0.0	0.0	0.0								
2015/12/29 09:55:00		0.66036	72.676	15.6802	4.90156	1024.56	12.4104	22.6034	64.479	25.3532	89.832	11.726	2057.92	14.7296	0.0	0.0	0.0								
2015/12/29 10:00:00		0.285415	61.097	15.5927	4.97448	1024.49	11.9438	22.6101	61.573	24.8192	86.392	11.726	2009.58	14.0866	1.82417	1.72417	1.6675								
2015/12/29 10:05:00		0.64376	53.906	15.5917	4.98177	1024.4	21.1094	22.6179	61.325	26.0447	87.37	11.7022	2003.54	15.851	1.77267	1.63733	1.577								
2015/12/29 10:10:00		0.54401	53.428	15.5896	4.97969	1024.38	9.0635	22.6264	58.549	25.6681	84.217	11.726	1919.79	13.9866	0.59083	0.55	0.527								
2015/12/29 10:15:00		0.391301	7.7961	15.5891	4.97813	1024.37	3.43438	22.6246	57.691	25.7743	83.466	11.6926	1909.38	13.7509	0.0	0.0	0.0								
2015/12/29 10:20:00		0.420569	29.852	15.5896	4.98021	1024.41	4.90729	22.6313	58.064	25.2676	83.332	11.726	1884.79	13.9152	0.0	0.0	0.0								
2015/12/29 10:25:00		0.67484	36.0725	15.5927	4.98125	1024.41	8.6333	22.6251	54.706	24.7747	79.48	11.726	1822.5	15.1867	0.0	0.0	0.0								
2015/12/29 10:30:00		0.80207	32.909	15.5927	4.975	1024.4	21.751	22.6315	51.07	24.6617	75.731	11.726	1790.63	17.1369	0.0	0.0	0.0								
2015/12/29 10:35:00		0.472863	23.3262	15.5911	4.97865	1024.38	8.2031	22.6326	47.9296	24.5076	72.437	11.5353	1754.17	15.8368	0.0	0.0	0.0								
2015/12/29 10:40:00		0.54325	0.96321	15.5901	4.98229	1024.39	24.1427	22.6264	46.4958	23.9565	70.452	11.6831	1710.21	16.4868	0.0	0.0	0.0								
2015/12/29 10:45:00		0.61942	37.5057	15.588	4.97865	1024.4	10.8427	22.6283	44.9369	25.0828	70.02	11.6211	1642.29	14.601	0.0	0.0	0.0								
2015/12/29 10:50:00		0.72717	1.42845	15.5885	4.98021	1024.38	10.201	22.6219	46.3484	25.23	71.578	11.5353	1607.71	16.0439	0.0	0.0	0.0								
2015/12/29 10:55:00		0.69859	12.9336	15.5609	4.98073	1024.28	23.8802	22.6157	44.2848	24.1858	68.471	11.5401	1566.25	17.6369	3.39	3.1	2.91								
2015/12/29 11:00:00		1.30448	20.9246	15.4927	4.97917	1024.22	28.9552	22.6063	46.699	25.3737	72.073	11.4495	1555.21	16.3011	4.61	4.305	3.99								
2015/12/29 11:05:00		0.72088	12.1883	15.5057	4.97656	1024.22	12.7969	22.595	47.3913	24.5761	71.967	11.521	1557.92	14.1367	4.96	4.455	4.19								
2015/12/29 11:10:00		0.91759	35.9997	15.5906	4.98073	1024.19	20.9125	22.5937	52.664	25.8359	78.5	11.6736	1574.58	12.908	4.475	4.345	4.01								
2015/12/29 11:15:00		1.00184	16.4526	15.5016	4.9901	1024.11	23.326	22.5864	51.163	23.8401	75.004	11.6497	1562.92	17.5726	1.18	1.18	1.15								
2015/12/29 11:20:00		1.1582	14.2565	15.4911	4.98021	1023.98	38.1937	22.5701	46.9156	22.5803	69.496	11.6307	1506.88	21.03	0.396667	0.38	0.353333								
2015/12/29 11:25:00		0.62209	9.625	15.487	4.98073	1023.82	25.4625	22.5636	45.0664	24.268	69.334	11.726	1428.96	16.8797	1.30167	1.08667	1.00833								
2015/12/29 11:30:00		1.10127	17.9991	15.4849	4.9776	1023.73	46.5646	22.5408	44.3495	24.1311	68.481	11.5973	1403.54	20.6657	1.05333	0.98	0.88833								
2015/12/29 11:35:00		0.87038	38.8517	15.387	4.91094	1023.67	54.746	22.5835	40.8588	23.7408	64.6	11.6974	1353.75	21.7014	1.24333	1.005	0.925								
2015/12/29 11:40:00		1.1049	17.5213	15.387	4.87969	1023.64	47.775	22.6745	42.8688	25.3053	68.174	11.726	1362.71	18.0798	1.22667	1.165	1.095								
2015/12/29 11:45:00		1.02144	3.78941	15.3854	4.87865	1023.56	53.251	22.7368	39.2039	24.3673	63.571	11.726	1341.88	22.3086	1.23667	1.215	1.16833								
2015/12/29 11:50:00		0.66055	348.926	15.3901	4.87969	1023.52	47.0604	22.7717	37.2587	23.5457	60.804	11.6307	1320.42	20.6228	2.45333	2.22833	2.06667								
2015/12/29 11:55:00		0.86192	12.3725	15.488	4.87656	1023.43	10.5365	22.7953	37.5178	25.0554	62.573	11.726	1320.21	18.2012	2.84	2.52	2.385								
2015/12/29 12:00:00		1.1321	24.4161	15.4859	4.8776	1023.35	4.45521	22.8085	35.1214	25.9968	61.118	11.6354	1341.46	17.6226	2.75	2.69	2.57333								
2015/12/29 12:05:00		0.74832	340.489	15.4885	4.87865	1023.21	24.6021	22.8106	37.156	26.2159	63.372	11.5782	1355.83	14.5438	2.18333	2.09	2.00667								
2015/12/29 12:10:00		0.90427	22.1343	15.4917	4.94219	1023.1	57.56	22.7967	43.1435	25.5997	68.743	11.6307	1397.5	16.2868	0.0	0.0	0.0								
2015/12/29 12:15:00		0.7146	346.858	15.488	4.98125	1023.16	33.9208	22.7881	43.6885	25.0519	68.74	11.726	1416.04	16.5082	0.0	0.0	0.0								
2015/12/29 12:20:00		1.13486	21.5965	15.4927	4.98333	1023.13	16.6323	22.805	42.3864	24.7541	67.141	11.726	1383.13	17.4226	0.82667	0.81333	0.78								
2015/12/29 12:25:00		0.69503	354.311	15.4885	4.98125	1023.0	28.6052	22.8224	41.7097	25.1478	66.858	11.7022	1339.17	17.4226	0.0	0.0	0.0								
2015/12/29 12:30:00		0.72794	12.3597	15.5786	4.98125	1022.89	37.7198	22.8399	43.4249	24.4084	67.833	11.5306	1321.67	16.1296	0.0	0.0	0.0								
2015/12/29 12:35:00		0.87512	359.731	15.5875	4.97813	1022.84	21.4083	22.8554	40.1151	23.2615	63.377	11.726	1287.92	21.9157	1.44183	1.21533	1.1035								
2015/12/29 12:40:00		0.77707	7.6564	15.4917	4.98594	1022.72	21.8531	22.8737	38.1878	23.0596	61.247	11.726	1250.42	19.7942	1.29783	1.18117	1.08817								
2015/12/29 12:45:00		0.5537	31.7059	15.5828	4.98073	1022.55	45.2448	22.8946	38.5786	24.4426	63.021	11.6926	1274.17	17.1297	0.0	0.0	0.0								
2015/12/29 12:50:00		0.318337	22.6218	15.5943	5.0771	1022.39	41.3365	22.9134	40.966	25.2334	66.199	11.7212	1318.96	14.6438	0.0	0.0	0.0								
2015/12/29 12:55:00		0.254438	18.4734	15.5938	5.0781	1022.28	10.2667	22.9298	43.0386	26.2501	69.289	11.6354	1365.83	15.3153	0.0	0.0	0.0								
2015/12/29 13:00:00		0.447016	348.716	15.5932	5.0792	1022.24	1.90313	22.9558	45.12	26.0036	71.124	11.6116	1406.88	14.8296	0.0	0.0	0.0								
2015/12/29 13:05:00		0.375638	340.654	15.5922	5.0875	1022.15	12.5927	22.9674	44.1776	24.7952	68.973	11.5735	1393.96	16.1011	0.0	0.0	0.0								
2015/12/29 13:10:00		0.81869	320.997	15.5552	5.0813	1022.09	12.0021	22.9806	43.3401	24.3022	67.642	11.5163	1385.42	19.5299	0.0	0.0	0.0								
2015/12/29 13:15:00		0.414801	302.366	15.4891	5.0828	1022.07	14.8896	22.9746	39.9968	23.6689	63.666	11.7212	1324.79	17.8298	0.0	0.0	0.0								
2015/12/29 13:20:00		0.314663	4.46813	15.4865	5.0828	1022.02	3.4125	22.9832	38.4133	23.3437	61.757	11.726	1326.88	20.5942	0.0	0.0	0.0								
2015/12/29 13:25:00		1.0862	345.469	15.4396	5.0828	1021.97	7.1094	22.9988	35.0991	22.2517	57.351	11.6068	1262.08	21.58	0.89	0.75667	0.72								
2015/12/29 13:30:00		0.56838	307.106	15.387	5.0818	1021.96	10.1792	23.0015	33.261	21.9367	55.198	11.6068	1238.13	21.4871	3.425	3.135	2.865								
2015/12/29 13:35:00		0.362393	3.1439	15.3818	5.074	1021.88	8.7573	23.0082	30.8088	22.659	53.468	11.726	1204.17	22.4158	2.745	2.745	2.72								
2015/12/29 13:40:00		0.154755	218.685	15.2932	5.0781	1021.78	5.9792	23.0063	28.7184	22.7857	51.504	11.6497	1190.42	20.6085	2.84167	2.76667	2.61833								
2015/12/29 13:45:00		0.454665	1.75393	15.2896	5.0792	1021.74	10.6969	22.9964	28.4125	24.1311	52.544	11.6068	1220.0	20.9085	3.115	2.91	2.815								
2015/12/29 13:50:00		0.66632	321.883	15.2896	5.0792	1021.71	4.50625	22.9873	28.8636	23.9223	52.786	11.6831	1233.96	17.344	0.965	0.93	0.885								
2015/12/29 13:55:00		0.287699	22.5712	15.2891	5.0786	1021.64	6.125	22.9822	31.7803	24.7165	56.497	11.6116	1258.33	17.9869	0.0	0.0	0.0								
2015/12/29 14:00:00		1.01876	10.236	15.2885	5.1531	1021.52	12.724	22.965	33.2968	23.621	56.918	11.726	1295.83	19.487	0.0	0.0	0.0								
2015/12/29 14:05:00		0.328674	27.2984	15.2917	5.1766	1021.48	21.5469	22.9604	33.031	24.4974	57.528	11.726	1309.17	18.9727	0.0	0.0	0.0								
2015/12/29 14:10:00		0.71881	24.2342	15.3052	5.176	1021.43	30.9969	22.9615	33.1315	23.734	56.865	11.726	1332.29	19.9585	0.0	0.0	0.0								
2015/12/29 14:15:00		0.77031	77.891	15.3844	5.2219	1021.33	30.574	22.9473	36.6445	25.764	62.409	11.5115	1375.0	15.5582	3.28	3.13	2.895								
2015/12/29 14:20:00		0.87682	16.915	15.3318	5.1932	1021.3	18.2875	22.944	35.7624	23.3266	59.089	11.726	1425.42	24.8517	2.525	2.51	2.41								
2015/12/29 14:25:00		1.34379	13.8831	15.287	5.1771	1021.34	27.3583	22.9408	33.9757	23.6313	57.607	11.5449	1403.33	20.6228	2.855	2.495	2.33								
2015/12/29 14:30:00		1.07447	15.7352	15.2922	5.1057	1021.33	42.0365	22.936	34.3978	24.7438	59.142	11.4972	1393.75	20.9943	2.08167	1.935	1.845								
2015/12/29 14:35:00		0.66083	6.8019	15.2917	5.0708	1021.26	40.9063	22.9134	33.9824	25.3772	59.36	11.4495	1371.25	19.5584	2.285	2.19	2.09								
2015/12/29 14:40:00		0.99628	22.3878	15.3146	4.97917	1021.2	48.6792	22.8922	33.768	27.0786	60.847	11.44	1370.42	17.2726	2.68667	2.41167	2.08833								
2015/12/29 14:45:00		0.85775	27.1983	15.3901	4.98542	1021.15	25.2	22.8697	37.9399	26.2193	64.159	11.44	1503.13	17.6512	2.59	2.525	2.4								
2015/12/29 14:50:00		0.98808	7.7635	15.3828	4.97969	1021.11	20.0229	22.8565	39.6752	27.1368	66.812	11.5449	1551.88	15.9296	3.315	2.83333	2.57333								
2015/12/29 14:55:00		0.94623	5.418	15.3932	4.86875	1021.09	25.1344	22.8375	40.6243	27.8214	68.446	11.4495	1540.42	18.7155	2.69667	2.46	2.295								
2015/12/29 15:00:00		1.24638	12.9782	15.3865	4.72135	1021.04	31.0479	22.809	40.1978	26.5445	66.742	11.4924	1522.5	19.7585	3.44	2.67	2.465								
2015/12/29 15:05:00		0.82255	16.0618	15.388	4.5375	1021.04	50.057	22.7883	39.3446	27.5373	66.882	11.6354	1510.63	18.8441	2.55167	2.07667	1.88								
2015/12/29 15:10:00		0.75103	39.4169	15.3922	4.35781	1021.03	52.245	22.7701	37.9734	27.0717	65.045	11.7022	1510.83	23.6301	2.06	1.97	1.85833								
2015/12/29 15:15:00		0.90798	21.456	15.388	4.17135	1021.06	35.8458	22.7575	36.8924	26.8424	63.735	11.4543	1514.58	17.894	2.755	2.16333	1.905								
2015/12/29 15:20:00		0.61451	47.5988	15.4781	4.03594	1021.08	28.1313	22.754	39.0275	28.489	67.516	11.44	1539.38	16.944	2.425	1.96167	1.80167								
2015/12/29 15:25:00		0.81568	25.2205	15.4911	3.84635	1021.09	20.5771	22.7593	42.1095	29.1839	71.293	11.44	1548.33	15.9296	0.96	0.81667	0.78								
2015/12/29 15:30:00		0.73569	37.0436	15.4927	3.64896	1021.05	30.4792	22.7626	44.651	29.3037	73.955	11.4686	1550.83	15.7439	0.383333	0.383333	0.376667								
2015/12/29 15:35:00		1.02909	44.6207	15.576	3.46042	1021.0	37.326	22.7733	44.9659	29.7899	74.756	11.44	1605.63	19.2156	0.0	0.0	0.0								
2015/12/29 15:40:00		0.61774	39.969	15.5948	3.20573	1021.01	12.7896	22.7937	46.402	31.1078	77.51	11.44	1650.21	15.5725	0.0	0.0	0.0								
2015/12/29 15:45:00		0.70346	16.7795	15.5906	3.0526	1021.04	8.5094	22.8071	46.7325	28.6088	75.341	11.44	1694.58	18.0869	0.0	0.0	0.0								
2015/12/29 15:50:00		0.50777	27.3223	15.5964	2.85833	1021.07	2.8	22.816	45.3724	28.5232	73.896	11.4877	1680.42	15.4867	0.0	0.0	0.0								
2015/12/29 15:55:00		0.71297	19.3219	15.5917	2.63594	1021.08	9.5375	22.827	45.9799	30.5259	76.506	11.6545	1742.5	15.8725	0.0	0.0	0.0								
2015/12/29 16:00:00		0.5944	51.172	15.5911	2.46719	1021.2	9.0781	22.8404	43.8269	29.6563	73.483	11.4877	1746.88	18.937	0.52667	0.426667	0.383333								
2015/12/29 16:05:00		0.50406	10.0547	15.5943	2.30781	1021.31	14.7365	22.8479	45.9441	27.7598	73.704	11.5544	1720.0	14.3652	2.02333	1.72833	1.575								
2015/12/29 16:10:00		0.68013	11.7348	15.5922	2.15052	1021.41	14.4229	22.8624	44.4456	29.0401	73.486	11.6354	1688.54	17.0797	1.60167	1.56167	1.495								
2015/12/29 16:15:00		0.63008	359.485	15.588	2.05208	1021.46	6.0667	22.8651	45.091	28.8861	73.977	11.726	1735.83	17.3512	3.0	2.685	2.325								
2015/12/29 16:20:00		0.477689	49.4881	15.5974	1.94844	1021.45	1.01354	22.8713	42.3797	27.8488	70.229	11.4972	1713.13	19.7299	2.975	2.5	2.36333								
2015/12/29 16:25:00		0.311957	40.7148	15.6802	1.91042	1021.46	1.07187	22.8748	43.4048	29.0538	72.459	11.6068	1777.92	13.4152	4.555	3.84333	3.69								
2015/12/29 16:30:00		0.87559	10.7811	15.6974	1.80833	1021.42	1.02813	22.8858	44.6064	27.7495	72.356	11.583	1877.92	16.2725	3.85	3.79	3.69333								
2015/12/29 16:35:00		0.51598	55.812	15.6953	1.68229	1021.39	1.06458	22.8898	45.9352	27.5031	73.438	11.4686	1967.29	15.1653	1.0	1.0	0.98667								
2015/12/29 16:40:00		0.389293	37.2571	15.6286	1.59583	1021.26	11.5281	22.8895	45.5421	28.6499	74.192	11.5639	2055.63	16.9083	0.0	0.0	0.0								
2015/12/29 16:45:00		0.304433	32.1656	15.5911	1.55885	1021.31	8.4219	22.9019	45.3434	28.7834	74.127	11.5163	2117.92	16.7868	0.0	0.0	0.0								
2015/12/29 16:50:00		0.58902	37.3893	15.5906	1.50052	1021.48	1.05729	22.9051	42.5897	27.9447	70.534	11.6164	2050.21	20.3156	0.0	0.0	0.0								
2015/12/29 16:55:00		0.63598	39.3885	15.5953	1.46146	1021.58	0.99896	22.9102	38.4669	27.2771	65.744	11.4638	1895.42	17.1726	0.81667	0.54667	0.51333								
2015/12/29 17:00:00		0.316394	61.999	15.5922	1.58646	1021.52	1.05	22.9126	42.9157	29.1736	72.089	11.6736	1884.17	12.5008	2.89833	2.40333	2.29333								
2015/12/29 17:05:00		0.332047	27.0679	15.5885	1.65781	1021.37	1.05	22.9067	51.818	29.2181	81.036	11.521	2065.42	11.7436	3.7	2.88	2.44								
2015/12/29 17:10:00		0.58243	35.0638	15.5906	1.61771	1021.39	1.05729	22.9078	60.398	27.9104	88.309	11.726	2312.29	14.4438	3.085	2.45	2.26								
2015/12/29 17:15:00		0.425151	33.8364	15.5901	1.54792	1021.48	1.00625	22.9086	60.374	28.5746	88.948	11.726	2353.96	12.308	3.71667	2.90333	2.51667								
2015/12/29 17:20:00		0.57624	27.9121	15.5901	1.52292	1021.58	1.04271	22.9113	63.255	28.7012	91.956	11.726	2564.17	13.2509	3.86	2.76333	2.31								
2015/12/29 17:25:00		0.53699	36.0805	15.5896	1.41354	1021.61	1.06458	22.9081	60.329	27.7735	88.103	11.726	2585.42	16.2582	3.77	2.835	2.375								
2015/12/29 17:30:00		0.71803	350.56	15.5901	1.38177	1021.59	1.05	22.9105	57.287	28.0542	85.341	11.5592	2543.13	12.6223	3.31333	2.49833	2.34333								
2015/12/29 17:35:00		0.81925	349.905	15.588	1.37188	1021.65	1.04271	22.8708	57.088	28.6191	85.708	11.5067	2573.13	15.4582	3.09667	2.32333	2.08333								
2015/12/29 17:40:00		0.74773	345.67	15.638	1.31615	1021.76	1.00625	22.7408	56.758	27.1299	83.888	11.645	2509.79	13.9652	4.97	3.525	2.975								
2015/12/29 17:45:00		0.94154	346.275	15.6167	1.20729	1021.79	1.06458	22.6624	53.084	27.2771	80.361	11.6164	2430.21	14.5653	4.52	3.3	2.98333								
2015/12/29 17:50:00		0.87	342.685	15.6911	1.17135	1021.9	1.04271	22.5942	50.38	26.6472	77.027	11.6307	2293.33	15.3296	4.34667	2.95833	2.39								
2015/12/29 17:55:00		1.02929	14.4191	15.6953	1.15156	1021.99	1.04271	22.5212	45.5287	26.2022	71.731	11.6736	2178.54	16.3439	3.57	2.49	2.00333								
2015/12/29 18:00:00		0.705	1.29444	15.6938	1.15729	1022.02	1.04271	22.4855	45.4305	25.586	71.016	11.6783	2048.13	12.6294	2.80333	2.14833	1.91								
2015/12/29 18:05:00		0.8186	0.18119	15.7365	1.29948	1022.08	1.07187	22.4455	54.221	26.8526	81.073	11.726	2183.96	10.5221	4.02167	2.96	2.26								
2015/12/29 18:10:00		0.87739	23.4791	15.7927	1.28594	1022.07	1.02813	22.4224	57.714	27.6126	85.326	11.6307	2292.29	11.7722	6.755	4.50333	2.31667								
2015/12/29 18:15:00		1.16332	19.3216	15.7906	1.15521	1022.13	1.05	22.3985	57.915	26.0379	83.953	11.5973	2299.17	14.4295	4.14667	2.93667	2.25833								
2015/12/29 18:20:00		1.1607	5.5407	15.7875	1.05	1022.21	1.05729	22.3795	57.616	24.8739	82.49	11.7117	2250.42	11.7151	1.52333	1.24333	1.13								
2015/12/29 18:25:00		0.63255	23.2891	15.7885	0.96719	1022.31	1.03542	22.3709	54.207	26.3768	80.584	11.6116	2197.71	12.1508	1.11667	0.74333	0.58								
2015/12/29 18:30:00		0.9345	28.2076	15.7964	0.95365	1022.26	1.00625	22.3719	56.843	25.8804	82.723	11.4924	2141.04	11.2222	0.0	0.0	0.0								
2015/12/29 18:35:00		0.68454	14.4638	15.888	0.95573	1022.4	0.99896	22.3797	60.403	25.8941	86.297	11.5115	2244.58	11.7651	2.54833	1.76667	1.58								
2015/12/29 18:40:00		1.14227	27.5059	15.8885	0.95729	1022.47	1.03542	22.3824	59.483	24.6514	84.134	11.5544	2138.96	12.3937	1.51333	1.14333	0.96								
2015/12/29 18:45:00		0.79373	19.3104	15.8854	0.99167	1022.51	1.05729	22.3988	56.832	24.9048	81.736	11.726	2039.38	12.0437	2.02167	1.52333	1.29333								
2015/12/29 18:50:00		0.76281	11.1734	15.888	1.11406	1022.58	1.00625	22.413	64.601	25.7709	90.372	11.7165	1996.04	11.9579	1.35	1.12	1.04833								
2015/12/29 18:55:00		0.76074	12.2267	15.7927	1.25365	1022.67	1.05	22.4211	63.52	24.6856	88.206	11.6259	1939.58	11.8079	1.61	1.38	1.29833								
2015/12/29 19:00:00		0.76104	345.576	15.7917	1.51458	1022.73	1.04271	22.4388	62.491	24.3673	86.858	11.726	1974.58	11.1079	1.34167	1.17333	1.06833								
2015/12/29 19:05:00		0.61485	345.14	15.7896	1.71563	1022.7	1.07187	22.4434	68.677	24.1824	92.86	11.664	2004.38	10.6793	1.52833	1.49	1.39667								
2015/12/29 19:10:00		1.20549	348.743	15.7922	1.8625	1022.84	1.04271	22.4546	69.984	23.9086	93.892	11.726	2012.92	12.6794	2.595	2.43833	2.27667								
2015/12/29 19:15:00		0.61015	5.9184	15.788	1.90573	1022.97	1.01354	22.4624	65.736	22.9603	88.696	11.726	1943.54	11.4936	4.06667	3.05667	2.76833								
2015/12/29 19:20:00		0.80905	1.00048	15.701	1.96406	1023.01	1.05	22.4726	62.172	23.5799	85.751	11.726	1918.33	12.0508	1.495	1.21	1.045								
2015/12/29 19:25:00		0.69537	6.1947	15.6943	1.95885	1023.05	1.07187	22.4796	62.913	21.7279	84.641	11.6259	1901.46	12.2722	0.0	0.0	0.0								
2015/12/29 19:30:00		0.53318	33.2644	15.6932	1.95833	1023.11	1.03542	22.4833	60.613	23.532	84.145	11.7165	1896.25	11.215	0.89333	0.7375	0.67333								
2015/12/29 19:35:00		0.50359	9.2138	15.6932	1.96458	1023.09	1.02083	22.4965	59.4	23.5388	82.939	11.7117	1911.67	11.8722	0.0	0.0	0.0								
2015/12/29 19:40:00		0.62294	342.515	15.6932	1.96302	1023.16	1.06458	22.4922	62.122	24.0866	86.209	11.726	1912.92	11.5008	0.0	0.0	0.0								
2015/12/29 19:45:00		0.76997	22.6112	15.6953	1.85208	1023.23	0.99896	22.4954	58.83	23.4464	82.277	11.726	1898.33	12.8937	0.0	0.0	0.0								
2015/12/29 19:50:00		0.408737	31.6758	15.6943	1.64063	1023.22	0.94063	22.4949	55.376	22.9363	78.312	11.726	1814.79	13.0866	0.0	0.0	0.0								
2015/12/29 19:55:00		0.59967	354.84	15.6943	1.45417	1023.35	0.99896	22.4995	57.006	23.3437	80.35	11.726	1792.92	11.9865	0.0	0.0	0.0								
2015/12/29 20:00:00		0.53455	353.517	15.6932	1.23333	1023.43	1.05729	22.5024	52.702	22.9774	75.68	11.726	1732.29	14.4081	0.0	0.0	0.0								
2015/12/29 20:05:00		0.430097	358.43	15.6656	1.03802	1023.47	1.04271	22.5032	50.458	22.4194	72.877	11.726	1669.38	14.4438	0.0	0.0	0.0								
2015/12/29 20:10:00		0.421863	42.0732	15.5896	0.86667	1023.48	1.02083	22.4989	47.0184	22.4262	69.445	11.6497	1599.79	15.7153	0.0	0.0	0.0								
2015/12/29 20:15:00		0.55494	344.717	15.5906	0.74635	1023.53	1.03542	22.5027	41.9934	22.6453	64.639	11.726	1495.21	19.0798	0.0	0.0	0.0								
2015/12/29 20:20:00		0.165717	317.31	15.5896	0.74948	1023.62	1.04271	22.4944	38.9672	23.3437	62.311	11.726	1428.33	14.801	0.0	0.0	0.0								
2015/12/29 20:25:00		0.55759	12.7245	15.5896	0.59479	1023.6	1.02813	22.4968	37.6183	23.1588	60.777	11.726	1366.46	15.651	1.82167	1.58167	1.49								
2015/12/29 20:30:00		0.228169	91.605	15.5891	0.422917	1023.65	0.97708	22.4933	38.0694	22.95	61.019	11.726	1344.79	15.1224	3.025	2.71	2.44								
2015/12/29 20:35:00		0.462529	36.3683	15.5901	0.352604	1023.69	1.02083	22.4825	39.8136	23.5183	63.332	11.726	1366.88	13.4437	2.57833	2.21833	2.075								
2015/12/29 20:40:00		0.448509	21.9761	15.5922	0.354167	1023.76	1.02813	22.4766	39.5769	22.101	61.678	11.726	1334.79	16.1439	2.58667	2.045	1.945								
2015/12/29 20:45:00		0.63691	7.9547	15.5896	0.353646	1023.8	0.99167	22.4654	40.2692	23.1246	63.394	11.726	1291.04	14.2509	1.575	1.38	1.20667								
2015/12/29 20:50:00		0.373667	356.14	15.5479	0.350521	1023.77	0.98438	22.453	40.6422	22.9192	63.561	11.664	1252.29	16.3582	0.0	0.0	0.0								
2015/12/29 20:55:00		0.83766	10.9146	15.4828	0.355729	1023.83	1.02813	22.4267	37.9175	20.5674	58.485	11.6783	1194.17	19.9799	0.0	0.0	0.0								
2015/12/29 21:00:00		0.96208	10.1485	15.4875	0.459375	1023.86	1.00625	22.4047	34.6725	20.7591	55.432	11.726	1119.38	18.0726	0.0	0.0	0.0								
2015/12/29 21:05:00		0.53344	11.9971	15.4823	0.69427	1023.87	1.00625	22.3848	34.7596	22.0326	56.792	11.6402	1115.21	13.0009	0.76167	0.63333	0.57								
2015/12/29 21:10:00		0.85031	1.82818	15.437	0.85573	1023.9	1.02813	22.3658	34.3464	23.3026	57.649	11.44	1121.04	15.8439	0.343333	0.326667	0.281667								
2015/12/29 21:15:00		0.82127	353.233	15.3854	0.9224	1023.89	1.07917	22.351	35.7557	23.2547	59.01	11.5496	1106.04	14.701	1.24333	0.91333	0.86333								
2015/12/29 21:20:00		1.01016	11.1708	15.3849	1.00729	1023.88	1.04271	22.3395	38.7014	22.7309	61.432	11.726	1069.38	12.708	1.52333	1.315	1.20333								
2015/12/29 21:25:00		0.86674	7.8644	15.3875	1.13385	1023.8	1.05	22.3255	38.4156	22.1969	60.612	11.726	1070.21	15.7725	3.28	2.75333	2.58833								
2015/12/29 21:30:00		0.9228	15.0911	15.3865	1.20833	1023.76	1.02813	22.3118	36.8053	22.5358	59.341	11.726	1068.13	15.8082	2.93	2.85	2.76								
2015/12/29 21:35:00		1.43193	5.5463	15.313	1.15104	1023.77	1.02813	22.3029	33.9065	21.8135	55.72	11.726	1054.79	18.5012	2.215	1.93167	1.87667								
2015/12/29 21:40:00		1.01493	19.655	15.2901	1.00156	1023.79	1.03542	22.3	31.5391	21.3102	52.849	11.726	1005.42	22.3015	3.195	2.64	2.4								
2015/12/29 21:45:00		1.04841	21.363	15.2859	0.89063	1023.78	1.02813	22.2949	33.1337	21.4883	54.622	11.726	987.08	16.0654	3.135	2.62	2.455								
2015/12/29 21:50:00		0.65417	19.9441	15.2927	0.69219	1023.79	1.02083	22.2801	29.4979	22.2962	51.794	11.726	950.63	20.2156	2.38667	2.17167	1.955								
2015/12/29 21:55:00		0.8531	20.5193	15.2906	0.452083	1023.77	1.04271	22.2721	27.0725	21.6081	48.6805	11.726	909.79	22.5944	2.345	2.205	2.085								
2015/12/29 22:00:00		0.82753	20.5783	15.288	0.353125	1023.79	0.99896	22.2654	23.5192	22.7309	46.2502	11.6926	852.5	19.0013	1.01667	0.98667	0.93								
2015/12/29 22:05:00		0.85207	19.1234	15.287	0.353646	1023.78	1.05	22.2527	27.9658	22.5529	50.519	11.726	823.33	12.1294	0.59	0.55	0.53333								
2015/12/29 22:10:00		1.21129	23.4965	15.2891	0.5026	1023.78	1.04271	22.2458	37.1314	23.0082	60.14	11.726	883.33	14.0581	0.0	0.0	0.0								
2015/12/29 22:15:00		0.76567	0.095454	15.2859	0.60052	1023.8	1.09375	22.2385	34.6904	22.3715	57.062	11.726	858.54	16.4725	0.0	0.0	0.0								
2015/12/29 22:20:00		0.93836	339.165	15.2885	0.67656	1023.84	1.05	22.2369	32.6871	19.7697	52.457	11.726	828.54	19.4441	0.0	0.0	0.0								
2015/12/29 22:25:00		1.01278	357.708	15.2583	0.74896	1023.86	1.02083	22.2374	30.6927	20.0539	50.747	11.726	773.54	18.4012	0.0	0.0	0.0								
2015/12/29 22:30:00		0.93503	10.6277	15.1922	0.74792	1023.83	0.99167	22.2337	26.0161	19.4445	45.4606	11.726	727.92	20.2014	0.0	0.0	0.0								
2015/12/29 22:35:00		1.21992	11.076	15.1885	0.7724	1023.83	1.06458	22.22	23.316	20.4133	43.7293	11.6259	684.79	18.3727	0.0	0.0	0.0								
2015/12/29 22:40:00		0.464681	17.6582	15.1943	0.84688	1023.76	1.02813	22.2127	23.3875	20.7386	44.126	11.726	667.71	17.4012	0.0	0.0	0.0								
2015/12/29 22:45:00		0.59964	35.2163	15.1932	0.7724	1023.77	1.02083	22.2087	22.7934	18.5545	41.3479	11.6259	696.25	20.7157	0.0	0.0	0.0								
2015/12/29 22:50:00		0.79363	52.07	15.1911	0.52344	1023.82	1.03542	22.2041	21.8643	18.8352	40.6995	11.726	669.79	18.8655	0.0	0.0	0.0								
2015/12/29 22:55:00		0.67076	43.3204	15.1958	0.360417	1023.9	1.06458	22.1977	19.5863	19.5917	39.1781	11.7165	650.0	24.4588	0.0	0.0	0.0								
2015/12/29 23:00:00		0.7591	21.7206	15.2724	0.355208	1023.92	1.07917	22.1861	18.7801	19.8314	38.6115	11.726	623.54	20.6085	2.25	1.5	0.965								
2015/12/29 23:05:00		0.78693	23.7424	15.288	0.354688	1023.92	1.05729	22.1767	16.252	19.068	35.3199	11.726	595.63	28.359	1.45333	1.10333	0.94667								
2015/12/29 23:10:00		0.461256	22.4078	15.2901	0.35625	1023.91	1.02083	22.1684	14.5703	18.6982	33.2685	11.726	546.46	31.8521	1.53833	1.175	0.91								
2015/12/29 23:15:00		0.65271	50.484	15.2906	0.353125	1023.88	1.03542	22.1553	12.3749	18.3559	30.7308	11.726	493.125	29.4091	3.03833	2.025	1.24								
2015/12/29 23:20:00		0.71511	24.1502	15.287	0.356771	1023.88	1.00625	22.1456	13.7305	17.7329	31.4634	11.726	494.375	22.3729	4.03667	2.69	1.42333								
2015/12/29 23:25:00		0.208229	13.5776	15.2901	0.356771	1023.9	0.9625	22.1435	12.2454	19.2562	31.5016	11.726	494.792	27.1232	4.075	2.805	1.53								
2015/12/29 23:30:00		1.19055	16.235	15.2854	0.357292	1023.92	1.02083	22.1394	11.0684	17.9348	29.0032	11.726	452.708	28.2733	2.38833	1.65	1.265								
2015/12/29 23:35:00		0.497711	10.7278	15.2875	0.354167	1023.9	0.99167	22.1759	10.8495	18.5237	29.3732	11.726	442.5	25.2874	0.0	0.0	0.0								
2015/12/29 23:40:00		0.316581	21.419	15.2911	0.352604	1023.88	0.99167	22.2809	10.2086	19.1672	29.3758	11.726	437.708	27.2375	0.0	0.0	0.0								
2015/12/29 23:45:00		0.305173	40.7326	15.2917	0.351042	1023.84	1.00625	22.3438	11.7071	19.3761	31.0832	11.726	423.958	23.4873	0.0	0.0	0.0								
2015/12/29 23:50:00		0.55018	4.41251	15.2839	0.355208	1023.77	1.01354	22.3886	9.5899	18.5373	28.1273	11.726	401.875	29.0662	0.0	0.0	0.0								
2015/12/29 23:55:00		0.84785	10.6519	15.2849	0.35	1023.76	1.02813	22.4192	10.2041	19.1878	29.3919	11.726	378.542	26.4518	1.61167	1.07167	0.71167								
2015/12/30 00:00:00		0.3276	54.157	15.2901	0.354167	1023.76	0.99167	22.4334	9.715	17.9965	27.7115	11.726	370.833	30.5806	3.85	2.56	1.29								
