-- 1st mean values --
Format: XTAB(V:1;HEAD:2;COL:TCFFFFFFFFFFFFFFFFFFFFFFFF)
StartTime: 2016/12/18 00:00:00
EndTime: 2016/12/19 00:00:00
Period: 24 h
Station: Gia Lam

Time	MeasPt	Wind Spd.	Wind Dir.	Temp	RH	Barometer	Radiation	InnerTemp	NO	NO2	NOx	SO2	CO	O3	PM-10	PM-2.5	PM-1	CH4	NMHC	THC	BENZEN	TOLUEN	ETHYL BENZEN	MP-XYLEN	O-XYLEN
		m/s	degree	°C	%	hPa	W/m²	°C	µg/m3	µg/m3	µg/m3	µg/m3	µg/m3	µg/m3	µg/m3	µg/m3	µg/m3	ppm	ppmC	ppmC	ug/m3	ug/m3	ug/m3	ug/m3	ug/m3
2016/12/18 00:05:00		0.85951	159.607	19.024	0.359375	1019.73	0.99167	26.8057	28.3343	39.7004	68.035	40.755	3916.88	46.9424	44.475	41.6208	39.5583				3.94728	0.0	1.78177	4.18217	0.293818
2016/12/18 00:10:00		1.00796	147.522	19.0245	0.358854	1019.71	0.99896	26.5813	26.4181	36.527	62.945	41.1697	3777.92	46.4745	46.9742	42.7417	40.1442				3.94728	0.0	1.78177	4.18217	0.293818
2016/12/18 00:15:00		1.06241	134.133	19.024	0.356771	1019.7	1.09375	26.4704	27.1261	36.0237	63.15	42.6664	3761.46	39.1026	49.87	44.3183	41.4167				3.86476	0.065794	1.8072	4.18012	0.289726
2016/12/18 00:20:00		1.01866	129.321	19.025	0.358854	1019.68	1.03542	26.5077	33.1136	39.406	72.52	43.2337	3803.96	39.8562	48.755	44.3533	41.5392				3.69971	0.197383	1.85808	4.17601	0.281544
2016/12/18 00:25:00		1.18295	133.729	18.9792	0.358854	1019.67	1.07917	26.5778	31.1662	39.5053	70.671	43.3767	3761.67	48.9711	48.2716	44.1875	41.8				3.69971	0.197383	1.85808	4.17601	0.281544
2016/12/18 00:30:00		1.34129	135.364	18.926	0.361458	1019.66	1.12292	26.4725	30.4403	35.9655	66.406	41.4652	3573.96	51.978	48.1792	44.2767	41.9675				3.70552	0.131589	1.86377	4.11961	0.280675
2016/12/18 00:35:00		1.49199	134.664	18.9224	0.360938	1019.58	1.12292	26.3254	28.4281	33.1481	61.576	38.0904	3483.33	48.2139	49.9383	44.9575	42.9342				3.71714	0.0	1.87514	4.00682	0.278937
2016/12/18 00:40:00		1.41771	136.769	18.8479	0.363542	1019.51	1.06458	26.2565	26.6638	36.1983	62.862	35.6213	3497.92	53.221	51.728	47.6083	44.99				3.71714	0.0	1.87514	4.00682	0.278937
2016/12/18 00:45:00		1.64322	129.639	18.8328	0.359375	1019.45	1.07187	26.2868	24.9932	39.8476	64.841	34.0864	3477.5	54.65	57.817	51.159	48.4433				3.92171	0.0	1.8189	3.92563	0.273472
2016/12/18 00:50:00		1.51216	135.032	18.826	0.361979	1019.4	1.07187	26.4202	23.6086	38.8103	62.419	34.8777	3387.29	53.196	57.868	52.601	49.8975				4.33086	0.0	1.7064	3.76324	0.262541
2016/12/18 00:55:00		1.34132	131.234	18.8156	0.356771	1019.37	1.04271	26.3553	25.3595	38.7761	64.136	35.0969	3340.63	45.3994	55.191	51.349	48.8808				4.33086	0.0	1.7064	3.76324	0.262541
2016/12/18 01:00:00		1.2909	131.792	18.7281	0.361979	1019.36	1.04271	26.1547	25.2389	35.12	60.359	34.034	3333.75	44.8494	54.039	50.678	48.315				4.83415	0.0	1.93866	3.84538	0.299647
2016/12/18 01:05:00		1.6741	133.268	18.7266	0.365625	1019.34	1.02813	26.1209	25.6074	36.0922	61.7	33.5383	3387.92	50.35	53.472	49.585	46.805				5.8407	0.0	2.40318	4.00967	0.37386
2016/12/18 01:10:00		1.09456	130.553	18.7271	0.361979	1019.3	1.02813	26.1815	24.5041	39.3478	63.852	33.9005	3315.21	50.014	51.906	48.03	45.8275				5.8407	0.0	2.40318	4.00967	0.37386
2016/12/18 01:15:00		1.11432	119.684	18.7302	0.363542	1019.34	1.11563	26.2726	26.3734	40.1352	66.509	34.9921	3226.67	36.156	56.56	49.3525	46.3725				5.4165	0.0	2.25387	3.90336	0.362802
2016/12/18 01:20:00		0.65053	142.734	18.8229	0.357812	1019.38	1.05729	26.3128	32.667	37.9887	70.656	36.0074	3253.75	34.538	54.045	49.6075	46.8067				4.56797	0.0	1.95525	3.69073	0.340687
2016/12/18 01:25:00		0.0	502.0	18.8224	0.360938	1019.36	1.05729	26.119	31.1863	35.1063	66.293	35.8072	3243.75	39.0133	53.615	50.1	47.4967				4.56797	0.0	1.95525	3.69073	0.340687
2016/12/18 01:30:00		0.59154	112.941	18.8266	0.363021	1019.31	1.03542	26.0145	36.8455	33.1516	69.997	36.446	3378.96	39.1776	61.195	53.367	49.3017				4.37269	0.0	2.09445	3.70637	0.339597
2016/12/18 01:35:00		0.90005	135.245	18.8245	0.363021	1019.25	1.05	26.0728	42.2882	34.9488	77.237	37.0561	3470.63	38.5026	56.702	51.66	48.475				3.98215	0.0	2.37284	3.73765	0.337417
2016/12/18 01:40:00		0.90312	114.087	18.8219	0.361458	1019.18	1.04271	26.1636	44.5952	34.4182	79.013	38.2668	3474.17	42.7457	56.74	50.765	47.8317				3.98215	0.0	2.37284	3.73765	0.337417
2016/12/18 01:45:00		0.82076	90.577	18.825	0.358333	1019.18	1.01354	26.2132	43.1458	33.7061	76.852	38.6863	3448.13	48.0925	55.628	51.383	48.92				4.64236	0.086551	2.9467	4.50584	0.380589
2016/12/18 01:50:00		1.08568	133.582	18.8245	0.364583	1019.25	1.09375	26.1063	40.4479	31.3167	71.765	38.9294	3355.0	45.4852	53.795	49.7283	47.41				5.9628	0.259654	4.09441	6.0422	0.466934
2016/12/18 01:55:00		1.1509	133.105	18.7708	0.359375	1019.21	1.00625	25.9421	37.6607	30.3958	68.056	38.61	3353.96	45.0173	53.892	50.303	47.8933				5.9628	0.259654	4.09441	6.0422	0.466934
2016/12/18 02:00:00		1.23846	121.545	18.726	0.360417	1019.15	1.09375	25.9319	38.8086	34.004	72.813	40.1067	3393.96	46.2602	54.148	50.783	47.9217				5.4362	0.173102	4.28749	5.9016	0.457061
2016/12/18 02:05:00		1.03985	129.656	18.725	0.363542	1019.11	1.03542	26.057	36.4726	35.719	72.192	43.634	3309.17	44.0422	54.869	51.357	48.5533				4.38316	0.0	4.67364	5.6205	0.437315
2016/12/18 02:10:00		0.73142	132.228	18.7271	0.363542	1019.15	1.08646	26.1611	35.6083	36.5167	72.125	48.5914	3234.17	45.6102	55.359	51.98	49.2708				4.38316	0.0	4.67364	5.6205	0.437315
2016/12/18 02:15:00		0.95811	75.749	18.724	0.359375	1019.17	1.06458	26.1053	35.8204	35.0412	70.862	51.013	3265.83	38.4454	58.343	54.095	51.077				4.3541	0.0	5.0165	5.8621	0.43572
2016/12/18 02:20:00		0.7103	84.492	18.7266	0.361458	1019.17	1.10104	25.9912	37.8371	30.5841	68.421	55.341	3274.58	42.9171	60.213	56.512	53.98				4.29599	0.0	5.7022	6.3455	0.432529
2016/12/18 02:25:00		0.55663	76.18	18.7828	0.363021	1019.21	1.05729	25.9434	37.29	32.0869	69.377	58.606	3380.83	50.743	59.3	56.156	53.816				4.29599	0.0	5.7022	6.3455	0.432529
2016/12/18 02:30:00		0.67177	75.719	18.8219	0.360417	1019.22	1.07187	25.9944	36.5753	34.4764	71.052	61.504	3326.88	52.743	59.895	56.895	54.841				4.45639	0.0	5.6422	6.2223	0.432844
2016/12/18 02:35:00		0.84231	97.686	18.7594	0.358333	1019.19	1.07187	26.1402	36.2135	33.5247	69.738	68.831	3241.88	55.586	61.927	58.92	56.644				4.77719	0.0	5.5221	5.9759	0.433476
2016/12/18 02:40:00		0.80937	75.792	18.725	0.360417	1019.17	1.10833	26.1576	35.347	33.6753	69.022	109.595	3179.58	53.121	61.903	58.986	56.751				4.77719	0.0	5.5221	5.9759	0.433476
2016/12/18 02:45:00		0.92113	74.288	18.8115	0.363542	1019.18	1.05729	25.9644	34.2415	30.2246	64.466	209.328	3234.79	49.2354	61.552	59.238	57.101				5.1375	0.0	5.017	5.8021	0.491814
2016/12/18 02:50:00		0.70314	54.358	18.8224	0.359375	1019.2	1.02813	25.9209	32.4414	29.5297	61.971	312.951	3343.96	62.858	63.759	60.961	58.792				5.8582	0.0	4.00672	5.4546	0.60849
2016/12/18 02:55:00		0.54292	93.725	18.8193	0.359375	1019.17	1.02083	25.9705	30.3845	33.6308	64.015	393.517	3521.25	56.732	67.59	64.456	61.795				5.8582	0.0	4.00672	5.4546	0.60849
2016/12/18 03:00:00		0.744	24.1043	18.8172	0.357812	1019.15	1.00625	26.0752	29.6453	34.9454	64.591	339.706	3553.13	53.511	66.215	62.854	60.178				5.6838	0.0	3.54773	5.0745	1.50005
2016/12/18 03:05:00		0.56742	23.1934	18.8167	0.360417	1019.14	1.02083	26.1928	27.1216	34.5483	61.67	258.101	3505.0	61.751	62.063	59.715	57.853				5.3351	0.0	2.62975	4.31439	3.28318
2016/12/18 03:10:00		0.63139	9.0777	18.7953	0.358333	1019.08	1.03542	26.0197	27.7447	31.255	59.0	199.533	3445.83	53.686	60.137	58.036	56.385				5.3351	0.0	2.62975	4.31439	3.28318
2016/12/18 03:15:00		0.5819	17.3694	18.7214	0.359375	1019.0	1.00625	25.9002	23.7336	29.6289	53.363	146.828	3408.13	60.94	58.145	56.162	54.553				5.6675	0.0	2.54222	4.25199	3.56894
2016/12/18 03:20:00		0.58126	6.7913	18.724	0.3625	1018.94	1.03542	25.9533	23.4723	34.271	57.743	116.678	3374.38	52.979	60.973	57.392	54.561				6.3324	0.0	2.36716	4.1272	4.14046
2016/12/18 03:25:00		0.68397	342.269	18.7198	0.361979	1018.98	1.05729	26.0438	22.9408	34.8701	57.811	96.911	3294.58	57.55	60.542	58.318	56.55				6.3324	0.0	2.36716	4.1272	4.14046
2016/12/18 03:30:00		0.77861	10.7689	18.6151	0.363021	1018.96	1.02083	26.1531	20.9911	35.5034	56.494	81.839	3181.88	60.368	66.387	64.778	62.811				5.757	0.0	2.28421	3.78283	3.14717
2016/12/18 03:35:00		0.93687	352.356	18.5182	0.355729	1018.94	1.07917	26.1504	20.0978	33.4905	53.588	72.916	3108.75	59.836	72.866	70.697	68.732				4.60633	0.0	2.11831	3.09409	1.16058
2016/12/18 03:40:00		0.71562	357.388	18.4766	0.363021	1018.98	1.10833	25.9641	18.8873	29.6495	48.5368	66.033	3078.13	64.076	76.918	74.684	72.436				4.60633	0.0	2.11831	3.09409	1.16058
2016/12/18 03:45:00		0.76543	357.462	18.4099	0.360417	1018.98	1.05	25.8962	17.9292	31.9945	49.9237	60.603	3120.0	71.433	84.756	82.814	80.474				5.3154	0.0	2.38801	3.14085	1.00151
2016/12/18 03:50:00		0.79739	315.583	18.4135	0.363542	1019.02	1.06458	26.0062	19.1531	34.805	53.958	57.925	3086.88	69.258	86.986	84.994	82.749				6.7334	0.0	2.92742	3.23437	0.68336
2016/12/18 03:55:00		0.475147	359.101	18.4104	0.365104	1018.97	1.07187	26.083	19.66	34.6647	54.325	56.475	3098.33	74.912	86.653	84.433	82.257				6.7334	0.0	2.92742	3.23437	0.68336
2016/12/18 04:00:00		0.64504	351.749	18.4073	0.3625	1018.93	1.08646	26.149	18.195	32.9941	51.189	54.893	3073.33	75.569	86.787	84.371	81.945				6.7625	0.0	3.03818	3.40782	0.72712
2016/12/18 04:05:00		0.61751	340.183	18.3609	0.365625	1018.92	1.11563	26.0481	18.1592	30.4745	48.6337	52.991	2996.04	73.63	86.589	84.314	82.082				6.8206	0.0	3.2597	3.75471	0.81463
2016/12/18 04:10:00		0.84751	319.726	18.3714	0.369792	1018.97	1.12292	25.8801	18.0342	28.8758	46.91	49.8117	3036.67	74.98	82.573	79.759	77.481				6.8206	0.0	3.2597	3.75471	0.81463
2016/12/18 04:15:00		0.7546	323.077	18.3141	0.3625	1018.97	1.10833	25.8656	17.4803	32.8024	50.283	47.2138	3078.33	74.133	78.739	76.554	73.965				7.4261	0.0	3.67666	4.09386	0.84986
2016/12/18 04:20:00		0.72407	326.958	18.3151	0.365625	1018.97	1.13021	25.9952	18.3401	32.9085	51.249	46.618	3076.88	66.026	78.623	75.017	72.152				8.6373	0.0	4.51059	4.77217	0.92031
2016/12/18 04:25:00		0.83074	329.839	18.3104	0.361979	1019.01	1.02813	26.0677	19.8141	31.6521	51.466	46.1365	3016.46	67.922	76.247	72.388	69.709				8.6373	0.0	4.51059	4.77217	0.92031
2016/12/18 04:30:00		0.8014	329.529	18.3151	0.363542	1019.07	1.10833	26.1072	20.2563	31.4467	51.703	45.1356	3004.38	61.283	74.741	71.272	68.553				8.4781	0.0	5.4181	5.6552	0.90452
2016/12/18 04:35:00		0.59021	314.703	18.3167	0.361458	1019.12	1.10104	25.9877	22.0944	28.3486	50.443	43.2146	3008.96	54.436	72.463	69.619	66.928				8.1596	0.0	7.2332	7.4213	0.87292
2016/12/18 04:40:00		0.70625	317.274	18.3156	0.360938	1019.14	1.07187	25.8269	22.2462	26.3015	48.5477	41.5844	3063.13	59.604	74.279	70.775	68.2				8.1596	0.0	7.2332	7.4213	0.87292
2016/12/18 04:45:00		0.84767	325.856	18.312	0.363542	1019.17	1.09375	25.8223	23.8565	29.1771	53.034	41.6082	3208.54	57.443	78.447	74.337	71.365				8.1596	0.0	7.2332	7.4213	0.87292
2016/12/18 04:50:00		0.56646	305.594	18.313	0.360938	1019.18	1.07917	25.9477	24.7788	29.0846	53.863	41.8752	3208.96	56.964	78.035	74.505	72.047				8.1596	0.0	7.2332	7.4213	0.87292
2016/12/18 04:55:00		0.77209	343.605	18.3135	0.360417	1019.17	1.03542	26.0143	25.7637	28.7937	54.557	43.0526	3238.96	58.129	78.428	73.843	71.475				8.1596	0.0	7.2332	7.4213	0.87292
2016/12/18 05:00:00		0.85732	319.087	18.3135	0.361458	1019.15	1.05	26.0717	27.0635	28.6636	55.727	43.5959	3303.96	57.8	76.923	74.122	71.85				8.9232	0.0	7.7262	8.813	0.82237
2016/12/18 05:05:00		0.87872	327.163	18.3146	0.359896	1019.2	1.04271	26.0143	26.9027	26.2262	53.129	44.6923	3307.71	55.689	76.161	72.572	70.342				10.4505	0.0	8.7121	11.5963	0.72128
2016/12/18 05:10:00		0.78421	332.613	18.3094	0.363021	1019.23	1.10833	25.8403	26.8849	24.3194	51.204	44.5588	3311.67	59.597	75.244	72.608	70.23				10.4505	0.0	8.7121	11.5963	0.72128
2016/12/18 05:15:00		0.80919	324.473	18.3141	0.365104	1019.22	1.06458	25.8121	27.8296	27.8591	55.689	44.554	3410.21	58.307	75.608	72.103	69.992				9.3082	0.0	8.7287	11.3641	0.63702
2016/12/18 05:20:00		0.455626	338.991	18.3151	0.360417	1019.22	1.05729	25.9469	31.5994	26.3665	57.966	45.6551	3415.0	55.65	75.783	72.485	69.972				7.1867	0.0	8.7595	10.9329	0.480534
2016/12/18 05:25:00		0.80634	327.659	18.3115	0.358333	1019.23	1.07917	26.025	32.428	26.678	59.106	46.0889	3441.04	56.118	77.695	73.413	71.327				7.1867	0.0	8.7595	10.9329	0.480534
2016/12/18 05:30:00		0.67367	318.192	18.3146	0.363542	1019.24	1.11563	26.1072	34.8512	26.1235	60.975	46.1175	3432.08	58.915	81.564	77.629	75.23				6.8892	0.0	7.6093	9.8192	0.445813
2016/12/18 05:35:00		0.59908	312.915	18.3109	0.363542	1019.29	1.02083	26.2336	36.6445	24.4255	61.07	45.0879	3402.5	61.122	82.918	79.513	76.737				6.294	0.0	5.3088	7.5919	0.376371
2016/12/18 05:40:00		0.70846	334.231	18.3135	0.364583	1019.35	1.1375	26.1789	39.023	24.6548	63.678	44.1346	3441.25	58.29	81.413	77.862	74.373				6.294	0.0	5.3088	7.5919	0.376371
2016/12/18 05:45:00		0.84053	287.005	18.313	0.363542	1019.44	1.06458	26.2116	43.8984	21.9367	65.835	43.1812	3569.79	54.514	79.327	74.577	71.868				6.0616	0.0	4.5049	6.7073	0.366941
2016/12/18 05:50:00		0.57212	325.664	18.3146	0.359896	1019.47	1.07917	26.2672	47.905	20.8686	68.774	43.0573	3704.38	54.246	76.434	73.391	70.782				5.5966	0.0	2.89709	4.93804	0.34808
2016/12/18 05:55:00		0.77537	328.652	18.313	0.3625	1019.51	1.13021	26.2258	51.029	18.7873	69.817	42.9048	3870.63	53.657	75.307	72.153	69.695				5.5966	0.0	2.89709	4.93804	0.34808
2016/12/18 06:00:00		0.57249	324.244	18.3135	0.363021	1019.56	1.10833	26.2151	51.88	19.5917	71.472	42.8476	3963.13	54.054	75.108	71.273	68.751				6.1348	0.0	2.89914	5.1529	0.356515
2016/12/18 06:05:00		0.41002	355.302	18.3094	0.365104	1019.57	1.05	26.3314	50.958	19.0063	69.964	42.3661	4014.58	53.068	74.633	71.082	68.91				7.2111	0.0	2.90325	5.5825	0.373386
2016/12/18 06:10:00		0.50819	6.0228	18.313	0.366667	1019.66	1.03542	26.3177	52.162	18.664	70.826	42.614	3979.79	52.507	80.596	73.9	68.648				7.2111	0.0	2.90325	5.5825	0.373386
2016/12/18 06:15:00		0.55856	25.3842	18.313	0.358333	1019.66	0.99896	26.3338	52.463	18.8181	71.281	43.3719	3947.08	55.75	74.117	70.21	67.966				7.4668	0.068125	2.90846	5.6363	0.372786
2016/12/18 06:20:00		0.6484	348.341	18.312	0.363021	1019.75	1.05	26.4436	51.159	18.1711	69.33	43.6102	3926.04	52.946	77.876	70.723	67.723				7.9783	0.204375	2.91889	5.7437	0.371585
2016/12/18 06:25:00		0.53925	352.949	18.3286	0.359896	1019.85	1.05729	26.4307	57.318	17.3597	74.678	44.4778	4169.17	49.5462	77.185	71.131	67.696				7.9783	0.204375	2.91889	5.7437	0.371585
2016/12/18 06:30:00		0.75144	355.105	18.4073	0.358333	1019.92	1.02813	26.4288	61.361	15.6207	76.982	44.6303	4436.04	53.1	72.345	68.3	65.888				7.7295	0.20092	3.06425	5.6315	0.370748
2016/12/18 06:35:00		0.491928	331.217	18.387	0.3625	1019.97	1.05729	26.5254	59.898	14.8778	74.776	45.0545	4415.21	52.375	73.706	68.88	66.106				7.232	0.19401	3.35497	5.4072	0.369073
2016/12/18 06:40:00		0.65946	331.923	18.3156	0.358333	1020.0	1.03542	26.5107	60.943	15.6344	76.578	45.617	4417.29	51.036	74.062	69.783	67.047				7.232	0.19401	3.35497	5.4072	0.369073
2016/12/18 06:45:00		0.55734	15.8294	18.312	0.358333	1020.0	1.04271	26.4715	58.913	16.4217	75.335	46.1842	4434.38	51.936	72.449	69.674	67.373				7.1552	0.230028	3.6745	6.0109	0.38284
2016/12/18 06:50:00		0.52922	19.4956	18.3078	0.356771	1020.02	1.02813	26.5741	60.079	17.2741	77.353	47.4188	4453.96	49.4926	78.767	72.15	68.438				7.0124	0.296918	4.2679	7.1322	0.408407
2016/12/18 06:55:00		0.64132	23.6915	18.3995	0.358333	1020.06	1.03542	26.5955	65.678	14.0733	79.751	48.334	4571.88	51.428	78.758	72.932	69.349				7.0124	0.296918	4.2679	7.1322	0.408407
2016/12/18 07:00:00		0.65707	357.036	18.4057	0.359375	1020.05	1.17396	26.6009	70.444	13.0087	83.452	48.8774	4780.0	51.539	79.869	73.209	69.612				6.9961	0.197945	4.16678	6.99	0.39498
2016/12/18 07:05:00		0.58181	347.619	18.413	0.359375	1020.08	4.09792	26.6661	76.65	10.3282	86.978	49.9785	4889.38	51.957	80.169	74.263	70.815				6.9635	0.0	3.96454	6.7057	0.368126
2016/12/18 07:10:00		0.57915	39.8532	18.5016	0.357812	1020.18	7.4448	26.6476	93.512	3.71774	97.23	52.762	5266.7	59.64	83.66	76.898	72.648				6.9635	0.0	3.96454	6.7057	0.368126
2016/12/18 07:15:00		0.0	502.0	18.5115	0.361458	1020.24	12.1917	26.6404	91.989	3.70062	95.689	56.471	5443.1	56.732	86.228	77.137	71.96				7.4296	0.102798	4.01209	7.4055	0.396812
2016/12/18 07:20:00		0.57559	15.0235	18.6151	0.361979	1020.3	16.924	26.7351	114.961	0.191707	115.153	57.219	6128.5	57.079	82.414	76.205	72.474				8.3618	0.308393	4.10721	8.8051	0.454186
2016/12/18 07:25:00		0.74088	7.6117	18.6141	0.361458	1020.34	25.9729	26.7134	111.568	0.0	111.568	56.99	6247.1	58.657	80.912	74.663	71.332				8.3618	0.308393	4.10721	8.8051	0.454186
2016/12/18 07:30:00		0.56447	359.3	18.6807	0.3625	1020.39	32.1198	26.7107	104.531	0.1027	104.634	56.409	6229.6	58.1	82.383	76.903	73.402				9.4103	0.41618	4.48404	10.2378	0.50293
2016/12/18 07:35:00		0.65529	343.954	18.7219	0.365625	1020.47	36.5823	26.7961	107.767	0.07189	107.839	57.729	6311.0	57.668	86.476	78.505	74.027				11.5071	0.63176	5.2377	13.1033	0.60043
2016/12/18 07:40:00		0.76773	329.415	18.825	0.3625	1020.51	43.626	26.7649	109.089	0.0	109.089	59.03	6518.1	58.247	86.666	78.788	74.965				11.5071	0.63176	5.2377	13.1033	0.60043
2016/12/18 07:45:00		0.81829	82.119	18.9219	0.361979	1020.55	46.2219	26.7459	107.749	1.96157	109.711	61.709	6704.8	60.518	84.573	77.243	73.358				11.1678	0.51705	4.90026	11.652	0.51881
2016/12/18 07:50:00		0.79199	84.738	18.9458	0.364062	1020.56	53.105	26.857	104.203	4.96726	109.17	63.239	6895.6	60.918	91.467	79.68	74.448				10.5377	0.304033	4.27359	8.9567	0.367225
2016/12/18 07:55:00		0.99726	73.79	19.0677	0.357812	1020.61	59.041	26.8234	115.311	1.58843	116.9	61.643	7469.6	63.033	89.459	79.848	75.244				10.5377	0.304033	4.27359	8.9567	0.367225
2016/12/18 08:00:00		1.08143	87.402	19.1948	0.360938	1020.64	54.578	26.8251	121.511	0.4108	121.922	59.836	7898.8	60.165	81.915	74.848	70.922				11.3037	0.69831	4.7735	10.8681	0.44733
2016/12/18 08:05:00		0.82994	69.926	19.3021	0.360417	1020.65	55.978	26.9386	119.943	0.417647	120.361	61.623	7946.7	59.908	79.861	72.151	67.982				12.8356	1.48685	5.7733	14.6909	0.60754
2016/12/18 08:10:00		0.59279	117.105	19.3271	0.365104	1020.67	67.718	26.9424	115.061	0.23621	115.298	66.471	7780.0	58.997	83.734	72.868	68.249				12.8356	1.48685	5.7733	14.6909	0.60754
2016/12/18 08:15:00		0.57247	108.421	19.3781	0.359896	1020.73	66.464	26.9657	123.622	0.18486	123.807	70.375	7876.7	62.254	90.427	77.417	71.258				13.4133	1.44586	5.7528	15.1996	0.6415
2016/12/18 08:20:00		0.63328	78.911	19.5146	0.360417	1020.8	56.357	27.0984	130.688	0.0	130.688	73.283	8196.7	59.529	89.103	76.441	70.434				14.5687	1.36387	5.7117	16.2169	0.70943
2016/12/18 08:25:00		0.54027	60.635	19.6323	0.360938	1020.89	53.638	27.0957	128.519	0.0	128.519	75.289	8249.4	62.833	85.827	75.956	70.064				14.5687	1.36387	5.7117	16.2169	0.70943
2016/12/18 08:30:00		0.59884	41.9959	19.6995	0.3625	1020.97	58.282	27.1201	129.071	0.0	129.071	80.785	8546.7	62.615	95.961	79.762	72.579				13.733	1.11476	5.4905	15.4665	0.67736
2016/12/18 08:35:00		0.52826	323.667	19.7281	0.361458	1020.98	71.568	27.2369	134.027	0.0	134.027	85.438	8924.6	65.715	94.213	81.555	74.399				12.0615	0.61654	5.0481	13.9658	0.61323
2016/12/18 08:40:00		0.61641	313.144	19.7609	0.360938	1021.01	73.639	27.2321	148.675	0.0	148.675	89.261	9292.5	66.64	92.046	80.118	72.764				12.0615	0.61654	5.0481	13.9658	0.61323
2016/12/18 08:45:00		0.98498	301.458	19.7911	0.3625	1021.09	74.645	27.2573	143.085	0.0	143.085	92.478	9159.6	66.494	91.077	77.744	70.769				12.8728	0.80738	5.2282	14.6735	0.62997
2016/12/18 08:50:00		0.62047	311.745	19.7948	0.363021	1021.15	79.282	27.3991	131.481	0.0	131.481	96.601	8765.4	65.515	93.189	77.416	70.563				14.4955	1.18907	5.5885	16.0889	0.66346
2016/12/18 08:55:00		0.71357	327.871	19.7911	0.363021	1021.2	83.716	27.3682	125.277	2.06769	127.344	96.42	8614.0	75.762	96.38	83.489	77.238				14.4955	1.18907	5.5885	16.0889	0.66346
2016/12/18 09:00:00		0.90643	328.63	19.8141	0.35625	1021.27	78.356	27.3797	117.9	10.1981	128.098	93.107	8658.1	76.848	93.399	83.923	79.042				13.2088	0.93255	5.2995	14.852	0.64229
2016/12/18 09:05:00		0.78765	326.159	19.8089	0.3625	1021.37	57.976	27.5126	109.433	16.4183	125.852	95.657	8510.2	78.877	94.349	83.278	77.813				10.6354	0.419526	4.72151	12.3783	0.59996
2016/12/18 09:10:00		1.0032	333.255	19.7531	0.369271	1021.4	45.3542	27.5161	101.049	18.7085	119.758	92.735	8225.8	78.098	90.517	82.254	78.154				10.6354	0.419526	4.72151	12.3783	0.59996
2016/12/18 09:15:00		0.9705	308.268	19.725	0.363021	1021.41	39.7615	27.5158	92.045	22.4742	114.519	84.284	7917.3	74.841	97.438	84.807	79.957				11.5559	0.4756	4.86356	12.7179	0.59696
2016/12/18 09:20:00		0.329432	311.982	19.7313	0.359896	1021.4	42.1094	27.6509	91.806	22.3783	114.184	77.172	7946.0	71.333	92.386	82.253	77.137				13.397	0.58775	5.1476	13.3972	0.59095
2016/12/18 09:25:00		0.709	317.472	19.7281	0.363542	1021.34	50.021	27.6313	87.741	24.1311	111.872	73.478	7805.0	72.791	89.57	79.756	75.231				13.397	0.58775	5.1476	13.3972	0.59095
2016/12/18 09:30:00		0.53889	325.824	19.7313	0.361458	1021.25	73.464	27.6074	85.738	23.7819	109.52	72.191	7781.0	71.923	86.263	79.199	74.993				13.2459	0.52678	4.94983	12.6215	0.59617
2016/12/18 09:35:00		0.54109	349.869	19.7297	0.361979	1021.21	114.997	27.7344	85.204	23.8572	109.061	73.888	7731.5	69.998	83.628	75.329	71.343				12.9437	0.404842	4.5542	11.0703	0.60659
2016/12/18 09:40:00		0.0	502.0	19.7891	0.363542	1021.16	135.669	27.7132	92.804	20.3483	113.152	75.68	7892.3	65.058	87.164	74.906	69.956				12.9437	0.404842	4.5542	11.0703	0.60659
2016/12/18 09:45:00		0.79241	309.91	19.9333	0.364062	1021.07	162.568	27.7196	96.409	18.3251	114.734	75.614	8254.0	61.961	84.847	71.919	66.633				13.1195	0.444531	4.67895	11.8316	0.65585
2016/12/18 09:50:00		0.92655	10.4578	20.075	0.358854	1021.04	165.871	27.8316	106.396	14.4225	120.819	74.903	8506.7	67.229	80.062	69.641	66.055				13.4459	0.51824	4.91064	13.2455	0.74734
2016/12/18 09:55:00		0.91233	55.338	20.1016	0.359896	1020.99	201.717	27.82	95.227	18.5853	113.812	74.951	8177.9	71.394	83.114	73.647	68.791				13.4459	0.51824	4.91064	13.2455	0.74734
2016/12/18 10:00:00		0.63696	69.614	20.1005	0.363542	1020.92	227.201	27.831	88.275	21.0706	109.345	77.944	8007.9	71.626	83.791	73.106	68.205				14.2886	0.83494	5.8365	15.2564	0.95428
2016/12/18 10:05:00		0.73147	340.4	20.2313	0.355208	1020.88	236.841	27.9771	84.842	24.5761	109.418	78.021	7964.8	63.215	75.787	67.958	63.493				15.9739	1.46834	7.6883	19.2783	1.36815
2016/12/18 10:10:00		0.97975	330.236	20.4255	0.361458	1020.81	258.249	28.005	86.381	23.8777	110.259	79.818	7876.3	65.111	77.246	68.837	64.672				15.9739	1.46834	7.6883	19.2783	1.36815
2016/12/18 10:15:00		0.396954	84.256	20.6427	0.360938	1020.73	282.158	28.0117	92.263	23.2307	115.494	80.628	7900.4	69.683	76.521	67.377	63.606				13.8515	1.11695	7.249	16.9498	1.06315
2016/12/18 10:20:00		0.83428	64.508	20.7802	0.359896	1020.68	281.32	28.1263	83.752	27.5441	111.296	80.781	7649.6	88.17	71.067	64.66	61.303				9.6067	0.414179	6.3706	12.293	0.453144
2016/12/18 10:25:00		0.65502	56.19	20.7281	0.361458	1020.66	249.776	28.1357	73.137	31.7446	104.882	80.457	7256.5	86.034	70.363	65.659	62.854				9.6067	0.414179	6.3706	12.293	0.453144
2016/12/18 10:30:00		0.416716	357.219	20.7172	0.359375	1020.61	259.16	28.1529	65.425	37.3041	102.73	78.126	7117.1	81.691	81.753	70.851	66.436				10.2041	0.464083	6.3974	12.8538	0.471278
2016/12/18 10:35:00		1.21517	315.265	20.8432	0.360938	1020.58	244.81	28.3135	61.941	39.2451	101.187	75.919	7209.6	80.72	84.245	73.477	68.618				11.399	0.56389	6.4511	13.9753	0.50755
2016/12/18 10:40:00		1.40649	326.704	20.8984	0.3625	1020.61	173.986	28.3392	57.624	41.282	98.906	71.338	7065.0	89.763	75.338	67.489	64.549				11.399	0.56389	6.4511	13.9753	0.50755
2016/12/18 10:45:00		1.08538	325.463	20.9042	0.360938	1020.56	136.792	28.3658	50.884	43.7844	94.669	66.962	6823.5	84.538	73.718	67.895	64.482				10.9759	0.5314	6.2837	13.2155	0.477818
2016/12/18 10:50:00		0.63209	346.674	20.9068	0.365625	1020.43	148.692	28.4947	46.163	46.9784	93.141	63.216	6766.7	84.673	74.963	67.8	64.304				10.1297	0.466414	5.9487	11.6959	0.418359
2016/12/18 10:55:00		0.69959	340.129	20.9057	0.361979	1020.29	168.853	28.4772	42.0738	49.0837	91.158	62.272	6564.2	79.684	74.678	67.227	64.04				10.1297	0.466414	5.9487	11.6959	0.418359
2016/12/18 11:00:00		1.02983	309.424	20.9021	0.364062	1020.2	163.997	28.4947	39.1168	50.518	89.635	60.446	6440.2	80.505	75.718	66.812	63.145				9.4341	0.408083	5.6069	10.8848	0.385119
2016/12/18 11:05:00		0.58042	353.48	20.8984	0.358333	1020.15	145.126	28.6158	37.2029	52.117	89.32	59.469	6480.6	72.358	75.235	67.295	63.61				8.1421	0.299755	4.97226	9.3785	0.323389
2016/12/18 11:10:00		0.75325	337.548	20.9417	0.358333	1020.04	135.355	28.6099	38.4535	51.935	90.389	58.854	6564.2	79.141	73.518	66.617	62.972				8.1421	0.299755	4.97226	9.3785	0.323389
2016/12/18 11:15:00		0.81357	315.795	21.0	0.360417	1019.95	117.935	28.6383	38.956	52.202	91.158	58.692	6521.3	76.144	73.055	66.283	62.345				8.3411	0.308004	4.84468	9.4399	0.329112
2016/12/18 11:20:00		0.82885	300.668	20.9833	0.358854	1019.85	133.882	28.783	37.8729	53.24	91.113	58.315	6458.1	76.969	73.666	66.202	62.714				8.7105	0.323323	4.60776	9.5538	0.339739
2016/12/18 11:25:00		1.10273	283.818	20.9021	0.364583	1019.79	124.345	28.7841	33.9534	51.963	85.916	57.028	6118.8	84.591	70.032	64.739	61.786				8.7105	0.323323	4.60776	9.5538	0.339739
2016/12/18 11:30:00		0.56599	345.068	20.9198	0.360938	1019.71	151.645	28.7725	31.9724	55.554	87.526	57.124	6227.1	64.144	77.96	67.901	63.768				8.5292	0.320814	4.99154	9.8808	0.331067
2016/12/18 11:35:00		0.7733	336.464	21.0557	0.358854	1019.6	163.501	28.6499	38.6322	53.401	92.033	56.985	6616.5	62.061	73.054	65.783	62.06				8.1666	0.315796	5.7591	10.5348	0.313722
2016/12/18 11:40:00		0.85678	315.014	21.1589	0.360417	1019.52	150.135	28.4815	40.0392	47.7076	87.747	54.812	6670.4	78.78	72.147	64.38	61.13				8.1666	0.315796	5.7591	10.5348	0.313722
2016/12/18 11:45:00		0.70705	323.474	21.2047	0.364583	1019.37	212.589	28.5011	41.1849	50.792	91.977	54.14	6683.5	69.319	72.424	64.495	61.368				9.1637	0.364913	5.9847	11.4802	0.355802
2016/12/18 11:50:00		0.413834	353.197	21.2964	0.363021	1019.24	267.181	28.6708	38.3441	54.568	92.912	53.997	6501.0	84.413	72.817	66.262	62.753				11.0154	0.456132	6.4037	13.236	0.43395
2016/12/18 11:55:00		0.432238	28.1369	21.3766	0.35625	1019.07	325.186	28.7959	36.9773	54.431	91.408	55.141	6345.8	87.624	73.219	65.219	62.297				11.0154	0.456132	6.4037	13.236	0.43395
2016/12/18 12:00:00		0.73547	53.132	21.4557	0.355729	1018.9	326.003	28.9079	33.2499	55.324	88.574	54.192	6177.3	94.849	72.408	65.909	62.459				11.0154	0.456132	6.4037	13.236	0.43395
2016/12/18 12:05:00		0.394572	320.237	21.5625	0.355729	1018.77	238.416	29.0641	32.7317	57.204	89.936	54.202	6169.8	85.045	77.741	66.757	63.246				11.0154	0.456132	6.4037	13.236	0.43395
2016/12/18 12:10:00		0.52561	344.611	21.6109	0.358333	1018.64	238.598	28.9895	29.4353	58.022	87.457	53.768	6017.7	101.032	72.543	65.019	61.944				11.0154	0.456132	6.4037	13.236	0.43395
2016/12/18 12:15:00		0.7259	293.809	21.6089	0.359896	1018.5	194.33	28.7667	27.2377	54.38	81.617	51.747	5809.4	106.729	71.15	65.973	62.825				10.0769	0.462322	6.4684	12.624	0.409585
2016/12/18 12:20:00		0.478627	37.1191	21.5703	0.361979	1018.36	155.925	28.7255	24.0217	56.434	80.455	50.365	5757.7	105.278	72.968	65.763	61.818				8.3339	0.473818	6.5886	11.4873	0.364334
2016/12/18 12:25:00		0.68904	346.058	21.5005	0.359375	1018.26	146.993	28.8075	22.6036	59.196	81.8	50.641	5655.2	93.074	69.979	62.588	59.243				8.3339	0.473818	6.5886	11.4873	0.364334
2016/12/18 12:30:00		0.455161	4.34341	21.4818	0.357292	1018.13	129.493	28.9216	19.7851	61.623	81.409	50.16	5452.3	99.31	65.768	60.886	58.208				8.1852	0.41555	6.2173	10.5174	0.242889
2016/12/18 12:35:00		0.96485	335.664	21.3359	0.359375	1017.99	152.615	29.0853	17.7684	60.021	77.79	49.845	5167.1	105.461	70.118	62.648	59.225				7.8876	0.299015	5.4747	8.5776	0.0
2016/12/18 12:40:00		0.94317	310.596	21.299	0.359896	1017.86	197.874	29.168	17.0001	61.784	78.784	49.9022	5154.2	85.988	71.468	63.178	60.01				7.8876	0.299015	5.4747	8.5776	0.0
2016/12/18 12:45:00		1.01796	335.037	21.4109	0.357292	1017.74	221.572	29.0115	15.8098	62.859	78.669	49.0586	5107.7	89.456	68.676	61.911	59.036				7.5861	0.296035	5.1935	8.4101	0.0
2016/12/18 12:50:00		0.59047	16.568	21.5042	0.355729	1017.67	194.943	28.8311	14.9834	58.946	73.93	48.8678	5080.4	94.774	68.278	61.554	58.615				7.0263	0.290501	4.67127	8.0989	0.0
2016/12/18 12:55:00		0.81905	34.0051	21.4693	0.354167	1017.61	157.77	28.7747	15.8879	59.747	75.635	48.5962	4984.79	113.404	67.754	61.707	58.846				7.0263	0.290501	4.67127	8.0989	0.0
2016/12/18 13:00:00		0.396985	42.7011	21.401	0.354167	1017.47	166.33	28.8571	13.9114	59.949	73.861	48.8106	4775.63	98.51	70.916	63.158	60.191				6.9152	0.188826	4.53158	7.9265	0.0
2016/12/18 13:05:00		0.5737	15.8173	21.4427	0.35625	1017.36	181.993	29.0147	17.7639	63.903	81.667	49.9451	4861.04	70.78	70.457	63.704	60.198				6.709	0.0	4.27216	7.6061	0.0
2016/12/18 13:10:00		0.66426	330.069	21.5708	0.360938	1017.25	177.136	29.1237	20.062	63.065	83.127	49.8927	4941.88	97.678	69.708	62.855	59.284				6.709	0.0	4.27216	7.6061	0.0
2016/12/18 13:15:00		1.0769	81.805	21.6406	0.355208	1017.11	206.886	29.1844	19.4791	64.311	83.79	49.988	5002.9	84.802	71.881	62.442	58.933				6.6821	0.0	4.29871	7.4236	0.0
2016/12/18 13:20:00		0.66547	96.529	21.8036	0.358854	1017.04	201.636	29.0671	22.0296	64.598	86.628	48.9346	5213.8	75.501	70.405	62.242	58.777				6.6323	0.0	4.348	7.0848	0.0
2016/12/18 13:25:00		0.459703	152.473	21.9615	0.358854	1017.0	187.374	28.819	21.2636	59.628	80.891	47.6571	5247.1	109.143	67.771	60.953	57.947				6.6323	0.0	4.348	7.0848	0.0
2016/12/18 13:30:00		1.18974	99.292	22.0094	0.358333	1016.85	214.061	28.7779	18.8091	65.827	84.636	47.3235	5404.2	101.06	70.06	63.082	59.5				7.0131	0.155327	4.53663	7.8594	0.0
2016/12/18 13:35:00		0.70569	106.055	22.0474	0.35625	1016.72	233.829	28.9213	20.6941	67.826	88.521	48.9394	5599.6	85.602	72.065	61.511	58.418				7.7202	0.443792	4.88694	9.2979	0.0
2016/12/18 13:40:00		0.53565	259.686	22.0094	0.360417	1016.58	240.785	29.0094	20.6717	67.224	87.896	49.4828	5557.3	109.675	69.567	60.916	57.531				7.7202	0.443792	4.88694	9.2979	0.0
2016/12/18 13:45:00		0.378944	32.2184	22.0099	0.357812	1016.48	224.087	29.1014	19.2759	66.532	85.808	50.603	5525.6	99.767	65.232	59.953	56.967				8.0595	0.425611	5.3315	9.9431	0.10612
2016/12/18 13:50:00		0.7488	96.981	22.0604	0.35625	1016.36	286.103	29.1551	19.028	68.278	87.306	51.985	5558.1	82.706	80.902	61.39	57.484				8.6896	0.391846	6.1573	11.1414	0.303201
2016/12/18 13:55:00		1.12294	120.888	22.2521	0.359896	1016.28	266.634	28.9309	20.2318	68.658	88.89	51.575	5958.3	78.195	74.819	62.048	58.381				8.6896	0.391846	6.1573	11.1414	0.303201
2016/12/18 14:00:00		1.00586	145.187	22.5339	0.361979	1016.22	264.133	28.7865	23.785	66.741	90.526	50.131	6395.0	89.635	68.802	60.218	56.512				8.1258	0.3728	5.9399	10.5111	0.298789
2016/12/18 14:05:00		1.21898	135.677	22.7026	0.361979	1016.13	268.815	28.9014	22.7063	69.812	92.518	50.522	6373.5	95.267	67.497	59.392	55.079				7.0786	0.337431	5.5363	9.3406	0.290595
2016/12/18 14:10:00		0.6467	123.353	22.8708	0.361979	1016.1	394.844	29.0381	24.3746	71.958	96.333	54.087	6585.6	84.559	70.359	60.003	56.104				7.0786	0.337431	5.5363	9.3406	0.290595
2016/12/18 14:15:00		0.98053	160.129	23.0318	0.361458	1016.09	283.93	29.1621	24.6962	71.921	96.617	53.501	6664.2	113.833	67.643	58.185	54.357				8.1746	0.381279	6.1999	10.8118	0.309355
2016/12/18 14:20:00		1.27107	80.612	23.1219	0.363542	1016.08	227.587	29.1881	21.5271	71.911	93.438	52.91	6534.0	89.713	69.905	58.902	53.868				10.2099	0.462713	7.4323	13.5441	0.344194
2016/12/18 14:25:00		0.70494	102.471	23.1219	0.358854	1016.03	220.631	28.9854	21.9313	68.699	90.631	55.965	6599.6	88.767	68.122	58.238	54.032				10.2099	0.462713	7.4323	13.5441	0.344194
2016/12/18 14:30:00		1.1963	136.592	23.1297	0.3625	1015.97	202.898	28.8896	26.3064	67.888	94.195	56.185	6928.1	73.833	71.967	60.075	55.288				9.2812	0.450188	6.9977	12.7794	0.345902
2016/12/18 14:35:00		0.6595	119.344	23.2234	0.358333	1015.92	198.297	29.045	28.1981	73.434	101.632	54.121	7204.2	87.731	68.13	58.589	54.362				7.5563	0.426929	6.1904	11.3594	0.349075
2016/12/18 14:40:00		1.06682	127.806	23.2234	0.358854	1015.88	186.936	29.1763	32.6647	73.057	105.722	55.417	7376.5	73.748	74.768	58.659	54.68				7.5563	0.426929	6.1904	11.3594	0.349075
2016/12/18 14:45:00		1.02867	109.895	23.2203	0.359375	1015.87	192.828	29.2797	39.8695	73.321	113.19	56.547	7652.3	73.455	72.727	58.226	53.813				8.2825	0.433695	6.3729	11.852	0.370156
2016/12/18 14:50:00		1.57245	121.343	23.299	0.361979	1015.82	198.917	29.2015	42.9291	68.881	111.81	56.776	7832.3	72.212	69.9	57.569	53.642				9.6311	0.44626	6.7118	12.7669	0.409307
2016/12/18 14:55:00		1.26625	128.258	23.3245	0.358854	1015.83	180.848	28.9726	46.8486	63.479	110.328	54.607	8264.6	76.544	70.908	55.168	51.445				9.6311	0.44626	6.7118	12.7669	0.409307
2016/12/18 15:00:00		1.27474	127.834	23.2667	0.357812	1015.86	153.847	28.9275	42.8286	63.886	106.715	53.177	8154.0	104.371	62.089	54.222	50.843				11.1798	0.76627	7.4882	14.7937	0.44734
2016/12/18 15:05:00		1.27602	120.225	23.225	0.359896	1015.82	140.532	29.1084	41.2943	68.426	109.72	54.907	7944.6	84.134	68.916	56.559	52.593				14.0561	1.36058	8.9302	18.5579	0.51797
2016/12/18 15:10:00		0.89546	93.4	23.2224	0.359896	1015.81	141.531	29.2456	43.6282	70.822	114.45	56.48	8006.7	71.394	66.227	55.684	52.055				14.0561	1.36058	8.9302	18.5579	0.51797
2016/12/18 15:15:00		1.43244	78.543	23.1755	0.358333	1015.84	124.746	29.2727	43.8627	69.973	113.836	56.27	8076.5	79.373	63.644	55.568	51.553				12.0704	0.99231	8.3777	16.828	0.483124
2016/12/18 15:20:00		1.43424	103.111	23.1245	0.358333	1015.87	117.702	29.1261	44.3786	65.153	109.531	56.547	8231.3	64.444	66.385	56.166	51.992				8.3828	0.308393	7.3517	13.6152	0.418406
2016/12/18 15:25:00		0.99877	105.079	23.1214	0.357292	1015.87	102.382	28.9264	48.7827	61.206	109.988	54.578	8374.2	70.737	67.741	57.117	52.003				8.3828	0.308393	7.3517	13.6152	0.418406
2016/12/18 15:30:00		0.92743	87.368	23.0422	0.357292	1015.88	89.235	28.9363	49.9396	67.245	117.184	54.426	8658.5	73.833	67.084	56.659	52.509				9.3176	0.392779	9.0323	15.6271	0.466856
2016/12/18 15:35:00		1.25249	124.008	23.0146	0.357812	1015.86	82.593	29.1049	47.1591	69.264	116.423	53.673	8382.3	85.838	61.284	53.862	51.387				11.0538	0.5495	12.1534	19.3635	0.55683
2016/12/18 15:40:00		1.47776	118.039	22.9396	0.361458	1015.85	73.828	29.2306	44.0793	68.672	112.751	54.278	8008.8	79.07	65.822	56.066	51.99				11.0538	0.5495	12.1534	19.3635	0.55683
2016/12/18 15:45:00		0.83103	104.433	22.9698	0.361979	1015.83	74.995	29.2477	46.0089	69.186	115.194	55.713	7994.6	76.841	63.027	55.371	51.813				11.0172	0.71922	11.1895	18.2257	0.52414
2016/12/18 15:50:00		1.41043	88.198	22.9193	0.363021	1015.84	68.338	29.0934	41.9063	64.67	106.576	54.612	7743.1	84.852	62.98	55.887	52.421				10.9492	1.03442	9.3994	16.1126	0.463427
2016/12/18 15:55:00		0.91763	80.806	22.9214	0.363021	1015.89	43.874	28.9116	37.5937	63.315	100.908	54.168	7676.7	83.388	64.64	56.267	52.791				10.9492	1.03442	9.3994	16.1126	0.463427
2016/12/18 16:00:00		1.05587	114.411	22.8266	0.360938	1015.92	23.0125	28.9191	36.5909	69.237	105.828	54.473	7577.7	87.413	74.653	58.822	53.906				10.3036	0.84354	8.6728	15.0776	0.301227
2016/12/18 16:05:00		1.18427	91.868	22.7365	0.357292	1015.93	13.774	29.0837	34.5586	70.459	105.018	54.874	7439.4	84.37	68.462	57.498	53.912				9.1046	0.489036	7.3233	13.1555	0.0
2016/12/18 16:10:00		1.16953	113.85	22.7172	0.361979	1015.92	8.0427	29.193	32.2516	71.972	104.224	54.969	7358.5	74.63	78.173	58.411	54.739				9.1046	0.489036	7.3233	13.1555	0.0
2016/12/18 16:15:00		1.16363	99.652	22.6385	0.357812	1015.93	2.12917	29.2518	32.4369	71.157	103.594	54.998	7267.3	75.884	71.178	60.156	56.182				9.1753	0.473488	7.1226	12.8785	0.126057
2016/12/18 16:20:00		1.51057	125.463	22.6156	0.357292	1015.98	1.03542	29.1283	33.3481	68.258	101.606	54.95	7561.3	62.829	73.535	63.078	58.618				9.3068	0.444615	6.7498	12.3641	0.360164
2016/12/18 16:25:00		1.19148	110.937	22.6141	0.35625	1016.03	1.06458	28.8794	34.7038	64.177	98.881	53.787	7752.3	73.873	75.81	65.507	61.411				9.3068	0.444615	6.7498	12.3641	0.360164
2016/12/18 16:30:00		1.17261	132.975	22.5208	0.361458	1015.99	1.09375	28.808	42.5785	65.423	108.002	55.846	8037.7	73.551	77.152	67.705	63.868				9.806	0.464769	6.8111	12.8417	0.373781
2016/12/18 16:35:00		0.9308	123.784	22.5099	0.359896	1016.05	1.07187	28.9299	47.4784	66.464	113.942	58.549	8421.5	76.466	84.319	72.707	68.392				10.733	0.5022	6.9251	13.7289	0.399071
2016/12/18 16:40:00		0.91115	138.076	22.4156	0.357292	1016.15	1.10833	29.0185	52.262	63.9	116.162	61.361	8727.3	81.23	86.763	75.322	71.225				10.733	0.5022	6.9251	13.7289	0.399071
2016/12/18 16:45:00		1.01249	140.749	22.4146	0.355729	1016.16	1.09375	29.0891	55.219	61.394	116.613	61.619	8972.5	80.487	86.03	75.215	70.435				11.0003	0.52264	7.6385	14.5383	0.432062
2016/12/18 16:50:00		1.32768	125.312	22.4005	0.356771	1016.19	1.06458	29.2201	60.966	59.847	120.812	62.3	9199.0	77.377	79.786	70.079	66.118				11.4966	0.5606	8.9633	16.0415	0.49333
2016/12/18 16:55:00		1.37859	134.668	22.313	0.355208	1016.22	1.05729	29.1028	57.144	59.35	116.495	59.865	8915.4	77.348	77.974	67.92	63.466				11.4966	0.5606	8.9633	16.0415	0.49333
2016/12/18 17:00:00		1.34659	136.223	22.3151	0.359896	1016.29	1.10833	28.8356	58.826	52.771	111.597	58.053	9041.0	78.38	80.533	66.258	62.205				12.3095	0.79194	9.2918	17.5061	0.75656
2016/12/18 17:05:00		1.54295	137.125	22.2589	0.357812	1016.33	0.99896	28.7878	58.051	54.39	112.441	57.205	9118.8	76.448	77.252	66.912	61.91				13.819	1.22156	9.9019	20.2261	1.24541
2016/12/18 17:10:00		1.28678	126.897	22.2172	0.358854	1016.33	1.07187	28.8187	63.721	55.759	119.481	57.896	9382.9	73.087	78.363	66.473	61.512				13.819	1.22156	9.9019	20.2261	1.24541
2016/12/18 17:15:00		1.97047	133.305	22.212	0.358333	1016.35	1.02083	28.9071	73.736	50.98	124.716	58.911	9721.7	70.033	79.678	68.275	62.94				13.2173	0.96806	9.5336	19.7102	1.22285
2016/12/18 17:20:00		1.3258	142.476	22.188	0.358854	1016.37	1.07917	29.048	84.724	46.4546	131.178	60.665	10424.8	72.873	82.713	71.378	65.21				12.0999	0.497261	8.8496	18.7522	1.18096
2016/12/18 17:25:00		1.52018	148.173	22.1161	0.360417	1016.41	1.10104	29.1226	85.957	45.1058	131.062	60.308	10708.3	74.544	83.782	71.762	66.528				12.0999	0.497261	8.8496	18.7522	1.18096
2016/12/18 17:30:00		1.90413	136.163	22.1172	0.363542	1016.43	1.10833	29.1307	84.451	44.8628	129.314	61.719	10820.8	75.641	82.242	71.945	66.958				13.3264	0.78359	9.8516	20.8089	1.27583
2016/12/18 17:35:00		2.12375	138.114	22.038	0.360938	1016.44	1.1375	28.7849	92.701	41.3915	134.093	63.354	10975.2	73.833	85.237	73.387	68.517				15.6043	1.31534	11.7125	24.6286	1.45203
2016/12/18 17:40:00		1.59157	145.825	22.0141	0.359896	1016.45	1.07917	28.2877	95.806	38.5022	134.308	60.189	11182.1	73.873	85.868	74.255	69.038				15.6043	1.31534	11.7125	24.6286	1.45203
2016/12/18 17:45:00		1.40969	133.83	22.0115	0.363542	1016.52	1.12292	27.8979	101.259	32.7921	134.051	57.243	11215.2	78.077	89.412	73.599	68.132				15.5872	1.2376	10.9444	23.436	1.48205
2016/12/18 17:50:00		1.1999	134.605	21.9385	0.366146	1016.55	1.11563	28.0235	99.334	34.4969	133.831	57.257	11068.1	74.873	84.534	73.02	67.701				15.5555	1.09324	9.5179	21.2212	1.5378
2016/12/18 17:55:00		1.18665	135.842	21.9135	0.365625	1016.63	1.10104	28.1121	92.241	36.0545	128.296	58.721	10654.4	74.062	83.813	71.592	66.576				15.5555	1.09324	9.5179	21.2212	1.5378
2016/12/18 18:00:00		2.00532	136.891	21.9104	0.363542	1016.68	1.10833	28.1717	91.899	35.7944	127.694	60.193	10459.2	75.751	84.073	71.279	66.531				14.8867	0.8763	9.2243	20.5412	1.45355
2016/12/18 18:05:00		1.44949	132.967	21.8135	0.365625	1016.71	1.09375	28.3033	90.591	35.9347	126.525	59.579	10264.8	78.755	80.226	70.893	66.606				13.6446	0.473406	8.6789	19.2783	1.29707
2016/12/18 18:10:00		1.31089	138.496	21.8089	0.366667	1016.76	1.10833	28.3145	89.688	36.1435	125.832	58.444	10087.7	73.619	83.437	72.344	67.804				13.6446	0.473406	8.6789	19.2783	1.29707
2016/12/18 18:15:00		1.87179	137.455	21.8109	0.365625	1016.79	1.13021	28.0088	93.34	32.7373	126.077	56.509	10000.4	72.648	81.284	72.641	68.844				13.486	0.476573	8.6142	18.6612	1.34284
2016/12/18 18:20:00		1.78622	136.634	21.8115	0.358854	1016.85	1.07917	27.6992	101.648	28.7765	130.424	53.859	10222.7	72.019	81.047	72.033	68.522				13.1913	0.482455	8.4941	17.5153	1.42786
2016/12/18 18:25:00		1.54694	143.166	21.8099	0.364583	1016.92	1.1375	27.725	111.533	24.3194	135.852	54.321	10354.8	73.348	81.746	72.041	67.693				13.1913	0.482455	8.4941	17.5153	1.42786
2016/12/18 18:30:00		1.55449	156.356	21.7911	0.365104	1016.97	1.07187	27.8504	109.802	24.2612	134.063	55.103	10419.8	69.412	79.592	69.832	65.496				13.7064	0.51211	8.4261	17.3843	1.44909
2016/12/18 18:35:00		1.29205	166.359	21.7089	0.364062	1016.95	1.10833	28.0028	113.902	21.9641	135.866	54.183	10571.9	68.205	78.971	69.305	64.898				14.6628	0.56718	8.2997	17.141	1.48852
2016/12/18 18:40:00		0.88443	165.659	21.7099	0.363542	1016.94	1.11563	28.0418	119.535	18.7804	138.315	52.481	10509.0	67.787	81.275	70.726	66.259				14.6628	0.56718	8.2997	17.141	1.48852
2016/12/18 18:45:00		1.36832	154.902	21.7115	0.364583	1016.96	1.08646	28.0933	120.511	19.7971	140.308	50.894	10581.7	68.862	84.257	70.401	65.863				14.5335	0.55495	8.1521	17.9769	1.58605
2016/12/18 18:50:00		1.61621	167.402	21.6359	0.364583	1016.99	1.09375	28.2536	123.879	18.2429	142.121	49.5924	10455.6	67.204	78.923	70.251	66.403				14.2932	0.53222	7.8779	19.5294	1.76717
2016/12/18 18:55:00		1.68137	158.681	21.6094	0.363021	1016.96	1.00625	28.2885	126.072	15.4427	141.514	48.1147	10301.9	72.794	84.146	74.963	71.485				14.2932	0.53222	7.8779	19.5294	1.76717
2016/12/18 19:00:00		1.39856	169.145	21.5089	0.357812	1016.94	1.03542	28.329	123.45	17.1235	140.573	46.6037	10167.5	71.208	78.941	72.184	68.742				14.1577	0.54734	8.13	19.002	1.65671
2016/12/18 19:05:00		1.07135	161.732	21.4526	0.3625	1016.93	1.10833	28.4533	118.032	18.041	136.073	45.6218	9949.4	69.73	76.233	71.034	67.997				13.9061	0.57541	8.5984	18.0224	1.45156
2016/12/18 19:10:00		1.60103	145.288	21.3729	0.360417	1016.94	1.11563	28.1483	120.109	17.2878	137.396	43.6388	9766.9	67.697	76.617	70.327	67.209				13.9061	0.57541	8.5984	18.0224	1.45156
2016/12/18 19:15:00		1.83096	145.98	21.3031	0.35625	1016.92	1.12292	27.7658	116.81	15.5077	132.318	39.8493	9500.4	59.865	70.312	63.543	60.62				13.9061	0.57541	8.5984	18.0224	1.45156
2016/12/18 19:20:00		1.4635	149.284	21.2344	0.359896	1016.96	1.08646	27.8031	117.283	15.9835	133.267	37.4231	9315.0	56.229	65.087	58.896	56.182				13.9061	0.57541	8.5984	18.0224	1.45156
2016/12/18 19:25:00		1.8939	131.477	21.2062	0.361979	1017.0	1.10104	27.8375	117.326	15.8192	133.145	36.7748	9117.3	53.829	64.174	56.746	53.625				13.9061	0.57541	8.5984	18.0224	1.45156
2016/12/18 19:30:00		1.96556	143.59	21.1104	0.360938	1017.0	1.05729	27.8834	109.972	18.4997	128.471	35.7119	8784.0	52.821	57.823	52.03	49.94				12.6772	0.52618	7.4818	16.1315	1.4499
2016/12/18 19:35:00		2.38589	147.2	21.087	0.357812	1016.96	1.12292	28.0275	105.217	20.4407	125.658	35.2829	8471.5	50.046	59.354	54.239	51.791				10.3948	0.434744	5.4083	12.62	1.44682
2016/12/18 19:40:00		2.45637	146.257	21.0005	0.361458	1016.94	1.12292	28.0509	98.582	21.9744	120.556	35.1208	8170.8	52.464	63.353	57.883	51.992				10.3948	0.434744	5.4083	12.62	1.44682
2016/12/18 19:45:00		2.50894	139.932	20.9766	0.359896	1016.9	1.05729	28.0584	95.643	22.4468	118.089	35.8787	7989.4	49.2319	57.848	52.631	50.732				9.5844	0.410459	5.5261	12.9749	1.17347
2016/12/18 19:50:00		2.57206	134.695	20.9047	0.357812	1016.89	1.08646	28.1583	92.71	23.6689	116.379	36.9321	7705.0	52.307	60.236	53.545	50.888				8.0794	0.365358	5.7449	13.6341	0.66583
2016/12/18 19:55:00		2.16118	133.958	20.8703	0.357812	1016.85	1.11563	28.1516	86.504	25.1923	111.696	37.8044	7424.2	53.414	56.521	53.227	51.213				8.0794	0.365358	5.7449	13.6341	0.66583
2016/12/18 20:00:00		1.96866	132.635	20.8	0.361979	1016.84	1.03542	28.1766	82.908	26.7876	109.696	39.039	7301.7	47.7639	61.125	55.999	53.273				7.5314	0.355252	5.0939	12.0932	0.59514
2016/12/18 20:05:00		1.70046	130.22	20.7995	0.358333	1016.81	1.09375	28.2856	86.037	25.497	111.534	38.8817	7299.8	47.0174	58.346	55.427	53.257				6.5137	0.336485	3.8849	9.2316	0.463853
2016/12/18 20:10:00		1.88146	136.713	20.7052	0.359375	1016.81	1.07187	28.2872	81.957	26.5137	108.47	36.7224	7130.8	48.2818	56.819	54.132	52.044				6.5137	0.336485	3.8849	9.2316	0.463853
2016/12/18 20:15:00		1.78275	133.82	20.6417	0.359896	1016.85	1.04271	28.3255	79.172	27.0614	106.233	34.9539	6988.3	47.5746	59.394	56.582	54.563				6.7688	0.359834	4.21903	10.0493	0.55229
2016/12/18 20:20:00		1.93092	136.421	20.6042	0.35625	1016.85	1.09375	28.3792	80.612	26.4281	107.04	33.9434	6925.2	48.8497	64.182	59.342	56.537				7.2425	0.403198	4.83954	11.5679	0.71654
2016/12/18 20:25:00		1.71729	138.401	20.5615	0.359375	1016.77	1.04271	28.3696	78.928	26.8115	105.74	33.3905	6838.5	48.939	71.295	60.405	56.03				7.2425	0.403198	4.83954	11.5679	0.71654
2016/12/18 20:30:00		1.49513	139.319	20.5	0.359375	1016.77	1.1375	28.3556	77.695	25.3292	103.025	32.9234	6590.0	47.5067	65.785	60.707	57.728				7.1131	0.262078	4.51753	11.0089	0.61037
2016/12/18 20:35:00		1.68184	140.751	20.4802	0.357812	1016.76	1.14479	28.4485	79.761	25.5791	105.34	32.2703	6453.5	47.346	69.462	64.278	61.045				6.8729	0.0	3.91951	9.9709	0.413193
2016/12/18 20:40:00		1.77915	146.295	20.3984	0.357292	1016.73	1.10104	28.4039	75.741	25.4319	101.173	31.9796	6344.6	51.418	71.612	66.425	63.948				6.8729	0.0	3.91951	9.9709	0.413193
2016/12/18 20:45:00		1.87691	140.642	20.399	0.361458	1016.7	1.11563	28.3945	75.004	25.853	100.857	31.7031	6325.2	53.3	77.977	73.648	70.63				6.835	0.102827	4.13318	9.9692	0.421221
2016/12/18 20:50:00		2.23594	140.463	20.3109	0.357812	1016.71	1.10104	28.4635	75.176	25.3532	100.529	31.97	6246.7	58.561	84.733	80.795	78.02				6.7648	0.293792	4.53002	9.9661	0.43613
2016/12/18 20:55:00		2.57988	138.316	20.3016	0.3625	1016.62	1.10833	28.4251	75.42	24.0729	99.493	32.1369	6111.3	64.208	90.545	85.282	82.722				6.7648	0.293792	4.53002	9.9661	0.43613
2016/12/18 21:00:00		2.38342	138.179	20.263	0.359896	1016.61	1.13021	28.3878	74.884	23.3266	98.21	32.6517	5985.4	72.633	99.511	94.069	91.119				7.0125	0.190965	4.36047	9.6128	0.432232
2016/12/18 21:05:00		1.36658	142.651	20.199	0.360938	1016.63	1.02813	28.4794	77.235	21.6423	98.878	34.3581	6048.3	75.073	102.96	98.672	94.403				7.4726	0.0	4.04559	8.9567	0.424994
2016/12/18 21:10:00		1.55419	137.341	20.2036	0.361458	1016.56	1.10104	28.4329	82.079	19.6225	101.702	35.6642	6156.7	76.309	104.685	99.167	95.188				7.4726	0.0	4.04559	8.9567	0.424994
2016/12/18 21:15:00		1.42448	132.263	20.2005	0.360417	1016.51	1.07917	28.4077	90.218	16.4799	106.698	36.5699	6304.8	77.509	103.511	97.721	93.794				7.624	0.093211	4.06832	8.7129	0.470308
2016/12/18 21:20:00		1.30535	131.135	20.2047	0.3625	1016.52	1.1375	28.4872	97.918	12.7588	110.677	36.8749	6599.6	77.534	103.216	96.94	92.767				7.905	0.266317	4.11053	8.2601	0.55446
2016/12/18 21:25:00		1.40993	128.559	20.2052	0.359896	1016.51	1.13021	28.4367	104.603	9.2019	113.805	37.1514	6882.3	76.891	102.11	96.431	92.072				7.905	0.266317	4.11053	8.2601	0.55446
2016/12/18 21:30:00		1.11248	146.271	20.2031	0.361979	1016.57	1.13021	28.4112	105.157	8.4864	113.643	37.7663	6965.8	78.234	103.77	97.306	93.213				8.824	0.326706	4.56808	9.4808	0.60273
2016/12/18 21:35:00		1.12418	150.582	20.101	0.360417	1016.65	1.13021	28.4901	100.913	8.6439	109.557	37.261	6992.9	77.494	100.596	96.143	92.248				10.5307	0.438857	5.4178	11.748	0.69237
2016/12/18 21:40:00		0.61842	154.214	20.1021	0.361979	1016.77	1.12292	28.43	104.308	7.6306	111.938	38.8674	7097.7	79.391	106.395	97.87	93.613				10.5307	0.438857	5.4178	11.748	0.69237
2016/12/18 21:45:00		0.0	502.0	20.101	0.360417	1016.81	1.05	28.4198	114.266	3.70404	117.97	39.7731	7497.5	87.606	106.524	98.29	93.856				11.1471	0.427182	5.3813	11.6767	0.71376
2016/12/18 21:50:00		0.5625	306.0	20.0969	0.35625	1016.88	1.09375	28.4662	119.503	1.94788	121.451	39.3441	7758.5	80.391	101.14	96.364	92.057				12.2917	0.4055	5.3135	11.5442	0.7535
2016/12/18 21:55:00		0.76252	326.599	20.0922	0.359375	1016.96	1.07187	28.4165	120.535	0.80448	121.34	38.691	7801.9	78.277	100.114	94.694	90.828				12.2917	0.4055	5.3135	11.5442	0.7535
2016/12/18 22:00:00		0.0	502.0	20.0031	0.357292	1017.0	1.05729	28.3953	122.583	0.67782	123.261	39.5347	7874.2	79.562	99.904	95.292	91.462				12.6993	0.415592	5.4844	12.3287	0.94192
2016/12/18 22:05:00		0.0	502.0	19.9937	0.359375	1016.99	1.03542	28.4856	128.689	0.0	128.689	39.1105	8104.2	78.377	103.192	95.859	91.192				13.4563	0.434332	5.8018	13.7858	1.29185
2016/12/18 22:10:00		0.81834	173.733	19.9974	0.357812	1016.94	1.03542	28.4225	127.713	0.0	127.713	37.9903	8238.8	78.009	100.114	95.785	91.568				13.4563	0.434332	5.8018	13.7858	1.29185
2016/12/18 22:15:00		0.95066	163.354	19.9964	0.357812	1016.86	1.05	28.3782	128.973	0.0	128.973	37.0466	8417.1	80.148	101.587	94.487	90.398				13.0585	0.448584	6.5417	14.2535	1.27792
2016/12/18 22:20:00		1.02613	156.931	19.9979	0.360417	1016.81	1.07917	28.4563	124.341	0.017117	124.358	36.4412	8387.3	75.262	94.961	89.752	86.074				12.3196	0.475052	7.9158	15.1221	1.25204
2016/12/18 22:25:00		0.89082	126.757	19.9974	0.3625	1016.79	1.10104	28.3945	119.108	0.342333	119.45	36.9035	8339.2	73.291	94.512	88.122	83.766				12.3196	0.475052	7.9158	15.1221	1.25204
2016/12/18 22:30:00		0.53127	138.908	19.9964	0.35625	1016.82	1.05	28.3567	113.299	1.66374	114.963	36.403	8143.3	71.426	90.768	86.42	82.287				12.1682	0.457921	7.6238	15.1586	1.29235
2016/12/18 22:35:00		0.0	502.0	19.9958	0.359896	1016.88	1.03542	28.4305	109.306	4.96383	114.27	37.0179	8044.4	69.894	90.327	84.24	81.018				11.8872	0.426107	7.0816	15.2264	1.3672
2016/12/18 22:40:00		0.0	502.0	19.9948	0.357812	1016.86	1.06458	28.3725	111.564	3.99503	115.559	37.3945	8129.8	68.94	92.147	85.047	80.75				11.8872	0.426107	7.0816	15.2264	1.3672
2016/12/18 22:45:00		0.0	502.0	19.9984	0.357292	1016.87	1.07187	28.3299	111.707	3.43703	115.144	37.1228	8284.6	68.994	99.311	88.903	82.623				11.1256	0.404571	6.3002	13.8779	1.13267
2016/12/18 22:50:00		0.0	502.0	19.9958	0.357292	1016.81	1.07187	28.369	115.758	1.81779	117.576	37.2467	8453.1	72.369	95.847	89.384	84.717				9.7113	0.364576	4.84902	11.3736	0.69711
2016/12/18 22:55:00		0.0	502.0	19.9688	0.358854	1016.73	1.04271	28.321	126.103	0.0	126.103	38.1715	8612.3	73.862	98.145	91.374	86.908				9.7113	0.364576	4.84902	11.3736	0.69711
2016/12/18 23:00:00		0.0	502.0	19.8927	0.355208	1016.71	1.05	28.2998	131.193	0.0	131.193	38.2477	8672.9	71.526	93.449	88.653	84.971				10.5656	0.62162	5.6171	13.0372	0.9809
2016/12/18 23:05:00		0.0	502.0	19.8813	0.359896	1016.7	1.09375	28.3602	130.963	0.0	130.963	37.9808	8607.9	71.433	93.923	88.089	84.024				12.1522	1.09899	7.0436	16.1268	1.50795
2016/12/18 23:10:00		0.0	502.0	19.7922	0.361458	1016.77	1.07917	28.3339	136.354	0.0	136.354	37.8426	8755.2	71.976	93.126	88.605	84.953				12.1522	1.09899	7.0436	16.1268	1.50795
2016/12/18 23:15:00		0.0	502.0	19.7958	0.358854	1016.84	1.04271	28.295	135.575	0.0	135.575	37.5137	8741.7	71.262	95.464	88.795	85.459				11.8336	1.04659	7.5911	16.4834	1.51243
2016/12/18 23:20:00		0.0	502.0	19.7953	0.359375	1016.85	1.02813	28.3669	137.216	0.0	137.216	37.833	8692.1	72.233	93.444	88.55	84.995				11.2421	0.94928	8.6078	17.1457	1.52074
2016/12/18 23:25:00		0.0	502.0	19.7974	0.355729	1016.86	1.06458	28.3304	137.113	0.0	137.113	37.7806	8709.2	71.79	95.59	88.948	84.508				11.2421	0.94928	8.6078	17.1457	1.52074
2016/12/18 23:30:00		0.0	502.0	19.7938	0.354688	1016.87	1.06458	28.2461	140.972	0.0	140.972	37.9713	8627.1	69.283	96.285	88.838	83.948				11.0432	0.94223	8.213	16.3164	1.42056
2016/12/18 23:35:00		0.0	502.0	19.7995	0.35625	1016.86	1.00625	28.0096	139.579	0.0	139.579	37.7568	8475.6	66.597	95.697	89.14	84.973				10.6737	0.92913	7.4797	14.7762	1.23451
2016/12/18 23:40:00		0.0	502.0	19.8849	0.357812	1016.84	1.02813	27.7502	135.856	0.0	135.856	37.3706	8306.7	68.301	98.072	90.923	86.955				10.6737	0.92913	7.4797	14.7762	1.23451
2016/12/18 23:45:00		0.5637	96.686	19.85	0.358333	1016.83	0.99896	27.4627	130.824	0.0	130.824	36.6033	8119.2	67.412	99.63	92.482	87.87				11.561	0.9929	7.9476	15.2987	1.28344
2016/12/18 23:50:00		0.0	502.0	19.8479	0.358854	1016.84	1.01354	27.1846	138.674	0.0	138.674	36.0217	7971.3	70.351	102.92	96.582	91.058				13.2088	1.11133	8.8164	16.269	1.37431
2016/12/18 23:55:00		0.0	502.0	19.7938	0.359896	1016.82	1.07917	26.9735	136.387	0.0	136.387	34.239	7827.9	77.127	105.987	99.498	94.713				13.2088	1.11133	8.8164	16.269	1.37431
2016/12/19 00:00:00		0.0	502.0	19.7938	0.361458	1016.76	1.06458	26.9507	130.13	0.0	130.13	34.3343	7881.3	86.856	105.818	100.518	95.922				13.0867	1.04051	9.0686	15.6702	1.20015
