-- 1st mean values --
Format: XTAB(V:1;HEAD:2;COL:TCFFFFFFFFFFFFFFFFFFFFFFFF)
StartTime: 2016/12/24 00:00:00
EndTime: 2016/12/25 00:00:00
Period: 24 h
Station: Gia Lam

Time	MeasPt	Wind Spd.	Wind Dir.	Temp	RH	Barometer	Radiation	InnerTemp	NO	NO2	NOx	SO2	CO	O3	PM-10	PM-2.5	PM-1	CH4	NMHC	THC	BENZEN	TOLUEN	ETHYL BENZEN	MP-XYLEN	O-XYLEN
		m/s	degree	°C	%	hPa	W/m²	°C	µg/m3	µg/m3	µg/m3	µg/m3	µg/m3	µg/m3	µg/m3	µg/m3	µg/m3	ppm	ppmC	ppmC	ug/m3	ug/m3	ug/m3	ug/m3	ug/m3
2016/12/24 00:05:00		1.50174	180.17	21.1042	0.35625	1015.85	1.10104	27.1322	45.8079	15.4666	61.275	25.7448	4485.63	44.403	44.6325	38.1583	34.7025				7.9539	0.246574	3.49527	8.2174	0.483852
2016/12/24 00:10:00		1.5118	173.59	21.1	0.360938	1015.89	1.13021	27.1341	43.5098	15.9151	59.425	26.1881	4382.71	37.4596	48.3234	38.7225	35.5267				7.9539	0.246574	3.49527	8.2174	0.483852
2016/12/24 00:15:00		1.32586	167.381	21.1068	0.361979	1015.83	1.13021	27.0495	43.2708	15.7747	59.046	26.4026	4228.75	33.8594	49.2658	40.1125	35.96				6.9223	0.143835	3.09474	7.242	0.425898
2016/12/24 00:20:00		1.48578	169.058	21.1078	0.359896	1015.83	1.10833	26.9171	42.8912	15.6378	58.529	25.7734	3996.46	31.7735	45.1692	39.4717	36.0533				5.4781	0.0	2.534	5.8764	0.344762
2016/12/24 00:25:00		1.46702	168.449	21.1021	0.358854	1015.8	1.16667	26.7263	42.9358	14.758	57.694	25.5446	3788.96	33.1665	42.6708	38.88	36.2342				5.4781	0.0	2.534	5.8764	0.344762
2016/12/24 00:30:00		1.39122	165.157	21.1068	0.358854	1015.76	1.13021	26.686	42.4691	13.731	56.2	25.3777	3804.58	42.9171	46.1308	40.0742	37.0308				5.6539	0.0	2.61794	6.0067	0.350528
2016/12/24 00:35:00		1.34024	166.125	21.0969	0.361979	1015.71	1.11563	26.7426	40.5998	15.6686	56.268	25.6542	3787.29	46.0459	44.4475	40.0259	37.1333				5.9	0.0	2.73545	6.1891	0.3586
2016/12/24 00:40:00		1.55079	165.724	21.0021	0.3625	1015.7	1.05	26.7944	41.8169	15.3982	57.215	25.8878	3729.58	46.0602	46.7642	41.9125	38.7883				5.9	0.0	2.73545	6.1891	0.3586
2016/12/24 00:45:00		1.38956	163.835	21.0021	0.3625	1015.66	1.09375	26.7808	45.4215	14.6211	60.043	26.1261	3636.25	32.9165	50.597	41.98	38.8767				5.5978	0.0	2.6841	5.9877	0.334293
2016/12/24 00:50:00		1.19077	173.068	20.9281	0.359375	1015.62	1.10833	26.7102	47.5454	11.8858	59.431	25.6447	3475.42	36.0881	46.3483	40.995	38.7283				5.1747	0.0	2.61221	5.7058	0.300263
2016/12/24 00:55:00		1.34235	169.591	20.9042	0.360938	1015.59	1.09375	26.5171	47.063	11.9029	58.966	25.2871	3309.79	30.8592	45.8892	41.5442	38.9667				5.1747	0.0	2.61221	5.7058	0.300263
2016/12/24 01:00:00		1.46606	166.323	20.9036	0.364062	1015.53	1.11563	26.464	46.268	10.9889	57.257	24.9535	3334.17	42.16	44.7542	40.7183	38.8542				5.6048	0.082089	2.61676	5.7097	0.325557
2016/12/24 01:05:00		1.55176	167.431	20.9036	0.360417	1015.48	1.10104	26.5238	46.0915	10.8725	56.964	24.9821	3362.71	46.6031	47.0025	41.3183	39.0317				6.2069	0.197013	2.62312	5.7152	0.36097
2016/12/24 01:10:00		1.62806	154.97	20.8083	0.361458	1015.45	1.10833	26.5888	44.0168	12.3172	56.334	25.168	3286.46	48.3746	45.6175	41.42	39.2583				6.2069	0.197013	2.62312	5.7152	0.36097
2016/12/24 01:15:00		1.15693	170.195	20.8031	0.358333	1015.43	1.08646	26.6366	43.0966	11.6599	54.757	25.044	3200.63	46.1745	45.555	42.0283	40.0783				6.0732	0.114924	2.5613	5.5059	0.210566
2016/12/24 01:20:00		1.30198	171.301	20.7984	0.359896	1015.39	1.07187	26.6178	39.3402	14.823	54.163	24.9296	3039.17	38.374	47.1267	43.6575	41.6567				5.8861	0.0	2.47475	5.2129	0.0
2016/12/24 01:25:00		1.32444	165.76	20.7969	0.359896	1015.38	1.13021	26.4693	37.5021	12.7656	50.268	24.5436	2906.67	36.2881	47.2142	43.3608	40.9592				5.8861	0.0	2.47475	5.2129	0.0
2016/12/24 01:30:00		1.4526	163.249	20.7224	0.357292	1015.39	1.11563	26.3212	36.352	14.6416	50.994	24.4625	2814.58	39.2526	46.04	42.515	39.9867				5.4255	0.0	2.47456	4.91474	0.0
2016/12/24 01:35:00		1.53262	165.913	20.7057	0.355208	1015.37	1.10833	26.3598	36.0728	13.3236	49.3964	24.2814	2852.29	45.9602	46.9017	42.4825	39.7667				4.78067	0.0	2.47428	4.49731	0.0
2016/12/24 01:40:00		1.68599	169.261	20.7031	0.359375	1015.33	1.14479	26.3874	34.639	14.1213	48.7602	24.5817	2828.96	47.8568	45.9042	41.5733	39.0525				4.78067	0.0	2.47428	4.49731	0.0
2016/12/24 01:45:00		1.66319	163.539	20.7026	0.359896	1015.29	1.08646	26.4395	34.0583	14.4567	48.5151	24.6723	2803.13	48.889	47.4	42.36	39.6917				4.73563	0.0	2.43043	4.30775	0.0
2016/12/24 01:50:00		1.52002	166.909	20.6797	0.358333	1015.29	1.1375	26.4999	32.993	16.723	49.716	24.8057	2775.83	44.0029	52.059	43.8208	40.2467				4.67258	0.0	2.36905	4.04237	0.0
2016/12/24 01:55:00		1.31925	171.26	20.6005	0.35625	1015.3	1.09375	26.4218	35.3135	15.874	51.187	24.8391	2709.38	32.8022	48.05	43.3017	40.3583				4.67258	0.0	2.36905	4.04237	0.0
2016/12/24 02:00:00		1.24983	168.102	20.6026	0.35625	1015.25	1.11563	26.2666	35.0142	14.467	49.4812	24.3481	2580.63	31.1163	46.6067	42.7017	40.56				4.65805	0.0	2.41902	4.12747	0.114842
2016/12/24 02:05:00		1.08796	169.72	20.599	0.357812	1015.2	1.11563	26.2124	35.2666	13.4297	48.6963	24.2147	2595.83	37.9097	46.8417	43.9767	42.0767				4.63771	0.0	2.48897	4.24662	0.27562
2016/12/24 02:10:00		1.18113	165.535	20.5984	0.360417	1015.17	1.11563	26.224	35.5904	15.9185	51.509	24.1098	2690.0	45.6387	51.541	45.87	43.125				4.63771	0.0	2.48897	4.24662	0.27562
2016/12/24 02:15:00		1.31182	167.771	20.5286	0.357812	1015.17	1.12292	26.2621	33.4844	16.901	50.385	23.7714	2748.33	49.0604	47.5025	45.1992	43.3325				4.78446	0.0	2.3209	3.9218	0.160779
2016/12/24 02:20:00		0.86954	164.136	20.4969	0.361979	1015.13	1.08646	26.3448	33.1181	16.9866	50.105	24.4387	2737.71	51.132	48.0833	45.93	44.0925				4.9899	0.0	2.0856	3.46705	0.0
2016/12/24 02:25:00		0.76746	163.74	20.4995	0.356771	1015.12	1.09375	26.4138	34.5899	16.7024	51.292	24.5245	2768.75	48.6604	49.7358	46.2375	44.1158				4.9899	0.0	2.0856	3.46705	0.0
2016/12/24 02:30:00		1.12972	165.095	20.4995	0.3625	1015.14	1.1375	26.3751	40.171	15.85	56.021	24.7342	2738.96	35.3738	48.5692	46.2083	44.3325				4.88384	0.0	2.10733	3.58355	0.114249
2016/12/24 02:35:00		0.70208	166.986	20.5	0.361458	1015.14	1.07917	26.3045	40.2871	14.1726	54.46	24.4435	2735.42	34.5452	48.2375	46.2425	44.4975				4.73535	0.0	2.13774	3.74665	0.274199
2016/12/24 02:40:00		1.04408	161.389	20.4521	0.358333	1015.12	1.11563	26.1399	39.1593	14.758	53.917	24.3863	2675.0	36.8275	49.84	46.9933	44.8242				4.73535	0.0	2.13774	3.74665	0.274199
2016/12/24 02:45:00		1.04969	168.546	20.3969	0.360938	1015.11	1.15937	26.1227	44.115	11.8653	55.98	24.2433	2753.96	44.8173	48.8458	46.4767	44.49				5.0506	0.0	2.1879	3.88014	0.319456
2016/12/24 02:50:00		0.787	165.005	20.3984	0.361979	1015.13	1.08646	26.2025	44.5394	11.184	55.723	24.2766	2858.33	47.5282	49.42	46.0725	43.65				5.492	0.0	2.25813	4.06701	0.382816
2016/12/24 02:55:00		0.71561	173.708	20.3964	0.360938	1015.1	1.08646	26.2691	49.743	9.3834	59.126	24.4911	2916.46	47.9639	47.1275	44.85	43.0108				5.492	0.0	2.25813	4.06701	0.382816
2016/12/24 03:00:00		0.91372	164.471	20.3969	0.358854	1015.07	1.10833	26.3351	50.73	10.0132	60.743	24.5626	2954.58	49.089	47.2492	44.4683	42.4075				5.245	0.0	2.10488	3.7179	0.35616
2016/12/24 03:05:00		0.65298	158.392	20.4891	0.356771	1015.04	1.15208	26.4062	51.862	11.0129	62.875	25.7591	2974.38	43.9458	49.0717	46.3317	44.1458				4.89923	0.0	1.89031	3.22916	0.31884
2016/12/24 03:10:00		0.7996	154.673	20.5005	0.359375	1014.97	1.10833	26.3281	51.572	10.3008	61.873	25.4016	2936.25	35.4595	46.5692	43.6225	41.6625				4.89923	0.0	1.89031	3.22916	0.31884
2016/12/24 03:15:00		0.67033	138.643	20.5042	0.358854	1014.95	1.08646	26.1815	49.5175	9.6983	59.216	25.4683	2909.38	32.0593	48.61	44.9492	42.6975				5.0968	0.0	1.99538	3.57866	0.317952
2016/12/24 03:20:00		0.59061	155.475	20.4964	0.358854	1014.96	1.14479	26.1246	46.192	10.0886	56.281	25.1441	2911.46	41.442	48.4692	43.9783	41.3783				5.3735	0.0	2.14248	4.06796	0.316708
2016/12/24 03:25:00		0.0	502.0	20.4964	0.357292	1014.98	1.10104	26.1542	45.2853	11.0848	56.37	25.106	3073.33	44.703	46.8717	44.2908	41.6525				5.3735	0.0	2.14248	4.06796	0.316708
2016/12/24 03:30:00		0.54729	165.617	20.499	0.364062	1014.98	1.1375	26.2167	44.9838	11.5606	56.544	25.311	3168.13	47.6246	46.4608	43.1383	40.9				5.3459	0.0	2.19501	4.09995	0.323026
2016/12/24 03:35:00		0.63473	150.79	20.499	0.357292	1014.91	1.06458	26.3169	45.7722	11.6838	57.456	25.5541	3220.42	47.0317	47.5066	43.4617	40.7708				5.3072	0.0	2.26856	4.14473	0.331872
2016/12/24 03:40:00		0.61965	176.334	20.513	0.359375	1014.87	1.1375	26.3732	50.605	11.0026	61.608	25.9831	3300.83	44.2601	47.5883	43.3208	40.2375				5.3072	0.0	2.26856	4.14473	0.331872
2016/12/24 03:45:00		0.96183	178.094	20.5995	0.361458	1014.82	1.15208	26.333	51.661	10.674	62.335	25.659	3282.71	37.3168	42.5533	39.7575	38.4175				5.3029	0.0	2.32999	4.2944	0.338546
2016/12/24 03:50:00		0.69611	179.045	20.6078	0.359375	1014.79	1.15208	26.2624	49.6984	9.7497	59.448	25.516	3215.42	33.0593	43.07	39.9683	38.2083				5.2968	0.0	2.41598	4.50395	0.34789
2016/12/24 03:55:00		0.74235	194.652	20.6172	0.360938	1014.79	1.13021	26.094	48.1149	9.6161	57.731	25.106	3148.75	38.1668	41.0542	39.2567	37.5575				5.2968	0.0	2.41598	4.50395	0.34789
2016/12/24 04:00:00		0.69577	160.358	20.7052	0.363021	1014.81	1.16667	26.0902	43.4495	9.9345	53.384	24.9344	3137.08	48.3889	40.6417	39.02	37.6117				5.3084	0.0	2.3194	4.31083	0.34092
2016/12/24 04:05:00		0.71447	172.105	20.7021	0.360938	1014.8	1.14479	26.1764	40.9705	11.4134	52.384	25.1727	3161.25	51.275	40.3967	38.7975	37.2				5.3246	0.0	2.18419	4.04047	0.331161
2016/12/24 04:10:00		0.69173	176.188	20.7042	0.359375	1014.8	1.10833	26.2602	36.7272	12.7211	49.4483	25.3825	3112.71	53.107	39.4842	37.9292	36.5567				5.3246	0.0	2.18419	4.04047	0.331161
2016/12/24 04:15:00		0.75259	197.942	20.7714	0.359375	1014.8	1.1375	26.3367	35.6507	14.6074	50.258	25.5207	3132.29	49.9747	39.0542	37.7175	36.1692				4.96868	0.0	2.12079	3.78773	0.310981
2016/12/24 04:20:00		0.86629	212.968	20.7974	0.360938	1014.78	1.10833	26.3808	34.1142	15.5385	49.6527	25.964	3126.04	40.7742	38.2517	36.7367	35.2833				4.47034	0.0	2.03204	3.43388	0.282729
2016/12/24 04:25:00		0.58787	209.272	20.799	0.361979	1014.79	1.10104	26.2736	35.271	14.8744	50.145	25.7924	3078.96	27.6304	38.0192	36.8267	35.405				4.47034	0.0	2.03204	3.43388	0.282729
2016/12/24 04:30:00		0.79288	206.48	20.7979	0.357812	1014.78	1.10104	26.1106	33.8573	14.6074	48.4647	25.1108	3031.46	30.4592	39.2192	36.9892	35.6617				4.63742	0.0	2.12921	3.77291	0.300145
2016/12/24 04:35:00		0.53004	239.521	20.7974	0.357812	1014.78	1.12292	26.1235	33.7189	15.4427	49.1615	24.8868	3158.75	39.5884	38.0033	36.3925	35.2075				4.87134	0.0	2.26524	4.24756	0.324527
2016/12/24 04:40:00		0.84593	193.963	20.799	0.35625	1014.77	1.1375	26.1754	33.3146	17.3255	50.64	25.0536	3260.63	42.4885	37.3775	36.2275	35.0442				4.87134	0.0	2.26524	4.24756	0.324527
2016/12/24 04:45:00		0.85417	190.489	20.7984	0.355729	1014.78	1.11563	26.2318	33.768	15.9596	49.7276	25.1537	3310.0	47.9175	37.0725	35.8033	34.6183				4.84954	0.0	2.29329	4.31786	0.189307
2016/12/24 04:50:00		0.85409	195.355	20.8016	0.360417	1014.77	1.08646	26.3281	34.706	15.8774	50.583	25.4254	3391.67	44.4887	38.3217	36.3933	34.8983				4.81903	0.0	2.33255	4.41627	0.0
2016/12/24 04:55:00		0.86871	218.081	20.8229	0.360417	1014.78	1.14479	26.326	36.6981	17.0345	53.733	25.6399	3487.08	38.8026	37.3333	35.79	34.4767				4.81903	0.0	2.33255	4.41627	0.0
2016/12/24 05:00:00		0.80907	196.271	20.9036	0.359375	1014.78	1.11563	26.2489	34.2616	16.4731	50.735	25.1728	3467.29	36.0596	40.0883	38.495	37.0083				4.88442	0.0	2.25731	4.39376	0.0
2016/12/24 05:05:00		0.78837	185.506	20.9021	0.359896	1014.8	1.10104	26.13	34.5631	15.9117	50.475	25.249	3470.83	29.602	37.535	36.0233	34.7267				4.97595	0.0	2.15196	4.36225	0.0
2016/12/24 05:10:00		0.77229	161.537	20.9026	0.359375	1014.82	1.08646	26.0545	34.3308	17.0653	51.396	24.4911	3554.38	37.1632	37.8017	35.8767	34.255				4.97595	0.0	2.15196	4.36225	0.0
2016/12/24 05:15:00		0.77688	153.74	20.9036	0.359896	1014.84	1.14479	26.1034	33.5916	16.6306	50.222	24.8343	3741.25	44.6244	38.9225	36.375	34.2758				5.608	0.080838	2.45098	4.94771	0.119601
2016/12/24 05:20:00		0.71339	149.67	20.963	0.361458	1014.85	1.02083	26.2256	38.7483	15.8398	54.588	25.1441	3992.29	41.1742	40.3408	37.6408	35.7583				6.4928	0.19401	2.8696	5.7674	0.287041
2016/12/24 05:25:00		0.75711	162.635	20.9969	0.357812	1014.89	1.14479	26.3155	49.6135	11.3073	60.921	25.3396	4256.67	41.717	42.0942	37.7092	35.6617				6.4928	0.19401	2.8696	5.7674	0.287041
2016/12/24 05:30:00		0.74913	171.559	20.9984	0.359375	1014.96	1.07917	26.4463	59.965	8.305	68.27	25.7638	4489.38	40.1455	41.7083	38.6808	36.29				6.0685	0.113173	2.88204	5.9688	0.167441
2016/12/24 05:35:00		0.61278	199.102	20.9958	0.360938	1015.0	1.09375	26.6594	72.552	5.4328	77.985	25.9068	4500.63	41.2599	41.0717	37.7892	35.4675				5.4746	0.0	2.89946	6.2507	0.0
2016/12/24 05:40:00		0.90642	195.769	20.9943	0.356771	1015.05	1.10833	26.7279	71.516	5.9326	77.448	25.7209	4380.63	40.717	39.4125	37.1383	35.1833				5.4746	0.0	2.89946	6.2507	0.0
2016/12/24 05:45:00		0.95097	184.442	20.9969	0.363542	1015.08	1.10104	26.8106	77.238	4.48799	81.726	25.8639	4430.63	35.6024	38.47	36.2792	34.42				5.4746	0.0	2.89946	6.2507	0.0
2016/12/24 05:50:00		0.81091	181.516	20.9974	0.358854	1015.13	1.07917	26.9416	77.222	4.05665	81.279	25.6828	4426.88	33.7737	39.9092	36.5825	34.1225				5.4746	0.0	2.89946	6.2507	0.0
2016/12/24 05:55:00		0.7767	171.968	21.0307	0.360417	1015.16	1.11563	26.9972	85.619	2.01634	87.636	26.6075	4702.5	36.3846	43.2783	38.83	36.1				5.4746	0.0	2.89946	6.2507	0.0
2016/12/24 06:00:00		0.63852	161.784	21.1036	0.357292	1015.22	1.09375	27.071	90.604	1.08862	91.693	26.3978	5125.8	35.1309	39.765	36.7983	34.4225				5.925	0.103682	2.79617	6.1974	0.140097
2016/12/24 06:05:00		0.59062	143.775	21.0995	0.3625	1015.27	1.1375	27.1762	95.944	0.003423	95.947	26.3358	5474.6	33.2736	41.4883	37.3433	34.4567				6.5556	0.248837	2.65156	6.1228	0.336232
2016/12/24 06:10:00		0.7687	136.041	21.1021	0.357812	1015.35	1.1375	27.2401	96.462	0.01027	96.472	26.1213	5416.5	36.3596	44.2	39.7958	37.115				6.5556	0.248837	2.65156	6.1228	0.336232
2016/12/24 06:15:00		0.62968	133.509	21.1026	0.360417	1015.45	1.13021	27.3365	106.963	0.0	106.963	27.1891	5890.2	37.1882	48.8008	43.4033	40.0517				8.0012	0.375483	3.43366	8.4074	0.420053
2016/12/24 06:20:00		0.61389	150.204	21.1026	0.360938	1015.52	1.15208	27.4267	118.512	0.0	118.512	26.9889	6257.5	38.6454	47.4175	42.4392	39.1617				10.0251	0.55279	4.5286	11.6058	0.5374
2016/12/24 06:25:00		0.6353	153.653	21.1063	0.363542	1015.58	1.13021	27.4584	118.568	0.0	118.568	26.8649	6409.4	38.074	45.1808	41.115	38.4167				10.0251	0.55279	4.5286	11.6058	0.5374
2016/12/24 06:30:00		0.62805	141.494	21.1078	0.358854	1015.66	1.13021	27.4901	118.84	0.0	118.84	27.2606	6604.4	39.3883	48.8083	43.945	40.845				9.8435	0.51097	4.4968	11.6413	0.54629
2016/12/24 06:35:00		0.6967	129.171	21.1057	0.358854	1015.75	1.14479	27.6098	124.814	0.0	124.814	27.4989	6850.8	37.7311	48.5717	43.3733	39.6092				9.5893	0.45243	4.45228	11.6911	0.55873
2016/12/24 06:40:00		0.59062	132.75	21.1453	0.354688	1015.81	1.10833	27.6557	127.753	0.0	127.753	26.7792	6982.1	35.8452	49.4792	42.5017	38.6883				9.5893	0.45243	4.45228	11.6911	0.55873
2016/12/24 06:45:00		0.55261	130.065	21.2083	0.358854	1015.82	1.15937	27.7148	127.304	0.0	127.304	26.822	7083.8	36.6739	48.1117	42.0925	38.46				10.1123	0.482592	4.69659	12.3783	0.59388
2016/12/24 06:50:00		0.70604	115.416	21.2073	0.358333	1015.87	1.11563	27.8147	122.86	0.0	122.86	26.8363	7059.2	36.6453	43.9017	39.7017	36.8675				10.8446	0.52482	5.0386	13.3403	0.64308
2016/12/24 06:55:00		0.66987	127.435	21.2042	0.360938	1015.92	1.05	27.8329	123.231	0.0	123.231	26.9221	7045.4	34.9309	43.2792	38.9517	36.165				10.8446	0.52482	5.0386	13.3403	0.64308
2016/12/24 07:00:00		0.53704	146.418	21.2083	0.360417	1016.0	1.07917	27.87	119.539	0.0	119.539	27.7801	6942.5	35.1309	43.9883	39.6917	36.9325				10.8838	0.52636	5.0189	13.6148	0.62788
2016/12/24 07:05:00		0.0	502.0	21.2073	0.358854	1016.07	1.37812	27.994	121.719	0.0	121.719	27.68	7045.0	35.7309	42.1683	38.9933	36.3733				10.9387	0.52852	4.99122	13.999	0.60659
2016/12/24 07:10:00		0.64892	158.027	21.2375	0.35625	1016.12	4.13438	27.9679	124.62	0.0	124.62	27.1986	7158.8	34.4166	40.4158	37.1483	34.7983				10.9387	0.52852	4.99122	13.999	0.60659
2016/12/24 07:15:00		0.589	155.361	21.3021	0.359896	1016.19	5.5781	28.0289	126.181	0.0	126.181	27.0699	7273.1	32.7593	43.2517	37.4092	34.9783				10.7992	0.53075	4.94382	13.8687	0.58073
2016/12/24 07:20:00		0.67876	161.149	21.3026	0.359375	1016.27	10.0552	28.0952	122.905	0.0	122.905	26.8935	7347.5	33.1022	44.7192	38.4908	34.93				10.604	0.53387	4.87746	13.6862	0.54451
2016/12/24 07:25:00		0.59096	164.94	21.3885	0.360417	1016.32	20.8177	28.1194	119.533	0.0	119.533	26.7887	7480.4	33.4737	41.725	37.3625	35.01				10.604	0.53387	4.87746	13.6862	0.54451
2016/12/24 07:30:00		0.6567	151.129	21.4328	0.358854	1016.39	31.4271	28.1403	117.572	0.0	117.572	26.8173	7725.6	34.8452	40.7483	36.455	33.9883				11.0253	0.57174	5.1362	14.5432	0.57077
2016/12/24 07:35:00		0.68468	164.792	21.5057	0.359896	1016.47	31.3687	28.2273	109.641	0.0	109.641	26.9746	7645.2	37.3596	46.5167	38.9542	34.6167				11.6152	0.62476	5.4984	15.743	0.60754
2016/12/24 07:40:00		0.67767	174.785	21.6	0.364062	1016.51	40.5781	28.2619	113.918	0.0	113.918	27.8707	8137.1	32.7593	47.0108	39.2358	35.45				11.6152	0.62476	5.4984	15.743	0.60754
2016/12/24 07:45:00		0.58518	174.731	21.6755	0.365625	1016.54	21.9188	28.2826	120.1	0.0	120.1	27.7992	8655.2	33.0451	46.5783	39.3883	35.9933				11.916	0.86863	5.5932	16.126	0.60497
2016/12/24 07:50:00		0.70351	178.125	21.7115	0.365625	1016.61	8.2906	28.3682	121.824	0.0	121.824	27.4083	9014.0	37.7882	42.1483	36.8075	33.6408				12.337	1.21004	5.7259	16.6623	0.60138
2016/12/24 07:55:00		0.469367	155.599	21.7938	0.364583	1016.67	19.301	28.3642	114.713	0.0	114.713	27.0604	8973.1	34.0451	43.185	36.76	33.395				12.337	1.21004	5.7259	16.6623	0.60138
2016/12/24 08:00:00		0.62511	116.422	21.812	0.365104	1016.7	36.6406	28.3779	112.417	0.78394	113.201	26.9841	9036.7	35.7595	40.4917	35.3367	32.7417				14.5847	1.45734	6.4685	18.9864	0.9187
2016/12/24 08:05:00		0.57356	110.352	21.8172	0.361458	1016.74	41.0229	28.4856	100.806	5.289	106.095	27.0508	8576.5	36.1024	44.6883	37.7	34.2533				17.7314	1.80355	7.5082	22.2401	1.36294
2016/12/24 08:10:00		0.0	502.0	21.9141	0.363542	1016.85	25.3604	28.4971	98.508	6.7577	105.266	27.7134	8548.1	35.6166	49.4767	39.445	34.7467				17.7314	1.80355	7.5082	22.2401	1.36294
2016/12/24 08:15:00		0.72058	181.853	21.9656	0.361458	1016.95	31.5948	28.5997	101.55	6.227	107.777	27.7277	8471.0	34.7594	45.7467	37.4967	33.3917				15.5549	1.51907	6.8011	20.1648	1.04977
2016/12/24 08:20:00		0.53611	203.986	22.0109	0.363542	1017.02	54.104	28.6805	97.087	7.6751	104.763	28.3521	8267.1	38.5347	42.95	36.3283	31.67				12.5079	1.12079	5.8112	17.2594	0.61133
2016/12/24 08:25:00		0.5625	130.5	22.0219	0.363021	1017.12	47.9135	28.7223	105.934	5.8779	111.812	29.3579	8511.0	32.0164	45.6042	36.795	31.455				12.5079	1.12079	5.8112	17.2594	0.61133
2016/12/24 08:30:00		0.55311	113.511	22.1161	0.361458	1017.19	34.0156	28.7623	99.846	8.3803	108.226	28.9813	8064.2	41.8671	40.22	33.1392	29.0633				12.5805	1.11445	5.8665	17.5221	0.62969
2016/12/24 08:35:00		0.8291	145.657	22.1141	0.361458	1017.25	42.8312	28.8399	90.191	13.9535	104.144	30.6687	7822.7	35.1023	48.8833	37.6925	31.4358				12.6822	1.10557	5.944	17.8897	0.6554
2016/12/24 08:40:00		0.7674	146.919	22.162	0.365104	1017.25	70.007	28.8644	95.969	13.1559	109.124	32.5182	7941.5	32.7058	51.927	40.0575	34.7242				12.6822	1.10557	5.944	17.8897	0.6554
2016/12/24 08:45:00		0.808	148.298	22.2219	0.360417	1017.29	67.98	28.9199	95.395	14.5149	109.91	33.0711	8076.0	35.3166	46.8733	37.6158	32.3458				11.6085	0.83754	5.7109	16.4799	0.58926
2016/12/24 08:50:00		0.87508	124.047	22.3161	0.363021	1017.31	58.96	29.0306	92.632	16.3738	109.006	33.5621	8017.3	36.8024	50.521	39.9358	33.5092				10.1053	0.462301	5.3846	14.5061	0.496647
2016/12/24 08:55:00		0.75895	148.55	22.3594	0.360938	1017.36	42.8094	29.0899	113.48	8.2845	121.765	34.6584	8541.3	38.3704	44.3683	36.4117	32.2892				10.1053	0.462301	5.3846	14.5061	0.496647
2016/12/24 09:00:00		0.81183	151.678	22.4167	0.361979	1017.38	43.575	29.1119	108.25	8.216	116.466	34.3772	8312.3	37.9847	42.1292	36.5042	32.9025				11.0701	0.76084	6.3761	16.2358	0.5466
2016/12/24 09:05:00		0.76438	123.743	22.4135	0.357812	1017.36	55.92	29.1661	106.488	9.5511	116.039	34.8109	8332.3	40.9742	46.5042	38.7092	34.0758				12.4207	1.17879	7.7641	18.6575	0.61654
2016/12/24 09:10:00		0.88445	132.847	22.4125	0.358333	1017.41	65.785	29.157	100.002	13.6146	113.617	35.0731	8210.6	37.949	53.379	41.1058	34.6033				12.4207	1.17879	7.7641	18.6575	0.61654
2016/12/24 09:15:00		0.98366	134.821	22.4974	0.364583	1017.42	52.814	29.2123	105.835	11.0711	116.906	35.75	8538.3	39.0312	54.098	41.38	35.15				12.4803	1.17724	7.6752	18.6614	0.59759
2016/12/24 09:20:00		0.84315	121.72	22.5161	0.360417	1017.45	37.7854	29.335	109.179	9.5545	118.733	36.3077	8822.3	38.4454	59.828	44.1067	35.8558				12.5637	1.17508	7.5508	18.6669	0.57105
2016/12/24 09:25:00		0.57349	103.326	22.6141	0.357292	1017.47	58.537	29.3597	120.864	6.8535	127.717	38.1143	9547.9	39.2026	55.296	42.6608	36.4892				12.5637	1.17508	7.5508	18.6669	0.57105
2016/12/24 09:30:00		0.75188	128.667	22.6187	0.366146	1017.4	96.556	29.3796	131.722	1.67059	133.393	38.8054	10246.5	38.5169	49.1817	39.3083	34.4842				13.3453	1.27345	7.9814	19.4153	0.82636
2016/12/24 09:35:00		0.85549	142.32	22.6359	0.363021	1017.37	121.042	29.459	123.247	5.1829	128.429	38.6529	9855.8	38.8312	44.1875	37.1908	33.8142				14.4397	1.41117	8.5841	20.463	1.1838
2016/12/24 09:40:00		0.0	502.0	22.7188	0.360938	1017.35	151.324	29.4615	118.221	7.545	125.767	39.4775	9949.8	38.6597	48.5358	39.0333	34.7858				14.4397	1.41117	8.5841	20.463	1.1838
2016/12/24 09:45:00		0.77195	126.279	22.8	0.360417	1017.33	151.783	29.5028	116.538	9.1198	125.657	39.9685	9922.7	39.2312	49.795	39.4692	35.3958				15.8446	1.5116	9.9291	22.8542	1.32459
2016/12/24 09:50:00		1.01053	77.458	22.9057	0.361979	1017.26	121.669	29.6161	121.21	8.216	129.426	40.5882	10001.5	40.2027	46.5242	39.545	35.6258				17.8116	1.65219	11.8121	26.2019	1.52169
2016/12/24 09:55:00		0.97146	121.504	22.8521	0.361458	1017.24	153.708	29.659	123.981	6.9254	130.907	41.184	9931.3	37.2882	52.699	41.7333	36.0833				17.8116	1.65219	11.8121	26.2019	1.52169
2016/12/24 10:00:00		0.59397	123.207	22.9615	0.3625	1017.16	234.784	29.7063	130.628	4.666	135.294	43.3433	9975.0	38.6026	48.7292	40.2508	35.6892				17.5559	1.63951	11.7983	25.655	1.4976
2016/12/24 10:05:00		0.70748	138.75	23.1479	0.359375	1017.13	197.189	29.8013	136.412	2.96461	139.377	46.0841	10166.0	41.2028	49.2533	40.6492	36.6658				17.1979	1.62176	11.7789	24.8892	1.46388
2016/12/24 10:10:00		1.31992	71.202	23.2964	0.358854	1017.07	172.652	29.8644	134.746	4.70708	139.453	46.5894	10214.0	42.86	49.4017	38.9483	35.2467				17.1979	1.62176	11.7789	24.8892	1.46388
2016/12/24 10:15:00		0.9716	101.371	23.3359	0.360938	1017.01	142.618	29.8985	132.441	4.39214	136.833	49.1586	10035.8	41.3456	44.4542	37.72	34.0342				16.4671	1.61062	11.2338	24.2475	1.46368
2016/12/24 10:20:00		1.4979	139.381	23.425	0.364583	1016.95	174.592	29.9911	131.483	4.58727	136.07	50.941	9819.8	39.0598	45.4458	37.6033	33.6458				15.4439	1.59502	10.4707	23.349	1.4634
2016/12/24 10:25:00		0.99263	128.463	23.4589	0.360417	1016.86	207.164	29.8505	130.677	4.93645	135.613	53.625	9602.1	39.2026	47.9933	38.2158	33.7975				15.4439	1.59502	10.4707	23.349	1.4634
2016/12/24 10:30:00		1.17463	96.345	23.5214	0.358854	1016.78	202.511	29.39	124.05	3.49865	127.549	51.451	9292.5	39.499	44.7575	37.8983	34.4792				14.6346	1.49082	10.5734	22.6915	1.35658
2016/12/24 10:35:00		1.19995	84.74	23.5234	0.361979	1016.65	291.922	29.073	121.103	1.71509	122.818	50.241	9303.1	38.8204	46.7292	39.04	35.165				13.5017	1.34495	10.7171	21.771	1.20702
2016/12/24 10:40:00		1.44244	106.34	23.6063	0.361979	1016.56	499.683	28.9511	122.199	5.9874	128.186	50.689	9489.6	44.3315	47.6392	40.04	34.3967				13.5017	1.34495	10.7171	21.771	1.20702
2016/12/24 10:45:00		1.87479	122.903	23.7698	0.3625	1016.44	395.099	29.1339	117.953	8.2982	126.252	51.623	9232.9	42.4171	45.1717	36.8158	33.4858				12.8638	1.28051	10.1878	20.4065	1.19123
2016/12/24 10:50:00		1.63305	146.132	23.9802	0.360417	1016.37	553.6	29.3275	118.99	8.7432	127.733	54.006	9280.4	41.7421	47.6283	37.0042	33.1458				11.9709	1.1903	9.4468	18.4963	1.16911
2016/12/24 10:55:00		2.55849	145.146	24.2208	0.364583	1016.3	570.34	29.4198	120.56	9.332	129.892	54.621	9272.9	44.3458	44.845	35.42	31.8617				11.9709	1.1903	9.4468	18.4963	1.16911
2016/12/24 11:00:00		2.35771	132.27	24.3859	0.364583	1016.25	611.76	29.564	116.645	11.9303	128.575	53.692	9223.3	46.3174	42.3725	33.1925	30.2958				12.1394	1.18653	8.9215	18.3996	0.96237
2016/12/24 11:05:00		2.17651	149.466	24.5016	0.365625	1016.11	626.62	29.6354	110.407	14.1966	124.604	52.819	9101.7	44.1601	45.3333	35.9117	31.835				12.3754	1.18125	8.186	18.2641	0.67294
2016/12/24 11:10:00		2.0793	150.9	24.6073	0.366146	1015.99	582.9	29.2544	104.938	13.3407	118.278	52.176	9053.1	44.4315	47.7767	36.5208	32.9425				12.3754	1.18125	8.186	18.2641	0.67294
2016/12/24 11:15:00		2.63213	128.481	24.6922	0.3625	1015.87	487.018	28.8915	102.778	11.6428	114.421	50.641	9002.9	40.4884	45.9183	37.57	33.935				12.0499	1.14304	8.2215	18.2049	0.89073
2016/12/24 11:20:00		2.55252	126.053	24.8391	0.364583	1015.72	663.72	28.5996	103.082	8.5994	111.681	50.674	9016.0	38.1597	47.9483	37.6683	33.66				11.5943	1.08953	8.2713	18.1219	1.19565
2016/12/24 11:25:00		2.33704	126.969	24.9677	0.359896	1015.58	544.88	28.3199	101.927	9.8832	111.81	49.6115	9033.1	50.789	49.5933	34.7917	31.86				11.5943	1.08953	8.2713	18.1219	1.19565
2016/12/24 11:30:00		2.50175	128.885	24.9344	0.361458	1015.46	525.52	28.4013	97.646	17.2022	114.848	50.284	8943.8	60.561	45.5733	34.5617	32.1083				11.6277	0.85132	8.3503	17.184	0.98358
2016/12/24 11:35:00		2.33966	130.259	24.9307	0.363021	1015.36	651.26	28.6845	95.218	26.7636	121.982	54.616	8716.7	57.904	45.1133	37.5083	32.4067				11.6745	0.51783	8.4609	15.8709	0.68668
2016/12/24 11:40:00		2.31395	152.371	25.0422	0.359896	1015.31	396.805	28.9087	95.433	43.0929	138.525	58.02	8646.5	53.229	46.0075	36.04	32.2508				11.6745	0.51783	8.4609	15.8709	0.68668
2016/12/24 11:45:00		2.17972	144.033	25.2318	0.363542	1015.2	486.391	29.0013	97.047	46.9647	144.012	58.663	8511.5	45.1745	43.9233	35.2983	31.8975				10.5906	0.470767	8.056	15.0357	0.61757
2016/12/24 11:50:00		1.71372	147.509	25.3365	0.359375	1015.1	601.47	29.0386	91.92	32.1143	124.034	58.506	8299.0	47.396	44.9358	36.2175	32.8858				9.0732	0.404884	7.4892	13.8663	0.52082
2016/12/24 11:55:00		2.42253	153.821	25.4005	0.360417	1014.95	449.932	28.9395	90.269	22.5324	112.801	57.41	8203.3	42.6671	46.2225	36.8783	33.4908				9.0732	0.404884	7.4892	13.8663	0.52082
2016/12/24 12:00:00		2.55679	138.352	25.4885	0.360417	1014.86	347.462	28.8668	90.486	17.9383	108.424	55.208	8150.0	52.471	46.8733	36.755	32.1733				10.1687	0.476107	7.9889	15.2426	0.59368
2016/12/24 12:05:00		3.33856	147.229	25.3594	0.35625	1014.78	336.54	29.0077	85.374	18.7804	104.154	51.27	8034.8	58.804	41.5283	35.1075	32.13				11.7024	0.57582	8.6884	17.1694	0.69569
2016/12/24 12:10:00		3.04352	135.589	25.2714	0.354167	1014.73	328.322	29.1661	81.753	19.7252	101.479	49.8831	7786.7	64.204	45.5592	35.0208	32.7567				11.7024	0.57582	8.6884	17.1694	0.69569
2016/12/24 12:15:00		3.32399	144.384	25.1047	0.355729	1014.65	284.63	29.3458	77.796	23.8538	101.65	48.6009	7448.1	76.012	38.315	32.9658	31.1967				10.9556	0.50984	7.8866	15.1849	0.68798
2016/12/24 12:20:00		3.36249	144.719	24.975	0.359896	1014.54	227.741	29.5283	72.764	38.4166	111.181	47.5713	7102.1	62.772	40.5608	32.7017	30.1233				9.9101	0.417469	6.764	12.4067	0.6772
2016/12/24 12:25:00		2.57004	152.334	24.9312	0.355729	1014.38	237.716	29.5149	71.563	41.9358	113.499	45.76	6908.8	44.5244	39.5675	33.0242	30.5867				9.9101	0.417469	6.764	12.4067	0.6772
2016/12/24 12:30:00		1.92459	147.848	24.9302	0.357292	1014.23	202.023	29.415	69.499	33.1173	102.616	44.4063	6842.1	45.6852	38.1992	33.6525	31.5258				9.0906	0.356769	6.2643	11.5004	0.64462
2016/12/24 12:35:00		2.41423	163.904	24.9859	0.357292	1014.1	181.147	29.2961	71.471	26.0995	97.571	43.8867	6939.0	35.0166	40.6967	34.9992	32.4142				7.9434	0.271787	5.5648	10.2315	0.59901
2016/12/24 12:40:00		2.78648	147.199	25.0198	0.365104	1014.02	122.602	29.1221	70.464	22.4126	92.876	42.0277	6900.6	50.553	40.9933	35.0042	31.665				7.9434	0.271787	5.5648	10.2315	0.59901
2016/12/24 12:45:00		2.70451	155.151	24.8958	0.358854	1013.92	102.36	29.1616	67.38	22.8165	90.196	41.0887	6906.9	55.918	36.4717	33.0542	31.2167				9.4646	0.389042	5.8966	11.8013	0.57512
2016/12/24 12:50:00		2.684	142.306	24.776	0.359375	1013.82	136.194	29.3106	63.489	23.5115	87.001	40.8312	6853.5	57.432	39.1733	34.5308	31.7967				11.5943	0.5532	6.3611	13.999	0.54167
2016/12/24 12:55:00		3.12297	163.487	24.6901	0.359375	1013.73	116.9	29.426	66.122	24.1071	90.229	40.8598	6759.2	59.483	39.5558	34.5825	32.4725				11.5943	0.5532	6.3611	13.999	0.54167
2016/12/24 13:00:00		2.60868	159.171	24.6307	0.360938	1013.65	116.827	29.5449	65.678	26.3083	91.986	40.7883	6721.3	67.401	37.955	35.1733	32.725				11.5943	0.5532	6.3611	13.999	0.54167
2016/12/24 13:05:00		2.52455	163.548	24.6323	0.359896	1013.56	135.384	29.6174	65.314	34.8495	100.163	39.9876	6629.0	56.547	39.2583	34.5558	32.4642				11.5943	0.5532	6.3611	13.999	0.54167
2016/12/24 13:10:00		3.11411	158.503	24.6339	0.358854	1013.47	138.542	29.5396	63.445	33.3296	96.774	39.53	6532.1	46.0495	43.8783	35.8433	32.925				11.5943	0.5532	6.3611	13.999	0.54167
2016/12/24 13:15:00		3.04021	145.441	24.6307	0.363021	1013.38	130.018	29.389	65.178	27.147	92.325	38.6863	6421.5	46.0888	43.9533	36.7875	33.8383				10.8315	0.492532	5.8081	12.7787	0.486971
2016/12/24 13:20:00		3.15063	137.074	24.6271	0.360938	1013.3	125.774	29.1879	61.805	24.9835	86.789	37.2658	6176.9	44.8887	41.0425	36.0883	33.9117				9.7636	0.407598	5.0339	11.0703	0.410397
2016/12/24 13:25:00		2.01803	154.673	24.6292	0.359896	1013.22	107.341	29.0448	58.44	24.0729	82.512	35.9931	6082.5	52.546	42.4233	36.515	34.1192				9.7636	0.407598	5.0339	11.0703	0.410397
2016/12/24 13:30:00		2.32844	171.535	24.6302	0.360938	1013.13	95.973	29.0738	56.749	26.1235	82.872	36.1361	6359.8	53.346	42.19	36.8258	33.8983				9.7055	0.409998	4.81683	11.1513	0.405955
2016/12/24 13:35:00		2.86972	166.564	24.6328	0.361979	1013.06	71.947	29.175	57.855	26.3871	84.242	36.0455	6451.5	58.44	39.6833	34.4117	32.2408				9.6241	0.413357	4.51295	11.2646	0.399735
2016/12/24 13:40:00		2.50018	157.671	24.6302	0.356771	1012.98	73.668	29.2816	56.49	26.6815	83.171	35.4163	6382.3	58.307	37.9592	33.0283	31.0008				9.6241	0.413357	4.51295	11.2646	0.399735
2016/12/24 13:45:00		2.008	149.78	24.5422	0.35625	1012.92	71.976	29.3691	57.691	27.3285	85.02	34.9682	6362.5	62.679	38.9975	33.8633	31.5217				9.6532	0.408866	4.37253	11.1698	0.391757
2016/12/24 13:50:00		3.07412	137.382	24.5281	0.358333	1012.83	76.606	29.5052	57.633	33.1344	90.768	34.6918	6224.8	65.272	37.5775	33.6458	31.2425				9.6939	0.40258	4.17594	11.0371	0.380589
2016/12/24 13:55:00		2.46871	157.162	24.4484	0.358854	1012.77	65.559	29.4931	58.895	38.5673	97.463	34.4582	6081.9	51.971	36.7875	33.2042	30.9367				9.6939	0.40258	4.17594	11.0371	0.380589
2016/12/24 14:00:00		1.81041	155.521	24.4245	0.358333	1012.7	78.684	29.382	55.914	33.7404	89.654	34.0054	6125.0	45.7138	40.16	34.8717	31.5075				9.2391	0.392503	4.06929	10.8219	0.386118
2016/12/24 14:05:00		2.46102	163.255	24.4271	0.360417	1012.62	77.7	29.226	55.8	27.5168	83.317	32.9472	6163.1	39.992	36.3492	33.4958	31.3392				8.6024	0.378396	3.91998	10.5206	0.393858
2016/12/24 14:10:00		3.18024	160.052	24.4281	0.359896	1012.55	95.747	29.0402	57.515	23.4943	81.009	32.0892	6227.3	40.317	38.0533	34.0183	31.67				8.6024	0.378396	3.91998	10.5206	0.393858
2016/12/24 14:15:00		2.30622	152.489	24.4302	0.359375	1012.47	91.328	29.0545	56.995	23.1041	80.099	31.5077	6462.9	53.221	38.2833	34.1933	31.7017				9.2199	0.430666	4.203	11.3065	0.414256
2016/12/24 14:20:00		3.46785	147.561	24.4922	0.357812	1012.41	134.881	29.1358	58.991	21.8477	80.839	31.4362	6660.4	56.511	39.4067	34.2067	31.8183				10.0844	0.50384	4.59922	12.4067	0.442812
2016/12/24 14:25:00		3.53796	157.967	24.5052	0.359375	1012.38	132.694	29.2271	56.008	23.3369	79.344	31.1597	6454.8	60.99	39.6617	34.2133	31.3733				10.0844	0.50384	4.59922	12.4067	0.442812
2016/12/24 14:30:00		3.14883	150.677	24.4536	0.360938	1012.33	120.524	29.3264	56.05	25.8701	81.92	30.7688	6322.9	65.147	39.4517	32.6833	30.56				9.7139	0.490132	4.52911	12.2132	0.427272
2016/12/24 14:35:00		2.91692	162.886	24.4245	0.356771	1012.27	125.446	29.4657	55.766	32.4703	88.237	30.7879	6193.1	60.94	42.275	35.505	32.4442				9.1952	0.470938	4.43095	11.9423	0.405516
2016/12/24 14:40:00		2.82397	149.03	24.5073	0.359375	1012.2	120.451	29.4797	57.705	39.8921	97.597	30.6211	6130.8	52.518	43.035	35.3567	32.8092				9.1952	0.470938	4.43095	11.9423	0.405516
2016/12/24 14:45:00		3.1833	163.592	24.5255	0.359375	1012.14	97.03	29.386	58.826	31.0565	89.882	29.8584	6068.1	45.2066	37.535	32.7983	30.895				8.5472	0.418224	4.15741	11.109	0.372975
2016/12/24 14:50:00		2.75644	134.729	24.4755	0.361979	1012.1	115.391	29.2585	57.289	24.1345	81.424	29.1005	5902.7	40.0527	37.3508	32.3725	30.3225				7.64	0.344423	3.77446	9.9424	0.327417
2016/12/24 14:55:00		1.44076	143.169	24.4896	0.361979	1012.05	111.555	29.0604	59.425	20.4373	79.862	28.5189	5919.6	34.4416	38.1225	32.6808	29.9333				7.64	0.344423	3.77446	9.9424	0.327417
2016/12/24 15:00:00		2.4891	150.66	24.5443	0.357812	1012.0	138.928	29.041	60.666	19.5952	80.261	27.9946	6116.7	46.0031	26.625	21.9033	19.7642				8.0396	0.360738	3.98026	10.3729	0.366317
2016/12/24 15:05:00		2.6706	154.667	24.6292	0.359375	1011.97	159.454	29.1339	60.488	17.7603	78.248	27.7658	6230.0	50.464	33.9792	29.2767	27.2175				8.5989	0.383579	4.26837	10.9755	0.420776
2016/12/24 15:10:00		2.87469	159.85	24.6307	0.353125	1011.99	109.878	29.2424	63.34	18.4415	81.781	28.1996	6350.2	51.789	35.3183	28.0133	26.0475				8.5989	0.383579	4.26837	10.9755	0.420776
2016/12/24 15:15:00		2.96464	167.544	24.6297	0.359375	1011.99	82.141	29.3398	64.059	18.3217	82.38	28.0709	6454.8	53.818	34.2808	27.4358	25.0975				8.6774	0.407468	4.46883	11.327	0.423777
2016/12/24 15:20:00		2.18043	143.175	24.6307	0.358333	1011.98	84.751	29.4834	64.713	22.885	87.598	27.4322	6480.4	55.618	29.43	26.1958	24.1542				8.7872	0.440914	4.74948	11.8191	0.427979
2016/12/24 15:25:00		2.91818	138.033	24.6318	0.357292	1011.98	59.872	29.4964	63.672	31.3646	95.037	27.3845	6400.6	40.2705	32.4017	26.1533	24.0125				8.7872	0.440914	4.74948	11.8191	0.427979
2016/12/24 15:30:00		3.54727	149.733	24.5786	0.358854	1011.98	44.5958	29.3984	70.256	23.9359	94.192	27.1891	6232.3	29.3805	29.5533	23.6342	20.815				8.5911	0.435258	4.65211	11.8309	0.432126
2016/12/24 15:35:00		3.06314	132.09	24.5151	0.361458	1012.0	76.635	29.2732	69.512	17.0824	86.595	26.4169	6011.3	24.3195	23.2442	19.6175	17.91				8.3165	0.427341	4.5158	11.8475	0.437931
2016/12/24 15:40:00		2.41634	142.648	24.4255	0.358333	1012.02	83.716	29.0781	69.537	13.1969	82.734	25.7257	5977.1	24.9195	15.2583	13.1008	12.1842				8.3165	0.427341	4.5158	11.8475	0.437931
2016/12/24 15:45:00		3.20217	136.372	24.4281	0.355729	1012.06	77.015	29.0636	66.777	13.0703	79.847	25.9736	6019.2	37.6704	22.6017	19.655	17.805				8.3092	0.430425	4.47906	11.7981	0.428986
2016/12/24 15:50:00		2.43584	143.436	24.3406	0.357292	1012.09	60.207	29.1449	66.254	13.0155	79.27	25.9879	6040.4	41.1706	23.0808	19.4142	17.4317				8.2991	0.434744	4.42763	11.729	0.416463
2016/12/24 15:55:00		3.2819	142.871	24.3292	0.357812	1012.07	47.3812	29.2268	66.357	12.5123	78.869	26.0832	5966.7	43.2886	22.9392	18.9875	17.3783				8.2991	0.434744	4.42763	11.729	0.416463
2016/12/24 16:00:00		2.21568	146.078	24.325	0.359375	1012.08	22.6917	29.3243	67.284	12.68	79.964	26.3835	5924.8	43.2029	21.925	19.2983	17.7383				7.994	0.412259	4.3119	11.4684	0.395256
2016/12/24 16:05:00		2.76483	147.485	24.3266	0.359375	1012.13	13.2344	29.4526	69.162	17.5651	86.727	26.4312	6347.7	40.9884	24.6075	20.8892	18.5617				7.5668	0.380781	4.14987	11.1035	0.365566
2016/12/24 16:10:00		2.40493	160.123	24.3276	0.360938	1012.17	18.0979	29.5084	71.815	24.2509	96.066	26.2024	6531.9	40.2134	25.1633	21.0042	19.1283				7.5668	0.380781	4.14987	11.1035	0.365566
2016/12/24 16:15:00		2.94317	151.42	24.2828	0.355729	1012.17	16.2458	29.4161	70.028	21.1939	91.222	25.9307	6530.0	22.8444	26.7625	22.1767	19.2142				8.2366	0.460676	4.61301	12.1757	0.416234
2016/12/24 16:20:00		2.50086	139.295	24.2266	0.361458	1012.18	13.3146	29.291	71.009	15.1346	86.143	25.6256	6521.9	19.8763	26.655	22.6875	20.0275				9.1743	0.57253	5.2614	13.6768	0.487169
2016/12/24 16:25:00		2.12833	152.077	24.2266	0.359896	1012.19	12.1844	29.0724	72.996	10.5815	83.578	25.2585	6546.0	21.78	18.3808	15.225	13.7058				9.1743	0.57253	5.2614	13.6768	0.487169
2016/12/24 16:30:00		1.82743	153.89	24.2234	0.360938	1012.18	6.9417	29.0094	73.613	7.7265	81.339	24.7962	6775.6	28.6448	10.2317	8.7533	7.8658				9.122	0.52472	5.4589	13.7538	0.50079
2016/12/24 16:35:00		3.16503	145.799	24.2198	0.359896	1012.2	1.07187	29.0553	71.748	8.62	80.368	24.6532	6818.5	34.6952	24.47	20.7	18.7592				9.0488	0.457777	5.7354	13.8616	0.51987
2016/12/24 16:40:00		2.28742	146.839	24.2234	0.3625	1012.23	1.10104	29.1108	69.973	8.9281	78.901	24.6055	6805.4	41.2528	18.6975	15.4675	13.6892				9.0488	0.457777	5.7354	13.8616	0.51987
2016/12/24 16:45:00		2.77751	162.875	24.1271	0.364062	1012.26	1.10104	29.1664	70.944	9.0171	79.961	25.0774	7009.8	38.4918	18.2908	14.9742	13.5275				9.1882	0.494622	6.1798	14.296	0.5094
2016/12/24 16:50:00		2.58435	165.516	24.125	0.352604	1012.27	1.07187	29.2698	71.773	13.1627	84.935	25.0488	6956.7	42.7171	19.32	16.7717	15.2867				9.3835	0.54621	6.8019	14.9042	0.494751
2016/12/24 16:55:00		2.2596	158.73	24.1255	0.359896	1012.3	1.07917	29.3396	79.178	19.626	98.804	24.8296	7002.1	42.2742	27.5433	23.48	21.5092				9.3835	0.54621	6.8019	14.9042	0.494751
2016/12/24 17:00:00		1.98821	155.778	24.1156	0.359896	1012.31	1.14479	29.4053	81.041	25.2505	106.291	24.6341	7191.0	42.6993	21.385	16.9558	14.8267				9.4983	0.51776	7.191	15.0661	0.55063
2016/12/24 17:05:00		2.49887	146.496	24.026	0.359375	1012.31	1.16667	29.3973	80.177	24.4255	104.602	24.5483	7328.5	28.9984	28.9483	24.53	22.06				9.659	0.47793	7.7357	15.2927	0.62886
2016/12/24 17:10:00		2.71553	156.207	24.0182	0.361458	1012.37	1.13021	29.2679	78.506	15.559	94.065	24.5007	7319.8	24.7873	22.0733	18.9733	17.155				9.659	0.47793	7.7357	15.2927	0.62886
2016/12/24 17:15:00		2.41244	142.673	23.9953	0.361979	1012.41	1.06458	29.0515	78.171	9.6572	87.828	24.024	7301.5	22.3372	18.8092	16.7683	15.4608				10.1283	0.52077	8.4566	16.5999	0.83896
2016/12/24 17:20:00		2.91583	134.131	23.8776	0.360938	1012.43	1.1375	28.9943	77.209	6.1894	83.398	24.086	7428.5	31.7307	9.9783	9.1158	8.5992				10.7853	0.58076	9.4658	18.43	1.13309
2016/12/24 17:25:00		2.65158	144.167	23.724	0.361458	1012.43	1.08646	28.9986	76.132	6.4941	82.626	23.595	7590.8	40.0098	12.8817	10.94	10.2083				10.7853	0.58076	9.4658	18.43	1.13309
2016/12/24 17:30:00		2.60391	140.495	23.5911	0.361979	1012.44	1.12292	28.9709	75.06	7.7984	82.858	23.9525	7554.6	34.1701	21.245	18.0467	16.36				10.9727	0.58658	9.2663	18.3411	0.91964
2016/12/24 17:35:00		2.13266	134.572	23.4797	0.359375	1012.52	1.10833	28.6665	73.912	7.0384	80.951	23.6331	7431.0	33.2058	11.6033	10.4767	9.7117				11.2351	0.59474	8.987	18.2167	0.62081
2016/12/24 17:40:00		1.91205	143.14	23.4229	0.361458	1012.55	1.11563	28.2131	71.292	4.63177	75.924	23.1755	7422.9	27.5483	8.9683	7.5808	6.9433				11.2351	0.59474	8.987	18.2167	0.62081
2016/12/24 17:45:00		2.47908	144.36	23.3453	0.359896	1012.56	1.16667	27.7706	71.75	3.56369	75.314	22.9753	7389.0	22.0086	5.1067	4.58667	4.325				10.8239	0.56646	8.0627	17.5335	0.61568
2016/12/24 17:50:00		2.47675	136.429	23.326	0.360417	1012.61	1.1375	27.442	69.917	2.39976	72.316	22.4605	7165.8	27.8626	3.50167	3.25167	3.025				10.2483	0.52687	6.7687	16.577	0.60849
2016/12/24 17:55:00		2.15839	147.853	23.251	0.359896	1012.65	1.15937	27.3102	72.938	2.43741	75.376	22.6083	7379.4	43.185	4.84083	4.28	3.91667				10.2483	0.52687	6.7687	16.577	0.60849
2016/12/24 18:00:00		1.51359	145.811	23.2172	0.361458	1012.74	1.15208	27.3129	79.994	0.65043	80.644	23.5664	7756.9	49.4176	3.41083	3.08083	2.80083				10.305	0.56475	7.4442	16.419	0.56248
2016/12/24 18:05:00		1.16337	138.479	23.2208	0.360417	1012.83	1.14479	27.4273	84.433	4.99464	89.428	23.8333	7925.2	50.446	4.0225	3.50417	3.16667				10.3843	0.61777	8.3898	16.1979	0.498069
2016/12/24 18:10:00		2.50834	133.191	23.2188	0.361979	1012.91	1.15208	27.5808	87.267	8.4762	95.744	24.5293	8110.8	46.5031	3.82833	3.08333	2.91				10.3843	0.61777	8.3898	16.1979	0.498069
2016/12/24 18:15:00		1.63333	131.95	23.2219	0.3625	1012.97	1.10104	27.7449	90.381	7.1376	97.518	25.7877	8218.8	45.7245	3.02	2.66	2.43917				10.8187	0.92282	7.8388	16.3835	0.56402
2016/12/24 18:20:00		1.50224	142.973	23.2167	0.360417	1013.08	1.08646	27.9167	96.114	4.27574	100.389	26.2596	8327.9	42.3099	4.26417	3.65333	3.295				11.4269	1.34989	7.0673	16.6434	0.65635
2016/12/24 18:25:00		2.02221	154.226	23.2208	0.358333	1013.22	1.11563	27.6952	101.259	0.8661	102.125	25.9307	8495.0	28.5305	5.1933	4.49417	4.10167				11.4269	1.34989	7.0673	16.6434	0.65635
2016/12/24 18:30:00		2.55819	135.531	23.2177	0.357812	1013.3	1.1375	27.4036	97.478	0.0	97.478	24.8486	8541.9	30.7092	4.22667	3.96167	3.56333				11.8977	1.39444	7.804	18.0177	0.66899
2016/12/24 18:35:00		2.4064	144.308	23.1255	0.358333	1013.36	1.08646	27.2675	93.999	0.0	93.999	24.6675	8195.0	38.2597	2.74333	2.43083	2.31				12.5567	1.45683	8.8354	19.9417	0.68668
2016/12/24 18:40:00		1.55702	150.901	23.1156	0.360938	1013.38	1.08646	27.2734	91.424	0.05135	91.475	24.4625	8125.6	51.275	3.215	2.34167	2.19				12.5567	1.45683	8.8354	19.9417	0.68668
2016/12/24 18:45:00		2.0483	146.121	23.112	0.359896	1013.43	1.15208	27.3897	89.642	7.9011	97.543	24.4625	8006.3	47.9032	2.72083	2.42	2.27167				11.6021	1.06558	7.8005	18.2001	0.66694
2016/12/24 18:50:00		1.84823	151.298	23.1135	0.361979	1013.47	1.15208	27.5889	89.892	6.566	96.458	25.4635	7973.8	44.5315	5.6792	4.695	4.3125				10.2657	0.51783	6.3516	15.7619	0.63929
2016/12/24 18:55:00		1.48136	152.479	23.1177	0.359896	1013.51	1.12292	27.765	91.455	5.2822	96.737	26.5265	8070.4	39.7027	5.0225	4.06417	3.67667				10.2657	0.51783	6.3516	15.7619	0.63929
2016/12/24 19:00:00		2.6973	133.232	23.1172	0.355208	1013.58	1.11563	27.8861	96.543	4.29971	100.842	27.0747	8226.5	42.3207	4.83333	4.49167	4.22333				10.0492	0.51251	6.0396	15.2387	0.62349
2016/12/24 19:05:00		3.11693	130.702	23.0849	0.359896	1013.65	1.05729	27.787	90.568	3.38568	93.954	26.5456	8023.3	35.0559	5.6717	5.2722	4.91917				9.7462	0.50508	5.6027	14.5061	0.60138
2016/12/24 19:10:00		2.42002	133.819	23.013	0.363021	1013.69	1.1375	27.4506	86.191	0.489537	86.681	25.7877	7614.0	30.1949	5.4258	4.77667	4.4675				9.7462	0.50508	5.6027	14.5061	0.60138
2016/12/24 19:15:00		2.23614	132.411	23.0151	0.3625	1013.73	1.10104	27.2423	87.955	0.0	87.955	24.8248	7469.2	33.1201	1.3685	1.30667	1.24217				10.0222	0.54004	5.8713	15.3275	0.62389
2016/12/24 19:20:00		2.82698	140.544	23.0052	0.363021	1013.75	1.10104	27.3164	88.069	0.99961	89.069	24.0717	7286.5	50.418	3.18667	2.955	2.74167				10.4087	0.58898	6.2473	16.4775	0.6554
2016/12/24 19:25:00		3.69436	141.22	22.9156	0.361458	1013.77	1.14479	27.4442	83.417	9.1506	92.568	23.9287	6999.6	47.9889	3.63667	3.47	3.38833				10.4087	0.58898	6.2473	16.4775	0.6554
2016/12/24 19:30:00		3.16363	133.826	22.874	0.361979	1013.81	1.13021	27.5838	76.912	10.5165	87.428	24.1146	6542.5	50.571	4.25583	3.21583	3.07667				9.3452	0.498633	5.562	14.4417	0.55511
2016/12/24 19:35:00		3.17367	134.164	22.824	0.364062	1013.87	1.15208	27.7596	69.798	12.5362	82.335	24.2337	6180.0	44.4672	5.025	4.29917	4.07				7.8562	0.372145	4.60254	11.5916	0.41471
2016/12/24 19:40:00		2.58001	142.693	22.8177	0.366667	1013.9	1.1375	27.856	65.975	14.022	79.997	24.3672	5959.0	43.5101	5.3907	4.90085	4.65847				7.8562	0.372145	4.60254	11.5916	0.41471
2016/12/24 19:45:00		2.23472	146.746	22.7271	0.357812	1013.91	1.13021	27.9494	64.867	14.3267	79.194	24.5865	5792.9	40.3277	6.7	6.5625	6.3092				7.1603	0.330175	4.20971	10.476	0.383156
2016/12/24 19:50:00		2.41707	137.182	22.7219	0.365104	1013.92	1.15208	28.0493	62.049	15.0969	77.146	24.9439	5702.7	37.6454	10.6975	9.8017	9.3633				6.1859	0.271417	3.65976	8.9141	0.33898
2016/12/24 19:55:00		2.64322	138.552	22.7161	0.361979	1014.0	1.12292	27.6933	60.124	12.1871	72.311	24.801	5567.5	29.7306	6.1592	5.9525	5.7517				6.1859	0.271417	3.65976	8.9141	0.33898
2016/12/24 20:00:00		3.48977	135.461	22.7193	0.3625	1014.03	1.14479	27.402	56.948	9.445	66.393	24.024	5416.9	35.6381	4.80667	4.14583	3.92167				6.6741	0.158326	3.93783	9.7039	0.371048
2016/12/24 20:05:00		3.72311	135.146	22.7161	0.367708	1014.03	1.13021	27.4168	55.541	11.7489	67.29	23.6188	5354.8	48.9604	3.7475	3.53417	3.3975				7.3576	0.0	4.32715	10.8097	0.415942
2016/12/24 20:10:00		3.08959	131.553	22.6932	0.360938	1014.06	1.07917	27.4978	57.184	17.5206	74.705	23.3948	5282.1	50.275	4.19833	3.93583	3.755				7.3576	0.0	4.32715	10.8097	0.415942
2016/12/24 20:15:00		2.95634	136.721	22.6135	0.364062	1014.15	1.17396	27.6705	54.37	18.6229	72.993	23.3233	5141.0	42.8743	4.3725	4.15083	3.8925				7.3576	0.0	4.32715	10.8097	0.415942
2016/12/24 20:20:00		2.41899	143.576	22.6151	0.360938	1014.17	1.18125	27.8292	56.49	17.1714	73.661	23.6045	5094.6	39.9026	11.4563	10.5477	10.0885				7.3576	0.0	4.32715	10.8097	0.415942
2016/12/24 20:25:00		2.69438	140.574	22.6995	0.361979	1014.19	1.11563	27.9054	59.148	16.5415	75.689	23.8572	5096.3	34.7023	10.3635	9.5255	8.9005				7.3576	0.0	4.32715	10.8097	0.415942
2016/12/24 20:30:00		2.73883	138.693	22.6943	0.361979	1014.21	1.01354	28.0232	62.944	14.8504	77.795	23.7046	5190.0	44.8494	7.7733	7.0517	6.7283				7.2384	0.144606	4.25901	9.9645	0.379906
2016/12/24 20:35:00		3.00152	138.827	22.6172	0.361979	1014.22	1.15208	28.1175	60.729	13.6728	74.402	23.7428	5055.2	40.867	11.9727	11.4888	10.8635				7.0716	0.347055	4.16362	8.7814	0.329455
2016/12/24 20:40:00		2.65284	143.237	22.6161	0.363021	1014.26	1.12292	27.8004	55.145	13.9432	69.089	23.657	4903.13	31.0235	10.0883	9.5833	9.1933				7.0716	0.347055	4.16362	8.7814	0.329455
2016/12/24 20:45:00		3.44009	139.435	22.6146	0.365104	1014.3	1.16667	27.4775	53.696	9.3936	63.09	23.023	4795.42	28.7126	9.6358	8.9892	8.4708				7.1966	0.341314	4.37889	9.745	0.360062
2016/12/24 20:50:00		3.18907	138.606	22.6156	0.360938	1014.39	1.10104	27.4444	52.233	10.8314	63.065	22.8943	4800.83	46.1602	5.8933	5.4767	5.1383				7.3715	0.333277	4.68028	11.094	0.40291
2016/12/24 20:55:00		3.69314	133.715	22.5125	0.366146	1014.36	1.13021	27.5088	52.559	18.1334	70.693	23.1136	4759.17	47.0746	5.1883	4.95	4.70667				7.3715	0.333277	4.68028	11.094	0.40291
2016/12/24 21:00:00		3.52823	141.273	22.5109	0.363021	1014.35	1.11563	27.6672	51.735	18.777	70.512	23.2947	4748.54	42.4457	6.94	6.5383	6.21				6.8819	0.3044	4.26494	10.0672	0.383164
2016/12/24 21:05:00		2.57764	141.314	22.5109	0.359896	1014.4	1.13021	27.8251	49.9798	19.8314	69.811	23.371	4638.13	40.3884	8.0475	7.485	7.1417				6.1964	0.263972	3.68346	8.6297	0.35552
2016/12/24 21:10:00		2.58892	142.628	22.5094	0.361979	1014.4	1.1375	27.9258	50.811	19.7081	70.519	23.8572	4567.29	37.4739	12.4883	11.67	10.9358				6.1964	0.263972	3.68346	8.6297	0.35552
2016/12/24 21:15:00		2.56679	146.842	22.5104	0.360938	1014.43	1.1375	28.0528	50.63	20.4373	71.067	23.9525	4562.29	34.2166	9.2592	8.4825	7.7658				6.1677	0.149584	3.4762	8.3812	0.338393
2016/12/24 21:20:00		3.56997	136.824	22.512	0.360938	1014.47	1.16667	28.1911	49.9217	19.2939	69.216	24.4387	4545.63	36.4453	16.8567	15.705	14.4717				6.1301	0.0	3.20519	8.0563	0.315996
2016/12/24 21:25:00		2.16985	138.621	22.5146	0.366667	1014.53	1.1375	28.2133	49.6693	19.6157	69.285	24.7485	4564.58	36.4703	16.1108	15.3292	14.405				6.1301	0.0	3.20519	8.0563	0.315996
2016/12/24 21:30:00		2.81047	131.234	22.5172	0.361979	1014.52	1.18854	27.896	46.4444	15.4187	61.863	25.373	4520.42	29.3555	9.41	8.3517	7.7783				6.2933	0.150854	3.35944	8.6128	0.338935
2016/12/24 21:35:00		2.6661	148.976	22.5083	0.361458	1014.52	1.10833	27.6517	46.3841	12.6526	59.037	24.9869	4525.0	26.1732	16.0175	14.7367	14.0442				6.5067	0.348124	3.56116	9.3406	0.368931
2016/12/24 21:40:00		2.61029	138.4	22.5104	0.365104	1014.53	1.1375	27.5285	46.1451	14.0596	60.205	24.1956	4659.79	45.0173	9.0275	8.6983	8.1883				6.5067	0.348124	3.56116	9.3406	0.368931
2016/12/24 21:45:00		2.66228	130.839	22.513	0.363021	1014.5	1.14479	27.6232	46.5114	20.7899	67.301	24.372	4760.0	44.903	9.2508	8.6642	8.1525				6.3731	0.320344	3.46005	8.9891	0.346401
2016/12/24 21:50:00		2.60564	134.371	22.4771	0.360938	1014.49	1.14479	27.8187	43.5634	21.6834	65.247	24.6437	4695.21	40.817	13.1633	12.4842	12.0967				6.1859	0.281452	3.31848	8.497	0.314859
2016/12/24 21:55:00		2.16336	140.505	22.4146	0.363542	1014.51	1.11563	27.9185	42.2547	21.6115	63.866	24.6294	4555.0	37.2453	9.4158	8.4575	8.0233				6.1859	0.281452	3.31848	8.497	0.314859
2016/12/24 22:00:00		1.76852	131.298	22.4161	0.3625	1014.56	1.09375	28.0294	45.2384	19.5883	64.827	24.8343	4573.96	27.7911	12.6333	11.55	10.3767				6.2121	0.293449	3.32835	8.4753	0.321652
2016/12/24 22:05:00		1.92725	138.979	22.4682	0.361458	1014.58	1.05729	28.1833	52.87	17.1167	69.986	25.2014	4626.04	22.7658	20.2025	15.0375	12.2225				6.2487	0.310244	3.34217	8.4449	0.331161
2016/12/24 22:10:00		2.15927	131.976	22.5094	0.360938	1014.64	1.13021	28.2445	64.019	13.2004	77.219	25.3348	4898.13	24.2231	19.2908	15.7708	13.5575				6.2487	0.310244	3.34217	8.4449	0.331161
2016/12/24 22:15:00		1.32025	129.087	22.5109	0.358333	1014.67	1.07917	28.158	64.943	12.947	77.89	25.6876	4980.21	19.4584	11.8617	11.0108	10.0517				6.3696	0.352876	3.38716	8.7221	0.32305
2016/12/24 22:20:00		2.45978	131.833	22.5135	0.360938	1014.7	1.10104	27.8689	63.981	7.8874	71.868	24.82	5149.8	19.6013	18.6775	17.4875	16.2408				6.5277	0.408627	3.44598	9.0847	0.312442
2016/12/24 22:25:00		2.2848	128.701	22.5073	0.363021	1014.66	1.10833	27.5993	62.442	5.895	68.337	23.9859	5199.6	31.7378	11.4617	9.9408	9.135				6.5277	0.408627	3.44598	9.0847	0.312442
2016/12/24 22:30:00		2.28588	135.194	22.5115	0.361979	1014.61	1.11563	27.5913	58.964	12.1289	71.093	23.6045	5180.2	40.967	9.53	8.1867	7.625				7.1946	0.418995	3.66244	9.8054	0.351085
2016/12/24 22:35:00		2.5351	141.117	22.5073	0.360938	1014.58	1.1375	27.7854	57.053	16.4833	73.536	23.3805	5080.4	34.6666	11.2225	10.5825	9.9233				8.1282	0.43351	3.96548	10.8144	0.405184
2016/12/24 22:40:00		2.093	136.698	22.5104	0.358854	1014.59	1.11563	27.8802	53.68	17.2913	70.972	23.8047	4997.5	36.531	7.9208	7.1308	6.4742				8.1282	0.43351	3.96548	10.8144	0.405184
2016/12/24 22:45:00		1.66675	136.574	22.5135	0.359375	1014.56	1.11563	27.9942	50.241	16.901	67.142	24.0335	5077.1	32.2129	15.1142	13.23	12.2758				7.4017	0.388695	3.81065	10.1174	0.4024
2016/12/24 22:50:00		1.75337	139.689	22.5109	0.359896	1014.56	1.14479	28.1156	49.7542	17.4658	67.22	24.0145	5240.8	30.2663	11.6233	10.79	10.2092				6.3847	0.325955	3.59387	9.1415	0.398502
2016/12/24 22:55:00		2.50523	134.066	22.5125	0.360417	1014.58	1.21771	28.1647	46.8084	19.068	65.876	24.1861	5102.7	35.5309	10.0225	9.3183	8.9183				6.3847	0.325955	3.59387	9.1415	0.398502
2016/12/24 23:00:00		2.0921	142.177	22.5125	0.360417	1014.59	1.1375	28.2125	44.0212	19.1433	63.165	24.3767	4880.63	32.6915	14.8192	13.6183	12.8158				6.98	0.383256	3.736	9.7781	0.442264
2016/12/24 23:05:00		2.94126	144.496	22.5104	0.3625	1014.6	1.13021	27.9822	41.9286	17.4385	59.367	24.1765	4853.33	21.0014	19.2525	15.9542	14.4697				7.7586	0.458189	3.92188	10.6106	0.499491
2016/12/24 23:10:00		2.03249	137.008	22.513	0.365625	1014.62	1.1375	27.616	43.7666	13.1901	56.957	24.1193	4852.5	22.4765	11.1967	9.8292	9.22				7.7586	0.458189	3.92188	10.6106	0.499491
2016/12/24 23:15:00		2.34868	140.532	22.5104	0.366146	1014.62	1.18854	27.5459	44.497	14.1452	58.642	23.7523	4976.25	37.7704	12.93	11.7208	10.6908				6.9895	0.370107	3.61604	9.3415	0.466839
2016/12/24 23:20:00		2.25815	144.079	22.4656	0.364583	1014.58	1.10833	27.6812	44.4858	20.6906	65.176	23.8762	5006.3	39.4455	7.72	7.27	6.738				5.9837	0.254924	3.21609	7.6819	0.424141
2016/12/24 23:25:00		1.89223	137.178	22.4161	0.357812	1014.56	1.1375	27.8214	42.2747	21.3034	63.578	24.105	4926.25	36.2596	7.135	6.5692	6.0358				5.9837	0.254924	3.21609	7.6819	0.424141
2016/12/24 23:30:00		1.83242	145.105	22.4146	0.363542	1014.55	1.18125	27.8552	42.5294	20.0128	62.542	24.677	4794.17	27.4947	10.2135	8.48	7.5493				6.1756	0.299642	3.3952	8.3288	0.436298
2016/12/24 23:35:00		2.46676	142.1	22.4182	0.363021	1014.56	1.20313	27.6952	38.7416	15.7542	54.496	24.248	4602.08	18.4869	10.8758	9.765	9.1008				6.4265	0.358119	3.62942	9.1747	0.452196
2016/12/24 23:40:00		2.28403	144.733	22.4172	0.361458	1014.5	1.13021	27.493	37.9644	14.2993	52.264	23.9763	4434.58	18.2298	10.3558	9.6258	9.0592				6.4265	0.358119	3.62942	9.1747	0.452196
2016/12/24 23:45:00		2.26313	140.864	22.4146	0.358854	1014.48	1.20313	27.2809	35.2666	13.0429	48.3095	23.371	4276.67	14.4295	7.5467	7.2808	6.9975				6.3434	0.353218	3.78984	9.3616	0.446794
2016/12/24 23:50:00		2.31597	135.779	22.4146	0.358854	1014.46	1.09375	27.1411	34.0494	13.4674	47.5168	23.1898	4086.04	15.201	7.711	6.88	6.3155				6.2348	0.346808	3.99961	9.606	0.439732
2016/12/24 23:55:00		1.81216	141.665	22.4063	0.363542	1014.51	1.14479	26.9875	34.0606	13.5256	47.5862	23.0659	3946.88	13.2009	4.725	4.56833	4.315				6.2348	0.346808	3.99961	9.606	0.439732
2016/12/25 00:00:00		2.08811	129.621	22.3156	0.364583	1014.48	1.07917	26.8393	32.8523	13.9535	46.8058	22.6512	3823.54	18.1155	4.4322	3.85254	3.48051				5.8963	0.29972	3.74327	8.7024	0.402254
