-- 1st mean values --
Format: XTAB(V:1;HEAD:2;COL:TCFFFFFFFFFFFFFFFFFFFFFFFF)
StartTime: 2016/12/27 00:00:00
EndTime: 2016/12/28 00:00:00
Period: 24 h
Station: Gia Lam

Time	MeasPt	Wind Spd.	Wind Dir.	Temp	RH	Barometer	Radiation	InnerTemp	NO	NO2	NOx	SO2	CO	O3	PM-10	PM-2.5	PM-1	CH4	NMHC	THC	BENZEN	TOLUEN	ETHYL BENZEN	MP-XYLEN	O-XYLEN
		m/s	degree	°C	%	hPa	W/m²	°C	µg/m3	µg/m3	µg/m3	µg/m3	µg/m3	µg/m3	µg/m3	µg/m3	µg/m3	ppm	ppmC	ppmC	ug/m3	ug/m3	ug/m3	ug/m3	ug/m3
2016/12/27 00:05:00		1.68862	56.018	18.9214	0.3625	1019.87	1.07917	26.4036	16.4954	8.5138	25.0092	23.247	1617.71	25.0588	3.27717	3.046	2.87333				3.65437	0.0	1.50779	2.66995	0.0
2016/12/27 00:10:00		1.16539	60.644	19.0016	0.363542	1019.89	1.02083	26.3866	16.7388	8.9999	25.7388	23.2709	1623.54	26.3732	2.07917	2.07083	2.05833				3.65437	0.0	1.50779	2.66995	0.0
2016/12/27 00:15:00		1.86157	60.524	19.0276	0.361458	1019.88	1.05	26.3721	17.5674	9.2327	26.8001	23.2327	1582.08	28.6091	2.59833	2.50833	2.45583				3.51801	0.0	1.26207	2.30593	0.0
2016/12/27 00:20:00		2.36497	56.65	19.0219	0.358854	1019.88	1.00625	26.4054	17.5786	11.0984	28.677	23.228	1565.83	31.3021	2.20054	2.1375	2.075				3.35135	0.0	0.96175	1.86101	0.0
2016/12/27 00:25:00		1.61276	51.353	19.1115	0.361458	1019.92	1.06458	26.3888	16.8282	11.5606	28.3888	23.5235	1538.96	31.6843	3.40667	3.23667	3.14333				3.35135	0.0	0.96175	1.86101	0.0
2016/12/27 00:30:00		1.48098	63.89	19.1281	0.361458	1019.96	1.06458	26.3144	16.645	12.8409	29.486	23.4663	1505.83	22.1443	3.78833	3.485	3.39417				3.74505	0.0	1.07607	1.92242	0.0
2016/12/27 00:35:00		1.50493	65.639	19.1281	0.363021	1019.96	1.07917	26.1931	15.477	11.3792	26.8562	23.452	1470.63	17.7726	3.55667	3.43833	3.17833				4.22624	0.0	1.21581	1.99749	0.0
2016/12/27 00:40:00		2.44428	61.918	19.1286	0.359896	1019.98	1.07187	26.0038	13.9226	10.4104	24.333	24.2766	1386.25	19.7442	2.96333	2.77	2.61833				4.22624	0.0	1.21581	1.99749	0.0
2016/12/27 00:45:00		2.79643	54.085	19.1276	0.363021	1020.01	1.03542	25.9523	14.1884	10.2152	24.4036	24.7342	1426.25	26.7161	2.89833	2.79167	2.62167				4.45691	0.0	1.33654	2.02734	0.0
2016/12/27 00:50:00		2.45174	60.566	19.0922	0.356771	1019.99	1.12292	25.9807	13.1856	10.4754	23.661	25.4492	1409.17	28.5733	1.61833	1.55333	1.44417				4.73883	0.0	1.48409	2.06383	0.0
2016/12/27 00:55:00		2.3051	62.823	19.0234	0.3625	1019.99	1.05	25.9845	13.1432	10.6192	23.7624	25.454	1436.25	28.5162	2.79417	2.76417	2.68333				4.73883	0.0	1.48409	2.06383	0.0
2016/12/27 01:00:00		2.22894	59.775	18.9292	0.360938	1019.96	1.02813	25.9974	12.7501	11.766	24.5161	24.9583	1401.88	28.259	3.3	3.21667	3.09333				4.14365	0.0	1.32945	1.84567	0.0
2016/12/27 01:05:00		1.51659	61.881	18.8568	0.361458	1020.05	1.07917	26.0621	13.2593	14.3506	27.6099	24.5007	1390.63	28.059	1.55167	1.50333	1.41667				3.41621	0.0	1.14044	1.57903	0.0
2016/12/27 01:10:00		1.77229	62.666	18.8276	0.359896	1020.12	1.10833	26.0819	14.3201	16.0315	30.3516	24.2909	1401.25	26.4018	1.47167	1.355	1.28667				3.41621	0.0	1.14044	1.57903	0.0
2016/12/27 01:15:00		1.85936	62.499	18.749	0.360938	1020.11	1.05	26.1096	14.1258	19.1775	33.3033	23.6999	1342.92	26.316	1.51833	1.34667	1.27				3.25537	0.0	1.01332	1.46963	0.0
2016/12/27 01:20:00		1.80852	59.699	18.7266	0.358333	1020.17	1.07187	26.1872	14.3871	21.4574	35.8446	23.5807	1356.25	25.0588	1.85	1.79333	1.63833				3.0588	0.0	0.85794	1.33592	0.0
2016/12/27 01:25:00		1.85	67.306	18.725	0.3625	1020.23	1.03542	26.1372	14.6551	20.718	35.3731	23.3424	1317.71	19.287	1.66	1.60833	1.56333				3.0588	0.0	0.85794	1.33592	0.0
2016/12/27 01:30:00		1.66687	49.8191	18.626	0.358333	1020.36	1.09375	25.9711	12.8193	16.3225	29.1418	23.3614	1274.38	14.401	1.50333	1.49333	1.44833				3.41782	0.0	0.83021	1.35171	0.0
2016/12/27 01:35:00		1.89597	59.468	18.6229	0.366146	1020.43	1.11563	25.9029	12.0421	12.4233	24.4654	23.3138	1265.21	21.1443	1.22917	1.16417	1.03667				3.85662	0.0	0.79632	1.37099	0.0
2016/12/27 01:40:00		1.78816	62.166	18.6271	0.363542	1020.48	1.1375	25.8513	10.3582	11.8824	22.2406	23.5235	1317.5	22.4587	2.17667	2.11167	1.99333				3.85662	0.0	0.79632	1.37099	0.0
2016/12/27 01:45:00		1.46759	58.33	18.5552	0.364062	1020.49	1.14479	25.8548	11.4994	12.2247	23.7242	23.7237	1316.67	24.0016	1.37167	1.20167	1.13333				3.55377	0.0	0.70225	1.25541	0.0
2016/12/27 01:50:00		1.62126	55.838	18.5141	0.361979	1020.5	1.09375	25.8975	12.6876	17.079	29.7666	24.5579	1315.0	23.5444	1.2755	1.25933	1.21967				3.18363	0.0	0.58729	1.11414	0.0
2016/12/27 01:55:00		0.74705	68.632	18.5151	0.358854	1020.53	1.17396	25.9211	12.0913	21.1699	33.2612	24.8534	1296.46	24.4016	1.71083	1.69833	1.655				3.18363	0.0	0.58729	1.11414	0.0
2016/12/27 02:00:00		0.61464	66.43	18.5719	0.359375	1020.54	1.10833	25.9617	12.9846	20.5674	33.552	24.7199	1281.46	23.6873	2.38333	2.3155	2.22883				3.26099	0.0	0.62141	1.1103	0.0
2016/12/27 02:05:00		0.57245	77.044	18.6193	0.360938	1020.53	1.20313	26.0674	13.2615	20.047	33.3086	24.534	1280.63	24.8874	2.3475	2.2675	2.17833				3.35554	0.0	0.66313	1.10561	0.0
2016/12/27 02:10:00		0.98473	71.885	18.6182	0.358333	1020.55	1.10833	26.1039	13.0672	18.2977	31.365	24.7533	1251.46	23.4873	1.66633	1.64833	1.613				3.35554	0.0	0.66313	1.10561	0.0
2016/12/27 02:15:00		1.16959	74.705	18.624	0.3625	1020.58	1.11563	25.9695	11.8009	16.8017	28.6026	24.5531	1216.67	17.8012	1.59167	1.57167	1.52667				3.32212	0.0	0.80668	1.29413	0.0
2016/12/27 02:20:00		0.86397	65.239	18.6516	0.361979	1020.54	1.1375	25.8725	11.9774	13.464	25.4413	24.2004	1244.58	20.6585	1.79833	1.70917	1.6125				3.28127	0.0	0.98213	1.52454	0.0
2016/12/27 02:25:00		0.96782	68.642	18.7266	0.361979	1020.5	1.12292	25.8323	11.8657	13.2723	25.138	24.0955	1318.33	24.2016	2.19667	1.85667	1.77167				3.28127	0.0	0.98213	1.52454	0.0
2016/12/27 02:30:00		0.94027	52.148	18.7219	0.360938	1020.47	1.10833	25.8358	12.6206	16.8873	29.5079	23.9954	1310.83	24.4302	1.865	1.79833	1.68667				3.56214	0.0	0.98682	1.45054	0.0
2016/12/27 02:35:00		0.86145	63.585	18.7203	0.361458	1020.45	1.15208	25.9383	12.7233	17.2741	29.9974	24.1813	1293.13	23.6873	1.53433	1.28383	1.163				3.90544	0.0	0.99256	1.36009	0.0
2016/12/27 02:40:00		0.8333	61.519	18.8005	0.357812	1020.45	1.15208	26.0025	11.8903	18.0547	29.9449	24.4435	1252.71	23.4301	2.20667	2.19167	2.12167				3.90544	0.0	0.99256	1.36009	0.0
2016/12/27 02:45:00		0.83496	40.6068	18.8172	0.360938	1020.44	1.08646	26.0685	12.4687	16.7435	29.2122	24.9058	1253.54	26.7446	1.635	1.41083	1.35583				3.51048	0.0	1.10923	1.40146	0.0
2016/12/27 02:50:00		0.62734	34.0041	18.8193	0.363021	1020.43	1.08646	26.1241	11.7272	16.1513	27.8785	24.9582	1254.79	21.4871	3.445	3.29	3.13833				3.02776	0.0	1.25183	1.45203	0.0
2016/12/27 02:55:00		0.71003	54.609	18.8469	0.360417	1020.43	1.1375	25.9413	10.8116	14.7169	25.5285	24.7628	1187.5	20.4585	3.205	3.095	2.97167				3.02776	0.0	1.25183	1.45203	0.0
2016/12/27 03:00:00		1.00638	18.6466	18.9141	0.3625	1020.48	1.07187	25.8344	10.0612	12.6116	22.6727	24.9297	1239.58	26.2303	3.56833	3.35	3.10833				3.30032	0.0	2.61866	2.98021	0.0
2016/12/27 03:05:00		1.32445	40.574	18.9188	0.360938	1020.5	1.07917	25.8438	11.026	13.9775	25.0034	25.7209	1322.29	33.5451	3.09667	3.06267	2.9705				3.63345	0.0	4.28923	4.84799	0.0
2016/12/27 03:10:00		1.54891	9.9557	18.912	0.359896	1020.52	1.15208	25.8814	10.7044	17.1749	27.8792	25.5446	1284.79	34.9738	3.21167	3.16833	3.065				3.63345	0.0	4.28923	4.84799	0.0
2016/12/27 03:15:00		1.4869	14.7685	18.9182	0.363021	1020.51	1.12292	25.9638	10.356	17.6815	28.0375	25.0298	1293.33	37.2882	3.88333	3.81333	3.66667				3.29812	0.0	4.35023	5.0079	0.0
2016/12/27 03:20:00		1.63139	6.0059	18.9156	0.356771	1020.57	1.11563	26.0916	9.5229	17.5343	27.0573	24.5198	1234.58	35.7738	3.2175	3.1975	3.155				2.88828	0.0	4.42479	5.2034	0.0
2016/12/27 03:25:00		1.44669	5.0346	18.9167	0.357292	1020.64	1.05729	26.0859	10.2488	15.8021	26.0509	23.5235	1205.63	25.9446	2.1	1.82217	1.76217				2.88828	0.0	4.42479	5.2034	0.0
2016/12/27 03:30:00		1.80265	13.0049	18.8995	0.357292	1020.67	1.10833	25.9123	9.351	14.6793	24.0302	22.7799	1144.17	22.6301	1.26583	1.24417	1.16833				3.17967	0.0	3.01829	3.7872	0.0
2016/12/27 03:35:00		1.75897	359.014	18.8198	0.358854	1020.72	1.10104	25.8521	9.4068	12.704	22.1108	22.3652	1176.67	27.3161	1.88917	1.30417	1.24333				3.53582	0.0	1.29923	2.05625	0.0
2016/12/27 03:40:00		1.27104	1.00908	18.7318	0.360938	1020.68	1.05729	25.8312	8.3996	16.9934	25.393	21.9743	1187.92	24.373	1.01034	0.99828	0.96034				3.53582	0.0	1.29923	2.05625	0.0
2016/12/27 03:45:00		1.96653	337.568	18.7172	0.368229	1020.65	1.1375	25.8755	9.3331	16.0246	25.3577	21.8075	1172.08	25.8589	1.46917	1.41083	1.36167				3.03746	0.0	1.00659	1.60927	0.0
2016/12/27 03:50:00		1.64745	6.9382	18.6406	0.368229	1020.62	1.15208	26.003	7.935	16.7641	24.6991	21.7265	1142.71	24.9731	1.34833	1.29383	1.24383				2.42835	0.0	0.64891	1.06296	0.0
2016/12/27 03:55:00		1.51071	345.576	18.612	0.363542	1020.58	1.19583	26.0575	8.6832	14.7203	23.4035	21.531	1141.88	24.2873	1.48	1.42667	1.38583				2.42835	0.0	0.64891	1.06296	0.0
2016/12/27 04:00:00		1.37501	327.295	18.5453	0.364062	1020.55	1.15208	26.068	8.3549	15.3126	23.6675	21.4548	1125.42	22.03	1.82833	1.63833	1.51				2.37657	0.0	0.66746	1.10945	0.0
2016/12/27 04:05:00		1.18878	343.613	18.5125	0.364583	1020.59	1.18854	25.9485	6.9032	14.4225	21.3257	21.1688	1084.38	21.8586	1.83333	1.79667	1.77				2.31328	0.0	0.69014	1.16627	0.0
2016/12/27 04:10:00		1.46848	359.034	18.5146	0.363021	1020.62	1.13021	25.8113	7.7296	12.728	20.4575	21.2498	1144.17	25.6874	0.72917	0.6625	0.64417				2.31328	0.0	0.69014	1.16627	0.0
2016/12/27 04:15:00		1.23495	9.8778	18.5156	0.361979	1020.58	1.20313	25.7992	7.4303	15.874	23.3043	21.0019	1182.92	23.2587	1.69	1.65	1.58833				2.39063	0.0	0.64514	1.0944	0.0
2016/12/27 04:20:00		0.93966	358.159	18.5104	0.365104	1020.56	1.15937	25.8771	8.0802	15.5111	23.5913	20.9924	1170.0	23.2015	1.97833	1.745	1.65333				2.48518	0.0	0.59013	1.00656	0.0
2016/12/27 04:25:00		1.1141	6.4858	18.5089	0.357812	1020.54	1.13021	25.9201	6.5705	16.4525	23.023	20.9638	1110.0	24.8588	1.43	1.20833	1.18833				2.48518	0.0	0.59013	1.00656	0.0
2016/12/27 04:30:00		1.86474	11.2086	18.512	0.360417	1020.53	1.10833	25.9681	7.3879	14.3609	21.7487	20.8875	1112.29	23.1444	1.11667	1.08667	1.05167				2.39198	0.0	0.63535	0.98929	0.0
2016/12/27 04:35:00		0.83894	346.083	18.499	0.361458	1020.54	1.09375	26.0693	6.7313	15.1962	21.9274	20.9495	1097.5	21.6872	3.99333	1.58	1.29333				2.27806	0.0	0.69062	0.96818	0.0
2016/12/27 04:40:00		0.80093	351.191	18.4125	0.360417	1020.6	1.11563	26.0371	7.0104	14.7477	21.7582	20.9495	1093.33	21.63	1.27	1.09833	1.08833				2.27806	0.0	0.69062	0.96818	0.0
2016/12/27 04:45:00		0.82272	332.258	18.4125	0.365104	1020.65	1.08646	25.8387	7.0774	14.1897	21.2672	20.8446	1096.88	19.3156	1.27667	1.195	1.145				2.57541	0.0	0.66651	0.97394	0.0
2016/12/27 04:50:00		1.31245	7.2689	18.4104	0.361979	1020.67	1.13021	25.7804	7.3946	13.8748	21.2693	20.5443	1208.33	22.23	0.78333	0.77	0.7175				2.93884	0.0	0.63706	0.98097	0.0
2016/12/27 04:55:00		0.94071	16.729	18.351	0.3625	1020.7	1.16667	25.7684	7.4571	15.6241	23.0812	20.387	1208.13	21.43	1.37167	1.05833	1.035				2.93884	0.0	0.63706	0.98097	0.0
2016/12/27 05:00:00		0.65131	336.549	18.3135	0.359896	1020.7	1.17396	25.8043	8.0199	15.2475	23.2674	20.4013	1198.96	22.5158	1.27167	1.25333	1.20667				3.01652	0.0	0.6618	1.10509	0.0
2016/12/27 05:05:00		0.5022	351.435	18.3099	0.361979	1020.75	1.13021	25.9397	7.2114	15.963	23.1744	20.6254	1182.5	21.9729	0.80833	0.79583	0.76				3.11145	0.0	0.69204	1.25678	0.0
2016/12/27 05:10:00		0.50239	25.1644	18.3094	0.366146	1020.77	1.14479	25.9772	7.743	15.2167	22.9597	20.8589	1210.63	18.7727	1.6675	1.38767	1.076				3.11145	0.0	0.69204	1.25678	0.0
2016/12/27 05:15:00		0.78012	354.57	18.313	0.359896	1020.84	1.13021	26.0277	8.3303	16.5518	24.8821	20.816	1189.79	21.4014	1.09667	1.08833	1.05167				2.83858	0.0	0.73385	1.19792	0.0
2016/12/27 05:20:00		1.17953	4.2499	18.3089	0.363542	1020.9	1.13021	26.0924	8.3839	15.8808	24.2648	20.735	1211.46	21.2586	0.94693	0.79193	0.77083				2.50506	0.0	0.78494	1.12599	0.0
2016/12/27 05:25:00		1.09839	10.8452	18.3151	0.360417	1020.91	1.14479	25.8919	9.4917	13.4332	22.9248	20.8637	1248.33	18.9727	3.33017	2.5255	1.17517				2.50506	0.0	0.78494	1.12599	0.0
2016/12/27 05:30:00		0.434587	16.3471	18.3104	0.360417	1020.94	1.15937	25.7874	8.672	14.3403	23.0124	21.0019	1351.67	19.6013	1.10167	1.01667	0.96833				2.59293	0.0	0.79262	1.15627	0.0
2016/12/27 05:35:00		0.84147	356.536	18.3104	0.363021	1020.95	1.15208	25.7751	9.9473	15.7473	25.6946	21.0019	1364.58	19.6585	1.165	1.12333	1.06333				2.70033	0.0	0.80201	1.19328	0.0
2016/12/27 05:40:00		0.299154	37.7215	18.3115	0.359896	1020.99	1.13021	25.7324	10.6128	16.2745	26.8873	21.1211	1385.83	16.9726	1.34833	1.34833	1.31833				2.70033	0.0	0.80201	1.19328	0.0
2016/12/27 05:45:00		0.57736	341.665	18.313	0.363542	1021.06	1.16667	25.7147	11.6066	15.8637	27.4704	20.9161	1430.0	16.6297	1.41525	1.25254	1.22542				3.11239	0.0	0.88008	1.4912	0.0
2016/12/27 05:50:00		0.94841	348.701	18.2135	0.363542	1021.11	1.1375	25.7399	14.4005	14.0151	28.4157	20.9447	1463.13	14.801	0.95722	0.955	0.94917				3.61602	0.0	0.97549	1.85532	0.0
2016/12/27 05:55:00		0.75356	11.1431	18.2151	0.365625	1021.14	1.15937	25.6862	17.0292	14.5594	31.5886	21.2307	1573.54	12.2865	1.945	1.94	1.87				3.61602	0.0	0.97549	1.85532	0.0
2016/12/27 06:00:00		0.494679	6.4805	18.2193	0.360417	1021.2	1.12292	25.6653	19.229	14.0631	33.292	21.6121	1617.08	11.7722	1.39167	1.29333	1.19667				3.61759	0.0	1.00258	1.99372	0.0
2016/12/27 06:05:00		1.17132	8.5845	18.2161	0.3625	1021.25	1.11563	25.691	21.5249	13.7378	35.2627	21.7455	1704.38	14.8296	0.86	0.85433	0.83638				3.61951	0.0	1.03569	2.16288	0.0
2016/12/27 06:10:00		1.23004	19.8894	18.2141	0.367188	1021.29	1.09375	25.6226	21.88	12.0809	33.9609	21.6121	1701.67	17.144	1.745	1.745	1.745				3.61951	0.0	1.03569	2.16288	0.0
2016/12/27 06:15:00		0.80355	1.36494	18.2089	0.361458	1021.34	1.10833	25.589	21.0871	12.9436	34.0308	21.2212	1686.46	14.2295	1.23	1.2155	1.19167				3.61951	0.0	1.03569	2.16288	0.0
2016/12/27 06:20:00		0.96588	348.281	18.1172	0.365625	1021.41	1.13021	25.6172	23.8274	12.6081	36.4356	21.0591	1775.83	11.6008	1.46167	1.36	1.26333				3.61951	0.0	1.03569	2.16288	0.0
2016/12/27 06:25:00		1.06984	15.408	18.0167	0.357812	1021.46	1.10833	25.5646	26.8782	11.4613	38.3395	20.8732	1876.67	12.7437	1.06083	1.02083	0.99583				3.61951	0.0	1.03569	2.16288	0.0
2016/12/27 06:30:00		1.2815	1.60485	17.938	0.365104	1021.55	1.10833	25.559	27.4901	11.0266	38.5167	20.9733	1920.42	10.8864	1.3005	1.28383	1.2405				4.13262	0.0	1.13423	2.33455	0.0
2016/12/27 06:35:00		1.05846	13.1331	17.9021	0.360417	1021.6	1.12292	25.5657	28.7944	12.057	40.8513	21.5024	2072.71	10.715	2.07583	1.86083	1.695				4.75975	0.0	1.25468	2.54437	0.0
2016/12/27 06:40:00		1.12466	4.08289	17.9047	0.364583	1021.64	1.07187	25.5077	32.0461	10.0098	42.0559	21.9743	2153.75	11.3722	2.4105	2.165	2.05667				4.75975	0.0	1.25468	2.54437	0.0
2016/12/27 06:45:00		0.83443	14.5546	17.9328	0.361458	1021.66	1.10833	25.5007	37.1381	8.0483	45.1864	22.4939	2403.33	11.0007	3.58833	2.775	2.265				4.62952	0.089988	1.44025	3.22401	0.0
2016/12/27 06:50:00		0.96714	352.814	18.0052	0.365104	1021.68	1.10104	25.5233	43.8202	7.4389	51.259	22.9563	2711.67	12.6866	2.1675	1.81917	1.67917				4.47034	0.199974	1.66706	4.05469	0.0
2016/12/27 06:55:00		1.00101	6.6239	18.0042	0.360938	1021.81	1.05	25.4824	48.0636	5.135	53.199	23.514	2859.79	12.9437	4.3305	3.006	2.4905				4.47034	0.199974	1.66706	4.05469	0.0
2016/12/27 07:00:00		0.83569	12.016	18.0464	0.357812	1021.89	1.10833	25.4631	51.782	3.2419	55.024	24.4768	3056.46	12.5723	2.64667	2.01	1.665				5.7445	0.270269	2.09046	5.4204	0.126375
2016/12/27 07:05:00		0.92112	4.25766	18.1156	0.3625	1021.96	1.15208	25.5273	60.905	1.41726	62.322	25.2443	3451.88	13.4866	3.4225	2.615	2.28167				7.3018	0.356186	2.60795	7.0895	0.280833
2016/12/27 07:10:00		0.90279	9.6689	18.1703	0.364062	1022.02	1.12292	25.4859	65.327	0.14378	65.471	25.8687	3684.58	12.2294	3.94583	2.11667	1.9275				7.3018	0.356186	2.60795	7.0895	0.280833
2016/12/27 07:15:00		0.965	3.55278	18.2172	0.365104	1022.08	1.10833	25.447	65.729	0.006847	65.736	26.2214	3890.83	14.1724	3.7025	2.4075	1.98167				7.1606	0.373028	2.64762	7.403	0.301306
2016/12/27 07:20:00		0.56352	3.52061	18.2714	0.366146	1022.11	1.16667	25.4959	68.59	0.0	68.59	27.0413	4206.46	14.3152	2.33667	2.13333	1.99				6.9879	0.393614	2.69611	7.7862	0.326328
2016/12/27 07:25:00		1.00157	353.993	18.3141	0.359375	1022.22	1.1375	25.4537	68.985	0.003423	68.989	26.9174	4433.54	15.201	1.92333	1.71167	1.5525				6.9879	0.393614	2.69611	7.7862	0.326328
2016/12/27 07:30:00		1.18739	354.311	18.4052	0.363542	1022.33	1.10833	25.447	66.85	0.140357	66.991	26.5932	4644.17	14.7153	2.67833	2.40167	2.25				7.7051	0.419711	2.90451	8.539	0.321721
2016/12/27 07:35:00		0.61664	18.6165	18.4464	0.363021	1022.43	1.29062	25.52	63.554	1.20844	64.762	26.4216	4610.83	15.8582	3.71667	2.935	2.75				8.5815	0.451607	3.15921	9.459	0.316091
2016/12/27 07:40:00		1.36106	25.6869	18.512	0.367708	1022.5	2.84375	25.5045	60.863	1.45492	62.318	25.0202	4546.46	16.0011	3.83	2.07833	1.79333				8.5815	0.451607	3.15921	9.459	0.316091
2016/12/27 07:45:00		1.90312	18.8009	18.5688	0.360938	1022.58	5.5344	25.5066	56.637	3.06731	59.705	25.1203	4492.92	19.2013	2.14167	1.58333	1.415				8.4607	0.46771	3.16369	9.4974	0.349572
2016/12/27 07:50:00		1.93296	19.9272	18.6589	0.367188	1022.61	7.5906	25.5719	50.299	6.3332	56.632	24.5722	4281.25	18.5441	3.045	1.605	1.40167				8.313	0.48739	3.16916	9.5443	0.390493
2016/12/27 07:55:00		0.58364	30.5269	18.7219	0.363542	1022.64	10.3104	25.5431	46.8419	6.9665	53.808	24.9058	4151.25	19.2584	1.57	1.01167	0.87				8.313	0.48739	3.16916	9.5443	0.390493
2016/12/27 08:00:00		0.97406	30.0284	18.7823	0.367708	1022.72	11.2948	25.5517	43.0006	8.4351	51.436	24.9535	3918.54	18.6012	1.44083	1.0325	0.95417				7.3574	0.401011	2.75131	8.2158	0.214771
2016/12/27 08:05:00		1.23739	48.7585	18.8229	0.358854	1022.76	12.724	25.6637	41.1603	10.9204	52.081	23.9525	3866.88	17.3154	3.85167	1.50167	1.29167				6.1894	0.295437	2.2406	6.5919	0.0
2016/12/27 08:10:00		0.94128	58.405	18.8813	0.367188	1022.81	15.5094	25.6771	42.0983	10.561	52.659	24.1956	3905.42	12.0579	2.22	1.305	1.1				6.1894	0.295437	2.2406	6.5919	0.0
2016/12/27 08:15:00		1.87837	38.3434	18.9188	0.3625	1022.84	21.751	25.6803	42.2502	9.6059	51.856	23.657	3878.54	16.4011	1.175	0.94667	0.845				6.3636	0.305043	2.17789	6.3808	0.0
2016/12/27 08:20:00		1.22318	53.074	18.9224	0.366667	1022.9	21.2844	25.7504	39.9633	12.1083	52.072	23.5712	3768.75	13.4009	1.79383	1.05717	0.98388				6.5765	0.316783	2.10124	6.1228	0.0
2016/12/27 08:25:00		0.6657	82.607	18.9724	0.364583	1022.94	19.7167	25.7539	39.731	13.5324	53.263	23.2709	3781.25	13.058	0.92917	0.83917	0.7625				6.5765	0.316783	2.10124	6.1228	0.0
2016/12/27 08:30:00		0.88183	42.4693	19.0224	0.3625	1023.04	21.6854	25.7917	38.1811	14.0254	52.206	24.2862	3742.71	13.4009	2.01417	1.70833	1.30167				6.8166	0.402811	2.87893	7.0931	0.119657
2016/12/27 08:35:00		0.72968	91.467	19.0229	0.367708	1023.14	26.3958	25.8782	38.6769	13.4195	52.096	26.9364	3741.25	10.515	4.06333	1.61667	1.33055				7.11	0.50796	3.82945	8.279	0.265905
2016/12/27 08:40:00		1.16562	65.213	19.0344	0.359375	1023.19	30.7344	25.8911	41.4105	11.8892	53.3	26.9984	3780.63	9.6864	2.09167	1.19017	0.981				7.11	0.50796	3.82945	8.279	0.265905
2016/12/27 08:45:00		1.0946	45.1688	19.1229	0.358854	1023.26	33.8552	25.9125	43.4964	11.4819	54.978	26.8459	3868.75	11.4865	4.54667	1.60833	1.465				6.804	0.39944	4.59754	9.0745	0.146248
2016/12/27 08:50:00		0.64264	40.5228	19.1229	0.3625	1023.28	46.4188	25.9719	47.1211	10.9136	58.035	26.9984	3940.42	13.0294	2.715	1.78667	1.25667				6.43	0.26681	5.5363	10.0467	0.0
2016/12/27 08:55:00		0.79155	100.11	19.1271	0.360417	1023.29	52.252	25.9689	46.1049	10.2666	56.372	27.804	3937.08	11.4579	1.805	1.075	0.89667				6.43	0.26681	5.5363	10.0467	0.0
2016/12/27 09:00:00		0.9297	80.072	19.1229	0.360938	1023.33	50.553	26.018	47.5164	10.6226	58.139	28.4046	3803.96	14.9724	3.55	1.67	1.34667				6.5603	0.327352	6.349	10.9509	0.0
2016/12/27 09:05:00		0.90267	79.341	19.124	0.360417	1023.38	53.535	26.1174	45.9866	11.5572	57.544	27.8373	3782.29	11.2865	4.6655	1.60683	1.09383				6.7195	0.401346	7.3423	12.056	0.0
2016/12/27 09:10:00		1.19858	50.823	19.1234	0.363542	1023.43	55.249	26.1166	48.1752	11.1532	59.328	27.0985	3829.17	12.3722	3.36333	1.55833	1.3875				6.7195	0.401346	7.3423	12.056	0.0
2016/12/27 09:15:00		0.57215	61.799	19.1781	0.365104	1023.48	57.145	26.1539	46.7012	11.6633	58.365	27.9756	3738.13	11.5436	4.22	2.265	1.99333				6.9893	0.364089	6.2032	10.5718	0.119103
2016/12/27 09:20:00		0.3856	44.2232	19.2245	0.365104	1023.53	58.785	26.2583	46.0871	12.7793	58.866	27.9613	3717.92	12.1151	0.976	0.70417	0.5735				7.3192	0.318552	4.8111	8.7577	0.264673
2016/12/27 09:25:00		0.71698	342.114	19.2208	0.360938	1023.57	62.322	26.2532	47.2506	11.3552	58.606	28.9623	3706.46	16.8011	2.17333	1.53167	1.43833				7.3192	0.318552	4.8111	8.7577	0.264673
2016/12/27 09:30:00		0.427596	19.7901	19.2219	0.363021	1023.56	63.401	26.2841	45.9129	12.4233	58.336	27.4465	3629.17	13.3723	2.21967	1.88517	1.6475				6.9567	0.312	4.4935	8.6382	0.314809
2016/12/27 09:35:00		0.85973	19.4024	19.2911	0.360938	1023.57	66.814	26.3499	52.05	11.1224	63.172	28.4379	3839.79	14.1438	3.765	2.77	2.37667				6.5137	0.303992	4.10532	8.4923	0.376087
2016/12/27 09:40:00		0.53896	341.879	19.3141	0.360417	1023.59	69.147	26.3582	51.639	10.5233	62.162	30.5448	3882.5	15.7153	2.48467	2.1455	1.896				6.5137	0.303992	4.10532	8.4923	0.376087
2016/12/27 09:45:00		0.94107	352.433	19.3182	0.360417	1023.62	67.936	26.3923	53.631	10.9957	64.627	29.4961	4029.79	16.5725	3.85167	2.84833	2.59167				7.5807	0.347653	5.21	9.936	0.395685
2016/12/27 09:50:00		1.1845	12.6002	19.3255	0.359896	1023.6	67.324	26.4801	54.42	9.6435	64.063	27.8611	4005.0	20.5728	1.76083	1.57	1.52083				8.8849	0.401018	6.5602	11.7006	0.419638
2016/12/27 09:55:00		1.99529	14.5401	19.3208	0.3625	1023.61	67.849	26.4919	51.4	10.0749	61.475	28.1948	3843.75	19.5442	2.47383	2.04933	1.81667				8.8849	0.401018	6.5602	11.7006	0.419638
2016/12/27 10:00:00		1.21696	25.1622	19.3229	0.360417	1023.61	69.366	26.5308	47.4896	11.6256	59.115	27.9327	3639.38	20.6871	2.76917	1.84167	1.63167				8.6495	0.396464	6.8225	12.0738	0.464102
2016/12/27 10:05:00		1.38874	11.9307	19.3693	0.360417	1023.6	70.693	26.5926	46.8442	12.1563	59.0	27.0079	3581.46	18.2584	1.83621	1.72759	1.6431				8.3618	0.3909	7.1432	12.5299	0.51845
2016/12/27 10:10:00		1.40755	5.3706	19.4141	0.360938	1023.57	72.851	26.5899	43.2396	13.262	56.502	26.8077	3490.42	21.7443	4.87833	3.20667	2.90667				8.3618	0.3909	7.1432	12.5299	0.51845
2016/12/27 10:15:00		1.14501	15.8784	19.412	0.360417	1023.49	84.758	26.6044	42.3775	13.7378	56.115	26.4645	3424.79	20.3728	3.36167	1.535	1.40833				7.3058	0.316569	5.8691	10.8047	0.430948
2016/12/27 10:20:00		1.29593	23.0809	19.4193	0.357292	1023.42	93.785	26.6898	40.7941	12.9505	53.745	26.1785	3356.25	19.2298	2.66083	1.43917	1.29917				6.0151	0.225721	4.31198	8.6961	0.324005
2016/12/27 10:25:00		1.02011	354.113	19.4823	0.360938	1023.34	96.921	26.6831	41.0732	14.2308	55.304	26.9984	3324.38	15.8868	2.645	2.24	2.07				6.0151	0.225721	4.31198	8.6961	0.324005
2016/12/27 10:30:00		0.64933	334.234	19.5656	0.359375	1023.25	99.969	26.6946	45.053	12.6389	57.692	27.3368	3520.83	12.8866	2.33917	1.50917	1.28083				5.7498	0.223495	3.68377	7.7363	0.369032
2016/12/27 10:35:00		1.27076	26.6957	19.6245	0.361458	1023.22	93.669	26.7789	51.166	10.1331	61.299	27.1366	3746.04	19.0013	3.165	2.20667	2.01833				5.4467	0.22095	2.96582	6.6393	0.420492
2016/12/27 10:40:00		0.446723	25.9874	19.6286	0.3625	1023.16	88.9	26.7628	51.161	9.9379	61.099	27.1128	3734.58	19.3156	3.685	2.265	1.90333				5.4467	0.22095	2.96582	6.6393	0.420492
2016/12/27 10:45:00		1.20161	29.5209	19.6911	0.367708	1023.14	88.04	26.7617	50.156	10.092	60.248	26.4931	3754.58	18.4869	2.63667	1.72583	1.62833				6.3945	0.309754	3.81113	8.6205	0.441518
2016/12/27 10:50:00		1.06713	29.8116	19.6365	0.363021	1023.08	92.495	26.8323	47.1501	11.7215	58.872	26.2453	3597.71	21.1443	3.68833	1.565	1.45333				7.5528	0.418292	4.84428	11.0419	0.467218
2016/12/27 10:55:00		1.29716	7.6535	19.626	0.3625	1023.03	92.692	26.8345	43.8939	13.3544	57.248	25.5684	3479.17	20.9157	3.37333	1.54833	1.39667				7.5528	0.418292	4.84428	11.0419	0.467218
2016/12/27 11:00:00		1.46592	2.00216	19.6214	0.355729	1022.98	92.145	26.8401	41.0978	13.1764	54.274	24.5388	3420.83	21.43	1.94333	1.2175	1.0475				6.8828	0.352661	4.37929	9.8796	0.458858
2016/12/27 11:05:00		0.96581	43.937	19.6573	0.365104	1022.87	100.246	26.912	39.3982	14.1726	53.571	26.8125	3355.0	17.9155	2.39667	1.72667	1.42				6.0639	0.272445	3.81096	8.4591	0.448641
2016/12/27 11:10:00		0.85072	26.1672	19.7271	0.364583	1022.78	110.607	26.901	37.759	14.5902	52.349	26.4073	3212.92	19.3727	2.57333	1.585	1.34667				6.0639	0.272445	3.81096	8.4591	0.448641
2016/12/27 11:15:00		0.97354	12.7061	19.7255	0.358333	1022.74	116.149	26.9335	35.2733	16.0623	51.336	25.249	3167.08	16.7725	1.00583	0.64833	0.57				5.592	0.244038	3.53866	8.0433	0.364912
2016/12/27 11:20:00		0.478244	12.3167	19.7495	0.361458	1022.61	129.799	27.0135	36.2894	15.4324	51.722	25.9259	3153.13	15.401	2.115	1.60833	1.37167				5.0527	0.211573	3.22746	7.5682	0.269222
2016/12/27 11:25:00		0.62686	3.81587	19.7964	0.358333	1022.47	147.547	27.0133	35.8003	16.076	51.876	24.7867	3112.71	21.9765	1.7425	1.315	0.98917				5.0527	0.211573	3.22746	7.5682	0.269222
2016/12/27 11:30:00		0.65403	343.342	19.7927	0.358854	1022.38	147.86	27.0425	35.7065	15.3879	51.094	24.4053	3072.92	17.1154	1.44333	1.33667	1.26667				5.2105	0.25927	3.2184	7.493	0.143585
2016/12/27 11:35:00		1.22887	22.8111	19.7938	0.361458	1022.32	129.857	27.2168	35.4385	15.9562	51.395	25.1299	3014.17	17.8012	2.14683	1.511	1.3805				5.3909	0.313781	3.20803	7.4071	0.0
2016/12/27 11:40:00		0.73562	34.7877	19.7964	0.361458	1022.26	121.377	27.3282	33.9288	15.8055	49.7343	26.374	2982.5	21.3443	2.41	1.80167	1.715				5.3909	0.313781	3.20803	7.4071	0.0
2016/12/27 11:45:00		0.78403	24.5901	19.7927	0.366667	1022.17	117.009	27.4085	31.5458	17.4282	48.974	26.4979	2927.5	19.7156	0.79967	0.64767	0.57667				5.8381	0.296309	3.47594	7.4113	0.0
2016/12/27 11:50:00		0.9197	32.6322	19.7948	0.363021	1022.04	116.681	27.5193	29.911	18.106	48.0171	26.0784	2998.13	17.8583	7.635	2.67	1.78333				6.3847	0.274954	3.80338	7.4165	0.0
2016/12/27 11:55:00		0.92088	13.0043	19.8406	0.3625	1021.99	112.386	27.5733	29.7346	17.435	47.1696	25.4492	2988.54	20.9014	2.715	2.03167	1.85167				6.3847	0.274954	3.80338	7.4165	0.0
2016/12/27 12:00:00		0.53035	16.9282	19.8937	0.363542	1021.87	115.354	27.6286	29.585	18.4038	47.9888	26.2643	2940.63	18.887	1.5925	1.3225	1.19167				5.9486	0.259772	3.37668	6.9433	0.0
2016/12/27 12:05:00		0.456037	41.629	19.8922	0.365625	1021.7	127.626	27.7258	29.2857	18.0307	47.3164	25.4826	2908.54	20.6585	4.26833	1.995	1.82833				5.4502	0.24242	2.88903	6.4024	0.0
2016/12/27 12:10:00		0.62965	319.112	19.9214	0.3625	1021.51	144.411	27.7475	27.5057	18.9036	46.4094	24.4244	2780.42	20.1728	1.57083	1.22917	0.7925				5.4502	0.24242	2.88903	6.4024	0.0
2016/12/27 12:15:00		0.94313	318.803	20.0042	0.360417	1021.37	161.649	27.7857	26.8045	19.1262	45.9306	24.3005	2665.63	20.4871	1.06316	0.82105	0.75263				5.0857	0.224435	2.97574	6.4931	0.0
2016/12/27 12:20:00		1.24819	2.00962	20.0953	0.367188	1021.24	176.648	27.885	25.69	19.5609	45.251	24.8915	2608.75	22.6551	2.80167	1.875	1.74				4.6691	0.203881	3.07484	6.5967	0.0
2016/12/27 12:25:00		0.137367	72.16	20.0979	0.364062	1021.1	183.079	27.8963	24.4103	19.8314	44.2417	23.8762	2516.88	24.7874	2.64433	1.10083	0.965				4.6691	0.203881	3.07484	6.5967	0.0
2016/12/27 12:30:00		0.272157	359.911	20.0984	0.358854	1020.95	194.418	27.9269	22.4428	20.1258	42.5685	23.5473	2375.83	28.4733	1.495	1.24417	1.1775				4.28308	0.112135	2.57977	5.6942	0.0
2016/12/27 12:35:00		0.89166	348.429	20.2255	0.361979	1020.85	210.795	28.0026	23.8207	19.4479	43.2687	24.3005	2373.13	18.0476	2.42833	1.36267	1.23943				3.81129	0.0	1.97469	4.59114	0.0
2016/12/27 12:40:00		0.70086	22.2712	20.2969	0.363021	1020.7	238.831	28.0163	23.8051	19.7834	43.5885	23.5616	2314.58	26.0553	1.235	1.16333	1.05667				3.81129	0.0	1.97469	4.59114	0.0
2016/12/27 12:45:00		0.62481	353.824	20.3672	0.357292	1020.62	250.133	28.0546	21.8777	21.3547	43.2325	24.2957	2265.63	24.6981	0.9525	0.92583	0.90083				3.97402	0.0	1.76587	4.25477	0.0
2016/12/27 12:50:00		0.82502	22.0767	20.4536	0.359896	1020.54	230.176	28.1357	21.3909	20.7728	42.1637	25.1632	2200.63	25.4124	1.701	1.37433	1.22388				4.15999	0.0	1.52723	3.87034	0.0
2016/12/27 12:55:00		1.08424	33.456	20.5255	0.358333	1020.45	207.885	28.1733	21.6187	21.6731	43.2918	24.4768	2155.0	24.7016	1.456	1.08883	0.89305				4.15999	0.0	1.52723	3.87034	0.0
2016/12/27 13:00:00		0.96968	37.7473	20.6005	0.361458	1020.35	208.024	28.2174	19.4501	21.9744	41.4245	24.1384	2091.88	28.5019	4.06333	2.065	1.55583				4.27878	0.0	1.61903	3.93867	0.0
2016/12/27 13:05:00		1.11208	358.789	20.5995	0.361979	1020.25	217.036	28.3081	19.6801	22.3989	42.079	24.4292	2069.79	25.1338	2.64	1.405	1.27167				4.41454	0.0	1.72394	4.01677	0.0
2016/12/27 13:10:00		1.83935	357.519	20.6125	0.357292	1020.09	218.575	28.325	19.4814	21.543	41.0244	23.1803	1994.38	29.9734	1.24467	0.451667	0.43				4.41454	0.0	1.72394	4.01677	0.0
2016/12/27 13:15:00		1.52251	7.8648	20.6969	0.360938	1019.98	202.978	28.3583	18.0141	23.0801	41.0942	24.0812	1980.42	30.752	2.74833	2.19167	1.64833				4.46005	0.0	1.71199	4.07841	0.0
2016/12/27 13:20:00		1.60408	348.827	20.699	0.359896	1019.88	195.118	28.4308	18.722	21.7998	40.5218	24.0288	1957.71	27.6911	1.525	1.07333	0.98167				4.51567	0.0	1.69739	4.15373	0.0
2016/12/27 13:25:00		1.5017	17.2754	20.7224	0.355208	1019.8	183.539	28.4549	17.4066	22.3818	39.7884	23.085	1904.79	28.4019	1.52167	1.18667	1.05167				4.51567	0.0	1.69739	4.15373	0.0
2016/12/27 13:30:00		1.29388	5.772	20.7938	0.358333	1019.7	173.512	28.4756	16.2989	24.535	40.8339	23.0945	1890.42	29.7341	2.52333	1.71167	1.485				4.51567	0.0	1.69739	4.15373	0.0
2016/12/27 13:35:00		1.11067	346.255	20.7979	0.354167	1019.65	169.181	28.5331	16.1872	24.1276	40.3149	23.9287	1923.75	25.816	1.94	1.00083	0.96167				4.51567	0.0	1.69739	4.15373	0.0
2016/12/27 13:40:00		1.47921	349.27	20.8906	0.358854	1019.61	173.126	28.5301	15.7472	24.446	40.1933	23.3471	1999.79	29.1305	1.66333	1.285	1.21833				4.51567	0.0	1.69739	4.15373	0.0
2016/12/27 13:45:00		1.20365	355.251	20.8984	0.361979	1019.55	186.543	28.5473	15.7383	24.2475	39.9858	23.4282	2016.04	29.3627	3.16417	1.255	1.1175				4.52055	0.0	1.63745	3.94873	0.0
2016/12/27 13:50:00		1.36775	355.293	20.9323	0.360417	1019.43	209.869	28.6177	14.4586	25.1444	39.603	23.3281	1995.0	28.8269	1.43	1.16917	1.11417				4.52612	0.0	1.56894	3.71443	0.0
2016/12/27 13:55:00		1.75253	12.3332	20.9984	0.359896	1019.42	208.097	28.623	13.8824	25.9762	39.8587	23.0754	1985.21	33.5129	1.45583	0.98833	0.93417				4.52612	0.0	1.56894	3.71443	0.0
2016/12/27 14:00:00		1.43702	4.00872	21.0005	0.361979	1019.4	206.041	28.6292	14.3536	25.8804	40.234	23.0897	1997.71	31.2521	1.545	1.125	1.07167				4.51671	0.080845	1.72166	4.13241	0.0
2016/12/27 14:05:00		1.37476	12.3891	20.9984	0.359375	1019.34	199.974	28.7183	14.4899	24.7336	39.2234	22.7418	1950.83	35.4274	1.57167	1.05083	0.835				4.5052	0.179656	1.90832	4.64327	0.0
2016/12/27 14:10:00		0.93951	2.23168	21.0052	0.3625	1019.29	197.539	28.7382	13.6524	25.2197	38.8721	23.3281	1985.21	30.127	1.935	1.02333	0.90667				4.5052	0.179656	1.90832	4.64327	0.0
2016/12/27 14:15:00		1.1806	0.74516	21.1005	0.357812	1019.24	187.286	28.7599	15.4011	24.8431	40.2442	23.9144	2115.83	31.7878	8.6717	2.03	1.575				4.30993	0.185587	2.0917	4.66163	0.0
2016/12/27 14:20:00		0.55982	14.1102	21.1578	0.359896	1019.19	181.679	28.841	14.8383	25.3224	40.1607	24.7628	2173.96	32.7986	1.23917	0.97417	0.84583				4.08676	0.192365	2.30127	4.6826	0.0
2016/12/27 14:25:00		0.5529	50.77	21.2484	0.358854	1019.1	201.214	28.8617	14.8316	27.3935	42.2251	24.9058	2282.5	29.1912	8.2025	5.5958	1.52333				4.08676	0.192365	2.30127	4.6826	0.0
2016/12/27 14:30:00		1.10843	2.71482	21.2974	0.363542	1019.01	225.451	28.8813	13.5653	28.2048	41.7701	23.9668	2291.67	35.8417	2.15667	1.765	1.23167				4.56379	0.226569	2.42349	5.0364	0.0
2016/12/27 14:35:00		0.95954	333.468	21.2979	0.360938	1018.94	227.835	28.9551	13.9807	27.2395	41.2201	23.5426	2329.79	30.7056	0.83167	0.71667	0.675				5.1468	0.268373	2.57287	5.4688	0.0
2016/12/27 14:40:00		0.72458	21.0996	21.3625	0.359896	1018.88	223.949	28.9801	14.3693	28.4342	42.8035	23.8953	2397.29	26.4268	2.4225	1.2925	1.01083				5.1468	0.268373	2.57287	5.4688	0.0
2016/12/27 14:45:00		1.14982	338.437	21.4349	0.360417	1018.82	206.529	29.0171	16.6517	28.3041	44.9559	24.5531	2461.04	23.5123	2.86333	1.29333	0.98833				5.0443	0.291656	2.56093	5.6966	0.0
2016/12/27 14:50:00		1.11905	7.7052	21.4995	0.358333	1018.78	212.311	29.095	18.6729	27.8557	46.5285	23.7237	2556.46	28.2626	1.19917	1.05667	0.91917				4.92713	0.318264	2.54728	5.9569	0.0
2016/12/27 14:55:00		1.02701	18.6497	21.4974	0.356771	1018.75	362.629	29.1328	19.5841	26.4932	46.0773	23.6522	2554.38	31.5842	1.79083	1.39722	1.19777				4.92713	0.318264	2.54728	5.9569	0.0
2016/12/27 15:00:00		0.83155	327.507	21.6016	0.360938	1018.68	206.515	29.1645	19.4747	26.8424	46.317	24.1003	2578.75	27.5733	1.725	0.83917	0.69333				5.4072	0.323964	3.14164	6.8946	0.12964
2016/12/27 15:05:00		1.10457	321.535	21.7057	0.363021	1018.66	175.306	29.2434	19.4345	28.5609	47.9953	24.963	2687.08	25.9196	3.385	1.08167	0.84167				5.9558	0.330479	3.82091	7.9663	0.2778
2016/12/27 15:10:00		1.28315	21.7689	21.7104	0.365625	1018.63	182.036	29.2692	18.7578	28.5301	47.2878	24.3481	2623.13	30.8306	1.83	1.331	1.18				5.9558	0.330479	3.82091	7.9663	0.2778
2016/12/27 15:15:00		0.87213	351.318	21.6302	0.363542	1018.58	230.052	29.11	17.6232	29.2216	46.8448	23.9763	2524.38	34.0308	1.2075	1.14667	1.0625				5.9883	0.311765	4.14011	8.2051	0.14816
2016/12/27 15:20:00		0.8873	333.953	21.6073	0.359896	1018.58	213.216	28.8955	17.6165	28.9682	46.5848	24.4101	2578.75	29.1948	1.09167	0.9375	0.8025				6.0255	0.290378	4.5049	8.4781	0.0
2016/12/27 15:25:00		0.69208	3.37978	21.7031	0.361979	1018.53	170.363	28.8654	17.525	28.133	45.6579	25.6304	2626.67	26.2339	2.33833	1.09667	1.02				6.0255	0.290378	4.5049	8.4781	0.0
2016/12/27 15:30:00		1.31437	332.456	21.7682	0.358854	1018.52	140.124	28.9003	18.2798	29.1428	47.4227	25.1918	2743.75	31.7771	3.51417	1.15583	1.045				5.5276	0.246347	3.81011	7.171	0.0
2016/12/27 15:35:00		0.75611	301.964	21.7094	0.367708	1018.55	117.68	29.0137	17.5049	29.314	46.8189	25.7066	2721.88	28.534	2.43717	1.42167	1.2661				4.95851	0.196026	3.01606	5.6773	0.0
2016/12/27 15:40:00		0.459416	342.776	21.7104	0.361979	1018.62	102.382	29.0512	17.9002	30.6833	48.5835	24.2242	2736.67	30.6127	1.31467	0.8725	0.72583				4.95851	0.196026	3.01606	5.6773	0.0
2016/12/27 15:45:00		0.7051	25.7349	21.7062	0.365104	1018.7	86.071	29.0966	16.8572	29.16	46.0171	24.2671	2760.21	29.752	3.60167	2.02	1.51833				5.3279	0.247965	3.28172	6.5177	0.0
2016/12/27 15:50:00		0.88274	35.926	21.6542	0.361458	1018.81	75.053	29.1707	16.8282	29.6461	46.4742	23.5902	2750.42	33.0522	1.1655	0.97183	0.84833				5.7501	0.307323	3.58534	7.4781	0.0
2016/12/27 15:55:00		0.54587	34.0772	21.6031	0.357292	1018.82	65.18	29.1962	16.855	29.5126	46.3675	23.7666	2698.33	27.9376	2.49	1.62083	1.455				5.7501	0.307323	3.58534	7.4781	0.0
2016/12/27 16:00:00		0.69761	37.9981	21.5036	0.352604	1018.8	60.397	29.2281	16.9354	29.9781	46.9135	23.2327	2629.58	34.9845	2.5825	1.9	1.53417				5.6085	0.163906	3.75102	8.0576	0.134019
2016/12/27 16:05:00		0.91362	332.022	21.4995	0.357812	1018.79	56.627	29.2821	16.0912	30.4642	46.5554	23.104	2597.29	30.2842	2.79833	1.99583	1.7925				5.4467	0.0	3.94036	8.7198	0.287184
2016/12/27 16:10:00		1.26155	26.4815	21.4943	0.356771	1018.81	54.549	29.2861	17.2212	29.9199	47.1412	23.5378	2715.42	32.9058	4.2025	3.01917	2.70333				5.4467	0.0	3.94036	8.7198	0.287184
2016/12/27 16:15:00		1.13716	42.5297	21.3974	0.361979	1018.84	54.002	29.2899	17.9247	29.7933	47.718	25.1775	2731.67	31.6985	5.8443	2.52517	2.27417				5.7746	0.126894	4.21701	8.7709	0.157951
2016/12/27 16:20:00		0.89154	358.888	21.4	0.355729	1018.84	52.011	29.331	18.3625	29.4886	47.8511	25.9116	2834.79	29.7055	10.9683	5.5917	3.79667				6.1755	0.281987	4.55514	8.8335	0.0
2016/12/27 16:25:00		0.74748	26.2317	21.4052	0.355208	1018.82	50.057	29.3009	19.0235	29.9302	48.9537	26.3216	2910.21	29.7091	2.04333	1.68667	1.53167				6.1755	0.281987	4.55514	8.8335	0.0
2016/12/27 16:30:00		0.57137	6.8268	21.4016	0.355729	1018.82	45.8792	29.2805	18.4965	32.2547	50.751	25.5875	3080.42	27.5375	6.6817	3.03417	2.69				6.5481	0.311872	4.00236	8.6875	0.0
2016/12/27 16:35:00		1.23473	3.59893	21.3958	0.357292	1018.81	40.7823	29.3334	19.9303	31.9911	51.921	25.1442	3297.92	29.4055	4.13167	3.20833	2.81333				6.974	0.346027	3.37062	8.5207	0.0
2016/12/27 16:40:00		1.11783	354.93	21.2995	0.354688	1018.8	31.2083	29.2985	21.4311	31.1249	52.556	24.5388	3443.13	30.8628	5.3867	4.27	3.795				6.974	0.346027	3.37062	8.5207	0.0
2016/12/27 16:45:00		1.24747	18.877	21.2948	0.359896	1018.86	26.775	29.2663	21.5494	32.5011	54.051	25.2014	3611.04	22.7944	4.20833	2.63167	2.37833				6.8943	0.383589	3.45887	8.9984	0.143573
2016/12/27 16:50:00		1.14327	3.6735	21.2365	0.353646	1018.91	21.0365	29.2912	24.2853	30.8613	55.147	24.7152	3752.71	31.5414	6.5417	5.1517	4.54333				6.8031	0.426518	3.55974	9.5443	0.307656
2016/12/27 16:55:00		1.22238	3.08895	21.201	0.357292	1018.95	14.576	29.244	25.9223	31.7925	57.715	25.1156	3875.21	26.2089	6.655	4.42333	3.74				6.8031	0.426518	3.55974	9.5443	0.307656
2016/12/27 17:00:00		1.74945	7.042	21.1833	0.355208	1018.99	7.5323	29.2193	29.0199	29.1702	58.19	24.9583	3943.13	28.7876	5.5425	3.56167	3.02				6.891	0.42076	3.8692	9.9756	0.377584
2016/12/27 17:05:00		0.96513	19.2666	21.0974	0.353125	1019.02	1.43646	29.2612	29.7391	29.314	59.053	23.9811	3907.08	28.5626	5.46	4.33	3.87333				6.9914	0.414179	4.22287	10.4684	0.457503
2016/12/27 17:10:00		1.32486	3.71574	21.0797	0.35625	1019.04	0.99896	29.2257	30.4225	28.2254	58.648	23.9287	3833.96	30.5913	4.86917	3.46417	2.96333				6.9914	0.414179	4.22287	10.4684	0.457503
2016/12/27 17:15:00		1.27195	15.5176	20.9943	0.354167	1019.01	1.03542	29.2048	29.7257	28.3931	58.119	24.086	3847.92	27.9733	5.59	4.45667	4.05167				7.4422	0.399073	4.58586	10.7825	0.60094
2016/12/27 17:20:00		0.95293	8.369	20.9937	0.361458	1019.08	1.06458	29.2526	29.71	29.1908	58.901	24.7151	3889.79	29.2412	5.145	3.79417	3.46917				7.9573	0.38181	5.0007	11.1414	0.76487
2016/12/27 17:25:00		0.94731	6.6772	20.8995	0.358333	1019.12	1.07187	29.2034	31.1684	28.8073	59.976	24.4578	4101.25	27.8197	9.2408	5.5467	4.45583				7.9573	0.38181	5.0007	11.1414	0.76487
2016/12/27 17:30:00		0.78097	354.7	20.8995	0.359896	1019.23	1.05	29.0469	31.4386	30.0329	61.472	24.2147	4279.38	22.5122	6.3025	2.2325	1.99333				7.2481	0.340036	5.8006	11.0006	0.74163
2016/12/27 17:35:00		0.80614	328.801	20.899	0.360938	1019.34	1.03542	28.4732	36.7115	28.2973	65.009	25.4206	4752.08	21.9265	6.92	4.2175	3.82417				6.3812	0.288979	6.7782	10.8286	0.71322
2016/12/27 17:40:00		0.6812	348.977	20.8224	0.360417	1019.41	1.07917	28.1186	43.6751	25.4251	69.1	25.6828	5228.5	24.1302	4.07833	2.71167	2.46833				6.3812	0.288979	6.7782	10.8286	0.71322
2016/12/27 17:45:00		0.88341	333.621	20.7849	0.359375	1019.45	1.07917	28.1148	44.7672	25.4764	70.244	26.3406	5412.9	24.148	1.19	1.04417	0.91167				7.5057	0.400573	7.5944	12.9694	0.94521
2016/12/27 17:50:00		1.12934	332.717	20.701	0.361458	1019.48	1.07917	28.1392	47.7241	23.6586	71.383	27.3035	5613.3	24.5302	4.71667	3.16833	2.935				8.7907	0.52811	8.5273	15.416	1.21034
2016/12/27 17:55:00		0.74434	329.102	20.7036	0.365104	1019.5	1.10833	28.1035	49.4706	22.7925	72.263	26.9126	5869.4	24.3016	3.16083	2.36083	1.97083				8.7907	0.52811	8.5273	15.416	1.21034
2016/12/27 18:00:00		1.02048	337.855	20.6729	0.358854	1019.5	1.08646	28.0869	54.632	19.9341	74.566	25.7829	6018.3	30.4306	3.31717	2.15917	2.03517				9.3993	0.54596	7.9897	15.4646	0.93058
2016/12/27 18:05:00		1.21757	321.736	20.5984	0.359896	1019.51	1.07917	28.1234	58.163	19.4	77.563	27.7182	6197.7	31.2771	5.2867	4.06833	3.84333				10.0949	0.56636	7.3754	15.5202	0.61086
2016/12/27 18:10:00		0.98458	320.386	20.6026	0.361458	1019.53	1.05729	28.0979	58.605	18.9139	77.519	28.743	6282.1	32.8022	2.45217	2.2035	2.00667				10.0949	0.56636	7.3754	15.5202	0.61086
2016/12/27 18:15:00		0.66856	330.039	20.6021	0.356771	1019.57	1.05729	28.0772	59.44	19.2494	78.69	28.2234	6411.5	27.6768	3.80833	2.925	2.63				9.9175	0.493269	7.0016	15.5247	0.6761
2016/12/27 18:20:00		0.86439	320.889	20.601	0.360938	1019.57	1.09375	28.1403	65.734	16.788	82.522	26.741	6537.5	26.1696	2.6175	1.99217	1.83183				9.7148	0.409737	6.5744	15.5297	0.75066
2016/12/27 18:25:00		0.81317	323.332	20.5589	0.360938	1019.61	1.06458	28.1159	67.192	15.7576	82.95	25.7305	6536.0	25.3874	2.905	1.94383	1.78083				9.7148	0.409737	6.5744	15.5297	0.75066
2016/12/27 18:30:00		1.08183	327.063	20.4979	0.363542	1019.66	1.11563	28.107	66.265	15.6172	81.882	25.2633	6316.5	33.6701	3.24	2.9375	2.85083				9.5976	0.434075	6.9239	15.2643	0.76879
2016/12/27 18:35:00		0.8238	325.876	20.4969	0.360938	1019.74	1.06458	28.1553	59.351	17.0995	76.45	25.6018	5985.8	34.6309	4.53833	3.56333	3.34333				9.4637	0.46189	7.3233	14.961	0.78952
2016/12/27 18:40:00		0.75295	317.234	20.4943	0.3625	1019.84	1.1375	28.122	52.754	19.4959	72.249	24.3481	5700.4	32.4307	2.41017	1.69333	1.6125				9.4637	0.46189	7.3233	14.961	0.78952
2016/12/27 18:45:00		1.21445	328.333	20.4943	0.359896	1019.92	1.05	28.1258	51.713	20.7077	72.421	24.248	5456.0	29.1234	2.425	1.6975	1.5725				8.4076	0.399567	6.9251	13.309	0.82689
2016/12/27 18:50:00		1.42147	316.742	20.4875	0.361979	1019.97	1.00625	28.1733	49.1601	21.0158	70.176	24.1908	5241.9	27.0161	4.49767	2.93717	2.751				7.2007	0.328341	6.4701	11.421	0.86961
2016/12/27 18:55:00		1.22598	321.843	20.3948	0.363542	1020.05	1.05	28.1309	45.5131	22.2893	67.802	24.1146	4971.46	29.6841	2.93183	1.9635	1.8235				7.2007	0.328341	6.4701	11.421	0.86961
2016/12/27 19:00:00		0.93444	326.027	20.3885	0.358854	1020.08	1.03542	28.1121	42.3909	22.1284	64.519	24.024	4704.79	28.1126	2.71667	2.35167	2.21333				6.4847	0.300759	6.6294	11.2485	0.73802
2016/12/27 19:05:00		1.05352	318.662	20.3953	0.360417	1020.17	1.06458	28.1591	40.1174	23.1383	63.256	24.1146	4634.38	22.3872	2.38667	1.89517	1.74083				5.6664	0.269237	6.8114	11.0513	0.58764
2016/12/27 19:10:00		1.06374	322.28	20.3943	0.361979	1020.22	1.07187	28.1398	40.3228	23.734	64.057	23.962	4506.67	23.1873	1.58	1.47917	1.40833				5.6664	0.269237	6.8114	11.0513	0.58764
2016/12/27 19:15:00		0.70327	315.586	20.3469	0.360938	1020.3	1.10104	28.1172	46.8419	21.478	68.32	24.1622	4588.13	22.6158	3.74333	3.685	3.56				5.9333	0.262654	6.7008	10.87	0.493999
2016/12/27 19:20:00		0.91011	325.643	20.2917	0.364583	1020.36	1.1375	28.1564	46.2032	21.2384	67.442	23.0373	4545.0	25.3303	3.0805	2.63017	2.47883				6.2382	0.25513	6.5744	10.6627	0.386986
2016/12/27 19:25:00		0.88997	306.281	20.2917	0.364062	1020.45	1.18125	28.1051	47.4382	21.4575	68.896	23.4854	4588.33	20.7871	3.66583	2.6925	2.4				6.2382	0.25513	6.5744	10.6627	0.386986
2016/12/27 19:30:00		1.09338	330.488	20.2557	0.359375	1020.48	1.15937	28.0793	49.6805	19.2494	68.93	23.1279	4452.71	24.0445	1.84083	1.725	1.56417				6.3391	0.24154	6.0324	10.1917	0.401472
2016/12/27 19:35:00		0.92419	309.576	20.1964	0.363542	1020.52	1.19583	28.0992	45.8593	20.5708	66.43	22.6417	4302.92	24.9588	3.80333	3.34667	2.986				6.4544	0.226009	5.4131	9.6533	0.418027
2016/12/27 19:40:00		1.13393	330.619	20.1073	0.363542	1020.59	1.1375	28.0452	44.1307	20.8652	64.996	22.8705	4106.67	25.5017	1.73833	1.54167	1.41333				6.4544	0.226009	5.4131	9.6533	0.418027
2016/12/27 19:45:00		1.14125	318.976	20.0307	0.357292	1020.59	1.15208	28.0109	40.0526	21.8956	61.948	22.961	3924.58	25.4731	3.1925	2.8725	2.685				6.251	0.213111	4.72891	8.7157	0.53234
2016/12/27 19:50:00		1.31666	321.269	19.9901	0.361979	1020.6	1.20313	28.0517	38.2123	22.0531	60.265	23.2947	3792.29	20.8728	2.48667	2.21167	1.88333				6.0186	0.19837	3.947	7.644	0.66299
2016/12/27 19:55:00		1.62171	322.576	19.8969	0.357812	1020.6	1.13021	27.9961	36.7205	22.2072	58.928	23.2661	3692.5	21.2086	2.98667	2.42667	2.27833				6.0186	0.19837	3.947	7.644	0.66299
2016/12/27 20:00:00		1.36745	329.061	19.8677	0.360938	1020.65	1.15937	27.962	35.5904	23.4533	59.044	23.4186	3640.83	20.3049	2.3425	2.27417	2.1075				5.3351	0.105797	4.20757	7.1508	0.6537
2016/12/27 20:05:00		1.26653	332.522	19.7911	0.359896	1020.67	1.11563	27.9808	36.7852	21.2829	58.068	23.6903	3609.17	17.1083	2.16833	1.97417	1.885				4.55402	0.0	4.50537	6.5872	0.64308
2016/12/27 20:10:00		0.77864	332.98	19.763	0.3625	1020.77	1.10833	27.9135	39.4451	21.4301	60.875	24.1432	3578.75	16.4297	1.9875	1.43583	1.3675				4.55402	0.0	4.50537	6.5872	0.64308
2016/12/27 20:15:00		0.97362	338.433	19.7245	0.364062	1020.82	1.05	27.8933	39.5054	20.6222	60.128	24.5722	3556.25	17.5655	2.12083	1.85583	1.66583				4.94457	0.0	5.1303	7.0118	0.51271
2016/12/27 20:20:00		1.34724	320.794	19.7281	0.363542	1020.8	1.04271	27.9215	39.4295	20.8207	60.25	24.9058	3554.79	18.8477	2.67	2.62167	2.505				5.3909	0.0	5.8444	7.4971	0.363718
2016/12/27 20:25:00		0.70063	344.542	19.6276	0.359896	1020.8	1.08646	27.8737	40.3586	19.6294	59.988	25.3062	3569.38	17.6012	2.79583	2.19833	2.06583				5.3909	0.0	5.8444	7.4971	0.363718
2016/12/27 20:30:00		1.13014	329.006	19.5714	0.359375	1020.82	1.05	27.8616	41.4931	19.4069	60.9	26.6171	3535.83	15.276	2.13833	1.61833	1.515				5.6578	0.0	5.2102	7.13	0.350781
2016/12/27 20:35:00		1.00349	333.638	19.5203	0.355208	1020.82	1.07917	27.9059	42.6053	19.2528	61.858	27.0032	3554.38	18.5798	1.46	1.27083	1.23083				5.9628	0.0	4.48546	6.7104	0.335995
2016/12/27 20:40:00		0.84617	329.91	19.4172	0.361458	1020.84	1.12292	27.8305	41.1983	19.1467	60.345	27.5895	3467.29	19.6906	1.88667	1.86167	1.815				5.9628	0.0	4.48546	6.7104	0.335995
2016/12/27 20:45:00		1.09116	331.803	19.3432	0.364062	1020.86	1.18125	27.816	39.0878	20.1292	59.217	28.2616	3378.75	18.7798	2.12833	1.66583	1.61417				5.9628	0.0	4.48546	6.7104	0.335995
2016/12/27 20:50:00		0.95424	331.382	19.3115	0.360417	1020.95	1.15937	27.8463	39.5032	19.2665	58.77	29.2197	3351.67	20.5692	2.40083	2.295	2.09417				5.9628	0.0	4.48546	6.7104	0.335995
2016/12/27 20:55:00		1.13882	337.311	19.2229	0.365104	1021.05	1.14479	27.776	39.4362	18.6366	58.073	30.4447	3335.21	20.2763	2.20333	2.11	2.03417				5.9628	0.0	4.48546	6.7104	0.335995
2016/12/27 21:00:00		1.07216	327.36	19.2203	0.36875	1021.15	1.10833	27.7338	40.3251	18.6332	58.958	31.1787	3376.67	24.3337	3.235	2.79333	2.72667				5.4844	0.0	4.06164	6.4384	0.338959
2016/12/27 21:05:00		1.0959	332.208	19.1547	0.361979	1021.2	1.1375	27.7628	38.8153	18.3114	57.127	31.746	3322.5	27.3304	1.955	1.8675	1.815				4.93759	0.0	3.57727	6.1275	0.342345
2016/12/27 21:10:00		0.70034	346.267	19.1229	0.366667	1021.28	1.13021	27.744	38.8377	18.0923	56.93	32.1941	3347.5	25.4481	4.30667	4.05	3.975				4.93759	0.0	3.57727	6.1275	0.342345
2016/12/27 21:15:00		1.43552	330.339	19.074	0.360938	1021.34	1.11563	27.7075	39.0543	18.688	57.742	31.5744	3369.38	26.7303	4.06667	3.2905	3.18667				5.1085	0.0	3.28795	5.9042	0.392967
2016/12/27 21:20:00		0.98348	341.516	19.0203	0.3625	1021.39	1.11563	27.7303	37.6138	18.5784	56.192	31.3694	3281.46	28.2447	2.59833	2.575	2.48833				5.3037	0.0	2.95729	5.6489	0.450821
2016/12/27 21:25:00		0.98747	352.959	19.0187	0.361979	1021.48	1.09375	27.6514	35.6016	19.489	55.091	31.6316	3224.38	28.0733	5.225	4.0675	3.9325				5.3037	0.0	2.95729	5.6489	0.450821
2016/12/27 21:30:00		1.14874	323.587	18.9156	0.360417	1021.49	1.10833	27.6144	34.61	19.2083	53.818	31.7603	3163.13	27.559	3.20267	2.896	2.82267				5.5202	0.0	2.59253	5.2773	0.391463
2016/12/27 21:35:00		0.91497	332.586	18.9057	0.359375	1021.54	1.14479	27.66	35.3269	17.7089	53.036	31.7841	3120.83	24.8302	1.72083	1.72083	1.7025				5.7675	0.0	2.17566	4.85274	0.323626
2016/12/27 21:40:00		0.51772	318.911	18.812	0.3625	1021.59	1.09375	27.5899	32.6156	19.5096	52.125	31.336	3051.67	27.2732	2.28333	2.24667	2.1905				5.7675	0.0	2.17566	4.85274	0.323626
2016/12/27 21:45:00		0.76631	346.037	18.7167	0.363021	1021.62	1.10104	27.5328	30.1098	19.5267	49.6365	31.7365	2970.0	24.6552	3.62417	2.75167	2.29667				5.2614	0.0	2.01861	4.48783	0.298326
2016/12/27 21:50:00		1.14661	2.16239	18.6203	0.365625	1021.69	1.11563	27.5566	29.6073	19.3144	48.9217	31.2502	2868.33	22.8872	4.21333	3.25833	3.125				4.68304	0.0	1.83912	4.0708	0.269412
2016/12/27 21:55:00		0.320309	11.7708	18.513	0.361979	1021.74	1.10833	27.5048	27.4566	18.8591	46.3157	31.0644	2795.42	22.2729	2.09267	2.03583	1.915				4.68304	0.0	1.83912	4.0708	0.269412
2016/12/27 22:00:00		0.70238	22.0277	18.4234	0.364062	1021.76	1.10833	27.4664	27.0546	19.7321	46.7867	30.5019	2711.88	19.287	1.79633	1.71517	1.66017				4.27623	0.0	1.68539	3.71364	0.143686
2016/12/27 22:05:00		0.88776	345.884	18.35	0.356771	1021.81	1.11563	27.4662	27.7335	19.5849	47.3184	30.1587	2729.58	20.1728	2.25667	2.08333	1.945				3.81129	0.0	1.50969	3.30545	0.0
2016/12/27 22:10:00		1.08906	3.71678	18.2969	0.363542	1021.88	1.10833	27.412	27.1194	18.8009	45.9203	30.3637	2738.13	18.3441	3.0325	2.81167	2.7025				3.81129	0.0	1.50969	3.30545	0.0
2016/12/27 22:15:00		0.354203	351.047	18.2188	0.36875	1021.91	1.15208	27.3569	29.2924	17.2468	46.5392	30.8451	2757.08	17.8012	3.80183	2.22917	2.066				3.88452	0.0	1.52473	3.30257	0.0
2016/12/27 22:20:00		0.72282	12.2074	18.1771	0.357812	1021.94	1.11563	27.351	29.5358	17.1235	46.6593	31.4743	2717.5	18.2298	4.39333	3.90333	3.65667				3.9682	0.0	1.54192	3.29929	0.0
2016/12/27 22:25:00		0.96614	342.049	18.1172	0.367188	1021.97	1.13021	27.2503	27.7067	18.1265	45.8333	32.1607	2670.0	16.0296	1.87583	1.85583	1.81517				3.9682	0.0	1.54192	3.29929	0.0
2016/12/27 22:30:00		1.11911	12.3906	18.0568	0.363021	1021.99	1.09375	27.1912	29.5872	17.3118	46.899	32.7136	2676.46	17.0297	2.465	2.4	2.36				3.98774	0.0	1.54745	3.40323	0.0
2016/12/27 22:35:00		0.82724	355.158	18.0068	0.363542	1021.98	1.08646	27.1811	28.2517	17.661	45.9126	33.4525	2719.79	17.9155	1.975	1.8825	1.78133				4.01005	0.0	1.55377	3.52202	0.0
2016/12/27 22:40:00		0.63824	72.736	17.9839	0.359896	1021.99	1.09375	27.0992	28.2115	17.637	45.8485	35.4592	2670.0	17.744	3.00517	2.7025	2.51717				4.01005	0.0	1.55377	3.52202	0.0
2016/12/27 22:45:00		0.74704	10.6003	17.9068	0.358854	1021.98	1.14479	27.0321	25.6699	18.6195	44.2894	35.955	2611.46	19.2298	3.29333	3.1675	2.91917				4.06212	0.0	1.60155	3.4716	0.0
2016/12/27 22:50:00		0.67327	12.8773	17.8219	0.366146	1022.04	1.1375	27.0433	25.556	18.1608	43.7168	35.5593	2603.33	17.8298	4.735	3.826	3.57383				4.12163	0.0	1.65616	3.41397	0.0
2016/12/27 22:55:00		0.470015	6.8299	17.8099	0.3625	1022.07	1.09375	26.9402	25.3372	17.7329	43.07	35.6022	2612.5	18.9155	1.558	1.5	1.45467				4.12163	0.0	1.65616	3.41397	0.0
2016/12/27 23:00:00		0.8557	352.66	17.7505	0.360938	1022.04	1.05729	26.8967	23.9704	17.9691	41.9394	36.7224	2606.04	19.087	4.165	3.89167	3.71333				3.94589	0.0	1.70482	3.36577	0.0
2016/12/27 23:05:00		0.74755	3.97421	17.7161	0.361458	1022.0	1.14479	26.9067	23.1038	18.6709	41.7747	38.896	2641.88	19.3156	2.29035	2.13684	2.02105				3.74504	0.0	1.76044	3.31067	0.0
2016/12/27 23:10:00		0.55337	350.101	17.7151	0.361979	1022.04	1.07917	26.864	24.0865	17.4008	41.4873	40.3689	2596.25	19.6013	3.655	3.35333	3.16333				3.74504	0.0	1.76044	3.31067	0.0
2016/12/27 23:15:00		0.92091	13.1351	17.6344	0.357292	1022.07	1.02813	26.8382	22.2261	18.8728	41.099	41.8084	2538.13	19.7727	3.89167	3.60333	3.46167				3.84267	0.0	2.01083	3.5588	0.0
2016/12/27 23:20:00		1.32105	9.6461	17.6151	0.354688	1022.1	1.10833	26.8672	22.0207	17.8595	39.8802	41.3127	2490.83	19.5727	2.53833	2.4125	2.3225				3.95426	0.0	2.297	3.84238	0.0
2016/12/27 23:25:00		1.21282	14.9211	17.6052	0.355729	1022.08	1.08646	26.7969	21.5651	18.1711	39.7361	40.7168	2475.63	18.7441	2.905	2.49	2.37				3.95426	0.0	2.297	3.84238	0.0
2016/12/27 23:30:00		1.59382	24.158	17.5661	0.355208	1022.0	1.03542	26.6984	21.3261	18.9721	40.2982	39.0724	2431.88	17.4012	3.385	3.2525	3.05583				3.94613	0.092304	2.62217	3.62366	0.0
2016/12/27 23:35:00		0.76929	16.2044	17.5094	0.355729	1021.99	1.09375	26.5426	20.8013	19.5917	40.393	36.5556	2463.96	18.4869	3.755	3.64667	3.515				3.93683	0.197794	2.99378	3.37369	0.0
2016/12/27 23:40:00		1.20322	20.6746	17.5078	0.357292	1021.99	1.10104	26.3158	19.6221	19.0954	38.7174	33.9768	2508.33	18.2584	3.76833	3.25917	3.13				3.93683	0.197794	2.99378	3.37369	0.0
2016/12/27 23:45:00		0.80626	20.9237	17.4318	0.348958	1022.03	1.05	26.2387	19.2759	19.7218	38.9977	31.5839	2527.71	18.2012	3.35333	2.98333	2.83833				3.73179	0.10549	2.5881	3.17267	0.0
2016/12/27 23:50:00		0.75936	41.1948	17.413	0.357812	1022.0	1.09375	26.3198	18.1123	19.7321	37.8444	30.8355	2525.83	16.5154	2.705	2.63083	2.51583				3.49746	0.0	2.12447	2.94292	0.0
2016/12/27 23:55:00		0.71498	31.9182	17.4135	0.359896	1022.02	1.08646	26.3593	18.6238	19.6362	38.26	31.2836	2553.96	17.0011	2.66	2.555	2.34667				3.49746	0.0	2.12447	2.94292	0.0
2016/12/28 00:00:00		1.13354	12.8216	17.3453	0.358333	1022.03	1.10104	26.366	19.2513	21.0227	40.274	32.9711	2558.75	19.3441	5.0083	4.81833	4.52833				3.70901	0.0	1.8911	2.82438	0.0
