-- 1st mean values --
Format: XTAB(V:1;HEAD:2;COL:TCFFFFFFFFFFFFFFFFFFFFFFFF)
StartTime: 2016/03/03 00:00:00
EndTime: 2016/03/04 00:00:00
Period: 24 h
Station: Gia Lam

Time	MeasPt	Wind Spd.	Wind Dir.	Temp	RH	Barometer	Radiation	InnerTemp	NO	NO2	NOx	SO2	CO	O3	PM-10	PM-2.5	PM-1	CH4	NMHC	THC	BENZEN	TOLUEN	ETHYL BENZEN	MP-XYLEN	O-XYLEN
		m/s	degree	°C	%	hPa	W/m²	°C	µg/m3	µg/m3	µg/m3	µg/m3	µg/m3	µg/m3	µg/m3	µg/m3	µg/m3	ppm	ppmC	ppmC	ug/m3	ug/m3	ug/m3	ug/m3	ug/m3
2016/03/03 00:05:00		2.35858	156.063	19.5224	0.359375	1019.2	1.05	26.5424	20.3122	44.6266	64.939	14.014	187.292	25.0517	50.211	42.7742	36.9158								
2016/03/03 00:10:00		1.62561	171.4	19.525	0.359375	1019.19	1.11563	26.4602	19.2178	40.1523	59.37	14.0188	188.333	13.2223	54.113	43.8783	37.4275								
2016/03/03 00:15:00		2.48604	159.429	19.5203	0.363021	1019.17	1.08646	26.2946	19.5327	40.029	59.562	14.014	213.542	18.6441	53.98	44.5208	38.0558								
2016/03/03 00:20:00		3.0859	166.69	19.5255	0.365104	1019.13	1.10104	26.2371	20.0598	38.088	58.148	14.0378	188.958	32.5522	48.8758	42.3417	37.33								
2016/03/03 00:25:00		3.04241	163.55	19.5266	0.361458	1019.06	1.06458	26.2527	19.4657	43.5688	63.035	14.014	147.5	29.9806	47.695	42.8308	37.8017								
2016/03/03 00:30:00		2.51909	155.348	19.5286	0.360938	1019.01	1.12292	26.3115	18.7444	41.5901	60.334	14.014	127.292	27.9662	49.59	44.3775	38.9283								
2016/03/03 00:35:00		2.84666	170.653	19.4266	0.363542	1018.99	1.01354	26.2642	17.2614	41.0663	58.328	14.1093	113.125	12.858	53.628	45.125	39.2867								
2016/03/03 00:40:00		2.87105	164.332	19.4229	0.360417	1018.93	1.07917	26.1128	18.1816	34.6784	52.86	14.1808	116.25	24.3873	53.5	45.23	39.4633								
2016/03/03 00:45:00		2.67908	161.02	19.4214	0.360417	1018.95	1.07187	26.0596	17.2034	37.0576	54.261	14.0283	111.25	34.1594	49.1367	44.145	39.3117								
2016/03/03 00:50:00		2.76384	166.057	19.4208	0.361979	1018.92	1.02083	26.0731	17.4133	41.7818	59.195	14.0569	101.667	29.0591	50.038	44.7717	39.6633								
2016/03/03 00:55:00		2.44478	166.894	19.4219	0.3625	1018.87	1.11563	26.1402	18.2084	41.6448	59.853	14.0188	102.083	17.0583	52.792	46.325	40.8717								
2016/03/03 01:00:00		3.18033	167.591	19.4172	0.359375	1018.83	1.08646	26.192	19.1799	41.573	60.753	14.2809	89.792	0.23573	50.581	45.8342	41.1792								
2016/03/03 01:05:00		2.65845	166.47	19.4182	0.364062	1018.77	1.01354	26.0476	17.2771	37.6293	54.906	14.0235	96.458	1.65011	52.185	45.865	40.7967								
2016/03/03 01:10:00		1.81287	156.308	19.4193	0.361979	1018.71	1.08646	25.966	17.2793	35.7225	53.002	14.1189	94.792	75.269	54.576	46.8317	41.3975								
2016/03/03 01:15:00		2.31271	164.931	19.4188	0.361458	1018.7	1.02083	25.9812	17.3865	38.064	55.451	14.0521	75.833	273.482	52.248	45.5983	40.6325								
2016/03/03 01:20:00		3.00587	170.371	19.4156	0.356771	1018.6	1.07917	26.0465	16.0063	39.1458	55.152	14.014	62.292	272.179	53.477	45.95	40.7883								
2016/03/03 01:25:00		1.96334	160.385	19.4182	0.360938	1018.52	1.07187	26.1093	15.2135	40.166	55.379	14.0188	46.875	270.875	53.795	47.3908	41.62								
2016/03/03 01:30:00		2.43592	159.23	19.4172	0.359896	1018.49	1.04271	26.0752	16.1716	36.9583	53.13	14.0283	42.0833	266.418	54.722	47.1975	41.7467								
2016/03/03 01:35:00		2.42025	161.42	19.4172	0.359896	1018.51	1.06458	25.9405	15.5127	34.5448	50.058	14.0617	59.375	217.818	57.553	48.3908	42.7275								
2016/03/03 01:40:00		2.26169	162.261	19.4208	0.360938	1018.49	1.06458	25.9088	16.6942	37.4513	54.145	14.014	53.125	43.6529	54.982	49.6	44.2067								
2016/03/03 01:45:00		2.04065	165.561	19.4193	0.356771	1018.45	1.07917	25.941	16.1805	38.4372	54.618	14.0426	32.0833	40.6956	55.008	49.5283	44.5425								
2016/03/03 01:50:00		1.93903	163.602	19.425	0.361979	1018.46	1.06458	26.0156	15.3095	37.4307	52.74	14.0092	58.125	40.267	56.48	50.216	44.7317								
2016/03/03 01:55:00		2.46725	166.11	19.4224	0.359375	1018.37	1.03542	26.076	16.2922	38.9438	55.236	14.0474	72.5	32.8915	59.812	51.166	44.9892								
2016/03/03 02:00:00		1.77065	165.131	19.4161	0.354688	1018.28	1.03542	25.9748	16.5579	37.2835	53.841	14.0188	84.167	23.948	58.648	50.753	44.9125								
2016/03/03 02:05:00		1.76792	163.093	19.4188	0.359896	1018.18	1.07917	25.8605	15.5217	34.7092	50.231	14.1332	94.375	43.2457	54.284	49.4325	44.0533								
2016/03/03 02:10:00		1.79811	155.873	19.4172	0.358854	1018.16	1.10104	25.8371	15.5708	37.8518	53.423	14.1951	86.042	37.9525	55.726	49.2658	43.4683								
2016/03/03 02:15:00		1.57898	151.489	19.4182	0.358854	1018.03	1.06458	25.8822	15.0482	37.5505	52.599	14.014	83.75	38.6812	55.059	49.1617	43.4683								
2016/03/03 02:20:00		1.21206	136.823	19.4167	0.358333	1018.0	0.95521	25.9437	14.6797	36.616	51.296	14.014	88.958	36.7524	59.315	50.854	43.8942								
2016/03/03 02:25:00		1.40683	139.849	19.4177	0.356771	1018.03	1.01354	26.0041	15.6311	38.7248	54.356	13.9139	107.5	31.2235	58.785	50.195	43.2433								
2016/03/03 02:30:00		1.65268	146.715	19.4188	0.357812	1018.0	1.05	25.9174	15.5686	36.9686	52.537	14.0712	94.375	21.6443	73.383	54.212	44.025								
2016/03/03 02:35:00		1.40527	138.598	19.4203	0.3625	1017.99	1.04271	25.7807	17.2078	36.8008	54.009	14.0712	108.75	38.4776	61.346	50.588	43.2008								
2016/03/03 02:40:00		1.44993	128.574	19.4188	0.359375	1017.98	1.11563	25.7563	17.2614	38.4509	55.712	14.1999	95.417	39.5169	61.125	51.459	43.9783								
2016/03/03 02:45:00		1.57829	130.265	19.4203	0.358854	1017.96	1.13021	25.8	16.549	39.8339	56.383	14.1665	93.958	36.4739	64.85	53.443	44.8208								
2016/03/03 02:50:00		1.43112	135.714	19.4214	0.364583	1018.02	1.15208	25.8648	16.6428	39.2143	55.857	14.3	91.042	36.7953	64.427	54.092	45.0758								
2016/03/03 02:55:00		1.59664	139.279	19.4172	0.361979	1018.14	1.06458	25.9482	15.9371	37.643	53.58	13.9473	97.5	39.1526	62.934	53.712	44.2158								
2016/03/03 03:00:00		2.03723	142.526	19.4229	0.358854	1018.14	1.11563	25.9442	14.7355	37.5129	52.248	14.0903	98.333	33.0236	62.25	52.594	43.7733								
2016/03/03 03:05:00		1.55385	138.334	19.3526	0.364062	1018.11	1.09375	25.7917	13.2749	33.0078	46.2827	14.2762	102.083	43.1207	60.391	51.997	43.6833								
2016/03/03 03:10:00		1.59509	133.44	19.3198	0.360938	1018.15	1.15208	25.7482	13.8288	36.3832	50.212	14.3	93.125	44.103	71.832	55.935	44.4692								
2016/03/03 03:15:00		1.31019	138.783	19.3224	0.364062	1018.16	1.13021	25.7834	14.9075	41.5045	56.412	14.1236	88.958	37.0739	64.678	52.846	43.4317								
2016/03/03 03:20:00		1.27638	139.897	19.3901	0.358854	1018.11	1.08646	25.8379	14.8405	39.3547	54.195	14.0998	89.583	41.5313	62.709	52.711	43.1567								
2016/03/03 03:25:00		1.31998	142.995	19.4203	0.360938	1018.11	1.05729	25.9214	13.5474	38.3276	51.875	14.1951	106.042	41.7921	63.061	51.903	42.9658								
2016/03/03 03:30:00		1.36096	132.176	19.4073	0.364583	1018.15	1.07917	25.9877	13.7506	41.4565	55.207	14.0474	107.708	34.288	59.623	50.425	42.3867								
2016/03/03 03:35:00		1.80553	139.709	19.3427	0.360938	1018.19	1.09375	25.8865	13.0181	39.5669	52.585	14.0807	130.0	31.0128	56.542	49.07	41.5192								
2016/03/03 03:40:00		1.39263	150.777	19.324	0.3625	1018.26	1.03542	25.781	12.6295	35.9553	48.5848	14.3	134.167	47.0496	54.577	48.0967	40.9683								
2016/03/03 03:45:00		2.39885	140.863	19.3255	0.3625	1018.22	1.10104	25.7729	14.0655	40.6315	54.697	14.2094	119.167	40.0384	54.013	45.7233	39.1133								
2016/03/03 03:50:00		1.70888	153.588	19.3255	0.358333	1018.18	1.07187	25.818	12.4575	39.3957	51.853	14.0712	87.5	45.7745	49.805	43.5	36.8967								
2016/03/03 03:55:00		2.21326	141.211	19.3266	0.35625	1018.18	1.07187	25.8948	12.5603	38.6049	51.165	13.952	77.708	43.7279	45.7767	41.1767	35.6033								
2016/03/03 04:00:00		2.61855	138.717	19.3271	0.361979	1018.17	1.08646	25.9716	12.1136	38.9199	51.033	13.9854	56.875	41.6992	47.7917	41.37	35.33								
2016/03/03 04:05:00		2.42613	130.373	19.3266	0.360938	1018.19	1.08646	26.0086	12.0198	39.3854	51.405	14.014	52.708	38.3347	50.422	42.075	35.36								
2016/03/03 04:10:00		2.5246	137.764	19.3234	0.364062	1018.16	1.09375	25.857	10.9969	34.2607	45.2576	14.0283	63.75	41.7563	48.9083	42.4117	35.705								
2016/03/03 04:15:00		2.32581	138.688	19.3224	0.359375	1018.19	1.12292	25.7764	10.9031	34.6407	45.5438	14.2047	70.833	50.521	48.3567	42.6633	35.59								
2016/03/03 04:20:00		2.12234	146.284	19.351	0.358854	1018.26	1.07917	25.7869	11.0863	38.1017	49.188	14.2428	56.458	41.092	51.387	43.505	36.1017								
2016/03/03 04:25:00		1.73799	153.968	19.4208	0.357292	1018.37	1.06458	25.8371	12.4307	38.9849	51.416	14.1379	56.875	38.7276	64.633	49.0592	36.7758								
2016/03/03 04:30:00		1.69538	160.459	19.4203	0.361979	1018.42	1.07917	25.916	12.2431	40.6795	52.923	14.0331	88.542	37.5239	52.485	44.4258	36.6308								
2016/03/03 04:35:00		2.04114	151.811	19.4167	0.360417	1018.42	1.08646	25.9845	12.2923	40.1865	52.479	14.014	122.083	37.4168	53.443	44.8492	36.7333								
2016/03/03 04:40:00		2.52009	149.616	19.3479	0.360938	1018.45	1.03542	26.0124	11.8344	37.708	49.5425	14.1618	107.083	37.9061	53.263	44.1275	36.6467								
2016/03/03 04:45:00		2.04712	158.463	19.324	0.360938	1018.49	1.15937	25.8559	10.4475	36.123	46.5705	14.3	100.417	40.792	55.672	45.9333	37.2325								
2016/03/03 04:50:00		2.088	166.922	19.3219	0.359375	1018.58	1.10833	25.7872	10.3225	36.6297	46.9521	14.3	102.708	45.5173	55.136	46.0233	37.3342								
2016/03/03 04:55:00		2.63661	163.38	19.3229	0.358333	1018.58	1.05729	25.7979	10.8339	38.3584	49.1923	14.1951	124.583	43.01	61.494	47.7358	38.09								
2016/03/03 05:00:00		1.85142	164.419	19.325	0.359375	1018.58	1.08646	25.8441	11.6156	40.3714	51.987	14.014	159.583	37.9097	59.621	47.8733	38.3975								
2016/03/03 05:05:00		1.95609	158.065	19.3224	0.359896	1018.58	1.09375	25.9066	12.9533	41.4565	54.41	13.8901	223.333	34.8202	60.923	49.0725	38.7767								
2016/03/03 05:10:00		2.21698	151.017	19.3214	0.357292	1018.61	1.03542	25.9598	14.6082	44.4383	59.047	14.014	248.333	31.0306	59.388	48.2475	39.1808								
2016/03/03 05:15:00		2.30516	150.785	19.3208	0.359896	1018.65	1.04271	25.9939	14.807	43.6509	58.458	14.014	233.958	31.1021	64.317	50.879	40.1058								
2016/03/03 05:20:00		2.50994	151.277	19.3219	0.359896	1018.75	1.02813	25.8465	15.0527	42.6342	57.687	14.014	253.333	28.0162	63.558	51.782	41.6242								
2016/03/03 05:25:00		1.91795	141.457	19.3234	0.35625	1018.76	1.09375	25.7399	18.2396	43.9385	62.178	14.0712	348.542	38.4883	63.665	51.123	41.0333								
2016/03/03 05:30:00		2.2565	141.803	19.3234	0.358333	1018.75	1.03542	25.7168	18.0476	46.3656	64.413	14.0378	368.75	36.4953	73.872	55.805	42.9817								
2016/03/03 05:35:00		2.00628	149.297	19.3193	0.357812	1018.85	1.02083	25.7463	22.5611	51.011	73.572	13.809	393.542	28.1876	71.252	55.029	42.3283								
2016/03/03 05:40:00		2.23628	148.893	19.3214	0.360938	1018.99	1.08646	25.7568	22.7621	49.9909	72.753	13.9759	437.5	30.7949	68.627	53.327	41.62								
2016/03/03 05:45:00		1.15749	152.618	19.3203	0.360417	1019.02	1.06458	25.7804	23.4679	50.32	73.787	14.014	491.667	27.909	69.817	54.621	42.93								
2016/03/03 05:50:00		1.93683	165.33	19.324	0.359375	1019.02	1.07917	25.7745	25.2813	53.5	78.781	14.014	613.54	23.973	75.286	55.569	43.635								
2016/03/03 05:55:00		1.60233	148.903	19.3208	0.358854	1019.06	0.98438	25.789	27.1864	53.661	80.847	14.014	716.67	25.3017	71.268	54.596	43.6125								
2016/03/03 06:00:00		1.17716	164.398	19.3219	0.364062	1019.11	1.08646	25.792	28.5308	54.941	83.472	14.014	799.79	24.1159	78.392	58.696	45.3267								
2016/03/03 06:05:00		1.78171	168.779	19.3229	0.358854	1019.08	1.08646	25.8282	35.2442	57.269	92.513	14.014	1014.79	20.1871	73.276	56.063	43.6975								
2016/03/03 06:10:00		1.958	167.396	19.3255	0.360417	1019.09	1.10104	25.8495	41.712	59.244	100.956	14.014	1096.67	18.9227	77.14	57.104	43.9067								
2016/03/03 06:15:00		1.5653	150.667	19.3271	0.360417	1019.03	1.11563	25.8605	49.8614	59.118	108.979	14.014	1271.04	17.2512	80.657	59.423	45.5092								
2016/03/03 06:20:00		1.86902	152.944	19.3224	0.359375	1019.05	1.05	25.8881	51.632	59.932	111.565	14.014	1310.0	19.6084	83.431	62.539	50.107								
2016/03/03 06:25:00		1.73621	157.08	19.3214	0.360417	1019.14	1.02083	25.9367	49.5085	60.035	109.544	14.014	1318.33	25.1838	72.474	55.963	45.3383								
2016/03/03 06:30:00		1.37745	168.173	19.3245	0.363021	1019.16	1.05729	25.9609	51.896	61.49	113.386	14.014	1504.17	19.1584	85.796	62.057	46.94								
2016/03/03 06:35:00		1.73866	163.34	19.3234	0.361979	1019.25	1.08646	25.967	60.523	64.506	125.029	14.014	1666.04	16.6725	86.053	61.892	47.1533								
2016/03/03 06:40:00		1.40657	150.119	19.3214	0.363021	1019.33	3.77708	26.0143	61.74	63.215	124.956	14.014	1778.13	19.5442	80.167	59.731	47.035								
2016/03/03 06:45:00		1.77858	159.337	19.3255	0.359375	1019.39	13.4823	26.0204	66.227	63.475	129.703	14.014	1825.63	18.3655	87.779	64.464	48.9783								
2016/03/03 06:50:00		1.45495	164.48	19.3266	0.358854	1019.44	15.8958	26.0086	74.587	63.171	137.757	14.014	1903.13	18.3226	94.818	66.902	50.804								
2016/03/03 06:55:00		1.78191	156.299	19.4193	0.359375	1019.52	9.9677	26.018	83.949	64.044	147.992	14.014	2060.42	19.1798	92.405	64.12	48.0383								
2016/03/03 07:00:00		1.70806	164.061	19.4182	0.361979	1019.53	14.4958	26.0696	88.074	64.472	152.545	14.014	2237.71	18.6012	93.735	64.667	47.6267								
2016/03/03 07:05:00		1.98084	166.326	19.4229	0.363542	1019.59	19.8698	26.0843	105.648	69.716	175.364	14.014	2458.13	17.2297	97.302	67.213	48.67								
2016/03/03 07:10:00		2.26119	162.174	19.525	0.360417	1019.62	24.6604	26.0884	102.34	66.495	168.835	14.014	2674.17	18.0012	98.133	66.525	47.3883								
2016/03/03 07:15:00		2.26385	169.631	19.5547	0.358333	1019.69	24.099	26.1115	102.052	67.272	169.324	14.014	2803.54	17.4226	99.432	68.266	49.1242								
2016/03/03 07:20:00		1.73527	166.039	19.6271	0.353646	1019.78	11.9583	26.1582	101.905	67.806	169.711	14.014	3207.29	18.6441	101.807	70.622	50.967								
2016/03/03 07:25:00		1.51897	167.211	19.6286	0.364583	1019.81	11.5938	26.2151	100.094	67.707	167.8	14.014	3405.83	18.987	99.06	68.282	48.5733								
2016/03/03 07:30:00		1.54034	167.985	19.6557	0.359375	1019.86	9.6396	26.253	100.835	67.186	168.021	14.014	3763.75	18.987	102.228	70.32	49.96								
2016/03/03 07:35:00		1.65328	160.231	19.7307	0.360417	1019.9	20.2854	26.2914	113.409	67.864	181.273	14.014	4000.83	18.4512	100.963	70.715	50.454								
2016/03/03 07:40:00		2.0442	160.518	19.7349	0.363021	1019.98	28.6781	26.305	112.087	68.032	180.118	14.014	4137.71	20.5299	103.638	73.819	51.513								
2016/03/03 07:45:00		2.15108	144.881	19.7917	0.359375	1019.97	34.6063	26.3324	104.989	68.278	173.267	14.014	4172.92	22.1158	104.741	72.105	50.242								
2016/03/03 07:50:00		2.42447	145.832	19.7964	0.364062	1019.92	48.6135	26.3552	95.576	66.262	161.837	14.014	4117.08	23.573	96.493	68.533	48.4283								
2016/03/03 07:55:00		1.94289	146.821	19.863	0.358854	1019.95	47.6875	26.3925	86.747	65.553	152.301	14.014	3876.04	22.9087	109.122	74.88	49.1883								
2016/03/03 08:00:00		2.3996	137.048	19.901	0.360938	1020.07	24.274	26.4264	89.865	67.642	157.507	14.014	3974.17	19.4156	109.112	73.655	50.14								
2016/03/03 08:05:00		2.838	141.404	19.999	0.361458	1020.14	27.001	26.4734	80.849	67.864	148.713	14.014	4062.08	21.4086	100.304	68.795	48.1642								
2016/03/03 08:10:00		2.24214	142.782	19.9958	0.363021	1020.24	34.4167	26.5163	75.286	66.478	141.763	14.014	3955.63	22.4372	98.945	69.55	48.8717								
2016/03/03 08:15:00		1.68286	153.343	19.9984	0.358333	1020.25	44.7854	26.5542	82.997	68.265	151.262	14.014	3932.08	19.0084	104.412	72.374	50.349								
2016/03/03 08:20:00		2.11126	138.947	20.0776	0.363542	1020.34	33.4177	26.5877	91.555	69.963	161.518	14.014	4038.13	18.8155	105.385	70.885	49.5758								
2016/03/03 08:25:00		2.14854	143.419	20.1016	0.361979	1020.38	37.8	26.5977	91.174	67.857	159.031	14.014	3920.0	19.737	103.617	70.252	48.7717								
2016/03/03 08:30:00		2.81785	146.865	20.1031	0.360938	1020.65	61.097	26.5896	74.944	88.075	163.019	14.014	4375.21	49.5997	102.189	69.702	48.5592								
2016/03/03 08:35:00		2.55189	144.559	20.1016	0.359896	1020.38	71.961	26.6009	43.7867	100.978	144.765	14.014	3521.25	48.5247	98.305	66.784	48.4933								
2016/03/03 08:40:00		2.81058	161.717	20.0984	0.3625	1020.43	64.116	26.6635	47.4784	93.491	140.97	14.014	3496.25	43.9601	103.821	70.69	50.789								
2016/03/03 08:45:00		3.19537	150.092	20.1828	0.3625	1020.41	78.334	26.7523	49.3299	90.797	140.127	14.014	3348.75	38.9776	99.035	68.632	48.5917								
2016/03/03 08:50:00		1.72775	153.237	20.1974	0.358333	1020.29	104.016	26.8291	52.579	87.976	140.556	14.014	3042.92	36.131	100.253	70.411	49.4658								
2016/03/03 08:55:00		2.38001	146.99	20.2802	0.363542	1020.28	72.793	26.9155	56.3	86.901	143.201	14.014	2877.5	37.2453	100.063	68.376	47.6075								
2016/03/03 09:00:00		2.53537	166.426	20.3365	0.359375	1020.24	41.4385	27.0058	49.0775	84.96	134.038	14.014	2742.08	35.7881	94.62	66.357	47.2808								
2016/03/03 09:05:00		2.32072	153.443	20.3969	0.357292	1020.28	69.11	27.0874	51.047	84.029	135.076	14.014	2937.71	35.038	101.012	68.363	48.675								
2016/03/03 09:10:00		2.50668	160.548	20.3995	0.360938	1020.31	57.641	27.2176	71.188	83.827	155.015	14.014	2856.04	32.9593	108.155	73.579	51.344								
2016/03/03 09:15:00		2.51361	157.065	20.4844	0.356771	1020.26	78.991	27.2997	81.49	86.193	167.683	14.014	2989.17	32.2736	98.749	68.308	49.3233								
2016/03/03 09:20:00		2.04522	164.945	20.5026	0.356771	1020.22	64.13	27.3276	84.643	84.536	169.179	14.014	3210.0	28.4376	103.731	71.767	51.474								
2016/03/03 09:25:00		2.43323	166.802	20.5177	0.359375	1020.31	26.5781	27.3416	86.957	81.588	168.545	14.014	3222.71	28.0733	102.208	69.856	50.083								
2016/03/03 09:30:00		2.59422	156.424	20.5026	0.359896	1020.41	64.568	27.3523	83.947	77.86	161.807	14.014	3235.42	27.2375	97.609	67.808	48.8391								
2016/03/03 09:35:00		2.17682	148.016	20.5052	0.363542	1020.42	145.782	27.3819	79.406	73.615	153.022	14.0092	3165.63	26.3089	107.568	72.597	50.88								
2016/03/03 09:40:00		3.11821	144.103	20.6104	0.359896	1020.41	64.991	27.4114	75.862	70.884	146.745	14.014	2985.0	27.4233	94.002	66.89	49.3792								
2016/03/03 09:45:00		2.82216	133.565	20.6036	0.365625	1020.41	30.6979	27.4256	68.166	68.326	136.492	14.014	2750.21	29.402	87.906	63.595	47.6275								
2016/03/03 09:50:00		2.83535	141.445	20.513	0.359896	1020.48	30.0854	27.4565	63.165	65.625	128.791	14.014	2523.54	26.8054	105.579	71.553	48.8092								
2016/03/03 09:55:00		2.18132	141.822	20.5047	0.357292	1020.53	55.242	27.4874	62.265	66.707	128.972	14.014	2394.58	24.8981	92.728	64.098	48.4608								
2016/03/03 10:00:00		2.0514	133.314	20.5016	0.3625	1020.51	46.4479	27.5006	59.119	64.643	123.761	14.0569	2292.92	23.9052	96.667	66.754	49.6408								
2016/03/03 10:05:00		1.7246	136.722	20.5729	0.361458	1020.51	42.6927	27.5218	63.538	66.834	130.372	14.095	2507.92	21.4943	98.448	67.612	49.5017								
2016/03/03 10:10:00		1.68794	152.374	20.6073	0.361979	1020.65	56.248	27.5362	65.736	67.128	132.864	14.014	2553.54	26.0375	100.493	68.703	51.25								
2016/03/03 10:15:00		1.60111	143.717	20.7	0.360417	1020.96	56.131	27.4673	34.7283	75.556	110.285	14.014	1666.46	72.876	93.982	64.755	49.505								
2016/03/03 10:20:00		1.59522	137.993	20.7042	0.364062	1020.98	64.889	27.3505	39.501	95.665	135.166	14.014	2280.0	63.511	109.557	73.4	51.898								
2016/03/03 10:25:00		1.67349	158.454	20.7943	0.353646	1021.04	76.956	27.2345	82.609	104.11	186.719	14.014	3382.29	103.918	103.603	69.912	53.004								
2016/03/03 10:30:00		2.17155	152.878	20.8625	0.360938	1021.04	93.778	27.1024	43.3557	95.36	138.716	14.0426	2935.63	82.673	87.66	62.743	48.79								
2016/03/03 10:35:00		2.71758	150.183	20.9057	0.361979	1020.56	113.59	27.024	51.391	101.529	152.92	14.0188	2401.46	48.5497	87.158	62.861	48.8608								
2016/03/03 10:40:00		2.58029	141.44	20.9063	0.360938	1020.73	95.404	27.0326	44.986	89.541	134.527	14.014	2041.88	62.051	86.113	61.497	49.1917								
2016/03/03 10:45:00		2.11923	142.665	20.9068	0.361458	1020.47	136.252	27.0251	25.5449	92.8	118.345	14.014	2070.63	49.5283	84.633	62.465	49.96								
2016/03/03 10:50:00		2.64857	141.933	20.9786	0.360417	1020.43	156.603	27.0901	30.9428	89.63	120.573	14.014	2093.75	35.5309	85.595	61.807	49.1383								
2016/03/03 10:55:00		2.18396	138.941	21.0417	0.360938	1020.28	168.438	27.1665	38.5339	82.523	121.057	14.014	2142.71	31.0092	96.162	65.913	50.457								
2016/03/03 11:00:00		2.28418	170.042	21.1552	0.3625	1020.17	230.686	27.2549	49.3522	78.538	127.89	14.014	2179.38	29.2091	92.033	63.951	49.3442								
2016/03/03 11:05:00		2.11897	151.669	21.3615	0.359375	1020.16	204.816	27.3413	61.464	76.734	138.198	14.014	2482.08	27.0875	94.747	65.839	49.8742								
2016/03/03 11:10:00		1.74973	147.227	21.5609	0.361458	1020.02	181.978	27.4399	63.458	73.318	136.775	14.014	2642.92	27.6447	96.811	66.937	51.484								
2016/03/03 11:15:00		2.90303	153.806	21.7	0.363021	1019.91	228.025	27.547	70.392	71.904	142.296	14.014	2717.92	26.1875	88.547	61.62	48.0275								
2016/03/03 11:20:00		1.85509	160.875	21.8115	0.367708	1019.86	146.584	27.6616	67.487	68.888	136.375	14.014	2686.88	26.7018	87.033	61.641	48.275								
2016/03/03 11:25:00		2.05411	152.468	21.8104	0.358854	1019.43	130.448	27.783	66.998	68.648	135.646	14.014	2591.46	27.559	83.204	61.146	48.5708								
2016/03/03 11:30:00		2.56463	142.858	21.7651	0.364062	1019.21	228.411	27.8893	64.139	64.403	128.542	14.014	2595.0	27.8804	87.9	61.557	48.7775								
2016/03/03 11:35:00		2.57274	156.0	21.8156	0.365104	1019.06	293.876	28.013	68.921	65.427	134.347	14.014	2577.29	26.5089	86.142	60.843	47.9958								
2016/03/03 11:40:00		2.78974	128.26	21.9281	0.367188	1019.04	271.133	28.205	76.137	68.432	144.569	14.014	2733.13	25.9517	90.927	62.507	46.9358								
2016/03/03 11:45:00		2.39192	144.264	22.0922	0.361979	1019.12	261.45	28.4047	74.513	65.769	140.282	14.014	2703.33	26.166	85.507	60.063	45.2917								
2016/03/03 11:50:00		1.65191	148.125	22.2208	0.361979	1019.05	435.714	28.5763	77.785	66.806	144.591	14.014	2737.08	27.4518	88.047	62.058	46.3833								
2016/03/03 11:55:00		1.42061	141.233	22.4438	0.363542	1018.76	617.3	28.7478	93.921	71.329	165.249	14.014	2904.38	27.5804	84.607	57.846	44.6642								
2016/03/03 12:00:00		2.17966	146.123	22.7484	0.367188	1018.6	405.861	28.8327	87.216	67.221	154.437	14.014	2844.17	23.8337	91.835	56.462	42.6908								
2016/03/03 12:05:00		1.97106	166.181	22.9323	0.358854	1018.56	425.593	28.6692	82.164	62.719	144.883	14.014	2886.04	24.2088	95.648	55.972	43.5133								
2016/03/03 12:10:00		2.42575	148.621	23.0198	0.364062	1018.62	424.951	28.604	81.74	64.047	145.787	14.014	2890.21	34.738	84.59	54.637	42.5292								
2016/03/03 12:15:00		2.61438	160.48	23.1542	0.364583	1018.39	427.365	28.7081	78.352	68.525	146.877	14.014	2770.21	28.6091	91.073	54.62	41.6217								
2016/03/03 12:20:00		3.04015	148.833	23.1875	0.357292	1018.18	299.505	28.9409	69.917	65.783	135.7	14.014	2474.17	34.9595	81.743	53.557	42.7675								
2016/03/03 12:25:00		2.75256	162.42	23.1203	0.361458	1018.04	333.244	29.143	66.12	66.656	132.776	14.014	2312.29	27.6161	85.425	54.613	43.115								
2016/03/03 12:30:00		2.13788	167.904	23.1182	0.357292	1018.0	330.779	29.0875	63.963	64.047	128.01	14.014	2219.58	25.0945	84.093	52.663	43.2033								
2016/03/03 12:35:00		3.05891	127.365	23.1698	0.361458	1017.86	249.215	28.921	63.031	61.374	124.405	14.014	2188.96	28.234	80.659	54.703	43.3625								
2016/03/03 12:40:00		2.92081	155.51	23.2224	0.361458	1017.72	349.584	28.9068	60.854	63.989	124.843	14.014	2108.75	36.6846	80.669	53.794	42.25								
2016/03/03 12:45:00		2.6546	160.851	23.2214	0.3625	1017.63	381.668	29.0413	63.078	70.343	133.421	14.014	1984.17	29.402	81.057	52.025	41.3067								
2016/03/03 12:50:00		2.36194	164.171	23.3557	0.3625	1017.48	427.992	29.255	65.982	70.096	136.078	14.014	1895.63	28.8091	84.114	53.763	41.5708								
2016/03/03 12:55:00		2.89198	143.614	23.5193	0.364062	1017.51	372.991	29.3178	69.135	67.525	136.66	14.014	1747.5	22.4158	80.196	50.306	38.865								
2016/03/03 13:00:00		2.19335	170.773	23.6495	0.360417	1017.52	328.789	29.149	66.341	62.914	129.255	14.014	1705.21	19.6334	77.807	48.8792	37.6967								
2016/03/03 13:05:00		1.71358	164.048	23.7474	0.361979	1017.21	517.81	29.0241	62.227	62.681	124.909	14.014	1667.5	33.3879	73.285	49.8225	39.375								
2016/03/03 13:10:00		2.0908	150.299	23.9193	0.365104	1017.06	572.84	29.0609	64.461	70.634	135.094	14.014	1774.58	32.9736	74.796	49.765	38.5833								
2016/03/03 13:15:00		2.13458	167.431	24.2115	0.364583	1016.85	720.31	29.2875	65.582	73.437	139.019	14.014	1781.46	27.2661	71.137	46.1833	35.5017								
2016/03/03 13:20:00		2.2331	152.049	24.5229	0.364062	1016.7	549.48	29.4303	59.556	68.395	127.951	14.014	1697.08	24.6874	65.195	42.1217	32.9883								
2016/03/03 13:25:00		2.7327	153.356	24.7068	0.363542	1016.7	619.43	29.3484	59.112	63.801	122.913	14.014	1690.42	19.3799	97.707	58.648	34.7883								
2016/03/03 13:30:00		2.1156	136.851	24.8932	0.359375	1016.58	550.11	29.2177	54.42	61.846	116.266	14.014	1772.29	16.8118	70.569	42.9492	32.6925								
2016/03/03 13:35:00		1.71243	150.037	25.0292	0.360938	1016.4	695.99	29.1991	51.929	57.272	109.202	14.014	1795.63	39.0526	74.56	44.5917	34.565								
2016/03/03 13:40:00		1.83322	156.25	25.2401	0.357812	1016.14	484.436	29.3611	53.187	68.159	121.345	14.014	1806.04	34.9273	87.267	44.86	33.3717								
2016/03/03 13:45:00		2.44396	167.202	25.4328	0.357812	1016.51	459.557	29.5245	43.1435	79.51	122.654	14.014	2728.33	80.112	78.535	44.0217	32.2117								
2016/03/03 13:50:00		2.35042	147.113	25.3469	0.361979	1016.41	496.49	29.4411				14.014	4940.42	114.726	68.82	43.7325	34.0558								
2016/03/03 13:55:00		2.46769	144.003	25.3193	0.361458	1016.26	344.495	29.3184				14.014	1957.08	108.682	66.842	42.8858	33.1842								
2016/03/03 14:00:00		2.9953	142.876	25.1667	0.355729	1016.15	186.849	29.1401				14.014	1515.63	184.291	75.095	42.2175	32.6483								
2016/03/03 14:05:00		2.07049	135.461	24.9396	0.357292	1016.26	204.014	28.9812				14.014	2368.96	582.45	69.845	42.9417	33.9525								
2016/03/03 14:10:00		2.34475	159.908	24.7203	0.360417	1016.25	255.245	29.0075				14.014	1997.92	319.603	70.722	44.54	34.4383								
2016/03/03 14:15:00		1.74857	170.528	24.5938	0.355208	1016.15	277.608	29.0757				14.014	1452.08	211.925	81.65	43.6883	33.0342								
2016/03/03 14:20:00		2.38841	134.237	24.5745	0.356771	1015.96	228.484	29.1293				14.014	2914.38	423.382	81.212	46.3683	35.1492								
2016/03/03 14:25:00		2.87567	136.291	24.6333	0.357292	1015.89	250.666	29.1903				14.014	2801.04	257.639	77.045	45.9033	34.9792								
2016/03/03 14:30:00		1.60104	133.379	24.6656	0.364062	1015.71	387.042	29.2851				14.014	2707.71	213.046	82.497	48.61	35.9092								
2016/03/03 14:35:00		3.0862	178.157	24.7771	0.354167	1015.82	477.925	29.2781				14.014	2544.38	294.741	68.999	41.2033	31.34								
2016/03/03 14:40:00		2.97212	169.107	24.9427	0.357292	1015.77	365.466	29.1393				14.014	1772.29	158.703	108.157	45.605	31.3825								
2016/03/03 14:45:00		2.81679	152.571	24.9844	0.35625	1015.65	263.164	28.972				14.014	1177.71	127.008	118.824	44.1283	31.1775								
2016/03/03 14:50:00		3.30343	193.714	24.9307	0.35625	1015.6	270.411	28.8085				14.014	659.58	141.62	75.07	42.255	31.97								
2016/03/03 14:55:00		3.74069	172.347	24.8609	0.355208	1015.49	232.291	28.8593				14.014	977.92	144.727	79.699	43.8667	33.2192								
2016/03/03 15:00:00		2.84022	149.355	24.7552	0.361458	1015.11	217.919	29.0128				14.014	1203.13	84.527	81.393	41.6842	32.4433								
2016/03/03 15:05:00		1.83681	138.139	24.751	0.356771	1014.91	547.28	29.1857				14.014	1375.42	60.211	74.387	44.6917	34.4408								
2016/03/03 15:10:00		2.49548	139.472	25.0156	0.358333	1014.8	425.972	29.3984				14.014	1425.21	36.3096	69.822	43.2483	34.1883								
2016/03/03 15:15:00		2.58821	147.858	25.237	0.353646	1014.84	266.087	29.4674				14.014	1441.25	13.7366	105.631	47.9292	34.7967								
2016/03/03 15:20:00		2.00952	156.218	25.1417	0.355729	1014.8	396.659	29.3312				14.014	1522.29	11.8294	75.178	43.205	33.1242								
2016/03/03 15:25:00		2.57034	149.84	25.1359	0.35625	1014.79	272.176	29.1299				14.014	1542.29	13.9652	86.218	46.315	33.845								
2016/03/03 15:30:00		3.31477	143.788	25.1344	0.358333	1014.77	298.638	29.1489				14.014	1632.29	30.0627	86.913	45.6333	34.2867								
2016/03/03 15:35:00		2.87703	146.053	25.1313	0.355208	1014.77	292.323	29.3022				14.014	1644.38	37.0453	100.729	42.39	33.07								
2016/03/03 15:40:00		3.05381	160.674	25.0859	0.354167	1014.77	244.745	29.5114				14.014	1659.17	26.3196	106.442	45.3375	33.0108								
2016/03/03 15:45:00		3.11143	149.22	25.0276	0.355208	1015.08	200.484	29.5372				14.014	2298.33	239.198	103.606	48.0017	32.7342								
2016/03/03 15:50:00		3.20882	152.441	24.9005	0.354167	1015.15	144.018	29.2671				14.014	1720.63	208.346	91.239	44.6842	33.7792								
2016/03/03 15:55:00		3.1242	163.688	24.7563	0.359896	1015.06	237.789	29.0284				14.014	1637.71	100.896	88.11	51.098	34.1692								
2016/03/03 16:00:00		3.869	161.19	24.7292	0.361979	1014.98	237.395	28.9194				14.014	1597.71	99.649	98.389	43.3308	32.1125								
2016/03/03 16:05:00		4.02462	147.238	24.7	0.360938	1014.68	294.241	28.9395	655.49	22.3329	677.82	14.014	1097.29	125.48	129.001	44.8917	31.9292								
2016/03/03 16:10:00		2.3038	154.853	24.6167	0.361979	1014.5	193.813	29.0778	9.0874	65.577	74.665	14.014	1115.63	79.512	82.322	42.0825	32.595								
2016/03/03 16:15:00		3.11128	136.489	24.5203	0.3625	1014.5	123.36	29.2099	13.8913	67.368	81.259	14.014	1217.08	58.882	91.068	42.4467	31.5325								
2016/03/03 16:20:00		3.72985	152.361	24.3885	0.361979	1014.47	142.975	29.3581	18.0945	68.586	86.681	14.014	1274.79	42.5278	92.536	46.18	32.2683								
2016/03/03 16:25:00		3.20959	148.149	24.2427	0.363021	1014.41	100.319	29.4529	20.4328	70.384	90.817	14.014	1353.54	20.0906	74.692	41.7833	32.8342								
2016/03/03 16:30:00		3.07318	140.538	24.1307	0.363542	1014.34	89.826	29.2861	19.9883	64.098	84.087	14.014	1419.38	11.0579	69.2	42.8267	33.9233								
2016/03/03 16:35:00		2.98575	134.251	24.0245	0.359375	1014.24	142.807	29.0338	21.5115	59.254	80.766	14.014	1460.0	14.951	75.552	46.2083	35.6								
2016/03/03 16:40:00		2.94917	143.29	24.0255	0.360938	1014.34	109.382	28.954	23.6689	57.42	81.088	14.014	1520.63	30.502	103.083	50.532	35.935								
2016/03/03 16:45:00		2.55153	133.365	24.0245	0.35625	1014.52	50.517	28.9922	29.2701	63.777	93.047	14.014	1741.88	32.1021	96.252	52.845	37.4967								
2016/03/03 16:50:00		2.55445	138.905	24.0214	0.360417	1014.61	35.7073	29.1052	35.1661	72.448	107.614	14.014	1956.25	24.4695	85.733	49.3267	36.93								
2016/03/03 16:55:00		2.30982	136.463	23.9302	0.358854	1014.58	32.8198	29.2765	37.1694	70.031	107.2	14.014	2048.13	21.1514	107.823	53.887	37.8717								
2016/03/03 17:00:00		2.79181	128.304	23.8292	0.360938	1014.59	35.9625	29.2762	41.6651	68.58	110.245	14.014	2312.29	10.1471	116.937	56.035	38.835								
2016/03/03 17:05:00		3.00602	147.503	23.7318	0.363542	1014.59	45.7115	29.0147	43.177	63.879	107.056	14.014	2418.33	9.2792	80.848	49.8233	38.1833								
2016/03/03 17:10:00		3.43102	142.54	23.6896	0.3625	1014.59	42.9333	28.8512	44.8319	59.563	104.395	14.014	2489.79	27.8876	99.138	52.554	38.6475								
2016/03/03 17:15:00		4.21855	136.232	23.563	0.357292	1014.62	27.1396	28.8319	47.3891	63.352	110.741	14.014	2452.29	28.4019	83.499	48.6625	37.3733								
2016/03/03 17:20:00		3.03501	135.905	23.4411	0.355729	1014.69	14.9406	28.9105	46.1987	66.693	112.892	14.014	2377.29	22.6729	105.133	52.056	38.45								
2016/03/03 17:25:00		3.51768	136.343	23.3292	0.363021	1014.76	12.6292	29.0346	49.312	67.388	116.7	14.014	2457.08	20.1442	87.788	49.415	38.2225								
2016/03/03 17:30:00		3.27614	144.011	23.2432	0.357812	1014.79	5.3885	29.146	47.5142	64.927	112.441	14.014	2412.71	18.4941	78.674	49.6417	38.3817								
2016/03/03 17:35:00		3.19625	136.669	23.1526	0.356771	1014.89	1.09375	29.2391	49.9217	65.968	115.889	14.014	2593.54	16.769	91.203	59.317	46.6958								
2016/03/03 17:40:00		2.2137	144.554	23.1182	0.360417	1015.0	1.11563	28.9897	49.6247	63.451	113.076	14.014	2643.13	10.6293	88.267	59.792	47.7658								
2016/03/03 17:45:00		2.79556	141.504	23.0464	0.360938	1015.06	1.14479	28.5951	54.12	60.415	114.535	14.014	2651.04	10.715	85.438	56.657	43.6875								
2016/03/03 17:50:00		3.39454	133.722	23.0109	0.357292	1015.13	1.11563	28.285	53.234	58.019	111.252	14.014	2660.21	21.6407	81.209	54.108	42.1558								
2016/03/03 17:55:00		2.38283	142.211	22.9208	0.357292	1015.19	1.13021	28.2147	53.823	60.186	114.009	14.014	2628.33	31.0949	93.398	54.059	40.5792								
2016/03/03 18:00:00		2.23985	139.406	22.838	0.363542	1015.29	1.05729	28.1663	54.906	66.372	121.278	14.014	2675.83	18.1083	75.7	53.129	40.9633								
2016/03/03 18:05:00		2.51093	138.099	22.7516	0.363542	1015.3	1.16667	27.9816	53.931	60.973	114.904	14.014	2657.08	18.2798	81.776	56.207	42.8183								
2016/03/03 18:10:00		3.32846	132.533	22.7182	0.361979	1015.33	1.13021	27.947	58.234	62.685	120.919	14.014	2821.67	26.7411	79.133	54.65	41.475								
2016/03/03 18:15:00		3.01463	139.391	22.6646	0.364583	1015.35	1.07187	27.9873	67.726	65.208	132.934	14.014	2742.29	20.1942	79.332	56.617	42.0525								
2016/03/03 18:20:00		3.00192	139.478	22.6167	0.360417	1015.34	1.12292	27.8227	65.984	61.295	127.279	14.014	3031.88	19.2799	76.028	53.202	40.7408								
2016/03/03 18:25:00		2.98207	135.915	22.5292	0.355729	1015.27	1.10104	27.7924	73.298	63.797	137.095	14.014	3335.83	24.2623	74.096	52.427	40.8275								
2016/03/03 18:30:00		3.58485	135.775	22.5016	0.353646	1015.15	1.10833	27.8461	73.287	63.66	136.947	14.014	3236.04	20.0585	78.122	54.974	41.9892								
2016/03/03 18:35:00		3.76943	137.846	22.4141	0.359896	1015.1	1.10104	27.8743	69.291	62.397	131.688	14.014	2951.46	15.7618	79.592	55.351	42.3725								
2016/03/03 18:40:00		3.37582	143.191	22.3297	0.358333	1015.14	1.07187	27.7365	66.98	59.015	125.995	14.014	2794.17	19.8835	79.785	55.898	42.6167								
2016/03/03 18:45:00		3.14788	139.068	22.3172	0.359375	1015.11	1.09375	27.7312	61.665	59.871	121.535	14.014	2592.5	19.6942	100.636	68.414	43.4317								
2016/03/03 18:50:00		2.9851	139.316	22.2318	0.355729	1015.34	1.09375	27.7843	65.146	59.614	124.76	14.014	2443.13	17.5297	80.205	57.796	44.3625								
2016/03/03 18:55:00		2.91804	144.159	22.2031	0.357292	1015.36	1.03542	27.8437	62.386	58.785	121.171	14.014	2323.96	18.2155	78.362	55.913	42.8392								
2016/03/03 19:00:00		3.4619	133.356	22.1141	0.35625	1015.43	1.06458	27.8568	60.07	58.827	118.897	14.014	2433.54	14.1116	81.363	56.92	43.1167								
2016/03/03 19:05:00		3.29554	131.305	22.087	0.360417	1015.45	1.07187	27.7105	56.526	54.068	110.594	14.014	2211.04	19.0584	81.592	58.273	44.375								
2016/03/03 19:10:00		3.10683	132.755	22.0042	0.357812	1015.48	1.12292	27.7158	58.35	57.998	116.348	14.014	2086.25	19.6513	75.546	56.285	44.6417								
2016/03/03 19:15:00		2.58109	138.747	21.9109	0.364583	1015.57	1.10104	27.7639	56.075	56.208	112.282	14.014	2052.5	19.4156	78.378	56.913	44.2075								
2016/03/03 19:20:00		2.19443	148.077	21.8255	0.359896	1015.78	1.16667	27.8222	53.535	57.163	110.698	14.014	2120.21	18.0012	78.121	57.441	44.3275								
2016/03/03 19:25:00		2.82219	138.279	21.812	0.364583	1015.84	1.1375	27.8603	56.128	56.307	112.435	14.014	2072.29	17.4869	79.407	56.294	44.0758								
2016/03/03 19:30:00		2.79736	131.005	21.7188	0.360417	1015.92	1.1375	27.7738	52.7	54.496	107.196	14.014	1976.88	12.7294	78.657	56.897	44.2292								
2016/03/03 19:35:00		3.06491	133.633	21.6542	0.361458	1015.82	1.12292	27.6863	49.5778	53.089	102.667	14.014	1811.46	21.7407	76.08	57.353	45.2883								
2016/03/03 19:40:00		2.77633	132.755	21.5964	0.360938	1015.77	1.10104	27.7083	51.476	55.16	106.636	14.014	1728.75	18.4512	79.1	57.243	45.335								
2016/03/03 19:45:00		3.09823	141.343	21.5021	0.359896	1015.83	1.04271	27.7548	49.6314	54.554	104.186	14.014	1701.88	18.7941	79.213	56.017	44.3358								
2016/03/03 19:50:00		2.84224	133.154	21.4172	0.358333	1016.03	1.1375	27.7763	48.9636	54.407	103.371	14.014	1597.29	17.8298	76.352	56.65	44.5667								
2016/03/03 19:55:00		3.04339	146.359	21.3297	0.358854	1016.13	1.14479	27.7964	47.2283	51.946	99.174	14.014	1479.58	17.5512	75.55	55.882	43.8								
2016/03/03 20:00:00		3.22629	148.972	21.3021	0.360938	1016.25	1.1375	27.8007	46.9782	51.679	98.657	14.014	1402.08	16.0368	66.712	51.135	41.2083								
2016/03/03 20:05:00		3.82267	141.886	21.2198	0.359375	1016.24	1.09375	27.8283	44.9525	50.498	95.45	14.014	1329.38	15.1582	75.495	55.396	41.3608								
2016/03/03 20:10:00		2.73092	146.212	21.1917	0.357292	1016.2	1.1375	27.8326	44.2915	50.272	94.563	14.014	1211.88	13.8224	67.892	50.26	40.2267								
2016/03/03 20:15:00		2.5093	138.293	21.1042	0.360938	1016.34	1.17396	27.8531	43.5478	50.261	93.809	14.014	1140.42	13.2437	67.018	50.38	40.8133								
2016/03/03 20:20:00		2.69546	140.467	21.1068	0.357812	1016.34	1.10833	27.8391	41.5266	50.063	91.589	14.014	1147.08	12.4937	68.933	51.627	42.2008								
2016/03/03 20:25:00		3.53704	139.185	21.0193	0.360417	1016.28	1.10104	27.8595	44.1642	50.874	95.038	14.014	1075.21	12.5366	65.354	51.647	42.3475								
2016/03/03 20:30:00		3.73836	135.5	20.9443	0.357292	1016.13	1.10833	27.8649	43.454	48.0362	91.49	14.014	1003.96	12.108	67.228	50.138	41.5242								
2016/03/03 20:35:00		3.7295	134.482	20.9026	0.357292	1016.03	1.11563	27.8657	41.9956	46.7524	88.748	14.014	928.96	12.4937	62.381	48.3392	40.8008								
2016/03/03 20:40:00		3.16284	135.956	20.8036	0.361979	1016.01	1.13021	27.8563	39.6484	47.3207	86.969	14.014	886.25	11.7651	76.151	54.733	42.5017								
2016/03/03 20:45:00		3.42335	136.734	20.7984	0.361458	1016.14	1.10104	27.8372	38.9918	46.6566	85.648	14.014	865.0	12.108	74.327	53.675	43.4842								
2016/03/03 20:50:00		3.49474	131.74	20.7047	0.359896	1016.15	1.11563	27.8292	36.879	46.5437	83.423	14.014	839.79	11.5079	72.303	52.818	42.6717								
2016/03/03 20:55:00		3.68614	134.929	20.6802	0.3625	1016.18	1.12292	27.8356	37.0644	46.7388	83.803	14.014	832.08	11.4865	66.018	49.77	41.6467								
2016/03/03 21:00:00		3.59492	136.12	20.5875	0.359896	1016.21	1.12292	27.8544	36.8656	47.3755	84.241	14.014	802.29	11.7008	63.044	48.3125	40.7517								
2016/03/03 21:05:00		3.25047	133.873	20.501	0.358333	1016.16	1.07187	27.8404	36.1108	46.6464	82.757	14.014	771.67	11.2936	59.782	48.0333	40.4058								
2016/03/03 21:10:00		2.68242	144.911	20.4495	0.360938	1016.15	1.12292	27.8026	35.2331	46.2869	81.52	14.014	751.46	10.9936	62.647	48.7725	41.2125								
2016/03/03 21:15:00		2.30141	141.135	20.3979	0.360938	1016.2	1.12292	27.7932	37.587	47.1564	84.743	14.014	782.71	11.2722	65.463	50.192	41.7617								
2016/03/03 21:20:00		2.10708	135.042	20.3979	0.358333	1016.24	1.10833	27.7867	37.922	47.0297	84.952	14.1332	864.58	10.7364	75.317	54.282	44.56								
2016/03/03 21:25:00		2.57709	134.084	20.3958	0.360417	1016.23	1.07917	27.7728	45.4528	49.1214	94.574	14.3	1015.83	11.6793	75.458	54.604	44.455								
2016/03/03 21:30:00		3.13936	137.561	20.3495	0.359375	1016.17	1.1375	27.7623	44.9905	47.7384	92.729	14.2333	1011.25	11.6365	63.311	50.924	43.0025								
2016/03/03 21:35:00		2.71002	134.661	20.2557	0.363021	1016.19	1.08646	27.7403	41.0107	45.948	86.959	14.0998	968.13	11.8937	67.714	52.018	43.8491								
2016/03/03 21:40:00		2.64205	142.082	20.2042	0.358333	1016.4	1.06458	27.7223	40.9951	47.6494	88.644	14.2762	963.54	11.3793	67.201	51.284	43.2033								
2016/03/03 21:45:00		3.06226	138.302	20.1125	0.357292	1016.35	1.15208	27.7097	43.1659	48.7106	91.876	14.1093	928.13	10.7793	60.587	49.3417	42.5883								
2016/03/03 21:50:00		2.83588	136.719	20.1016	0.360417	1016.21	1.03542	27.6589	42.4445	47.5672	90.012	14.014	915.63	10.8007	69.392	49.5383	41.4825								
2016/03/03 21:55:00		2.48997	141.574	20.0161	0.358854	1016.25	1.07187	27.6246	39.2374	44.3938	83.631	14.014	882.29	10.7579	59.333	47.835	41.8083								
2016/03/03 22:00:00		2.62417	148.323	19.9979	0.360938	1016.32	1.07187	27.6036	40.3005	47.8616	88.162	14.014	909.58	10.5221	59.678	49.4383	42.8483								
2016/03/03 22:05:00		1.55949	146.402	19.912	0.359375	1016.42	1.05	27.5843	38.429	45.8761	84.305	14.014	885.42	10.0935	65.976	51.603	44.2083								
2016/03/03 22:10:00		1.66817	140.699	19.8885	0.359375	1016.47	1.08646	27.5531	38.994	46.5094	85.503	14.014	960.83	10.0721	76.896	54.666	45.6425								
2016/03/03 22:15:00		1.83118	139.418	19.8917	0.360417	1016.17	1.04271	27.5057	41.9889	46.6292	88.618	14.014	1026.04	10.865	69.293	53.871	45.6533								
2016/03/03 22:20:00		2.28593	139.974	19.8917	0.357292	1016.08	1.06458	27.4976	42.5182	47.5912	90.109	14.014	1061.04	10.7793	68.973	52.494	44.7908								
2016/03/03 22:25:00		2.08534	135.858	19.8401	0.360417	1016.04	1.12292	27.4847	39.2285	44.2158	83.444	14.014	1045.0	10.8436	62.011	50.561	44.5008								
2016/03/03 22:30:00		1.66586	140.846	19.8021	0.357812	1016.22	1.08646	27.4565	37.1694	43.9932	81.163	14.014	1065.83	10.9936	62.494	50.563	44.0117								
2016/03/03 22:35:00		2.50772	137.819	19.7453	0.357812	1016.19	1.07917	27.4458	36.0683	45.0305	81.099	14.014	1011.46	10.6078	60.957	49.6567	43.815								
2016/03/03 22:40:00		3.17579	134.244	19.7339	0.364062	1016.11	1.11563	27.4214	35.5569	44.363	79.92	14.014	925.83	10.3078	57.943	47.1075	41.28								
2016/03/03 22:45:00		2.32945	136.115	19.663	0.359375	1016.11	1.09375	27.4087	36.5574	45.2462	81.804	14.014	810.63	10.6293	56.059	46.8225	41.0617								
2016/03/03 22:50:00		2.19567	142.327	19.6323	0.364062	1016.09	1.12292	27.3918	36.2738	44.8936	81.167	14.014	746.88	9.0006	54.899	45.7442	40.2133								
2016/03/03 22:55:00		2.34437	136.3	19.6281	0.364062	1016.05	1.1375	27.3725	36.1219	44.2705	80.392	14.014	705.21	9.4078	54.09	44.915	39.2017								
2016/03/03 23:00:00		2.32343	146.171	19.526	0.357292	1016.07	1.07917	27.3344	35.9008	44.7601	80.661	14.014	642.5	8.8506	51.423	43.765	38.305								
2016/03/03 23:05:00		2.00738	148.938	19.4552	0.361458	1016.15	1.11563	27.336	33.8439	41.6928	75.537	14.014	536.04	8.3791	54.497	44.94	38.9392								
2016/03/03 23:10:00		2.10541	148.66	19.4234	0.360417	1016.14	1.13021	27.3217	31.4319	42.1892	73.621	14.014	474.792	7.9291	46.1933	40.6933	36.5733								
2016/03/03 23:15:00		2.92959	137.334	19.3521	0.360417	1016.06	1.10104	27.2844	28.0373	40.2036	68.241	14.014	409.792	8.1005	48.8933	41.0883	36.5433								
2016/03/03 23:20:00		2.62454	144.274	19.3276	0.363021	1016.04	1.11563	27.246	25.3238	40.5768	65.901	14.014	352.708	7.822	52.482	42.6733	37.0083								
2016/03/03 23:25:00		2.39069	130.318	19.3245	0.363542	1016.07	1.10104	27.2092	24.6739	39.2691	63.943	14.014	344.375	7.8862	50.455	42.5267	37.4383								
2016/03/03 23:30:00		1.92638	142.268	19.3224	0.359375	1016.05	1.10833	27.155	22.3266	38.266	60.593	14.014	292.5	7.6934	46.9667	41.6667	37.015								
2016/03/03 23:35:00		2.07265	145.468	19.3286	0.363021	1015.94	1.12292	27.1021	20.33	37.9237	58.254	14.014	246.458	5.2432	49.6633	42.9775	37.8867								
2016/03/03 23:40:00		2.86708	145.806	19.3281	0.363021	1016.03	1.06458	26.8616	20.2921	35.7807	56.073	14.014	240.833	0.0	49.8525	43.6575	38.405								
2016/03/03 23:45:00		2.28014	139.232	19.324	0.3625	1016.13	1.14479	26.5407	19.0146	31.4981	50.513	14.014	225.833	0.98578	49.5967	43.1008	38.0925								
2016/03/03 23:50:00		2.99482	138.564	19.2401	0.359375	1016.22	1.05	26.3187	18.7042	30.5053	49.2095	14.014	210.833	9.347	48.655	43.3775	38.4483								
2016/03/03 23:55:00		1.68378	139.913	19.2323	0.363021	1016.27	1.07917	26.3021	17.7796	30.5464	48.326	14.014	186.667	19.9978	49.525	43.8075	38.5417								
2016/03/04 00:00:00		2.7865	134.969	19.2286	0.359896	1016.27	1.09375	26.3182	19.2379	32.1246	51.362	14.014	176.875	26.2517	51.328	43.7942	38.8217								
