-- 1st mean values --
Format: XTAB(V:1;HEAD:2;COL:TCFFFFFFFFFFFFFFFFFFFFFFFF)
StartTime: 2016/03/13 00:00:00
EndTime: 2016/03/14 00:00:00
Period: 24 h
Station: Gia Lam

Time	MeasPt	Wind Spd.	Wind Dir.	Temp	RH	Barometer	Radiation	InnerTemp	NO	NO2	NOx	SO2	CO	O3	PM-10	PM-2.5	PM-1	CH4	NMHC	THC	BENZEN	TOLUEN	ETHYL BENZEN	MP-XYLEN	O-XYLEN
		m/s	degree	°C	%	hPa	W/m²	°C	µg/m3	µg/m3	µg/m3	µg/m3	µg/m3	µg/m3	µg/m3	µg/m3	µg/m3	ppm	ppmC	ppmC	ug/m3	ug/m3	ug/m3	ug/m3	ug/m3
2016/03/13 00:05:00		1.92556	148.948	16.0073	0.361458	1011.63	1.18125	24.491	26.4896	28.9785	55.468	14.2047	514.58	7.6505	43.1933	37.2233	34.725								
2016/03/13 00:10:00		1.86836	151.124	16.0099	0.363021	1011.68	1.16667	24.5092	25.2032	29.2353	54.438	14.3	508.75	7.9291	44.2017	36.6792	34.2092								
2016/03/13 00:15:00		1.06068	133.456	16.0052	0.359896	1011.6	1.14479	24.5181	25.7972	29.1189	54.916	14.3095	528.75	7.9291	44.1108	37.4892	35.0808								
2016/03/13 00:20:00		1.48898	130.786	16.0021	0.358333	1011.53	1.15937	24.5146	27.7402	28.2562	55.996	14.3858	571.04	7.9291	46.1333	38.2992	35.9858								
2016/03/13 00:25:00		1.14289	127.554	16.0042	0.364062	1011.51	1.14479	24.51	26.6839	28.311	54.995	14.5145	554.58	7.9291	44.9942	38.6517	36.2408								
2016/03/13 00:30:00		1.46248	133.479	16.0057	0.358854	1011.52	1.12292	24.4993	26.0295	30.2315	56.261	14.5193	534.58	7.9291	45.2233	38.4508	36.4525								
2016/03/13 00:35:00		1.38389	127.638	16.0052	0.360417	1011.37	1.17396	24.4832	25.2903	28.3349	53.625	14.3	550.21	7.9291	44.6133	38.6217	36.2683								
2016/03/13 00:40:00		1.42356	133.729	16.0042	0.363021	1011.23	1.08646	24.4665	34.1789	30.2965	64.475	14.4096	535.21	8.1005	48.1283	39.6542	36.3817								
2016/03/13 00:45:00		1.06491	138.245	16.0047	0.359375	1011.13	1.13021	24.452	31.988	29.0572	61.045	14.4144	510.63	8.0148	44.41	39.1083	36.4492								
2016/03/13 00:50:00		1.42109	146.081	16.0021	0.359896	1011.1	1.10104	24.44	33.5067	28.6465	62.153	14.3	500.63	7.9291	43.3742	38.3875	36.0842								
2016/03/13 00:55:00		0.94034	136.542	15.9865	0.357812	1010.99	1.10833	24.4284	32.5464	27.8283	60.375	14.3	502.92	4.00741	43.8558	38.3067	36.2142								
2016/03/13 01:00:00		0.8584	133.286	16.0036	0.3625	1010.96	1.18125	24.4198	31.3873	28.0337	59.421	14.3	507.08	0.81434	45.6975	38.7442	36.1767								
2016/03/13 01:05:00		0.66555	124.173	16.0042	0.359896	1010.94	1.08646	24.4193	30.8937	29.1668	60.061	14.5145	526.67	0.32145	55.188	42.7292	38.6875								
2016/03/13 01:10:00		1.05677	139.035	16.0026	0.360938	1010.96	1.08646	24.4206	33.8908	28.3384	62.229	14.4907	515.63	101.91	56.649	44.4525	40.48								
2016/03/13 01:15:00		1.28364	130.247	16.0031	0.360938	1010.9	1.11563	24.4308	35.4117	29.023	64.435	14.5622	530.42	255.931	55.705	44.6533	40.9558								
2016/03/13 01:20:00		1.32167	137.002	16.0026	0.361979	1010.87	1.12292	24.4394	32.2024	29.1839	61.386	14.3906	515.63	258.274	48.0917	40.3767	37.03								
2016/03/13 01:25:00		1.09659	121.928	16.0073	0.365104	1010.83	1.11563	24.455	30.4604	26.2672	56.728	14.5097	497.083	259.51	49.3666	40.8317	37.5783								
2016/03/13 01:30:00		0.96441	131.238	16.0016	0.358854	1010.88	1.10104	24.4628	33.529	28.9991	62.528	14.381	510.21	263.939	46.825	39.6742	36.0558								
2016/03/13 01:35:00		1.05696	124.437	16.0026	0.363542	1010.86	1.13021	24.4698	32.064	27.5065	59.57	14.1379	505.83	163.286	49.1975	38.7025	34.8292								
2016/03/13 01:40:00		0.83517	116.523	16.0063	0.360417	1010.89	1.13021	24.4829	32.5665	27.0272	59.594	14.3	479.792	7.3791	48.0308	37.2783	33.4108								
2016/03/13 01:45:00		1.38472	135.559	16.0073	0.358854	1010.94	1.11563	24.4883	30.0629	26.2364	56.299	14.4239	493.542	7.2005	45.8842	36.46	33.2367								
2016/03/13 01:50:00		1.16795	140.058	16.0078	0.361979	1010.83	1.17396	24.4888	29.0155	27.4141	56.43	14.3	466.875	6.9862	48.1783	36.2517	32.5942								
2016/03/13 01:55:00		1.31967	136.448	16.0589	0.360938	1010.73	1.1375	24.5006	28.9686	26.7842	55.753	14.3	467.292	6.8576	44.4517	36.2942	33.0367								
2016/03/13 02:00:00		0.99394	119.287	16.1073	0.359375	1010.68	1.08646	24.5098	28.4058	27.7358	56.142	14.3	460.0	7.029	46.3017	38.6567	35.7358								
2016/03/13 02:05:00		1.02962	136.556	16.1094	0.361979	1010.7	1.15937	24.5114	28.7698	28.2973	57.067	14.3	483.75	7.3291	46.6983	38.3717	35.5717								
2016/03/13 02:10:00		0.59668	64.265	16.1073	0.359375	1010.75	1.1375	24.52	33.2387	27.4688	60.708	14.3	507.08	6.9005	42.8733	36.5758	33.9917								
2016/03/13 02:15:00		0.94657	88.887	16.1073	0.356771	1010.66	1.09375	24.5205	29.7748	26.3528	56.128	14.3	527.08	7.0719	39.32	34.6533	32.3683								
2016/03/13 02:20:00		1.42537	89.071	16.1109	0.359375	1010.63	1.1375	24.5302	26.0786	26.6506	52.729	14.3	547.71	6.8576	39.8675	35.5492	33.6992								
2016/03/13 02:25:00		1.30455	99.638	16.1083	0.361979	1010.6	1.17396	24.5463	26.427	25.7092	52.136	14.3	546.04	6.8576	37.3133	34.7292	33.1675								
2016/03/13 02:30:00		1.4338	86.532	16.0917	0.357292	1010.59	1.17396	24.5369	25.7392	26.1269	51.866	14.3	548.96	6.8576	34.7317	32.6167	31.0717								
2016/03/13 02:35:00		1.48763	97.489	16.051	0.361458	1010.53	1.16667	24.5355	27.8675	26.2398	54.107	14.3	552.71	6.8576	30.9233	29.405	28.1633								
2016/03/13 02:40:00		1.60937	87.959	16.0432	0.359896	1010.46	1.18854	24.5404	27.5303	24.672	52.202	14.3191	539.38	6.1504	27.9883	26.6917	25.775								
2016/03/13 02:45:00		1.41663	100.741	16.001	0.356771	1010.55	1.1375	24.5516	24.3322	23.4019	47.7341	14.4478	522.5	5.9004	30.0733	27.0383	25.5192								
2016/03/13 02:50:00		1.05667	99.44	16.0073	0.360938	1010.59	1.12292	24.5584	24.5332	25.1683	49.7015	14.5622	530.42	4.91819	31.3242	28.0117	26.6442								
2016/03/13 02:55:00		1.38905	93.861	16.0083	0.360417	1010.53	1.15208	24.5557	26.4047	23.5012	49.9059	14.3763	536.67	5.2646	33.3125	28.2058	26.4808								
2016/03/13 03:00:00		1.00719	93.846	16.0094	0.360938	1010.47	1.15937	24.5597	25.5337	25.473	51.007	14.3	526.25	5.8932	33.7883	28.1583	26.0883								
2016/03/13 03:05:00		0.85201	109.143	16.0052	0.358854	1010.53	1.225	24.5669	24.0999	24.5898	48.6897	14.4192	527.92	5.0468	33.25	28.4642	26.4958								
2016/03/13 03:10:00		1.21143	96.451	16.0042	0.361458	1010.49	1.15208	24.5712	22.0006	22.9808	44.9814	14.4287	532.08	5.1718	36.8192	30.6717	28.0792								
2016/03/13 03:15:00		1.0936	94.042	16.0057	0.364062	1010.48	1.1375	24.5659	20.7298	21.834	42.5638	14.586	521.67	4.35029	37.2617	30.8367	28.8625								
2016/03/13 03:20:00		0.95491	100.852	16.0031	0.361458	1010.49	1.14479	24.5613	19.3853	22.5769	41.9622	14.5717	565.83	5.1968	42.4542	33.4792	30.0567								
2016/03/13 03:25:00		0.92359	108.63	16.0078	0.361458	1010.52	1.14479	24.5565	20.7365	22.392	43.1285	14.5383	564.38	5.1968	36.6967	31.6208	29.2208								
2016/03/13 03:30:00		0.73467	123.002	16.0073	0.365625	1010.48	1.17396	24.553	20.3881	22.19	42.5781	14.586	552.92	5.0968	43.5492	32.44	28.6792								
2016/03/13 03:35:00		0.6016	121.066	16.1094	0.361458	1010.42	1.15208	24.5522	19.0347	21.2384	40.2731	14.586	567.29	5.2468	34.9617	29.8658	27.5725								
2016/03/13 03:40:00		0.62703	99.096	16.1073	0.3625	1010.48	1.15208	24.5484	20.4529	23.5731	44.0259	14.586	569.17	5.3789	40.0292	29.9375	26.1617								
2016/03/13 03:45:00		0.998	93.269	16.1036	0.360417	1010.56	1.12292	24.5452	23.1798	23.0459	46.2256	14.586	611.25	4.89675	29.1858	25.195	23.5842								
2016/03/13 03:50:00		1.20003	76.955	16.1063	0.360938	1010.55	1.11563	24.5393	26.2819	22.9089	49.1908	14.586	612.08	4.95033	26.7283	25.2392	24.0967								
2016/03/13 03:55:00		1.47223	87.635	16.1052	0.358333	1010.54	1.08646	24.5337	23.9078	21.5875	45.4954	14.586	567.5	5.1718	24.5483	21.9283	21.0942								
2016/03/13 04:00:00		1.12789	78.653	16.1078	0.358854	1010.51	1.18125	24.5342	24.6471	22.7754	47.4225	14.586	615.63	4.74674	24.3292	21.4717	20.2475								
2016/03/13 04:05:00		0.86277	109.529	16.1047	0.359375	1010.41	1.10833	24.5345	30.5498	23.9976	54.547	14.586	680.63	3.92883	25.1792	23.0933	22.0067								
2016/03/13 04:10:00		0.75417	93.02	16.1104	0.359375	1010.47	1.09375	24.5428	33.2499	23.2239	56.474	14.586	702.71	3.4288	24.185	23.3842	22.6683								
2016/03/13 04:15:00		1.0394	98.63	16.1073	0.357812	1010.45	1.16667	24.5484	30.4247	22.2859	52.711	14.586	694.17	3.53595	25.8433	24.6833	23.8208								
2016/03/13 04:20:00		0.57077	88.049	16.15	0.364583	1010.55	1.07917	24.557	28.2048	22.8507	51.056	14.586	748.96	4.23243	28.1992	25.8325	24.75								
2016/03/13 04:25:00		0.69656	65.676	16.2089	0.353646	1010.63	1.10104	24.5645	30.1947	22.8336	53.028	14.4335	772.71	4.65745	31.26	25.5525	23.6975								
2016/03/13 04:30:00		0.724	108.948	16.2099	0.361979	1010.71	1.10833	24.575	29.4577	22.5598	52.017	14.5383	858.75	4.51101	35.3742	26.905	23.785								
2016/03/13 04:35:00		0.83838	52.044	16.2016	0.358854	1010.8	1.10833	24.5879	27.9167	22.5769	50.494	14.586	863.54	4.27886	35.075	27.1175	23.9242								
2016/03/13 04:40:00		0.63672	51.561	16.2094	0.361458	1010.84	1.07917	24.5984	25.9647	22.9911	48.9558	14.586	878.96	4.27171	34.3275	26.28	22.7208								
2016/03/13 04:45:00		0.77801	80.254	16.2052	0.354167	1010.85	1.05	24.6099	24.5019	23.2513	47.7532	14.586	914.79	4.11456	30.6258	25.175	22.6192								
2016/03/13 04:50:00		0.67499	60.6	16.2078	0.359896	1010.92	1.10833	24.6258	21.7594	21.9196	43.679	14.586	846.25	3.84311	31.1158	25.6725	23.4592								
2016/03/13 04:55:00		0.0	502.0	16.2047	0.359896	1011.05	1.05	24.6395	20.8951	24.1345	45.0296	14.586	846.25	3.60381	36.9833	28.7575	25.0808								
2016/03/13 05:00:00		0.82553	3.87299	16.1974	0.351563	1011.2	1.07917	24.6499	20.5199	24.155	44.6749	14.586	839.79	4.46458	51.798	45.1275	42.2325								
2016/03/13 05:05:00		0.65037	23.2742	16.0406	0.3625	1011.19	1.10104	24.6596	19.736	24.4084	44.1443	14.586	827.71	6.7505	70.096	66.838	64.828								
2016/03/13 05:10:00		0.65209	358.094	15.8531	0.363542	1011.25	1.1375	24.6591	21.1787	25.1615	46.3402	14.586	858.13	11.6972	72.422	69.6	68.016								
2016/03/13 05:15:00		0.70456	38.0448	15.7083	0.363021	1011.23	1.1375	24.6558	23.2602	24.9458	48.206	14.586	899.38	16.9083	71.429	69.464	68.109								
2016/03/13 05:20:00		0.59062	83.475	15.6036	0.360417	1011.27	1.07917	24.6483	31.662	25.0725	56.734	14.586	973.96	22.0908	72.296	70.306	68.74								
2016/03/13 05:25:00		0.0	502.0	15.5115	0.356771	1011.4	1.15208	24.6236	41.837	24.4734	66.31	14.3477	1108.13	26.4768	73.929	71.377	69.831								
2016/03/13 05:30:00		0.78961	15.4468	15.4833	0.361458	1011.53	1.15937	24.6037	45.4952	25.0622	70.557	14.586	1123.13	29.2734	72.849	70.297	68.614								
2016/03/13 05:35:00		0.8609	346.749	15.3917	0.361458	1011.6	1.13021	24.5667	47.6415	23.9668	71.608	14.586	1153.75	31.6949	72.603	69.957	68.437								
2016/03/13 05:40:00		0.7586	11.7856	15.3948	0.360938	1011.68	1.20313	24.4499	50.491	24.0523	74.544	14.586	1206.04	32.3093	82.01	72.603	69.183								
2016/03/13 05:45:00		0.64423	328.291	15.3052	0.35625	1011.73	1.15208	24.3194	52.215	24.4563	76.672	14.586	1202.92	32.0807	72.015	68.982	67.345								
2016/03/13 05:50:00		0.75012	272.631	15.3	0.359375	1011.75	1.18125	24.2134	62.806	23.8161	86.622	14.586	1292.08	32.2307	70.888	69.117	67.727								
2016/03/13 05:55:00		0.53691	351.702	15.2969	0.358333	1011.78	1.14479	24.1277	60.829	24.3365	85.166	14.586	1275.83	32.3164	68.727	67.43	66.242								
2016/03/13 06:00:00		0.98552	10.511	15.2474	0.357812	1011.89	1.06458	24.04	58.232	23.4361	81.668	14.586	1268.13	32.7879	68.947	67.747	66.358								
2016/03/13 06:05:00		0.79819	357.54	15.2026	0.360938	1012.03	1.12292	23.9707	55.373	23.5046	78.878	14.586	1201.04	32.0628	69.593	67.885	66.173								
2016/03/13 06:10:00		0.58716	30.9678	15.1969	0.359375	1012.11	1.13021	23.9382	58.06	23.8161	81.876	14.586	1211.25	31.6092	69.879	67.48	65.632								
2016/03/13 06:15:00		0.64559	358.317	15.1526	0.3625	1012.21	1.15937	23.8864	65.053	23.2547	88.307	14.586	1286.67	31.8021	71.307	68.345	66.278								
2016/03/13 06:20:00		0.453604	333.254	15.2052	0.360417	1012.33	1.14479	23.8348	72.088	23.3232	95.411	14.586	1413.13	32.1021	69.207	67.463	65.443								
2016/03/13 06:25:00		0.415999	21.4177	15.2031	0.358333	1012.32	1.18854	23.7975	73.702	22.2688	95.971	14.586	1407.5	32.6593	65.262	64.014	62.409								
2016/03/13 06:30:00		0.50285	346.703	15.1245	0.361979	1012.38	1.15208	23.7578	62.464	22.618	85.082	14.586	1322.5	31.1199	68.173	65.525	63.484								
2016/03/13 06:35:00		0.5608	17.9814	15.1781	0.361458	1012.36	1.10833	23.7035	68.318	23.6244	91.942	14.586	1417.71	31.3485	68.004	66.107	64.325								
2016/03/13 06:40:00		0.24396	12.5072	15.0927	0.355729	1012.43	1.10104	23.655	64.273	22.5769	86.85	14.586	1378.13	31.2771	67.555	65.44	63.879								
2016/03/13 06:45:00		0.54138	19.5166	15.0932	0.355729	1012.56	1.09375	23.6201	59.637	23.5696	83.206	14.586	1333.96	30.102	67.981	65.288	63.83								
2016/03/13 06:50:00		0.0	502.0	15.1547	0.358333	1012.57	4.07604	23.5889	75.281	23.2821	98.563	14.586	1603.33	30.6342	71.179	68.283	66.495								
2016/03/13 06:55:00		1.00486	5.3235	15.1995	0.360938	1012.71	9.326	23.5495	83.828	23.3061	107.134	14.586	1713.54	31.97	63.919	62.702	61.663								
2016/03/13 07:00:00		0.65872	356.607	15.1177	0.359896	1012.77	11.7469	23.5285	73.72	21.8272	95.547	14.586	1636.46	31.645	64.745	62.719	61.443								
2016/03/13 07:05:00		0.0	502.0	15.0969	0.356771	1012.86	12.9135	23.4837	67.603	23.0253	90.628	14.586	1611.88	31.0163	66.488	63.117	61.21								
2016/03/13 07:10:00		0.53096	43.6667	15.0995	0.358333	1012.92	14.5177	23.4445	66.216	25.2231	91.439	14.586	1602.5	30.602	64.082	61.787	60.529								
2016/03/13 07:15:00		0.467159	2.55533	15.15	0.360417	1012.98	13.9271	23.4281	68.139	24.0866	92.226	14.586	1654.58	30.627	70.081	64.814	63.026								
2016/03/13 07:20:00		0.58286	47.6475	15.199	0.3625	1013.12	15.2542	23.4214	74.111	24.535	98.646	14.586	1707.71	30.902	62.786	60.588	58.981								
2016/03/13 07:25:00		0.52945	37.4692	15.1984	0.360417	1013.22	21.926	23.3969	70.611	24.9903	95.602	14.586	1684.17	30.0627	66.246	61.359	59.377								
2016/03/13 07:30:00		0.79715	355.593	15.201	0.361979	1013.34	29.5677	23.3747	72.516	24.7404	97.257	14.586	1758.96	29.7663	70.091	62.772	60.341								
2016/03/13 07:35:00		0.58538	355.477	15.2557	0.356771	1013.36	41.4604	23.3709	78.408	24.5419	102.95	14.586	1855.21	29.9305	73.122	64.37	61.132								
2016/03/13 07:40:00		0.69253	11.9243	15.2974	0.358854	1013.48	38.0479	23.3811	77.537	25.1444	102.681	14.586	1943.13	30.0484	94.223	72.603	63.713								
2016/03/13 07:45:00		0.5625	122.287	15.3948	0.361979	1013.47	44.1437	23.369	78.575	25.1307	103.706	14.5765	2013.33	30.3199	84.952	70.918	65.598								
2016/03/13 07:50:00		0.89798	328.471	15.3917	0.355208	1013.55	56.139	23.3752	75.556	25.8701	101.426	14.586	1984.58	32.2736	82.369	75.075	72.233								
2016/03/13 07:55:00		0.72132	8.541	15.4469	0.360417	1013.68	59.208	23.3752	70.649	25.7435	96.393	14.586	1938.75	34.3094	96.947	84.557	79.124								
2016/03/13 08:00:00		1.07296	5.0538	15.4922	0.359896	1013.77	76.701	23.3851	69.144	25.9934	95.137	14.586	1920.83	37.0739	106.312	89.644	82.7								
2016/03/13 08:05:00		0.397898	39.5639	15.5661	0.357292	1013.85	76.198	23.4002	74.33	24.9938	99.324	14.586	2148.75	40.042	139.147	101.928	86.594								
2016/03/13 08:10:00		0.432294	57.693	15.6917	0.357812	1013.89	86.049	23.401	97.976	27.3079	125.284	14.586	2422.5	43.6351	124.313	97.511	87.302								
2016/03/13 08:15:00		0.68387	359.615	15.7776	0.360417	1013.96	82.775	23.4072	99.625	25.1238	124.748	14.586	2421.25	46.0602	116.141	94.442	86.667								
2016/03/13 08:20:00		0.85684	353.335	15.8214	0.364583	1014.12	69.563	23.4566	98.305	24.9493	123.254	14.5765	2419.79	47.6818	110.553	93.597	87.691								
2016/03/13 08:25:00		1.07615	30.912	15.8932	0.359896	1014.21	79.713	23.506	98.097	26.969	125.066	14.586	2452.71	48.1318	109.418	92.582	84.641								
2016/03/13 08:30:00		0.83641	53.878	15.9036	0.363021	1014.24	82.804	23.5368	92.232	26.4863	118.719	14.4811	2366.46	47.5317	101.061	87.438	81.63								
2016/03/13 08:35:00		0.94752	21.8309	15.9995	0.359375	1014.26	83.169	23.5814	89.883	26.9759	116.859	14.586	2396.46	48.2818	108.923	91.062	82.672								
2016/03/13 08:40:00		0.72379	353.366	16.0302	0.364062	1014.39	123.295	23.6107	86.162	27.106	113.268	14.586	2336.04	47.0031	97.123	86.068	81.072								
2016/03/13 08:45:00		0.487791	20.619	16.0974	0.359375	1014.49	100.202	23.6617	80.384	27.2326	107.617	14.5765	2259.79	46.0352	97.515	87.49	82.004								
2016/03/13 08:50:00		0.69558	10.0431	16.1	0.364062	1014.54	71.086	23.6987	73.119	27.8043	100.924	14.586	2185.42	45.478	101.444	91.66	86.677								
2016/03/13 08:55:00		0.50375	2.45572	16.1974	0.364062	1014.58	62.869	23.7513	74.182	30.2588	104.441	14.586	2238.33	45.6281	125.32	101.158	90.563								
2016/03/13 09:00:00		0.470589	29.4418	16.3109	0.361458	1014.63	66.07	23.7862	84.317	31.9397	116.257	14.586	2617.92	47.0174	134.925	105.632	92.53								
2016/03/13 09:05:00		0.83355	19.3977	16.4031	0.358333	1014.65	105.131	23.8179	89.188	30.8168	120.005	14.3477	2698.54	48.2175	106.5	94.467	88.758								
2016/03/13 09:10:00		0.61752	355.049	16.4042	0.359896	1014.66	115.128	23.8614	86.015	30.1835	116.198	14.3524	2650.63	47.7675	99.428	89.973	85.207								
2016/03/13 09:15:00		0.98512	13.6362	16.399	0.361458	1014.66	126.525	23.9272	81.758	30.3615	112.119	14.443	2551.46	46.6102	102.15	90.77	85.266								
2016/03/13 09:20:00		0.490136	19.4595	16.513	0.361458	1014.74	134.247	23.9479	86.881	29.5331	116.414	14.586	2597.08	45.8745	118.078	97.514	87.703								
2016/03/13 09:25:00		0.81082	21.0211	16.6005	0.363542	1014.79	134.94	23.9916	89.485	28.6773	118.162	14.586	2535.0	46.3531	99.509	89.478	83.176								
2016/03/13 09:30:00		0.58163	8.2341	16.6021	0.358854	1014.85	122.354	24.0346	84.206	29.3414	113.547	14.586	2489.58	44.4458	102.594	86.896	79.997								
2016/03/13 09:35:00		0.60079	14.6704	16.713	0.359896	1014.85	142.202	24.0966	85.505	29.2079	114.713	14.586	2520.0	42.8421	111.083	91.25	80.753								
2016/03/13 09:40:00		0.463121	51.465	16.8057	0.359896	1014.85	154.86	24.1532	83.004	29.492	112.496	14.5431	2450.83	42.4742	90.986	80.303	75.572								
2016/03/13 09:45:00		0.50745	29.7634	16.9312	0.3625	1014.86	160.905	24.1954	81.749	28.4205	110.169	14.586	2493.96	41.2527	124.992	93.199	81.22								
2016/03/13 09:50:00		0.81265	39.4509	17.0781	0.358854	1014.89	187.41	24.219	87.618	30.8785	118.497	14.586	2629.17	42.0421	97.91	84.095	77.824								
2016/03/13 09:55:00		0.83762	23.7124	17.1547	0.359896	1014.89	155.531	24.2601	82.39	30.8785	113.268	14.586	2603.96	41.617	106.51	89.747	81.981								
2016/03/13 10:00:00		0.400694	16.3707	17.2109	0.357812	1014.84	221.98	24.3178	78.354	31.9637	110.318	14.586	2513.54	40.8456	104.421	89.084	79.901								
2016/03/13 10:05:00		0.6762	31.0793	17.2901	0.360417	1014.96	172.689	24.3976	74.189	32.7065	106.896	14.586	2410.83	39.4062	97.133	82.767	76.707								
2016/03/13 10:10:00		0.168998	358.888	17.3599	0.361979	1014.97	186.193	24.4563	73.101	31.8849	104.986	14.586	2377.92	37.3525	101.22	83.959	76.617								
2016/03/13 10:15:00		0.86566	322.423	17.4964	0.363021	1014.98	170.027	24.5143	74.656	33.7198	108.376	14.586	2390.21	37.0525	91.973	78.191	72.568								
2016/03/13 10:20:00		0.1892	150.266	17.5141	0.356771	1014.99	192.019	24.5892	67.138	31.8302	98.969	14.586	2247.29	36.0989	79.974	72.077	67.963								
2016/03/13 10:25:00		0.63054	331.393	17.5125	0.361458	1014.94	185.515	24.6636	62.507	30.9093	93.416	14.586	2109.79	33.3058	82.147	72.095	67.833								
2016/03/13 10:30:00		0.75974	339.894	17.5089	0.357292	1014.96	187.469	24.7353	59.246	30.8682	90.114	14.586	2013.96	31.3271	81.094	70.022	65.543								
2016/03/13 10:35:00		0.71798	28.7127	17.6026	0.361979	1015.0	199.092	24.793	56.595	31.9397	88.535	14.586	1945.21	30.3234	82.246	71.007	66.147								
2016/03/13 10:40:00		0.65066	346.808	17.6594	0.364062	1015.0	225.4	24.8416	53.082	32.4155	85.497	14.586	1847.29	29.8091	81.898	68.437	63.872								
2016/03/13 10:45:00		0.51675	359.245	17.7135	0.367708	1014.96	253.466	24.9264	49.5018	31.4844	80.986	14.586	1728.96	28.5769	70.261	64.244	61.143								
2016/03/13 10:50:00		0.301002	73.853	17.7526	0.365625	1014.94	272.854	24.9799	47.9117	31.6864	79.598	14.586	1718.96	27.384	84.042	69.149	62.4								
2016/03/13 10:55:00		0.58772	21.8876	17.9224	0.364062	1014.92	230.869	25.0618	54.994	32.1965	87.19	14.586	1724.17	26.8089	77.013	65.373	61.369								
2016/03/13 11:00:00		0.92017	7.4675	18.0104	0.363021	1014.94	181.861	25.1329	56.016	31.3988	87.415	14.586	1756.46	26.5303	71.227	63.142	59.489								
2016/03/13 11:05:00		1.04273	13.6732	18.0068	0.365625	1014.96	198.742	25.1801	52.72	31.2687	83.989	14.586	1702.29	25.266	70.832	63.008	59.111								
2016/03/13 11:10:00		0.483865	5.5154	17.9974	0.365104	1015.02	179.331	25.2459	50.507	31.7343	82.241	14.586	1653.54	25.041	73.188	66.408	62.796								
2016/03/13 11:15:00		0.463953	20.189	18.0	0.3625	1015.04	189.7	25.313	51.184	33.3159	84.499	14.586	1673.33	24.7338	76.494	66.722	61.966								
2016/03/13 11:20:00		0.91317	19.9043	18.0068	0.364583	1014.98	195.11	25.3855	48.1998	32.8606	81.06	14.586	1658.96	24.2873	74.019	65.877	61.46								
2016/03/13 11:25:00		0.72768	16.8673	18.0109	0.3625	1014.88	222.33	25.4293	54.181	32.9735	87.154	14.586	1677.92	24.2945	73.665	64.748	60.6								
2016/03/13 11:30:00		0.9289	43.8779	18.0094	0.365104	1014.79	165.149	25.4846	48.2579	32.5319	80.79	14.5336	1553.54	23.1944	67.882	61.664	58.54								
2016/03/13 11:35:00		0.6604	19.7719	18.0104	0.360417	1014.79	210.7	25.5673	43.8738	32.5559	76.43	14.4811	1491.88	21.3014	68.003	61.832	58.148								
2016/03/13 11:40:00		1.01617	13.6367	18.0089	0.359375	1014.78	181.555	25.7305	40.2045	32.7236	72.928	14.5812	1444.38	21.5764	65.076	60.295	57.713								
2016/03/13 11:45:00		0.76092	9.2967	18.0609	0.363021	1014.78	163.209	25.8567	37.9332	34.4593	72.392	14.4954	1403.75	21.055	69.733	61.605	57.921								
2016/03/13 11:50:00		0.72168	349.149	18.1224	0.363021	1014.75	85.466	25.9767	36.7428	36.01	72.753	14.586	1470.42	21.1728	71.892	61.025	55.888								
2016/03/13 11:55:00		0.81404	6.8172	18.2172	0.3625	1014.63	167.504	26.0621	43.7131	36.9309	80.644	14.4716	1635.83	21.3836	71.668	59.055	54.423								
2016/03/13 12:00:00		0.88092	17.6275	18.2802	0.363021	1014.55	205.771	26.141	43.4718	35.2192	78.691	14.586	1609.58	21.5371	67.368	56.627	52.925								
2016/03/13 12:05:00		0.76636	356.089	18.3177	0.365104	1014.47	152.141	26.2084	40.899	35.9963	76.895	14.5765	1625.83	19.5477	62.125	55.267	51.993								
2016/03/13 12:10:00		1.18608	6.1797	18.3792	0.364583	1014.35	256.922	26.2707	38.9315	35.7293	74.661	14.4716	1585.83	19.5156	63.929	55.635	52.1								
2016/03/13 12:15:00		0.63871	55.456	18.4427	0.361458	1014.28	246.626	26.3225	34.668	36.3763	71.044	14.5097	1557.5	18.0512	61.81	55.068	51.662								
2016/03/13 12:20:00		0.672	23.8826	18.5141	0.368229	1014.2	251.606	26.3547	33.4218	35.8423	69.264	14.524	1493.13	17.2047	61.783	54.006	51.212								
2016/03/13 12:25:00		0.9278	45.6304	18.6146	0.366146	1014.08	218.801	26.4068	32.361	36.0066	68.368	14.5431	1404.38	16.9904	58.072	50.763	47.67								
2016/03/13 12:30:00		1.19142	44.3606	18.6859	0.363542	1013.98	222.286	26.4567	31.9389	38.0538	69.993	14.5812	1371.88	15.3224	56.308	47.41	44.6333								
2016/03/13 12:35:00		0.97062	42.7593	18.762	0.365625	1013.9	119.452	26.5037	28.8681	37.9785	66.847	14.5479	1306.88	13.9116	50.656	43.7108	40.7583								
2016/03/13 12:40:00		0.53512	357.607	18.8229	0.366146	1013.88	61.534	26.5426	27.5593	38.2934	65.853	14.586	1275.21	12.5223	52.675	43.2633	39.5858								
2016/03/13 12:45:00		0.60562	43.4368	18.7958	0.365625	1013.83	65.188	26.5732	27.9613	39.0123	66.974	14.586	1266.04	11.3579	48.9908	43.66	40.47								
2016/03/13 12:50:00		0.5631	27.9147	18.724	0.365625	1013.8	164.879	26.603	24.7543	37.4786	62.233	14.586	1200.63	11.0579	52.183	45.1742	42.5983								
2016/03/13 12:55:00		0.50533	6.3693	18.6193	0.359375	1013.67	154.386	26.6248	23.2624	37.8381	61.1	14.586	1124.38	10.865	51.765	45.8742	43.2792								
2016/03/13 13:00:00		0.4907	53.377	18.6505	0.365625	1013.65	86.107	26.6468	21.3953	38.5673	59.963	14.586	1100.0	10.3935	51.631	44.9067	42.3842								
2016/03/13 13:05:00		0.61207	12.9025	18.6208	0.364062	1013.58	63.977	26.6669	22.1346	38.7111	60.846	14.586	1112.5	10.8436	51.336	42.9283	39.495								
2016/03/13 13:10:00		0.51764	3.87056	18.6448	0.363021	1013.53	67.01	26.6879	20.2697	39.3923	59.662	14.586	1057.29	10.4221	48.4317	42.0425	39.9467								
2016/03/13 13:15:00		0.431795	73.285	18.6234	0.365104	1013.51	61.25	26.7	18.3625	36.8933	55.256	14.4811	982.08	10.1364	47.02	42.4425	39.3342								
2016/03/13 13:20:00		0.81482	37.3782	18.5401	0.365104	1013.46	73.711	26.7032	18.1056	37.3177	55.423	14.586	968.33	9.2078	44.9258	39.6567	37.2142								
2016/03/13 13:25:00		0.328949	356.07	18.512	0.363021	1013.41	107.326	26.7072	19.0526	35.6814	54.734	14.586	935.21	8.8434	46.1758	40.4417	38.0708								
2016/03/13 13:30:00		0.5822	22.5575	18.5104	0.363542	1013.31	124.68	26.7088	19.1776	35.5787	54.756	14.586	968.75	8.622	46.4833	39.3242	36.8367								
2016/03/13 13:35:00		0.61874	34.465	18.5547	0.359896	1013.25	108.303	26.7078	19.4479	34.6475	54.095	14.586	937.5	8.3934	50.35	41.3375	38.15								
2016/03/13 13:40:00		0.118218	70.244	18.6609	0.364583	1013.18	91.532	26.7126	21.5785	34.651	56.229	14.586	954.79	8.1934	52.442	42.4192	38.7108								
2016/03/13 13:45:00		0.60319	322.861	18.7682	0.359896	1013.08	100.815	26.715	22.2775	34.7845	57.062	14.586	1030.63	9.3435	56.151	45.195	41.3692								
2016/03/13 13:50:00		0.078321	284.375	18.8417	0.3625	1012.97	108.412	26.7271	26.6012	37.126	63.727	14.586	1173.33	9.8578	57.135	45.2117	41.0692								
2016/03/13 13:55:00		0.58245	294.385	18.9214	0.360938	1012.95	83.745	26.737	25.8553	35.767	61.622	14.586	1160.0	11.0722	52.406	45.4308	42.4425								
2016/03/13 14:00:00		0.50327	1.51704	18.8443	0.3625	1012.94	91.401	26.7419	23.986	32.84	56.826	14.586	1111.67	11.6544	53.696	47.0908	44.4125								
2016/03/13 14:05:00		0.5644	320.245	18.8229	0.361979	1012.86	99.342	26.7472	23.5416	34.894	58.436	14.586	1156.04	13.1795	52.971	44.395	41.45								
2016/03/13 14:10:00		0.178156	337.824	18.8219	0.363021	1012.79	139.606	26.7561	20.9531	32.6346	53.588	14.586	1094.79	13.8438	51.317	43.5	40.4083								
2016/03/13 14:15:00		0.84474	315.764	18.8724	0.365104	1012.65	216.701	26.7676	24.6672	34.247	58.914	14.586	1204.79	13.9938	52.666	42.2475	38.5								
2016/03/13 14:20:00		0.476459	324.173	19.0318	0.366146	1012.62	271.389	26.7907	22.0676	32.7887	54.856	14.586	1156.46	13.7795	45.3658	37.3442	34.795								
2016/03/13 14:25:00		0.55646	344.638	19.237	0.3625	1012.5	228.805	26.8157	25.3059	33.7369	59.043	14.586	1180.42	12.7723	48.2092	38.7825	35.0975								
2016/03/13 14:30:00		0.5862	16.4682	19.4734	0.360938	1012.5	197.852	26.8433	25.9871	36.7837	62.771	14.586	1261.46	11.9758	47.8175	37.6492	33.985								
2016/03/13 14:35:00		1.42695	20.4596	19.525	0.364583	1012.42	196.846	26.8989	24.2875	33.0283	57.316	14.586	1180.0	12.3294	41.4933	35.9033	34.1342								
2016/03/13 14:40:00		0.87538	347.19	19.5406	0.357292	1012.4	285.979	26.9451	23.9391	34.1478	58.087	14.586	1162.92	11.9151	47.3608	37.9508	34.825								
2016/03/13 14:45:00		0.78586	349.738	19.624	0.361458	1012.38	275.53	26.9953	22.4316	33.2166	55.648	14.586	1106.04	11.8044	41.795	34.7892	32.8458								
2016/03/13 14:50:00		0.84691	352.516	19.7146	0.364062	1012.32	261.727	27.049	20.7477	33.7061	54.454	14.4907	1020.63	12.4294	45.7767	37.3883	33.8267								
2016/03/13 14:55:00		0.82568	345.277	19.7453	0.361458	1012.32	210.051	27.104	19.9973	35.5924	55.59	14.443	995.42	12.0544	44.0583	36.7017	33.7467								
2016/03/13 15:00:00		1.25597	324.804	19.7984	0.363021	1012.41	210.277	27.1821	18.6215	35.1097	53.731	14.5145	970.0	12.333	42.2608	34.1558	32.1275								
2016/03/13 15:05:00		1.17775	322.067	19.8417	0.3625	1012.32	258.861	27.249	15.7316	33.131	48.8626	14.505	933.75	11.8794	42.6067	34.4517	32.185								
2016/03/13 15:10:00		0.69593	317.942	19.9161	0.3625	1012.32	236.556	27.3091	15.8991	34.5175	50.417	14.381	902.92	11.4543	42.85	34.8675	32.37								
2016/03/13 15:15:00		0.63139	14.2346	20.0531	0.3625	1012.26	247.231	27.3478	15.7227	35.6129	51.336	14.4811	932.5	11.1043	49.4683	36.6825	33.0658								
2016/03/13 15:20:00		1.04085	320.171	20.25	0.365625	1012.28	254.45	27.4028	18.3602	39.8305	58.191	14.5431	1063.33	11.8294	42.66	34.335	31.395								
2016/03/13 15:25:00		0.61623	348.081	20.3615	0.363021	1012.29	279.22	27.4541	17.8533	38.8172	56.67	14.5765	1052.08	12.5258	41.2917	31.9117	28.8175								
2016/03/13 15:30:00		1.12704	16.1569	20.4656	0.360938	1012.3	254.136	27.5124	16.4641	39.2759	55.74	14.4907	1021.46	11.9044	34.3133	26.1675	23.7625								
2016/03/13 15:35:00		0.350872	42.7208	20.5417	0.361458	1012.3	213.777	27.5744	17.8198	40.9123	58.732	14.586	1172.71	10.3328	40.5192	27.2917	24.6425								
2016/03/13 15:40:00		1.18459	8.559	20.601	0.366146	1012.32	227.354	27.6299	17.2793	39.6251	56.904	14.4907	1143.96	10.115	35.4183	27.935	25.8758								
2016/03/13 15:45:00		0.483468	18.0719	20.6797	0.360938	1012.37	227.908	27.6995	16.0041	41.2717	57.276	14.586	1108.13	9.7721	43.1683	30.27	27.5375								
2016/03/13 15:50:00		0.8578	16.9515	20.788	0.361458	1012.37	239.108	27.7618	16.2721	40.2584	56.53	14.586	1082.71	10.115	39.7275	28.2758	25.305								
2016/03/13 15:55:00		0.228534	1.30314	20.8406	0.3625	1012.35	257.148	27.8233	14.6328	41.3196	55.952	14.5193	1063.13	10.3078	35.9433	24.8742	22.4267								
2016/03/13 16:00:00		0.99451	16.3436	20.901	0.358854	1012.39	237.008	27.8794	12.701	41.193	53.894	14.4382	1031.04	9.2792	32.98	24.9175	22.6558								
2016/03/13 16:05:00		0.84788	349.342	20.925	0.360938	1012.46	233.508	27.9524	14.845	43.5653	58.41	14.3477	1062.92	8.9149	33.4583	24.9342	22.515								
2016/03/13 16:10:00		0.442876	17.9014	21.0161	0.359896	1012.54	196.561	28.0104	14.3224	43.4044	57.727	14.5622	1048.75	8.172	33.5975	24.0817	21.9108								
2016/03/13 16:15:00		0.7285	17.8494	21.1026	0.358333	1012.6	171.391	28.0745	12.8618	44.2808	57.143	14.3191	1034.79	7.6327	37.0192	27.2967	24.495								
2016/03/13 16:20:00		0.66849	54.288	21.1031	0.358854	1012.63	162.845	28.1282	12.5446	43.7742	56.319	14.5002	1027.08	7.897	45.7075	30.315	28.0492								
2016/03/13 16:25:00		0.405812	291.748	21.0578	0.360417	1012.73	148.954	28.1929	13.5988	44.6163	58.215	14.3143	1052.5	9.1077	46.4725	31.4158	27.4708								
2016/03/13 16:30:00		0.93643	348.974	21.1063	0.358854	1012.65	148.56	28.2397	14.8405	44.072	58.912	14.3	1073.13	9.2578	42.655	27.6733	23.2367								
2016/03/13 16:35:00		0.69986	352.965	21.0177	0.357812	1012.69	136.945	28.2746	14.2196	44.5752	58.795	14.3095	1016.04	9.5149	37.1958	25.3292	22.9525								
2016/03/13 16:40:00		0.416733	13.9343	21.0526	0.359896	1012.77	108.23	28.3001	15.5864	45.7665	61.353	14.4192	1040.0	9.0542	50.552	31.6458	27.8033								
2016/03/13 16:45:00		0.76772	325.503	21.1005	0.358854	1012.99	100.268	28.3322	16.2654	43.8289	60.094	14.3	1043.75	9.0077	43.8967	29.59	26.5608								
2016/03/13 16:50:00		0.402484	10.1771	21.1026	0.357812	1013.12	116.302	28.3516	14.711	46.1808	60.892	14.3	1050.21	9.6221	40.5808	29.75	26.4967								
2016/03/13 16:55:00		0.96376	22.3749	21.0005	0.359896	1013.12	140.197	28.358	14.0968	44.6882	58.785	14.3	1018.96	10.2007	36.4283	27.6642	25.5333								
2016/03/13 17:00:00		0.374567	325.257	21.0292	0.359896	1013.08	160.774	28.3712	13.0739	44.8114	57.885	14.3	1033.33	9.9649	48.4675	30.5183	26.8667								
2016/03/13 17:05:00		0.58703	10.9925	21.1063	0.363021	1013.01	117.184	28.3784	16.7254	48.7277	65.453	14.3	1160.0	9.8792	46.025	30.81	26.8483								
2016/03/13 17:10:00		0.72455	12.6049	21.1708	0.360417	1013.08	84.233	28.3894	16.2765	47.6631	63.94	14.3	1217.29	10.0078	50.356	32.8792	28.7783								
2016/03/13 17:15:00		0.402062	351.882	21.1885	0.357292	1013.19	64.24	28.3918	15.4882	48.8099	64.298	14.3	1293.33	11.4365	51.604	33.1258	29.0225								
2016/03/13 17:20:00		1.24273	317.734	21.101	0.357292	1013.25	50.101	28.3975	22.8515	51.562	74.414	14.3	1326.46	11.1043	45.3208	32.2717	29.2667								
2016/03/13 17:25:00		0.408262	322.316	21.074	0.360417	1013.35	45.1792	28.3838	19.9347	49.2481	69.183	14.3286	1312.92	10.99	44.4467	32.3075	28.9575								
2016/03/13 17:30:00		1.07325	324.168	20.9703	0.360417	1013.42	41.3948	28.376	20.1156	46.9373	67.053	14.3	1323.96	11.3043	46.9633	32.8483	29.7208								
2016/03/13 17:35:00		1.42597	318.907	20.8807	0.361979	1013.47	35.8312	28.3035	18.8739	47.6631	66.537	14.3	1276.46	9.8864	44.34	30.7725	27.6025								
2016/03/13 17:40:00		0.452073	333.424	20.8005	0.358854	1013.46	28.6635	27.9126	19.7985	47.2831	67.082	14.3	1375.21	10.9079	45.1525	31.5058	28.4858								
2016/03/13 17:45:00		0.70741	331.75	20.7177	0.358333	1013.53	22.3052	27.751	17.9649	44.9723	62.937	14.3143	1293.33	11.4365	40.4067	29.98	27.16								
2016/03/13 17:50:00		1.03363	325.628	20.6396	0.363021	1013.56	14.649	27.7191	17.123	45.8316	62.955	14.3095	1272.5	10.3614	48.8075	35.9725	32.1775								
2016/03/13 17:55:00		1.65102	315.833	20.5328	0.361979	1013.5	7.2844	27.6407	17.7126	46.4546	64.167	14.3	1277.29	11.0043	67.703	47.9733	42.9983								
2016/03/13 18:00:00		1.17403	323.758	20.2734	0.360417	1013.77	1.99792	27.5966	20.4975	46.4341	66.932	14.3	1296.67	11.3329	61.22	49.05	45.26								
2016/03/13 18:05:00		1.53309	316.097	19.9875	0.373958	1013.95	1.06458	27.5499	18.4429	44.2637	62.707	14.5669	1256.67	11.7544	62.732	49.7117	45.7875								
2016/03/13 18:10:00		1.37164	310.866	19.7479	0.363542	1013.96	1.05729	27.5046	17.3508	43.4352	60.786	14.3	1211.67	12.6366	65.967	52.537	47.9942								
2016/03/13 18:15:00		1.06587	309.53	19.5661	0.354167	1014.03	1.04271	27.431	17.918	45.2393	63.157	14.3	1309.58	13.2652	69.303	53.425	48.7483								
2016/03/13 18:20:00		1.18523	307.201	19.3964	0.358854	1014.11	1.07187	27.3813	19.6422	44.5855	64.228	14.3	1390.21	13.7366	75.458	56.02	50.553								
2016/03/13 18:25:00		1.4292	316.47	19.2979	0.359375	1014.3	1.13021	27.2946	26.465	46.2561	72.721	14.3	1499.38	14.4438	70.629	54.227	49.1675								
2016/03/13 18:30:00		1.14349	310.236	19.1875	0.359375	1014.34	1.05729	27.2146	31.6039	47.3242	78.928	14.3477	1493.54	13.9509	69.54	52.698	47.8592								
2016/03/13 18:35:00		0.8794	318.533	19.0896	0.361458	1014.36	1.15937	27.1695	31.9523	46.8586	78.811	14.3667	1513.13	14.1438	63.512	51.894	47.7325								
2016/03/13 18:40:00		1.36722	306.683	19.0052	0.361979	1014.44	1.13021	27.0968	31.2868	45.2188	76.506	14.3	1538.75	13.6938	65.358	52.272	47.4433								
2016/03/13 18:45:00		1.11432	311.062	18.9188	0.359896	1014.52	1.14479	27.0033	30.7329	44.1884	74.921	14.4525	1510.63	13.3295	65.933	52.783	48.6725								
2016/03/13 18:50:00		0.99002	309.221	18.8453	0.366667	1014.59	1.15208	26.9268	31.5213	45.8042	77.325	14.4049	1605.83	13.5223	76.469	56.461	51.099								
2016/03/13 18:55:00		1.13473	327.286	18.8229	0.363542	1014.68	1.12292	26.853	33.663	46.7319	80.395	14.3953	1677.71	13.8866	70.03	55.323	51.017								
2016/03/13 19:00:00		1.13056	310.076	18.7651	0.359896	1014.71	1.12292	26.7698	30.5632	44.9415	75.505	14.3095	1636.67	14.6653	71.992	56.749	52.762								
2016/03/13 19:05:00		1.2569	318.945	18.7214	0.361458	1014.75	1.15937	26.7137	28.169	45.1983	73.367	14.4096	1660.0	15.2117	73.532	57.809	53.366								
2016/03/13 19:10:00		0.92931	319.274	18.676	0.364062	1014.82	1.13021	26.6465	28.2651	45.4961	73.761	14.4621	1710.0	16.0796	73.765	59.509	54.242								
2016/03/13 19:15:00		0.86136	327.042	18.6203	0.3625	1015.04	1.11563	26.6189	29.5693	45.1606	74.73	14.6956	1694.38	16.5833	70.974	59.234	55.384								
2016/03/13 19:20:00		0.98849	315.643	18.612	0.356771	1015.14	1.19583	26.545	27.6911	43.9453	71.636	14.3953	1693.75	16.0332	79.107	62.367	57.371								
2016/03/13 19:25:00		1.3063	311.103	18.5125	0.360417	1015.18	1.18854	26.4964	30.5609	43.8289	74.39	14.3	1680.63	17.7869	77.966	63.268	58.971								
2016/03/13 19:30:00		1.25692	315.372	18.4911	0.366146	1015.28	1.11563	26.4632	25.9938	42.4664	68.46	14.3	1580.83	18.9477	78.74	65.522	61.462								
2016/03/13 19:35:00		1.44614	318.436	18.412	0.363021	1015.31	1.09375	26.4154	24.6203	42.463	67.083	14.4335	1571.25	19.4477	81.021	67.446	63.257								
2016/03/13 19:40:00		1.16668	306.862	18.4172	0.364062	1015.37	1.10833	26.3536	24.3724	42.689	67.061	14.4573	1567.5	20.7621	81.976	67.937	63.249								
2016/03/13 19:45:00		1.10853	316.738	18.3297	0.363021	1015.39	1.13021	26.323	27.0836	42.8122	69.896	14.586	1608.33	21.8157	82.473	68.428	63.778								
2016/03/13 19:50:00		0.9596	310.874	18.3151	0.366146	1015.54	1.10833	26.2546	30.7619	42.2028	72.965	14.586	1601.46	22.4801	86.353	70.294	65.29								
2016/03/13 19:55:00		0.334398	305.94	18.3115	0.361979	1015.67	1.08646	26.1899	31.6865	41.573	73.259	14.3429	1626.67	23.6337	85.484	71.253	66.595								
2016/03/13 20:00:00		1.13984	320.082	18.2167	0.361979	1015.85	1.10833	26.1633	32.6044	42.0146	74.619	14.3715	1635.83	24.6552	86.921	72.086	67.613								
2016/03/13 20:05:00		1.05518	319.941	18.2161	0.359896	1015.89	1.10104	26.1187	30.5453	40.4159	70.961	14.5717	1613.13	25.1374	118.467	88.687	70.994								
2016/03/13 20:10:00		1.09408	320.829	18.1547	0.360938	1015.96	1.13021	26.0792	27.2377	40.8917	68.129	14.586	1565.21	26.2517	87.126	73.739	69.878								
2016/03/13 20:15:00		0.57296	317.202	18.1151	0.358854	1016.02	1.10833	26.0384	25.8754	40.0461	65.922	14.586	1503.33	26.6803	98.767	76.339	69.593								
2016/03/13 20:20:00		1.17563	317.308	18.1151	0.364062	1016.1	1.13021	26.0312	26.4829	39.7997	66.283	14.586	1538.75	26.2946	86.461	73.312	68.775								
2016/03/13 20:25:00		0.88624	318.805	18.0594	0.363542	1016.15	1.1375	25.9823	29.3281	39.5018	68.83	14.586	1585.83	25.6731	85.253	72.202	67.346								
2016/03/13 20:30:00		1.30356	321.826	18.0109	0.364583	1016.23	1.10104	25.9276	32.562	38.2078	70.77	14.5622	1619.17	25.4803	86.087	71.332	67.169								
2016/03/13 20:35:00		0.445341	353.216	18.0094	0.366146	1016.42	1.10833	25.9104	32.2605	37.5711	69.832	14.586	1596.46	25.3731	81.423	70.678	66.502								
2016/03/13 20:40:00		1.07089	316.347	17.9844	0.366146	1016.61	1.07187	25.8629	33.902	37.5026	71.405	14.586	1612.29	24.9267	84.857	71.723	66.828								
2016/03/13 20:45:00		0.92301	338.714	17.9089	0.364062	1016.76	1.02813	25.8444	33.7814	36.1744	69.956	14.586	1597.08	24.6052	85.397	72.132	67.738								
2016/03/13 20:50:00		0.65652	319.58	17.9063	0.365104	1016.82	1.10833	25.8086	33.596	35.9587	69.555	14.586	1568.96	25.1017	89.708	73.588	68.161								
2016/03/13 20:55:00		1.10879	320.146	17.9063	0.364062	1016.87	1.09375	25.7694	36.5061	36.3318	72.838	14.586	1596.46	25.1088	96.243	76.275	70.108								
2016/03/13 21:00:00		1.16412	307.093	17.887	0.361979	1016.83	1.10833	25.7531	40.966	36.2223	77.188	14.586	1647.92	25.8231	92.832	79.223	74.41								
2016/03/13 21:05:00		1.05208	314.04	17.8099	0.365104	1016.82	1.13021	25.7034	37.9064	35.9553	73.862	14.586	1541.46	26.8732	93.775	79.75	75.128								
2016/03/13 21:10:00		1.01258	314.072	17.813	0.363542	1016.9	1.09375	25.6806	36.7942	35.3528	72.147	14.586	1533.96	27.3875	95.153	79.403	74.275								
2016/03/13 21:15:00		1.25635	315.287	17.8094	0.361458	1016.99	1.04271	25.6516	36.1309	35.3356	71.467	14.586	1492.92	27.1589	100.748	80.592	74.497								
2016/03/13 21:20:00		1.34457	324.254	17.7526	0.366146	1017.07	1.10104	25.5955	40.4211	35.5787	76.0	14.586	1523.54	28.0661	95.503	78.933	73.012								
2016/03/13 21:25:00		1.12327	308.345	17.7115	0.363542	1017.09	1.10833	25.5493	40.5037	36.8248	77.329	14.586	1522.29	27.8018	96.047	77.281	71.382								
2016/03/13 21:30:00		1.40508	316.039	17.7156	0.360938	1017.12	1.07917	25.5096	38.0806	34.4045	72.485	14.586	1437.92	27.8411	89.027	74.917	69.873								
2016/03/13 21:35:00		1.49335	303.817	17.675	0.361458	1017.23	1.10833	25.4988	32.2538	33.6993	65.953	14.586	1352.5	27.2982	88.417	74.996	69.242								
2016/03/13 21:40:00		0.79882	328.221	17.6115	0.357812	1017.34	1.12292	25.4312	30.3153	34.1032	64.419	14.586	1310.63	26.5089	90.535	74.607	68.922								
2016/03/13 21:45:00		0.91214	336.045	17.6141	0.355729	1017.43	1.10104	25.4027	29.8463	34.1032	63.95	14.586	1307.29	26.316	90.433	73.759	68.171								
2016/03/13 21:50:00		0.72544	330.509	17.6125	0.358333	1017.48	1.10833	25.3568	30.8982	35.2911	66.189	14.586	1307.71	25.6731	87.117	72.813	67.902								
2016/03/13 21:55:00		1.146	312.019	17.5714	0.359375	1017.48	1.06458	25.3154	30.3599	34.3668	64.727	14.586	1271.67	25.2731	87.373	72.985	67.648								
2016/03/13 22:00:00		1.04922	311.599	17.5104	0.356771	1017.43	1.10833	25.2693	30.1991	33.5452	63.744	14.586	1263.13	24.8588	86.377	72.138	66.69								
2016/03/13 22:05:00		1.07183	307.819	17.5068	0.354688	1017.44	1.12292	25.24	30.284	34.5859	64.87	14.586	1261.67	24.8802	86.158	71.41	65.978								
2016/03/13 22:10:00		0.94205	322.033	17.5073	0.35625	1017.46	1.08646	25.2365	28.9998	33.9355	62.935	14.586	1223.13	24.2945	87.472	71.098	65.349								
2016/03/13 22:15:00		1.06274	325.268	17.5109	0.358333	1017.5	1.20313	25.2016	34.9003	32.9153	67.816	14.586	1281.04	24.5945	86.758	70.829	64.916								
2016/03/13 22:20:00		1.27381	315.38	17.5099	0.356771	1017.55	1.18125	25.1767	39.1548	33.3912	72.546	14.586	1310.83	24.8767	87.557	71.633	65.558								
2016/03/13 22:25:00		0.86973	327.248	17.5115	0.358854	1017.64	1.13021	25.152	37.5423	32.5833	70.126	14.5812	1327.29	24.9552	85.719	70.002	64.033								
2016/03/13 22:30:00		0.88582	325.538	17.5078	0.359375	1017.7	1.10104	25.1418	39.7332	31.7103	71.444	14.586	1350.0	24.0445	85.534	70.301	64.45								
2016/03/13 22:35:00		0.81924	326.509	17.5089	0.3625	1017.76	1.08646	25.1187	42.8376	32.2889	75.126	14.4907	1405.21	24.2445	88.897	71.587	64.772								
2016/03/13 22:40:00		0.78826	326.245	17.4224	0.359375	1017.8	1.17396	25.1045	45.9553	32.0013	77.957	14.586	1375.83	24.5195	84.232	69.659	63.865								
2016/03/13 22:45:00		0.95525	319.351	17.4089	0.359896	1017.66	1.13021	25.0956	44.861	31.9671	76.828	14.586	1311.67	24.2766	82.984	68.63	62.946								
2016/03/13 22:50:00		0.9126	314.932	17.4109	0.361979	1017.55	1.13021	25.0744	46.8531	31.0702	77.923	14.586	1310.83	24.0445	83.543	68.746	62.633								
2016/03/13 22:55:00		1.37297	318.527	17.4104	0.358854	1017.47	1.07187	25.055	45.9062	30.9401	76.846	14.586	1279.17	24.1302	83.803	67.468	61.807								
2016/03/13 23:00:00		0.57087	322.111	17.3182	0.357812	1017.54	1.15937	25.043	45.7186	31.6213	77.34	14.5812	1338.33	23.8587	84.337	69.219	62.807								
2016/03/13 23:05:00		1.08305	320.156	17.3104	0.358333	1017.65	1.15208	25.0279	49.4527	32.2991	81.752	14.586	1335.0	25.0088	78.97	66.955	61.791								
2016/03/13 23:10:00		0.74993	315.618	17.3109	0.359896	1017.67	1.09375	24.9976	48.7559	30.4951	79.251	14.586	1293.54	24.4123	78.895	64.99	60.2								
2016/03/13 23:15:00		1.1272	324.811	17.3099	0.357292	1017.6	1.08646	24.9769	48.6554	30.7758	79.431	14.586	1287.08	23.6694	80.908	65.111	59.553								
2016/03/13 23:20:00		0.68774	316.117	17.3094	0.357292	1017.64	1.06458	24.9495	48.6353	30.3821	79.017	14.586	1295.21	22.7265	78.86	64.132	59.096								
2016/03/13 23:25:00		1.147	318.229	17.3083	0.355729	1017.65	1.13021	24.9648	50.395	30.0843	80.479	14.586	1301.67	21.3336	78.886	64.572	58.794								
2016/03/13 23:30:00		0.88167	317.714	17.2281	0.361979	1017.64	1.15937	24.9356	47.4851	29.3072	76.792	14.586	1212.92	20.9335	77.807	63.341	58.097								
2016/03/13 23:35:00		0.99674	299.12	17.2141	0.359375	1017.6	1.12292	24.9377	51.311	29.5126	80.823	14.586	1185.42	20.4335	81.8	64.514	58.409								
2016/03/13 23:40:00		0.94411	314.405	17.2135	0.358333	1017.52	1.09375	25.0298	49.2271	30.7415	79.969	14.586	1149.58	21.7014	77.831	61.988	57.28								
2016/03/13 23:45:00		1.02137	314.778	17.2094	0.359375	1017.51	1.07187	25.1173	46.8933	29.2592	76.153	14.586	1108.96	21.5407	70.597	59.78	55.708								
2016/03/13 23:50:00		0.68774	328.147	17.2109	0.358854	1017.35	1.15208	25.174	44.1485	30.2623	74.411	14.586	1090.0	21.4586	77.955	63.321	56.909								
2016/03/13 23:55:00		0.99331	322.223	17.2094	0.355729	1017.28	1.13021	25.2322	45.2004	30.1596	75.36	14.586	1024.79	21.6443	73.924	60.922	55.847								
2016/03/14 00:00:00		0.92389	319.093	17.2115	0.35625	1017.37	1.11563	25.2687	42.717	29.9507	72.668	14.586	998.33	21.3836	72.433	60.193	55.633								
