-- 1st mean values --
Format: XTAB(V:1;HEAD:2;COL:TCFFFFFFFFFFFFFFFFFFFFFFFF)
StartTime: 2015/08/07 00:00:00
EndTime: 2015/08/08 00:00:00
Period: 24 h
Station: Gia Lam

Time	MeasPt	Wind Spd.	Wind Dir.	Temp	RH	Barometer	Radiation	InnerTemp	NO	NO2	NOx	SO2	CO	O3	PM-10	PM-2.5	PM-1	CH4	NMHC	THC	BENZEN	TOLUEN	ETHYL BENZEN	MP-XYLEN	O-XYLEN
		m/s	degree	°C	%	hPa	W/m²	°C	µg/m3	µg/m3	µg/m3	µg/m3	µg/m3	µg/m3	µg/m3	µg/m3	µg/m3	ppm	ppmC	ppmC	ug/m3	ug/m3	ug/m3	ug/m3	ug/m3
2015/08/07 00:05:00		0.97148	136.134	27.3911	67.609	1005.84	1.15937	26.432	74.332	21.0158	95.348	52.104	2160.42	9.5042	45.5908	30.3842	18.7908				0.0	0.0	0.0	0.0	0.0
2015/08/07 00:10:00		0.0	502.0	27.3896	67.729	1005.78	1.19583	26.1942	53.618	18.0923	71.71	52.062	2147.29	8.7792	47.9383	31.96	19.5425				0.0	0.0	0.0	0.0	0.0
2015/08/07 00:15:00		0.5625	163.238	27.3792	67.781	1005.72	1.19583	26.0124	1.12113	0.027387	1.14852	50.736	2148.75	9.0542	49.8575	33.24	19.4425				0.0	0.0	0.0	0.0	0.0
2015/08/07 00:20:00		0.0	502.0	27.2969	67.817	1005.67	1.16667	25.828	1.04743	0.0	1.04743	50.145	2135.0	9.3792	47.8266	31.8725	19.3983				0.0	0.0	0.0	0.0	0.0
2015/08/07 00:25:00		0.69559	159.779	27.2917	67.909	1005.56	1.19583	25.6698	45.6382	0.89349	46.5317	49.0919	2116.25	9.5685	44.7925	29.8667	19.1042				0.0	0.0	0.0	0.0	0.0
2015/08/07 00:30:00		0.62635	132.319	27.2516	67.985	1005.48	1.14479	25.5163	212.33	3.31379	215.643	47.8669	2102.08	9.2578	46.685	31.1183	19.5133				0.0	0.0	0.0	0.0	0.0
2015/08/07 00:35:00		0.58705	173.118	27.1932	68.106	1005.4	1.18125	25.3777	213.895	2.2012	216.096	47.252	2084.38	8.6792	44.7733	29.845	20.0833				0.0	0.0	0.0	0.0	0.0
2015/08/07 00:40:00		0.69469	159.812	27.1948	68.24	1005.44	1.1375	25.2408	216.296	1.61581	217.912	46.9135	2071.04	9.5399	49.495	32.9933	21.045				0.0	0.0	0.0	0.0	0.0
2015/08/07 00:45:00		0.6905	142.789	27.1906	68.417	1005.43	1.21771	25.1455	183.681	6.6995	190.38	46.2081	2060.83	9.2363	59.083	39.385	22.5617				0.0	0.0	0.0	0.0	0.0
2015/08/07 00:50:00		0.56326	177.17	27.1906	68.631	1005.46	1.14479	25.0749	59.934	13.1833	73.117	45.5932	2047.5	9.7149	63.999	42.6633	23.2967				0.0	0.0	0.0	0.0	0.0
2015/08/07 00:55:00		0.0	502.0	27.1896	68.831	1005.59	1.21771	25.0169	76.277	15.2441	91.521	45.4311	2041.46	10.49	62.815	41.8767	22.9733				0.0	0.0	0.0	0.0	0.0
2015/08/07 01:00:00		0.0	502.0	27.1896	68.856	1005.58	1.18854	24.9852	93.304	18.7359	112.04	45.5407	2025.83	10.89	57.705	38.465	22.025				0.0	0.0	0.0	0.0	0.0
2015/08/07 01:05:00		0.58834	139.426	27.188	68.854	1005.56	1.21042	24.9444	70.986	16.7435	87.73	44.7018	2011.04	10.5864	56.967	37.9683	22.3333				0.0	0.0	0.0	0.0	0.0
2015/08/07 01:10:00		0.56599	146.257	27.1922	68.857	1005.54	1.18854	24.9074	62.194	15.3982	77.592	44.697	1997.29	11.2293	60.395	40.25	24.2917				0.0	0.0	0.0	0.0	0.0
2015/08/07 01:15:00		0.59441	139.907	27.099	68.869	1005.49	1.19583	24.8542	58.612	14.556	73.168	44.8639	1992.29	10.8364	67.807	45.2117	25.1267				0.0	0.0	0.0	0.0	0.0
2015/08/07 01:20:00		0.65507	132.074	27.0953	69.024	1005.48	1.21771	24.8139	59.987	13.3955	73.383	44.7256	1980.0	10.5471	84.476	56.323	26.0558				0.0	0.0	0.0	0.0	0.0
2015/08/07 01:25:00		0.76145	151.746	27.0938	69.056	1005.4	1.15208	24.7901	80.869	15.5454	96.414	44.5969	1978.13	10.715	64.602	43.0709	24.0183				0.0	0.0	0.0	0.0	0.0
2015/08/07 01:30:00		0.72998	152.382	27.0932	69.064	1005.35	1.14479	24.7595	76.849	15.8398	92.689	43.8772	1961.67	10.9936	60.638	40.4225	23.4183				0.0	0.0	0.0	0.0	0.0
2015/08/07 01:35:00		0.90279	144.353	27.0943	69.161	1005.38	1.16667	24.7162	64.789	14.2582	79.047	43.8915	1953.13	10.315	62.713	41.8117	24.4167				0.0	0.0	0.0	0.0	0.0
2015/08/07 01:40:00		0.73464	117.001	27.0885	69.24	1005.47	1.18125	24.6741	67.967	16.1479	84.115	44.3681	1940.0	10.3507	62.869	41.9133	23.8125				0.0	0.0	0.0	0.0	0.0
2015/08/07 01:45:00		0.60323	99.023	27.0938	69.258	1005.5	1.16667	24.6207	61.055	15.292	76.347	44.1012	1926.04	10.39	59.237	39.4867	23.4883				0.0	0.0	0.0	0.0	0.0
2015/08/07 01:50:00		0.80966	135.784	26.9953	69.27	1005.4	1.21771	24.5766	55.302	13.7241	69.026	43.8867	1912.5	10.8436	63.841	42.57	24.0383				0.0	0.0	0.0	0.0	0.0
2015/08/07 01:55:00		0.72029	147.691	26.987	69.357	1005.32	1.13021	24.5347	57.513	13.0737	70.587	43.6198	1907.29	11.0436	65.932	43.9475	24.2117				0.0	0.0	0.0	0.0	0.0
2015/08/07 02:00:00		0.63948	133.471	26.9901	69.356	1005.21	1.1375	24.4945	60.338	14.0288	74.367	43.8104	1893.33	11.0793	68.623	45.745	24.31				0.0	0.0	0.0	0.0	0.0
2015/08/07 02:05:00		0.7701	154.629	26.9833	69.387	1005.14	1.14479	24.4558	60.068	12.7725	72.84	43.1431	1890.0	10.715	65.997	44.0025	24.7417				0.0	0.0	0.0	0.0	0.0
2015/08/07 02:10:00		0.81046	149.725	26.9823	69.466	1005.14	1.14479	24.4188	63.677	13.06	76.737	43.3481	1872.92	10.7543	67.452	44.9667	25.3042				0.0	0.0	0.0	0.0	0.0
2015/08/07 02:15:00		0.92716	151.149	26.9141	69.556	1005.12	1.15208	24.3906	64.199	12.6424	76.842	43.0049	1865.83	10.7114	69.834	46.55	25.7717				0.0	0.0	0.0	0.0	0.0
2015/08/07 02:20:00		0.63835	153.369	26.8891	69.563	1005.18	1.20313	24.3414	69.747	13.44	83.187	43.3338	1847.71	10.8793	65.288	43.5208	25.775				0.0	0.0	0.0	0.0	0.0
2015/08/07 02:25:00		0.66383	154.765	26.8927	69.561	1005.15	1.17396	24.3205	63.541	12.6492	76.19	42.9858	1842.5	11.065	72.486	48.3392	26.1367				0.0	0.0	0.0	0.0	0.0
2015/08/07 02:30:00		0.81435	155.059	26.8891	69.606	1004.99	1.10833	24.2969	66.004	11.8447	77.849	42.9143	1835.42	10.8757	70.965	47.31	26.1892				0.0	0.0	0.0	0.0	0.0
2015/08/07 02:35:00		0.5959	156.23	26.8234	69.657	1005.05	1.17396	24.2843	69.001	12.7177	81.719	42.776	1822.92	10.3507	61.929	41.2867	25.2883				0.0	0.0	0.0	0.0	0.0
2015/08/07 02:40:00		0.68937	130.279	26.7995	69.754	1005.07	1.20313	24.2757	65.589	13.7207	79.309	42.695	1805.63	10.0078	63.653	42.4325	25.6558				0.0	0.0	0.0	0.0	0.0
2015/08/07 02:45:00		0.72813	145.709	26.7969	69.757	1005.05	1.18854	24.2569	59.838	11.3449	71.183	42.8428	1795.83	10.1471	66.406	44.275	25.9825				0.0	0.0	0.0	0.0	0.0
2015/08/07 02:50:00		0.63771	151.874	26.7917	69.802	1005.05	1.14479	24.2386	70.864	12.4575	83.321	42.2994	1780.42	10.5328	64.195	42.8017	26.7308				0.0	0.0	0.0	0.0	0.0
2015/08/07 02:55:00		0.81221	151.394	26.7932	69.884	1005.12	1.14479	24.2182	70.419	12.4952	82.914	42.3947	1769.79	10.6936	61.545	41.03	26.7433				0.0	0.0	0.0	0.0	0.0
2015/08/07 03:00:00		0.62795	126.407	26.7021	69.993	1005.17	1.19583	24.2018	65.135	10.0406	75.176	42.3375	1762.5	10.5507	64.65	43.0983	27.2833				0.0	0.0	0.0	0.0	0.0
2015/08/07 03:05:00		0.69797	134.234	26.688	70.067	1005.17	1.18125	24.1744	60.646	11.475	72.121	42.247	1756.67	10.1471	59.834	39.905	27.76				0.0	0.0	0.0	0.0	0.0
2015/08/07 03:10:00		0.8006	146.832	26.6901	70.124	1005.15	1.18854	24.1556	60.311	11.0848	71.396	41.961	1744.38	10.2935	66.827	44.55	29.2525				0.0	0.0	0.0	0.0	0.0
2015/08/07 03:15:00		0.66898	153.965	26.6865	70.261	1005.18	1.15208	24.132	65.888	11.879	77.767	42.1516	1734.79	10.2935	68.668	45.7742	30.4733				0.0	0.0	0.0	0.0	0.0
2015/08/07 03:20:00		0.73067	134.325	26.688	70.355	1005.26	1.20313	24.0977	72.416	12.7588	85.175	42.4472	1727.08	10.8079	66.629	44.6908	31.7883				0.0	0.0	0.0	0.0	0.0
2015/08/07 03:25:00		0.62795	132.836	26.6917	70.356	1005.25	1.18854	24.0657	75.286	11.9064	87.192	42.1516	1720.63	10.2864	66.868	44.725	33.4442				0.0	0.0	0.0	0.0	0.0
2015/08/07 03:30:00		0.66974	128.264	26.687	70.446	1005.25	1.21042	24.0539	66.495	9.9448	76.44	41.918	1711.88	10.3614	67.432	45.0717	33.7767				0.0	0.0	0.0	0.0	0.0
2015/08/07 03:35:00		0.57903	141.789	26.687	70.475	1005.2	1.15937	24.0971	70.622	10.3248	80.947	41.9371	1698.96	7.9577	70.886	47.3458	35.6725				0.0	0.0	0.0	0.0	0.0
2015/08/07 03:40:00		0.80034	146.008	26.6844	70.561	1005.21	1.13021	24.3669	62.775	11.4442	74.219	42.0372	1690.42	3.71811	70.481	46.9883	35.0983				0.0	0.0	0.0	0.0	0.0
2015/08/07 03:45:00		0.68524	156.242	26.6328	70.63	1005.28	1.21042	24.702	63.092	10.9102	74.002	42.4233	1689.79	16.8297	65.087	45.5967	35.4433				0.0	0.0	0.0	0.0	0.0
2015/08/07 03:50:00		0.53751	145.785	26.6854	70.767	1005.36	1.10833	24.8343	76.027	11.5948	87.622	42.8523	1678.54	22.305	65.162	44.455	33.5167				0.0	0.0	0.0	0.0	0.0
2015/08/07 03:55:00		0.73425	159.899	26.6135	70.766	1005.39	1.17396	24.8421	76.398	11.8002	88.198	43.0954	1675.0	16.6904	62.43	43.2983	32.9233				0.0	0.0	0.0	0.0	0.0
2015/08/07 04:00:00		0.56931	171.845	26.5875	70.841	1005.39	1.14479	24.768	73.133	11.0197	84.152	43.7056	1668.13	12.8401	59.39	41.0267	32.0667				0.0	0.0	0.0	0.0	0.0
2015/08/07 04:05:00		0.0	502.0	26.5865	70.991	1005.4	1.15937	24.6223	70.026	11.7146	81.741	43.9868	1663.96	11.2293	59.863	40.7533	31.6517				0.0	0.0	0.0	0.0	0.0
2015/08/07 04:10:00		0.60291	165.031	26.5891	71.068	1005.43	1.07187	24.4883	72.206	11.4511	83.657	43.7532	1662.08	10.415	61.9	41.7767	32.3833				0.0	0.0	0.0	0.0	0.0
2015/08/07 04:15:00		0.5625	154.125	26.5922	71.131	1005.54	1.17396	24.3455	63.214	10.092	73.306	43.4625	1664.79	10.2507	63.905	43.0933	33.125				0.0	0.0	0.0	0.0	0.0
2015/08/07 04:20:00		0.59114	149.133	26.5906	71.166	1005.56	1.14479	24.2915	60.088	11.2902	71.378	43.1717	1660.63	7.3005	65.998	44.245	33.5583				0.0	0.0	0.0	0.0	0.0
2015/08/07 04:25:00		0.56473	146.99	26.5896	71.168	1005.54	1.19583	24.5033	58.234	10.3624	68.597	43.3576	1647.08	1.65368	60.62	42.3033	33.31				0.0	0.0	0.0	0.0	0.0
2015/08/07 04:30:00		0.63633	156.695	26.5891	71.26	1005.51	1.18854	24.8075	60.747	9.4861	70.233	43.1526	1640.63	14.1402	58.774	41.2833	32.3325				0.0	0.0	0.0	0.0	0.0
2015/08/07 04:35:00		0.58124	141.891	26.5146	71.267	1005.56	1.16667	24.9348	73.975	9.3628	83.338	43.2432	1636.25	26.2875	57.62	39.2767	30.0108				0.0	0.0	0.0	0.0	0.0
2015/08/07 04:40:00		0.53438	153.113	26.4839	71.355	1005.58	1.16667	24.9208	72.668	9.7599	82.428	43.5578	1631.25	17.269	53.267	37.4167	29.0717				0.0	0.0	0.0	0.0	0.0
2015/08/07 04:45:00		0.62619	168.842	26.4854	71.426	1005.55	1.23229	24.8064	76.016	8.9554	84.971	44.1584	1635.21	13.4509	56.06	38.4858	29.185				0.0	0.0	0.0	0.0	0.0
2015/08/07 04:50:00		0.69004	147.512	26.4849	71.472	1005.55	1.225	24.6658	77.392	8.8082	86.2	44.2537	1636.67	11.6436	57.888	39.4792	29.445				0.0	0.0	0.0	0.0	0.0
2015/08/07 04:55:00		0.56612	146.347	26.488	71.56	1005.58	1.1375	24.4955	72.208	8.774	80.982	44.3109	1641.46	10.065	54.191	38.8833	30.4458				0.0	0.0	0.0	0.0	0.0
2015/08/07 05:00:00		0.89475	164.859	26.4875	71.614	1005.58	1.15937	24.4459	74.828	9.445	84.273	44.1632	1639.17	7.0148	57.259	40.4358	31.8392				0.0	0.0	0.0	0.0	0.0
2015/08/07 05:05:00		0.89185	167.759	26.4849	71.67	1005.48	1.21042	24.6346	76.074	10.1639	86.238	43.8629	1633.54	0.93221	64.48	43.5267	34.2675				0.0	0.0	0.0	0.0	0.0
2015/08/07 05:10:00		0.84999	159.779	26.4859	71.669	1005.45	1.15208	24.887	73.693	10.4104	84.104	44.268	1626.25	19.3299	49.9692	39.0992	34.2375				0.0	0.0	0.0	0.0	0.0
2015/08/07 05:15:00		0.65742	150.178	26.4802	71.694	1005.42	1.21042	24.9552	79.125	12.1768	91.302	43.9487	1633.54	23.9623	47.4808	36.0192	30.6208				0.0	0.0	0.0	0.0	0.0
2015/08/07 05:20:00		0.0	502.0	26.4406	71.669	1005.47	1.18854	24.9272	83.053	11.3552	94.408	44.0106	1636.88	16.4154	51.632	36.4408	29.4458				0.0	0.0	0.0	0.0	0.0
2015/08/07 05:25:00		0.0	502.0	26.4047	71.671	1005.55	1.18125	24.8118	82.98	11.2046	94.184	44.7447	1643.13	12.8366	41.7108	33.6075	30.235				0.0	0.0	0.0	0.0	0.0
2015/08/07 05:30:00		0.0	502.0	26.4063	71.703	1005.6	1.15208	24.6612	93.353	10.3556	103.709	44.7018	1653.13	10.8007	45.1675	36.2992	32.5717				0.0	0.0	0.0	0.0	0.0
2015/08/07 05:35:00		0.5625	117.45	26.4057	71.761	1005.65	1.14479	24.5049	111.696	11.7763	123.472	44.4539	1669.79	10.69	48.8008	37.885	32.5833				0.0	0.0	0.0	0.0	0.0
2015/08/07 05:40:00		0.54724	150.958	26.4057	71.763	1005.7	1.18854	24.3653	128.106	13.0874	141.194	44.1965	1680.21	10.24	46.935	35.8225	30.5308				0.0	0.0	0.0	0.0	0.0
2015/08/07 05:45:00		0.0	502.0	26.4057	71.82	1005.77	1.19583	24.2708	106.492	13.084	119.576	43.901	1692.29	7.9934	43.9983	35.6183	32.2033				0.0	0.0	0.0	0.0	0.0
2015/08/07 05:50:00		0.0	502.0	26.4464	71.861	1005.8	1.15937	24.4872	106.246	10.8006	117.047	43.2146	1683.54	9.3185	44.5258	35.7325	31.9958				0.0	0.0	0.0	0.0	0.0
2015/08/07 05:55:00		0.0	502.0	26.4828	71.948	1005.85	1.16667	24.8381	122.762	13.5153	136.277	43.186	1678.13	13.058	41.945	33.5258	29.6392				0.0	0.0	0.0	0.0	0.0
2015/08/07 06:00:00		0.57263	12.3797	26.4797	71.963	1005.91	1.71354	25.1919	135.266	15.2783	150.545	44.1203	1675.83	13.1545	55.646	38.3467	29.7242				0.0	0.0	0.0	0.0	0.0
2015/08/07 06:05:00		0.59908	60.865	26.4823	71.939	1006.03	7.6854	25.5289	131.559	15.049	146.608	44.3872	1685.42	13.1402	42.2233	32.8808	28.7067				0.0	0.0	0.0	0.0	0.0
2015/08/07 06:10:00		0.5939	20.6743	26.4807	71.863	1006.05	16.9458	25.8575	123.01	14.6108	137.621	45.2404	1682.08	12.283	39.775	31.9067	28.6233				0.0	0.0	0.0	0.0	0.0
2015/08/07 06:15:00		0.53438	27.5625	26.4823	71.881	1006.16	26.4104	26.1713	107.698	15.3297	123.028	46.8659	1677.08	12.1651	40.4392	32.33	28.9492				0.0	0.0	0.0	0.0	0.0
2015/08/07 06:20:00		0.57214	26.079	26.4839	71.977	1006.17	37.7708	26.4599	129.368	13.2928	142.661	47.3044	1675.83	12.6794	43.1558	33.055	28.4258				0.0	0.0	0.0	0.0	0.0
2015/08/07 06:25:00		0.56815	53.915	26.4844	71.99	1006.13	49.0802	26.722	125.259	13.8097	139.068	48.9203	1668.75	12.5294	38.6208	31.1717	28.0025				0.0	0.0	0.0	0.0	0.0
2015/08/07 06:30:00		0.0	502.0	26.5411	72.079	1006.11	55.861	26.9757	120.714	14.1315	134.845	49.9022	1668.96	12.9009	41.295	33.645	30.59				0.0	0.0	0.0	0.0	0.0
2015/08/07 06:35:00		0.73284	329.397	26.5859	72.08	1006.13	66.989	27.2103	117.654	16.9113	134.565	50.927	1666.67	12.7651	57.225	45.605	39.5783				0.0	0.0	0.0	0.0	0.0
2015/08/07 06:40:00		0.67225	332.297	26.6042	72.08	1006.2	79.224	27.4251	120.019	19.4377	139.457	52.109	1662.92	13.0116	76.534	55.762	38.475				0.0	0.0	0.0	0.0	0.0
2015/08/07 06:45:00		0.481683	21.0902	26.6948	72.082	1006.29	87.536	27.6235	107.857	18.7256	126.582	52.843	1664.58	12.8294	102.499	69.195	38.6908				0.0	0.0	0.0	0.0	0.0
2015/08/07 06:50:00		0.93606	312.843	26.6875	72.083	1006.41	85.137	27.8238	86.236	21.2966	107.532	54.111	1660.63	12.7044	115.425	76.975	41.5567				0.0	0.0	0.0	0.0	0.0
2015/08/07 06:55:00		0.5142	314.322	26.7078	72.081	1006.49	101.566	28.0267	63.9	27.1607	91.061	55.76	1656.46	13.1794	87.967	58.65	35.3				0.0	0.0	0.0	0.0	0.0
2015/08/07 07:00:00		0.499796	353.531	26.7974	72.081	1006.55	109.04	28.1843	68.662	28.7868	97.448	56.194	1651.46	13.2545	73.127	48.7542	33.1008				0.0	0.0	0.0	0.0	0.0
2015/08/07 07:05:00		0.76716	312.147	26.8609	72.082	1006.59	100.749	28.0377	75.35	25.7366	101.087	56.952	1661.88	12.5794	82.928	55.281	36.6583				0.0	0.0	0.0	0.0	0.0
2015/08/07 07:10:00		1.00369	323.407	26.9063	72.079	1006.6	94.595	28.1054	86.566	21.3137	107.88	57.572	1660.0	13.5045	85.19	56.795	38.11				0.0	0.0	0.0	0.0	0.0
2015/08/07 07:15:00		1.0675	23.9139	26.9875	71.999	1006.69	111.154	28.2987	101.371	22.0463	123.417	57.753	1656.67	13.9438	75.103	50.462	36.9017				0.0	0.0	0.0	0.0	0.0
2015/08/07 07:20:00		0.57422	37.9325	26.9891	71.846	1006.67	178.945	28.3943	83.797	22.4913	106.288	58.778	1651.67	13.8688	74.128	49.75	36.595				0.0	0.0	0.0	0.0	0.0
2015/08/07 07:25:00		0.61343	53.501	26.9901	71.736	1006.72	209.096	28.1937	70.258	24.4597	94.718	59.083	1656.67	13.0044	65.947	45.0383	34.7517				0.0	0.0	0.0	0.0	0.0
2015/08/07 07:30:00		0.59049	40.814	27.0828	71.544	1006.83	232.313	28.1427	55.427	23.9257	79.353	59.097	1655.21	12.7866	64.653	43.7383	31.2133				0.0	0.0	0.0	0.0	0.0
2015/08/07 07:35:00		0.79314	29.0414	27.0943	71.254	1006.84	274.75	28.3266	52.608	24.4289	77.037	59.521	1649.38	14.3974	71.682	48.03	31.04				0.0	0.0	0.0	0.0	0.0
2015/08/07 07:40:00		0.51021	12.5605	27.2135	71.069	1006.85	328.934	28.4018	52.917	25.5175	78.434	59.869	1647.5	14.2795	75.053	50.065	30.9933				0.0	0.0	0.0	0.0	0.0
2015/08/07 07:45:00		0.329447	56.474	27.3417	70.678	1006.88	324.428	28.2217	62.417	25.271	87.688	59.445	1667.71	14.0759	65.563	43.8125	29.9158				0.0	0.0	0.0	0.0	0.0
2015/08/07 07:50:00		0.255268	351.105	27.401	69.94	1006.89	370.22	28.1478	63.766	24.3844	88.151	59.459	1671.88	12.8294	66.001	44.0025	29.705				0.0	0.0	0.0	0.0	0.0
2015/08/07 07:55:00		0.334682	9.2824	27.5458	69.332	1006.93	402.274	28.3494	55.55	25.6339	81.184	59.335	1668.75	15.176	62.418	42.125	30.1425				0.0	0.0	0.0	0.0	0.0
2015/08/07 08:00:00		0.70154	28.6437	27.5943	68.072	1007.0	342.409	28.4243	49.8636	25.9078	75.771	59.536	1656.88	15.3617	53.153	37.2608	28.6358				0.0	0.0	0.0	0.0	0.0
2015/08/07 08:05:00		0.83282	20.5836	27.5922	67.039	1007.07	319.849	28.2517	42.3864	26.9314	69.318	59.66	1657.92	14.1831	56.247	38.2842	28.4692				0.0	0.0	0.0	0.0	0.0
2015/08/07 08:10:00		0.72467	17.0063	27.6542	66.389	1007.13	169.539	28.0546	44.1016	27.6879	71.79	59.045	1666.88	11.9758	70.219	46.84	30.7075				0.0	0.0	0.0	0.0	0.0
2015/08/07 08:15:00		0.55297	348.326	27.7943	65.761	1007.15	360.536	28.1097	52.615	27.6331	80.248	59.097	1672.71	13.8545	55.269	37.9258	28.6167				0.0	0.0	0.0	0.0	0.0
2015/08/07 08:20:00		0.72313	7.5462	27.8818	65.28	1007.16	390.578	28.3285	50.846	29.67	80.516	58.373	1667.08	16.3404	53.537	36.2792	26.9067				0.0	0.0	0.0	0.0	0.0
2015/08/07 08:25:00		0.52458	5.8373	27.9906	64.233	1007.15	478.18	28.3014	46.9916	30.1322	77.124	58.349	1660.63	15.9903	52.767	35.7625	26.3375				0.0	0.0	0.0	0.0	0.0
2015/08/07 08:30:00		0.51656	335.958	28.1214	63.568	1007.11	494.207	28.1513	45.3501	29.8515	75.202	58.101	1657.71	14.1367	51.009	34.5117	25.7967				0.0	0.0	0.0	0.0	0.0
2015/08/07 08:35:00		0.50803	345.827	28.2599	62.742	1007.14	464.596	28.1596	41.502	30.7689	72.271	58.396	1658.33	12.2615	52.442	35.3225	25.6117				0.0	0.0	0.0	0.0	0.0
2015/08/07 08:40:00		0.483564	30.3256	28.4005	61.657	1007.13	483.627	28.3618	42.2792	33.7096	75.989	58.263	1651.46	17.3654	47.2025	31.6092	23.3875				0.0	0.0	0.0	0.0	0.0
2015/08/07 08:45:00		0.71497	40.3124	28.5854	61.727	1007.12	499.975	28.3414	42.2301	35.6472	77.877	58.206	1647.08	16.5904	57.425	38.2833	24.0517				0.0	0.0	0.0	0.0	0.0
2015/08/07 08:50:00		0.57873	50.423	29.0438	60.526	1007.12	525.66	28.2034	43.1525	35.0138	78.166	58.158	1650.63	14.4653	47.4192	31.7958	22.2325				0.0	0.0	0.0	0.0	0.0
2015/08/07 08:55:00		1.09579	64.347	29.2865	58.022	1007.11	572.7	28.1253	45.2183	38.8925	84.111	57.972	1652.29	11.39	46.345	31.0533	22.745				0.0	0.0	0.0	0.0	0.0
2015/08/07 09:00:00		1.19291	44.5109	29.3026	56.898	1007.11	560.17	28.2925	34.7172	43.134	77.851	57.791	1654.17	15.9975	45.9317	31.2725	22.5533				0.0	0.0	0.0	0.0	0.0
2015/08/07 09:05:00		1.00842	52.329	29.2083	55.664	1007.13	559.6	28.3884	36.8589	46.8586	83.718	57.529	1640.21	18.8191	35.3458	24.51	19.2467				0.0	0.0	0.0	0.0	0.0
2015/08/07 09:10:00		1.02997	57.814	29.1901	55.632	1007.11	544.75	28.3261	31.997	44.9826	76.98	57.734	1635.63	15.8653	43.9217	29.455	21.3283				0.0	0.0	0.0	0.0	0.0
2015/08/07 09:15:00		0.60578	39.4297	29.2036	55.162	1007.01	621.87	28.2152	31.7133	41.8434	73.557	58.125	1631.88	13.3438	36.4483	26.2083	19.935				0.0	0.0	0.0	0.0	0.0
2015/08/07 09:20:00		0.73954	53.526	29.2073	56.175	1006.95	623.22	28.2823	30.1321	41.9974	72.13	58.225	1632.5	11.2186	59.814	40.9258	30.2175				0.0	0.0	0.0	0.0	0.0
2015/08/07 09:25:00		0.77242	56.765	29.3328	56.977	1006.91	509.39	28.4595	31.9188	47.6665	79.585	57.934	1620.21	20.1978	66.529	46.185	33.6692				0.0	0.0	0.0	0.0	0.0
2015/08/07 09:30:00		0.95755	52.509	29.4302	56.354	1006.94	608.81	28.4667	32.39	47.6939	80.084	58.091	1623.13	16.9904	60.844	42.1375	31.4783				0.0	0.0	0.0	0.0	0.0
2015/08/07 09:35:00		1.07796	42.3931	29.6047	55.942	1007.0	570.95	28.3876	31.5391	49.6828	81.222	57.948	1626.04	14.7903	68.422	49.6033	36.2983				0.0	0.0	0.0	0.0	0.0
2015/08/07 09:40:00		0.83111	355.021	29.737	56.353	1007.01	338.96	28.2523	28.4035	46.2082	74.612	58.401	1625.0	13.6938	78.424	54.012	37.7092				0.0	0.0	0.0	0.0	0.0
2015/08/07 09:45:00		0.85041	311.661	29.8109	55.645	1006.96	459.769	28.1387	31.6798	51.336	83.016	58.091	1635.21	11.4543	67.147	46.0883	33.4458				0.0	0.0	0.0	0.0	0.0
2015/08/07 09:50:00		1.42936	313.548	29.8583	55.208	1006.88	305.309	28.2608	31.4632	50.7	82.163	57.515	1632.29	8.7792	64.392	43.8425	30.535				0.0	0.0	0.0	0.0	0.0
2015/08/07 09:55:00		0.74529	338.158	29.8594	53.741	1006.92	212.144	28.459	32.8925	54.903	87.796	57.419	1623.33	21.4371	53.698	38.0433	28.0442				0.0	0.0	0.0	0.0	0.0
2015/08/07 10:00:00		0.58592	331.186	29.7078	54.028	1006.94	432.257	28.5049	30.0763	56.328	86.404	57.696	1608.13	18.1441	49.4092	36.1292	26.7808				0.0	0.0	0.0	0.0	0.0
2015/08/07 10:05:00		1.56194	312.658	29.7214	54.886	1006.91	403.951	28.4584	27.4186	54.551	81.969	57.843	1613.33	16.3404	54.913	37.94	26.9208				0.0	0.0	0.0	0.0	0.0
2015/08/07 10:10:00		1.12518	316.71	29.8599	53.458	1006.9	257.994	28.3446	31.7647	61.599	93.364	57.987	1610.63	13.7974	50.829	35.0192	25.5492				0.0	0.0	0.0	0.0	0.0
2015/08/07 10:15:00		1.00982	326.233	29.8755	53.183	1006.93	259.044	28.2606	30.9942	63.571	94.566	57.605	1608.96	11.7686	47.1683	32.96	24.8683				0.0	0.0	0.0	0.0	0.0
2015/08/07 10:20:00		0.61674	322.349	29.8187	53.301	1006.91	322.89	28.3725	28.973	64.136	93.109	57.252	1600.0	8.2541	46.125	31.74	23.5883				0.0	0.0	0.0	0.0	0.0
2015/08/07 10:25:00		0.87483	318.308	29.9932	53.297	1006.9	833.04	28.5664	29.1629	69.997	99.16	57.381	1591.25	21.7514	41.575	28.7967	21.7083				0.0	0.0	0.0	0.0	0.0
2015/08/07 10:30:00		1.02372	346.144	30.3609	51.578	1006.89	757.17	28.6362	30.2594	82.564	112.823	57.677	1590.21	19.4013	38.3933	26.0517	19.19				0.0	0.0	0.0	0.0	0.0
2015/08/07 10:35:00		1.10444	68.924	30.7328	49.0943	1006.86	888.71	28.6518	28.4214	75.084	103.505	57.7	1586.46	17.0654	43.38	26.1333	20.4333				0.0	0.0	0.0	0.0	0.0
2015/08/07 10:40:00		1.17132	315.742	31.0297	48.0797	1006.82	774.9	28.6287	26.6816	63.571	90.253	57.867	1575.63	13.8509	42.7583	25.4233	19.8933				0.0	0.0	0.0	0.0	0.0
2015/08/07 10:45:00		0.50487	68.991	31.3401	47.8823	1006.74	768.22	28.6187	26.2059	45.9445	72.15	58.32	1573.75	12.3794	58.863	28.7733	20.4417				0.0	0.0	0.0	0.0	0.0
2015/08/07 10:50:00		1.06509	61.004	31.549	45.4661	1006.75	762.77	28.7403	30.7083	54.897	85.605	57.801	1575.21	9.5149	42.4217	23.7517	19.2417				0.0	0.0	0.0	0.0	0.0
2015/08/07 10:55:00		1.29093	54.224	31.4031	45.4354	1006.67	918.01	29.033	26.369	62.448	88.817	57.6	1571.04	15.7153	40.3683	24.2533	18.9308				0.0	0.0	0.0	0.0	0.0
2015/08/07 11:00:00		0.60065	35.4447	31.6828	46.376	1006.61	879.68	29.2617	28.2182	95.959	124.178	57.724	1558.13	18.6691	66.556	28.7433	20.4592				0.0	0.0	0.0	0.0	0.0
2015/08/07 11:05:00		0.267694	306.371	31.9896	45.4365	1006.55	817.88	29.4126	29.6006	122.658	152.259	58.044	1558.13	15.1117	47.9692	25.78	19.5817				0.0	0.0	0.0	0.0	0.0
2015/08/07 11:10:00		0.61445	28.555	32.1578	44.7026	1006.53	567.86	29.5159	29.2656	118.478	147.744	58.525	1554.17	14.0045	49.7683	24.7092	19.18				0.0	0.0	0.0	0.0	0.0
2015/08/07 11:15:00		1.08581	301.047	32.1521	43.7245	1006.48	618.05	29.5712	28.1378	109.074	137.212	58.806	1556.88	12.0794	49.5017	23.1	18.315				0.0	0.0	0.0	0.0	0.0
2015/08/07 11:20:00		0.81666	325.841	32.0974	44.4943	1006.39	872.4	29.6029	26.9831	97.568	124.552	59.407	1550.63	12.2794	45.4875	24.2658	18.5				0.0	0.0	0.0	0.0	0.0
2015/08/07 11:25:00		0.8722	318.591	32.2313	43.474	1006.34	319.098	29.637	28.8569	91.916	120.773	58.945	1550.63	11.5793	40.2883	22.535	17.9258				0.0	0.0	0.0	0.0	0.0
2015/08/07 11:30:00		0.67775	0.85773	31.8979	42.7599	1006.3	243.914	29.6451	29.7123	92.594	122.307	58.968	1548.96	11.8544	33.0425	20.9008	17.1292				0.0	0.0	0.0	0.0	0.0
2015/08/07 11:35:00		0.77129	4.22186	31.4854	44.1922	1006.25	252.408	29.6499	25.958	83.047	109.005	58.768	1536.67	11.5793	35.46	22.0942	17.6442				0.0	0.0	0.0	0.0	0.0
2015/08/07 11:40:00		0.59366	43.5684	31.2943	45.3224	1006.23	242.295	29.6335	25.7414	78.538	104.28	59.111	1534.79	11.4043	44.7517	24.1433	18.515				0.0	0.0	0.0	0.0	0.0
2015/08/07 11:45:00		1.38027	324.311	31.2786	45.7797	1006.23	265.679	29.619	26.0831	75.351	101.434	58.659	1524.58	12.2544	39.1	21.95	17.3308				0.0	0.0	0.0	0.0	0.0
2015/08/07 11:50:00		0.99702	345.269	31.1917	45.8771	1006.14	255.383	29.5745	24.7989	71.712	96.511	59.083	1523.75	12.1294	48.4233	23.3675	18.4717				0.0	0.0	0.0	0.0	0.0
2015/08/07 11:55:00		0.66811	311.518	31.1802	46.2958	1006.1	450.946	29.5135	25.527	64.831	90.358	58.811	1521.88	12.9294	41.355	22.1258	17.5767				0.0	0.0	0.0	0.0	0.0
2015/08/07 12:00:00		1.34291	322.21	31.2906	45.8474	1006.1	901.83	29.3151	26.599	69.891	96.49	58.473	1512.5	10.2043	34.15	19.4992	15.8133				0.0	0.0	0.0	0.0	0.0
2015/08/07 12:05:00		0.7079	308.427	31.5135	44.5969	1006.07	968.17	29.0601	24.3277	57.776	82.103	57.867	1507.92	8.9827	28.3258	17.0267	13.8408				0.0	0.0	0.0	0.0	0.0
2015/08/07 12:10:00		0.66887	344.422	31.7687	42.3099	1006.03	727.64	28.8149	24.0418	54.072	78.113	58.096	1500.42	9.3221	23.0958	15.0567	12.3958				0.0	0.0	0.0	0.0	0.0
2015/08/07 12:15:00		0.81574	326.458	31.8099	37.413	1005.94	867.15	28.6611	23.1329	49.6144	72.747	57.0	1490.63	9.8292	27.9358	15.8767	12.7608				0.0	0.0	0.0	0.0	0.0
2015/08/07 12:20:00		1.35882	291.893	32.1911	30.3771	1005.89	1000.54	28.6652	23.9659	51.056	75.021	56.209	1489.38	10.5793	38.92	18.2017	13.3317				0.0	0.0	0.0	0.0	0.0
2015/08/07 12:25:00		0.69472	1.17736	32.5865	25.3286	1005.76	1006.45	28.7218	24.1401	55.804	79.944	55.575	1490.63	11.0793	29.55	15.5858	12.3208				0.0	0.0	0.0	0.0	0.0
2015/08/07 12:30:00		0.711	356.445	32.7917	22.1854	1005.66	985.08	28.7873	22.8872	53.5	76.387	55.188	1476.46	11.0293	31.9375	15.8217	11.8942				0.0	0.0	0.0	0.0	0.0
2015/08/07 12:35:00		1.26499	319.04	32.9589	21.5323	1005.63	907.65	28.8254	23.7671	51.518	75.285	55.718	1472.08	10.7293	39.1325	15.0225	12.1425				0.0	0.0	0.0	0.0	0.0
2015/08/07 12:40:00		1.55292	306.362	33.2458	19.5406	1005.5	628.1	28.863	23.3004	53.894	77.194	54.926	1466.25	10.1793	23.5375	14.46	11.6442				0.0	0.0	0.0	0.0	0.0
2015/08/07 12:45:00		1.6872	311.661	33.2922	18.1839	1005.4	772.21	28.8407	21.7661	47.7555	69.522	55.346	1460.42	8.9292	25.4217	14.5592	11.9125				0.0	0.0	0.0	0.0	0.0
2015/08/07 12:50:00		0.5824	349.801	33.1578	18.0286	1005.35	329.401	28.8117	21.3261	42.3055	63.632	55.298	1449.38	9.2292	26.6717	16.7433	13.505				0.0	0.0	0.0	0.0	0.0
2015/08/07 12:55:00		0.66177	339.804	32.8589	17.9583	1005.32	621.82	28.8579	22.0475	42.6616	64.709	54.721	1447.08	9.9292	26.59	16.5833	12.9583				0.0	0.0	0.0	0.0	0.0
2015/08/07 13:00:00		1.04635	282.078	32.9281	17.7927	1005.23	595.04	28.8791	23.5349	49.5219	73.057	54.683	1434.58	10.5043	27.9208	16.3883	13.0033				0.0	0.0	0.0	0.0	0.0
2015/08/07 13:05:00		1.49188	324.434	33.0766	16.9703	1005.15	682.28	28.867	21.9782	48.1321	70.11	53.725	1430.63	10.7043	27.3058	15.6292	12.9608				0.0	0.0	0.0	0.0	0.0
2015/08/07 13:10:00		1.13284	324.951	33.0	15.6531	1005.12	561.42	28.8219	20.9531	45.5098	66.463	54.864	1420.83	10.0542	24.705	15.1333	12.6908				0.0	0.0	0.0	0.0	0.0
2015/08/07 13:15:00		1.19911	296.343	32.9938	15.4724	1005.1	722.26	28.7852	20.5266	40.142	60.669	54.574	1412.71	9.4542	26.16	15.8983	13.1058				0.0	0.0	0.0	0.0	0.0
2015/08/07 13:20:00		0.99384	219.272	33.0401	13.2573	1004.95	421.889	28.7326	20.5154	41.8537	62.369	54.125	1402.29	9.3292	26.7458	16.1883	13.27				0.0	0.0	0.0	0.0	0.0
2015/08/07 13:25:00		0.57543	311.916	32.9906	13.0333	1004.88	254.844	28.6746	20.4908	43.8015	64.292	54.226	1400.42	9.6542	25.7667	15.0233	12.5108				0.0	0.0	0.0	0.0	0.0
2015/08/07 13:30:00		0.70002	38.9995	32.9078	13.1365	1004.81	230.344	28.7124	19.5394	45.4927	65.032	54.459	1393.54	10.6757	29.6133	16.0717	12.205				0.0	0.0	0.0	0.0	0.0
2015/08/07 13:35:00		0.51871	34.984	32.8182	11.787	1004.76	219.085	28.732	19.9727	40.4261	60.399	54.34	1380.42	11.6043	23.4925	14.2433	11.8533				0.0	0.0	0.0	0.0	0.0
2015/08/07 13:40:00		0.79453	72.849	32.6203	13.3281	1004.68	208.396	28.6934	18.7176	41.6448	60.362	54.383	1377.71	10.6293	58.993	21.1717	14.8492				0.0	0.0	0.0	0.0	0.0
2015/08/07 13:45:00		0.463986	135.461	32.7411	12.7901	1004.67	225.123	28.6287	22.9363	53.613	76.549	54.955	1394.17	10.4043	50.905	21.0433	14.8767				0.0	0.0	0.0	0.0	0.0
2015/08/07 13:50:00		0.57887	248.591	32.7896	11.1708	1004.64	216.169	28.5927	28.5666	73.78	102.346	54.493	1390.83	10.8793	46.3533	19.635	14.045				0.0	0.0	0.0	0.0	0.0
2015/08/07 13:55:00		0.83613	195.654	32.726	11.5526	1004.58	299.79	28.5734	23.8699	74.776	98.646	54.354	1398.13	11.6793	45.3233	18.1583	13.0667				0.0	0.0	0.0	0.0	0.0
2015/08/07 14:00:00		0.84694	205.271	32.7099	11.9177	1004.45	705.83	28.5589	22.0944	66.728	88.822	54.049	1402.71	11.7794	35.2883	17.12	13.31				0.0	0.0	0.0	0.0	0.0
2015/08/07 14:05:00		1.01445	290.623	32.9776	10.6406	1004.37	840.82	28.5476	22.5477	69.884	92.432	54.774	1397.5	11.6043	28.6133	15.5558	12.5683				0.0	0.0	0.0	0.0	0.0
2015/08/07 14:10:00		0.438396	157.889	33.4594	8.2229	1004.29	860.75	28.5672	19.6712	68.456	88.128	54.683	1395.21	11.7294	29.01	15.5308	12.4183				0.0	0.0	0.0	0.0	0.0
2015/08/07 14:15:00		0.61178	292.546	33.8927	5.9828	1004.2	708.9	28.5777	20.598	61.723	82.321	54.516	1395.83	12.3294	42.8008	17.6867	13.5658				0.0	0.0	0.0	0.0	0.0
2015/08/07 14:20:00		0.83975	350.087	34.0521	4.08229	1004.09	316.641	28.5862	26.7665	77.949	104.716	54.302	1405.0	11.9044	42.5392	17.9917	13.6283				0.0	0.0	0.0	0.0	0.0
2015/08/07 14:25:00		0.53618	315.303	33.9469	4.74427	1003.99	198.552	28.6002	23.278	77.895	101.173	54.269	1405.83	12.1615	38.9117	18.6208	13.6425				0.0	0.0	0.0	0.0	0.0
2015/08/07 14:30:00		0.325611	345.074	33.7104	4.59948	1003.93	168.131	28.6067	22.8604	78.682	101.542	54.297	1410.0	11.7544	35.4283	17.6125	13.4617				0.0	0.0	0.0	0.0	0.0
2015/08/07 14:35:00		0.65279	296.51	33.4437	5.1193	1003.87	158.674	28.6053	20.7588	67.905	88.664	54.798	1416.04	10.6793	37.2383	17.7925	13.6525				0.0	0.0	0.0	0.0	0.0
2015/08/07 14:40:00		0.58615	315.334	33.2828	5.4161	1003.77	182.919	28.5895	22.9252	72.506	95.431	54.698	1414.38	11.0793	42.62	19.51	14.4283				0.0	0.0	0.0	0.0	0.0
2015/08/07 14:45:00		0.73363	327.879	33.1573	5.9323	1003.68	223.869	28.547	22.6371	77.966	100.603	54.688	1424.58	10.8293	41.5475	18.165	13.9533				0.0	0.0	0.0	0.0	0.0
2015/08/07 14:50:00		1.25085	296.414	33.074	6.4214	1003.68	209.475	28.5564	22.0966	70.531	92.628	54.564	1429.38	10.6793	34.2658	16.7233	13.2358				0.0	0.0	0.0	0.0	0.0
2015/08/07 14:55:00		0.76091	318.503	32.9661	7.0276	1003.65	195.38	28.5642	19.2804	60.234	79.514	55.012	1419.17	11.4293	44.7908	19.0833	14.3133				0.0	0.0	0.0	0.0	0.0
2015/08/07 15:00:00		0.371892	328.555	32.8391	6.8365	1003.53	254.866	28.5774	23.6443	65.108	88.753	55.05	1419.38	11.3293	45.4383	19.5383	13.9825				0.0	0.0	0.0	0.0	0.0
2015/08/07 15:05:00		0.954	214.907	32.8609	7.6203	1003.49	487.652	28.5889	25.46	68.799	94.259	54.621	1419.38	11.6544	41.8592	18.3892	13.9817				0.0	0.0	0.0	0.0	0.0
2015/08/07 15:10:00		1.43346	197.937	33.0302	7.6995	1003.43	406.868	28.5956	22.0899	63.472	85.562	54.655	1407.08	11.9544	41.9483	19.7783	15.0025				0.0	0.0	0.0	0.0	0.0
2015/08/07 15:15:00		0.98489	198.22	33.1844	6.4115	1003.29	189.583	28.6032	17.6232	53.695	71.318	54.917	1416.67	12.2258	34.5717	18.97	15.2092				0.0	0.0	0.0	0.0	0.0
2015/08/07 15:20:00		1.37999	129.105	33.2	8.238	1003.25	188.504	28.6088	17.0314	44.1713	61.203	55.46	1407.29	12.1544	100.103	29.8267	18.0475				0.0	0.0	0.0	0.0	0.0
2015/08/07 15:25:00		1.98111	168.812	33.2286	8.1333	1003.24	155.072	28.6131	29.107	55.817	84.924	55.26	1437.92	11.3043	74.683	26.4225	18.4483				0.0	0.0	0.0	0.0	0.0
2015/08/07 15:30:00		1.54326	182.849	33.2891	8.2911	1003.14	303.625	28.6163	40.7516	84.84	125.592	55.007	1458.75	11.8794	73.53	27.1942	19.43				0.0	0.0	0.0	0.0	0.0
2015/08/07 15:35:00		1.95127	202.196	33.2917	7.6427	1003.04	374.289	28.6179	29.5693	95.576	125.145	54.869	1472.92	11.9579	62.331	25.255	18.5058				0.0	0.0	0.0	0.0	0.0
2015/08/07 15:40:00		1.39117	201.725	33.4302	5.9073	1002.88	397.235	28.6147	19.9638	83.553	103.517	55.179	1489.79	12.4258	53.784	22.2358	16.9117				0.0	0.0	0.0	0.0	0.0
2015/08/07 15:45:00		0.98532	221.063	33.4938	3.78385	1002.75	473.82	28.6271	32.2136	96.155	128.368	55.236	1491.04	12.8116	66.8	26.0792	18.1875				0.0	0.0	0.0	0.0	0.0
2015/08/07 15:50:00		0.82208	150.789	33.501	3.33281	1002.68	463.378	28.6367	30.1433	113.405	143.548	55.312	1503.96	12.0544	51.307	23.29	17.7217				0.0	0.0	0.0	0.0	0.0
2015/08/07 15:55:00		0.87991	160.493	33.6625	3.4151	1002.6	443.064	28.6458	20.9442	93.628	114.572	55.737	1515.63	12.3794	56.247	24.5142	17.7925				0.0	0.0	0.0	0.0	0.0
2015/08/07 16:00:00		1.07575	121.958	33.8484	2.65208	1002.52	425.097	28.6614	25.7816	99.39	125.171	55.87	1535.0	12.2044	59.582	25.0625	18.18				0.0	0.0	0.0	0.0	0.0
2015/08/07 16:05:00		1.02821	155.121	33.9859	1.10104	1002.44	427.416	28.666	24.6046	88.842	113.447	55.965	1551.04	12.7508	61.263	25.0058	18.7292				0.0	0.0	0.0	0.0	0.0
2015/08/07 16:10:00		0.8137	131.363	34.0453	0.66302	1002.34	418.607	28.6977	23.0703	96.312	119.382	56.247	1557.92	12.9401	85.517	29.0817	20.2125				0.0	0.0	0.0	0.0	0.0
2015/08/07 16:15:00		0.437539	46.4606	34.2365	0.366146	1002.3	393.735	28.7247	27.3137	107.986	135.299	56.07	1583.33	12.3901	63.19	24.7758	18.4492				0.0	0.0	0.0	0.0	0.0
2015/08/07 16:20:00		0.84079	286.651	34.2969	0.361458	1002.23	371.007	28.7255	21.4556	104.436	125.891	55.703	1603.33	12.6258	63.751	25.7867	18.9917				0.0	0.0	0.0	0.0	0.0
2015/08/07 16:25:00		0.98341	328.495	34.2984	0.363542	1002.22	364.736	28.692	19.1687	101.492	120.66	55.832	1612.92	12.1937	53.778	23.5592	17.5167				0.0	0.0	0.0	0.0	0.0
2015/08/07 16:30:00		0.54002	330.795	34.2552	0.365104	1002.21	355.688	28.6413	18.4451	85.422	103.868	56.151	1612.71	11.9294	40.1625	20.2317	16.14				0.0	0.0	0.0	0.0	0.0
2015/08/07 16:35:00		0.385848	353.333	34.0979	0.359375	1002.21	341.483	28.5967	16.2497	65.995	82.245	55.784	1611.88	11.4293	38.5933	20.0525	16.1717				0.0	0.0	0.0	0.0	0.0
2015/08/07 16:40:00		0.402877	5.7973	33.9948	0.364583	1002.21	328.234	28.5844	16.5133	57.474	73.988	56.075	1616.46	10.4043	51.43	22.0433	16.595				0.0	0.0	0.0	0.0	0.0
2015/08/07 16:45:00		1.06766	164.024	34.0354	0.364583	1002.23	315.124	28.5916	19.6355	63.373	83.008	55.942	1620.83	11.7544	70.196	23.9342	17.1142				0.0	0.0	0.0	0.0	0.0
2015/08/07 16:50:00		0.91321	108.377	34.1224	0.3625	1002.25	291.864	28.6077	34.5675	92.492	127.059	55.532	1632.71	11.8044	92.665	29.1767	18.7133				0.0	0.0	0.0	0.0	0.0
2015/08/07 16:55:00		1.22853	124.025	34.262	0.363542	1002.31	283.325	28.619	59.369	111.782	171.151	55.079	1652.29	12.4937	152.04	34.3367	19.2333				0.0	0.0	0.0	0.0	0.0
2015/08/07 17:00:00		0.86531	181.206	34.3047	0.360938	1002.32	258.256	28.6322	58.656	109.54	168.196	55.203	1663.13	12.6651	77.081	26.2233	17.8133				0.0	0.0	0.0	0.0	0.0
2015/08/07 17:05:00		1.03507	114.902	34.301	0.360417	1002.3	240.807	28.6316	22.9118	89.736	112.648	55.756	1655.42	11.9794	157.87	40.465	21.6333				0.0	0.0	0.0	0.0	0.0
2015/08/07 17:10:00		0.77615	131.474	34.3063	0.3625	1002.3	230.752	28.6067	19.5171	76.748	96.265	55.274	1673.13	11.9186	100.013	32.8767	19.8133				0.0	0.0	0.0	0.0	0.0
2015/08/07 17:15:00		0.164392	231.329	34.3115	0.359375	1002.3	216.913	28.5841	22.2596	99.931	122.19	54.893	1694.17	11.6294	70.128	26.3317	18.6417				0.0	0.0	0.0	0.0	0.0
2015/08/07 17:20:00		0.53438	340.313	34.2823	0.357812	1002.37	196.904	28.5559	30.9361	99.746	130.682	54.955	1713.13	12.0651	114.966	33.8758	19.2517				0.0	0.0	0.0	0.0	0.0
2015/08/07 17:25:00		0.56311	297.318	34.1641	0.358854	1002.38	182.029	28.5285	35.2733	112.915	148.188	55.217	1725.21	11.5794	57.617	22.5017	16.6842				0.0	0.0	0.0	0.0	0.0
2015/08/07 17:30:00		0.86912	200.709	34.087	0.361458	1002.41	162.852	28.5178	18.5992	82.906	101.505	54.473	1721.04	11.4865	49.7508	22.3808	17.2908				0.0	0.0	0.0	0.0	0.0
2015/08/07 17:35:00		1.05045	169.7	33.9672	0.357292	1002.44	143.245	28.5151	14.702	48.3306	63.033	54.55	1718.96	12.0044	60.942	23.4783	18.1983				0.0	0.0	0.0	0.0	0.0
2015/08/07 17:40:00		1.05558	181.958	33.8802	0.361979	1002.46	123.659	28.4971	14.7489	43.7776	58.527	54.955	1715.0	11.3293	52.004	23.4625	18.365				0.0	0.0	0.0	0.0	0.0
2015/08/07 17:45:00		1.5784	165.865	33.7969	0.366146	1002.47	109.433	28.4872	14.2598	40.5631	54.823	54.926	1717.92	11.2043	85.906	29.4942	20.04				0.0	0.0	0.0	0.0	0.0
2015/08/07 17:50:00		1.72251	164.334	33.7995	0.359896	1002.5	91.875	28.6378	17.3329	53.627	70.959	54.488	1736.46	12.1044	98.45	31.8517	22.0858				0.0	0.0	0.0	0.0	0.0
2015/08/07 17:55:00		1.17009	172.346	33.7953	0.361458	1002.55	75.658	28.6509	28.982	87.798	116.78	54.535	1761.67	12.6294	71.159	29.6908	22.46				0.0	0.0	0.0	0.0	0.0
2015/08/07 18:00:00		1.31994	165.725	33.7943	0.361979	1002.52	56.736	28.5363	22.7465	88.479	111.226	54.426	1769.79	11.2793	78.258	30.4383	22.4308				0.0	0.0	0.0	0.0	0.0
2015/08/07 18:05:00		1.25048	160.875	33.7531	0.365104	1002.48	51.975	28.3833	20.2742	79.87	100.144	54.736	1787.71	11.5293	80.756	33.65	24.1683				0.0	0.0	0.0	0.0	0.0
2015/08/07 18:10:00		1.68626	156.974	33.6974	0.3625	1002.52	41.4604	28.2208	18.6193	82.632	101.252	54.078	1804.79	11.3043	85.838	40.2667	30.6725				0.0	0.0	0.0	0.0	0.0
2015/08/07 18:15:00		1.48889	170.014	33.601	0.6125	1002.55	30.8656	28.0498	23.5929	86.398	109.991	53.534	1815.42	11.3043	103.38	37.2933	27.02				0.0	0.0	0.0	0.0	0.0
2015/08/07 18:20:00		1.25585	166.635	33.4432	1.24948	1002.62	21.7146	27.9518	20.7968	87.408	108.205	53.453	1833.13	11.7544	91.201	37.4367	27.1267				0.0	0.0	0.0	0.0	0.0
2015/08/07 18:25:00		1.28135	165.622	33.2896	2.57448	1002.69	13.074	27.878	29.5492	98.722	128.271	53.334	1847.92	11.7794	87.743	36.7575	26.9683				0.0	0.0	0.0	0.0	0.0
2015/08/07 18:30:00		1.58343	172.49	33.0849	4.48698	1002.69	6.4094	27.8265	27.03	99.126	126.156	52.271	1851.25	12.0794	103.988	38.7783	26.6058				0.0	0.0	0.0	0.0	0.0
2015/08/07 18:35:00		1.11534	182.528	32.875	6.925	1002.73	1.72083	27.7803	20.1715	90.978	111.15	52.157	1857.29	12.7544	115.491	41.1475	28.0717				0.0	0.0	0.0	0.0	0.0
2015/08/07 18:40:00		1.09736	167.059	32.674	9.1208	1002.8	1.10104	27.7516	17.2235	85.772	102.995	51.895	1866.67	13.4795	115.013	43.5217	29.7625				0.0	0.0	0.0	0.0	0.0
2015/08/07 18:45:00		1.35628	202.137	32.4833	11.2432	1002.86	1.13021	27.7209	16.0778	80.085	96.163	51.637	1889.17	12.6794	113.704	45.12	30.5142				0.0	0.0	0.0	0.0	0.0
2015/08/07 18:50:00		1.20435	187.129	32.3146	11.5063	1002.88	1.13021	27.6852	22.6415	90.366	113.007	52.009	1897.5	13.2545	92.878	38.9108	28.965				0.0	0.0	0.0	0.0	0.0
2015/08/07 18:55:00		1.16627	195.763	32.1406	12.099	1002.82	1.10104	27.6495	15.3854	79.685	95.07	52.004	1896.67	13.2259	89.898	37.9367	28.505				0.0	0.0	0.0	0.0	0.0
2015/08/07 19:00:00		1.27131	201.995	32.0052	12.5182	1002.83	1.18125	27.62	14.2152	64.828	79.043	52.214	1898.33	12.9044	95.545	39.5083	28.8525				0.0	0.0	0.0	0.0	0.0
2015/08/07 19:05:00		1.06438	198.292	31.8682	12.8755	1002.9	1.11563	27.5805	13.697	58.436	72.133	51.828	1908.96	13.2937	100.081	39.4358	28.7975				0.0	0.0	0.0	0.0	0.0
2015/08/07 19:10:00		1.17024	202.212	31.7531	13.9286	1003.0	1.13021	27.5494	13.0471	58.806	71.853	52.014	1916.46	12.8401	91.918	39.4408	29.6675				0.0	0.0	0.0	0.0	0.0
2015/08/07 19:15:00		0.92606	220.174	31.6437	14.6495	1003.11	1.1375	27.5113	13.6457	59.381	73.027	51.599	1923.33	12.7508	94.301	38.9883	28.9725				0.0	0.0	0.0	0.0	0.0
2015/08/07 19:20:00		0.96201	218.762	31.5844	13.8161	1003.19	1.17396	27.4667	12.7903	59.333	72.124	51.661	1934.79	12.4758	82.836	36.3042	27.3008				0.0	0.0	0.0	0.0	0.0
2015/08/07 19:25:00		1.38872	218.263	31.4724	13.2724	1003.25	1.15937	27.4243	12.7925	55.971	68.764	51.656	1940.42	12.9652	89.524	36.7742	27.3858				0.0	0.0	0.0	0.0	0.0
2015/08/07 19:30:00		1.04242	218.891	31.4703	12.0531	1003.27	1.23958	27.3776	12.6518	56.006	68.658	51.337	1952.08	13.3295	90.363	36.8867	26.6808				0.0	0.0	0.0	0.0	0.0
2015/08/07 19:35:00		0.88955	204.529	31.4714	10.5557	1003.35	1.09375	27.3378	15.4234	68.871	84.294	51.289	1972.92	12.983	87.567	33.7033	25.5				0.0	0.0	0.0	0.0	0.0
2015/08/07 19:40:00		0.85817	211.371	31.4724	11.1833	1003.42	1.1375	27.2887	13.0315	69.535	82.566	51.442	1984.58	12.558	94.538	37.3275	26.7025				0.0	0.0	0.0	0.0	0.0
2015/08/07 19:45:00		1.02168	211.86	31.4729	11.4604	1003.45	1.13021	27.2466	15.7227	77.172	92.895	51.637	2015.21	13.033	99.112	38.3733	26.5133				0.0	0.0	0.0	0.0	0.0
2015/08/07 19:50:00		1.02921	208.421	31.4484	11.7802	1003.5	1.14479	27.1856	17.3374	82.694	100.031	51.056	2041.46	12.6973	106.738	38.5933	27.0467				0.0	0.0	0.0	0.0	0.0
2015/08/07 19:55:00		0.97292	217.339	31.3714	12.8479	1003.56	1.12292	27.1242	19.4836	86.1	105.584	50.822	2062.08	12.608	104.047	39.1333	27.975				0.0	0.0	0.0	0.0	0.0
2015/08/07 20:00:00		1.30815	219.004	31.3214	13.4594	1003.67	1.15208	27.0769	19.9883	85.522	105.51	51.041	2090.42	12.5616	89.588	37.4533	27.4583				0.0	0.0	0.0	0.0	0.0
2015/08/07 20:05:00		1.02253	213.171	31.2448	14.6479	1003.74	1.10833	27.0143	19.3809	82.865	102.246	51.094	2108.33	12.4187	113.477	42.3292	29.725				0.0	0.0	0.0	0.0	0.0
2015/08/07 20:10:00		1.02303	216.426	31.2542	15.6333	1003.8	1.16667	26.962	20.5578	87.09	107.647	50.722	2129.58	12.6937	99.09	40.905	29.6733				0.0	0.0	0.0	0.0	0.0
2015/08/07 20:15:00		1.19878	220.665	31.2781	15.1229	1003.87	1.14479	26.9118	18.4585	96.754	115.212	50.45	2148.75	13.0294	102.797	40.91	29.14				0.0	0.0	0.0	0.0	0.0
2015/08/07 20:20:00		1.13378	212.161	31.2766	15.5922	1003.96	1.18854	26.8648	20.9085	94.268	115.177	50.446	2174.79	12.5794	92.332	39.8717	28.9717				0.0	0.0	0.0	0.0	0.0
2015/08/07 20:25:00		0.83075	225.626	31.2057	16.5365	1004.01	1.11563	26.8221	20.1089	93.792	113.901	50.064	2187.92	12.308	105.524	41.6108	30.2983				0.0	0.0	0.0	0.0	0.0
2015/08/07 20:30:00		1.04397	200.215	31.1333	18.0719	1004.06	1.18125	26.7931	17.5004	88.329	105.829	49.3588	2212.08	12.0365	100.473	44.11	31.4025				0.0	0.0	0.0	0.0	0.0
2015/08/07 20:35:00		0.72998	195.378	31.0745	19.85	1004.14	1.13021	26.7604	21.2569	88.623	109.88	49.7497	2223.33	12.0544	115.638	47.3217	32.9308				0.0	0.0	0.0	0.0	0.0
2015/08/07 20:40:00		0.64633	217.428	30.975	21.7062	1004.23	1.13021	26.7155	33.4375	89.715	123.153	49.7974	2250.0	11.8544	107.051	43.975	31.5017				0.0	0.0	0.0	0.0	0.0
2015/08/07 20:45:00		1.16087	219.394	30.912	22.8297	1004.32	1.21042	26.6718	28.7921	89.914	118.706	49.4256	2267.5	12.3401	113.608	44.4375	30.5242				0.0	0.0	0.0	0.0	0.0
2015/08/07 20:50:00		1.16305	208.225	30.8766	23.9401	1004.45	1.15208	26.6253	21.3417	87.206	108.548	49.0585	2286.88	12.3687	90.317	37.98	28.5758				0.0	0.0	0.0	0.0	0.0
2015/08/07 20:55:00		0.92563	167.308	30.8109	24.7432	1004.58	1.08646	26.5971	15.6758	77.812	93.488	49.3588	2291.46	11.9329	237.193	56.803	30.985				0.0	0.0	0.0	0.0	0.0
2015/08/07 21:00:00		0.93781	182.9	30.8115	26.3021	1004.69	1.10833	26.5646	17.1587	71.787	88.946	49.3445	2305.83	11.7651	113.14	45.2417	31.1883				0.0	0.0	0.0	0.0	0.0
2015/08/07 21:05:00		1.06903	202.352	30.7255	26.4573	1004.78	1.14479	26.5432	25.5024	77.727	103.229	49.0681	2325.83	10.7043	79.256	38.525	28.8075				0.0	0.0	0.0	0.0	0.0
2015/08/07 21:10:00		1.2416	212.132	30.6526	26.6214	1004.86	1.16667	26.6771	25.6454	79.459	105.104	49.0157	2331.88	11.7186	80.122	35.8375	26.5958				0.0	0.0	0.0	0.0	0.0
2015/08/07 21:15:00		1.25937	215.596	30.6135	27.4161	1004.93	1.15208	26.7593	17.5339	72.67	90.204	49.2111	2334.17	16.2296	105.547	41.4525	28.1608				0.0	0.0	0.0	0.0	0.0
2015/08/07 21:20:00		0.79731	213.555	30.5005	27.7609	1004.95	1.18125	26.781	25.489	70.37	95.859	50.026	2359.58	14.8403	103.402	38.7875	26.8283				0.0	0.0	0.0	0.0	0.0
2015/08/07 21:25:00		0.87318	209.873	30.501	27.3271	1005.01	1.08646	26.7214	30.4403	74.358	104.799	50.121	2373.75	13.1723	93.599	37.9325	26.3942				0.0	0.0	0.0	0.0	0.0
2015/08/07 21:30:00		0.68703	179.512	30.5005	27.2885	1005.09	1.15208	26.6288	23.7292	70.154	93.884	49.9737	2392.29	11.9115	76.828	35.695	26.005				0.0	0.0	0.0	0.0	0.0
2015/08/07 21:35:00		0.65389	189.345	30.4693	27.137	1005.16	1.11563	26.5832	24.8905	68.206	93.097	49.8117	2401.46	10.4936	58.288	37.8858	26.8633				0.0	0.0	0.0	0.0	0.0
2015/08/07 21:40:00		0.98972	201.159	30.4	28.2245	1005.26	1.13021	26.7528	23.6823	68.456	92.139	50.226	2399.17	10.9079	58.372	38.9217	27.0258				0.0	0.0	0.0	0.0	0.0
2015/08/07 21:45:00		1.01009	207.15	30.3833	29.0969	1005.32	1.15937	26.8541	27.5191	70.692	98.211	49.8736	2403.96	19.7763	53.568	35.7175	25.97				0.0	0.0	0.0	0.0	0.0
2015/08/07 21:50:00		1.22568	203.981	30.3042	29.9193	1005.38	1.12292	26.8812	30.3733	70.35	100.723	50.541	2413.13	16.5261	50.476	33.6508	24.6558				0.0	0.0	0.0	0.0	0.0
2015/08/07 21:55:00		0.80896	208.333	30.3016	30.3943	1005.44	1.11563	26.8492	22.3155	66.457	88.773	50.174	2434.58	14.1902	52.971	35.3075	24.4725				0.0	0.0	0.0	0.0	0.0
2015/08/07 22:00:00		0.86046	204.733	30.3073	30.9016	1005.44	1.14479	26.7762	26.0295	65.187	91.217	50.879	2456.67	13.1044	54.248	36.1683	24.7733				0.0	0.0	0.0	0.0	0.0
2015/08/07 22:05:00		0.95435	216.546	30.212	31.5823	1005.42	1.12292	26.6616	36.7339	66.467	103.201	50.527	2471.67	11.8472	55.095	36.7275	24.8992				0.0	0.0	0.0	0.0	0.0
2015/08/07 22:10:00		1.52548	204.711	30.224	31.2276	1005.41	1.11563	26.7284	41.4261	69.038	110.464	50.784	2477.08	8.6542	48.4308	32.2908	23.5292				0.0	0.0	0.0	0.0	0.0
2015/08/07 22:15:00		0.9185	177.403	30.2359	31.2552	1005.45	1.11563	26.831	32.3699	70.315	102.685	50.612	2477.5	17.6797	50.404	33.5883	24.7475				0.0	0.0	0.0	0.0	0.0
2015/08/07 22:20:00		0.98461	175.208	30.2552	31.9578	1005.56	1.15208	26.8616	26.9005	70.11	97.01	50.694	2486.25	16.3689	52.462	34.9692	25.6008				0.0	0.0	0.0	0.0	0.0
2015/08/07 22:25:00		1.10831	183.187	30.1859	33.1979	1005.59	1.13021	26.853	25.4176	67.334	92.751	50.96	2498.96	14.9653	56.717	37.805	27.4167				0.0	0.0	0.0	0.0	0.0
2015/08/07 22:30:00		0.92085	183.896	30.1021	34.5714	1005.6	1.1375	26.7649	30.2393	64.366	94.605	51.099	2502.92	13.0902	55.829	37.2167	27.3183				0.0	0.0	0.0	0.0	0.0
2015/08/07 22:35:00		0.72985	173.454	30.0	35.7167	1005.54	1.17396	26.6471	31.8518	62.243	94.095	51.518	2512.08	11.7436	56.693	37.7992	27.3808				0.0	0.0	0.0	0.0	0.0
2015/08/07 22:40:00		0.7698	180.787	29.9318	36.7536	1005.42	1.06458	26.6691	27.4633	58.916	86.379	50.894	2506.04	8.9792	60.302	40.2008	27.7717				0.0	0.0	0.0	0.0	0.0
2015/08/07 22:45:00		0.76082	166.564	29.8818	38.2896	1005.46	1.13021	26.8065	24.8369	57.882	82.719	50.517	2508.13	17.0154	58.822	39.2192	27.2058				0.0	0.0	0.0	0.0	0.0
2015/08/07 22:50:00		0.89879	190.593	29.8036	39.3859	1005.48	1.14479	26.8396	29.0177	59.367	88.385	51.285	2514.17	17.219	58.463	38.9767	27.375				0.0	0.0	0.0	0.0	0.0
2015/08/07 22:55:00		0.65751	186.305	29.7917	39.738	1005.44	1.15937	26.8202	31.2332	60.538	91.771	51.389	2526.88	14.5153	58.304	38.9208	27.2533				0.0	0.0	0.0	0.0	0.0
2015/08/07 23:00:00		0.66821	177.679	29.712	40.3458	1005.44	1.12292	26.7357	32.6982	60.456	93.154	51.103	2541.46	13.108	59.172	39.4433	27.1583				0.0	0.0	0.0	0.0	0.0
2015/08/07 23:05:00		0.70909	168.919	29.6391	41.449	1005.43	1.21771	26.6213	35.6083	57.885	93.493	50.808	2547.08	11.5722	58.462	38.98	27.3333				0.0	0.0	0.0	0.0	0.0
2015/08/07 23:10:00		0.66339	160.478	29.6094	42.326	1005.4	1.12292	26.5649	38.5272	55.598	94.126	50.908	2556.04	9.9935	57.038	38.0342	27.3483				0.0	0.0	0.0	0.0	0.0
2015/08/07 23:15:00		0.58913	176.297	29.5323	43.5385	1005.38	1.17396	26.6798	35.4452	56.529	91.975	50.489	2552.92	13.508	64.545	43.03	28.3733				0.0	0.0	0.0	0.0	0.0
2015/08/07 23:20:00		0.5564	176.525	29.4943	44.8036	1005.33	1.10833	26.7402	34.5474	57.111	91.659	50.689	2551.04	18.912	64.806	43.2033	28.4658				0.0	0.0	0.0	0.0	0.0
2015/08/07 23:25:00		0.58107	204.879	29.4974	45.4094	1005.31	1.07187	26.7367	45.4908	57.711	103.201	50.894	2560.21	15.0153	63.151	42.105	27.7525				0.0	0.0	0.0	0.0	0.0
2015/08/07 23:30:00		0.0	502.0	29.4932	45.0604	1005.28	1.15937	26.6804	54.397	58.091	112.488	50.679	2567.08	13.6402	56.163	37.445	26.8367				0.0	0.0	0.0	0.0	0.0
2015/08/07 23:35:00		0.0	502.0	29.4641	45.1198	1005.23	1.12292	26.5996	50.143	58.193	108.336	50.393	2562.29	13.1402	54.093	36.1083	26.425				0.0	0.0	0.0	0.0	0.0
2015/08/07 23:40:00		0.0	502.0	29.3974	45.3526	1005.21	1.07917	26.5287	35.1728	53.538	88.71	50.612	2558.54	13.0152	52.475	34.9817	26.5233				0.0	0.0	0.0	0.0	0.0
2015/08/07 23:45:00		0.0	502.0	29.3724	46.5833	1005.2	1.11563	26.4951	25.3171	50.559	75.876	50.398	2552.92	10.2042	53.979	36.1558	27.4808				0.0	0.0	0.0	0.0	0.0
2015/08/07 23:50:00		0.0	502.0	29.301	47.9885	1005.2	1.15208	26.6216	20.9665	48.3272	69.294	50.279	2546.67	14.6831	56.087	37.4008	28.2217				0.0	0.0	0.0	0.0	0.0
2015/08/07 23:55:00		0.0	502.0	29.2781	49.3281	1005.1	1.16667	26.6959	19.2201	45.8761	65.096	50.088	2536.67	16.7511	58.111	38.7883	28.4992				0.0	0.0	0.0	0.0	0.0
2015/08/08 00:00:00		0.0	502.0	29.2026	50.86	1005.08	1.12292	26.6637	20.301	44.315	64.616	50.498	2531.04	14.1367	57.66	38.5	28.9792				0.0	0.0	0.0	0.0	0.0
