-- 1st mean values --
Format: XTAB(V:1;HEAD:2;COL:TCFFFFFFFFFFFFFFFFFFFFFFFF)
StartTime: 2016/09/03 00:00:00
EndTime: 2016/09/04 00:00:00
Period: 24 h
Station: Gia Lam

Time	MeasPt	Wind Spd.	Wind Dir.	Temp	RH	Barometer	Radiation	InnerTemp	NO	NO2	NOx	SO2	CO	O3	PM-10	PM-2.5	PM-1	CH4	NMHC	THC	BENZEN	TOLUEN	ETHYL BENZEN	MP-XYLEN	O-XYLEN
		m/s	degree	°C	%	hPa	W/m²	°C	µg/m3	µg/m3	µg/m3	µg/m3	µg/m3	µg/m3	µg/m3	µg/m3	µg/m3	ppm	ppmC	ppmC	ug/m3	ug/m3	ug/m3	ug/m3	ug/m3
2016/09/03 00:05:00		0.58119	340.394	29.6635	0.360417	1001.4	1.05729	27.1993	12.7054	22.1763	34.8818	25.9545	2042.5	22.0979	30.56	21.2983	16.66								
2016/09/03 00:10:00		0.0	502.0	29.612	0.3625	1001.39	1.16667	27.279	11.9975	20.9679	32.9654	25.8878	2037.92	22.2872	33.5867	22.7142	17.49								
2016/09/03 00:15:00		0.0	502.0	29.6151	0.364062	1001.42	1.10104	27.3322	17.9002	24.939	42.8391	26.0165	2244.79	21.2871	33.7725	23.0908	17.5508								
2016/09/03 00:20:00		0.0	502.0	29.5948	0.361458	1001.43	1.13021	27.395	20.8392	24.535	45.3743	26.3597	2357.08	21.9265	33.8325	23.0475	17.67								
2016/09/03 00:25:00		0.0	502.0	29.4885	0.359375	1001.4	1.14479	27.4732	21.2368	24.2851	45.5219	26.3883	2430.42	21.8907	34.3358	23.0617	17.5392								
2016/09/03 00:30:00		0.8445	134.542	29.4016	0.357812	1001.4	1.05	27.5556	22.3914	25.2231	47.6145	26.4121	2337.92	21.2478	29.9983	20.7958	16.9492								
2016/09/03 00:35:00		1.01594	155.8	29.3062	0.359896	1001.36	1.11563	27.6213	18.1056	22.4673	40.573	26.3311	2105.83	22.205	30.6933	21.3183	17.17								
2016/09/03 00:40:00		0.0	502.0	29.3151	0.360938	1001.35	1.18125	27.682	18.2754	21.0364	39.3118	26.2548	2023.54	21.0585	32.5017	22.2667	17.6417								
2016/09/03 00:45:00		0.57341	118.923	29.2417	0.359896	1001.34	1.1375	27.7411	15.7204	21.7929	37.5134	26.5265	1913.75	21.6872	31.23	21.7483	17.5433								
2016/09/03 00:50:00		0.58191	129.397	29.1781	0.357812	1001.27	1.11563	27.7838	13.5117	20.3688	33.8805	26.3311	1792.5	22.1336	31.0917	21.535	17.5567								
2016/09/03 00:55:00		0.6618	128.096	29.1068	0.357292	1001.26	1.07187	27.8133	13.6077	18.7804	32.3881	26.2929	1691.88	22.6586	32.1075	22.3	17.79								
2016/09/03 01:00:00		0.73361	125.227	29.0156	0.363021	1001.23	1.14479	27.8479	14.7221	18.6537	33.3759	26.4455	1634.38	21.3514	33.3917	22.7233	17.9267								
2016/09/03 01:05:00		1.01671	117.825	29.0036	0.360938	1001.22	1.11563	27.8697	13.371	17.3871	30.7581	26.3215	1566.88	21.705	33.135	22.6583	18.2333								
2016/09/03 01:10:00		0.6985	118.295	28.9458	0.359896	1001.17	1.15937	27.889	13.8623	17.7808	31.6431	26.5265	1518.54	22.1943	35.2467	24.095	18.8167								
2016/09/03 01:15:00		0.54819	111.188	28.9073	0.361458	1001.14	1.07917	27.9086	12.4441	16.4252	28.8693	26.5837	1503.75	21.505	36.4883	24.9067	19.7517								
2016/09/03 01:20:00		0.0	502.0	28.9068	0.357812	1001.13	1.07917	27.9285	16.0398	17.2331	33.2729	26.4073	1529.79	22.6087	38.8042	26.7675	20.4433								
2016/09/03 01:25:00		0.0	502.0	28.874	0.355208	1001.09	1.1375	27.9494	18.3022	16.8736	35.1758	26.4264	1513.33	22.3765	40.1958	26.9225	20.6833								
2016/09/03 01:30:00		0.65677	79.511	28.8125	0.355208	1000.99	1.10104	27.9677	23.421	17.7192	41.1401	26.6695	1490.63	22.898	38.575	26.0033	20.5508								
2016/09/03 01:35:00		0.71655	89.385	28.8115	0.355208	1000.92	1.09375	27.9706	25.1049	17.7534	42.8583	26.517	1484.58	22.3301	40.3992	27.5408	21.4583								
2016/09/03 01:40:00		0.63498	94.212	28.8083	0.360938	1000.86	1.10833	27.983	25.5047	17.4111	42.9157	26.7124	1464.79	22.4086	40.0267	27.2142	21.6192								
2016/09/03 01:45:00		0.66958	84.75	28.7109	0.355729	1000.79	1.10104	27.9816	25.3908	16.6032	41.9939	26.5122	1458.33	22.7551	38.63	27.0283	21.6842								
2016/09/03 01:50:00		0.60191	57.905	28.7125	0.360417	1000.75	1.07187	27.9803	23.3361	15.292	38.6281	26.4788	1471.25	22.3372	38.5	26.3117	21.1575								
2016/09/03 01:55:00		0.64299	55.485	28.7104	0.35625	1000.7	1.07187	27.9816	25.9022	16.6819	42.5841	26.4979	1509.17	21.98	40.51	27.5608	21.385								
2016/09/03 02:00:00		0.83485	100.144	28.7125	0.359375	1000.66	1.10104	27.9803	25.1697	15.4803	40.65	26.5503	1455.0	22.3622	38.2058	26.7667	21.2917								
2016/09/03 02:05:00		0.81928	85.91	28.6568	0.355729	1000.63	1.03542	27.9843	21.344	14.645	35.989	26.3597	1359.38	22.3765	36.4358	26.0533	21.2467								
2016/09/03 02:10:00		0.70568	63.375	28.6089	0.356771	1000.62	1.03542	27.9859	19.8521	13.8063	33.6584	26.5265	1426.46	22.3586	37.0625	25.8742	21.0983								
2016/09/03 02:15:00		0.88945	79.213	28.6135	0.359375	1000.62	1.13021	27.9838	20.8013	13.8679	34.6692	26.4645	1379.58	22.1943	36.1458	25.9542	21.1383								
2016/09/03 02:20:00		0.9295	112.798	28.5661	0.363542	1000.62	1.08646	27.9701	20.5534	13.1798	33.7332	26.5456	1299.79	22.1979	41.0558	29.5408	24.6575								
2016/09/03 02:25:00		1.16788	132.078	28.5021	0.3625	1000.63	1.1375	27.9685	18.1235	13.3613	31.4848	26.4741	1273.96	22.0015	36.4525	26.15	20.9242								
2016/09/03 02:30:00		0.90755	157.417	28.5021	0.360938	1000.64	1.07187	27.9671	17.0962	12.4027	29.4989	26.6028	1176.46	22.6694	32.2167	23.805	19.8667								
2016/09/03 02:35:00		1.01313	152.645	28.5016	0.359896	1000.67	1.15937	27.9728	16.9934	11.7728	28.7663	26.4359	1064.38	22.0622	30.1575	22.4558	18.8342								
2016/09/03 02:40:00		1.293	135.53	28.4411	0.358854	1000.66	1.09375	27.9865	15.515	10.1639	25.6788	26.5074	1005.42	22.3336	27.5583	21.2792	17.7125								
2016/09/03 02:45:00		1.20091	135.168	28.4068	0.3625	1000.65	1.11563	27.984	13.5697	10.5336	24.1033	26.3692	968.13	22.1979	27.7683	21.415	18.2533								
2016/09/03 02:50:00		1.62941	150.87	28.3411	0.359375	1000.68	1.10833	27.9749	11.6848	9.4689	21.1537	26.3597	886.04	22.2836	29.5558	22.9217	19.3858								
2016/09/03 02:55:00		1.86772	146.588	28.2729	0.364062	1000.68	1.11563	27.984	10.2711	8.7227	18.9937	26.5408	811.46	22.5551	28.2217	22.5633	19.5342								
2016/09/03 03:00:00		1.21988	161.977	28.1557	0.361979	1000.75	1.15208	27.9902	12.8149	10.1091	22.924	26.3072	756.25	22.5158	33.3058	24.0617	19.6458								
2016/09/03 03:05:00		1.34439	139.565	28.0906	0.3625	1000.81	1.1375	27.9956	11.3878	9.4621	20.8499	26.3835	722.29	22.3872	30.9925	23.4258	19.5367								
2016/09/03 03:10:00		0.99841	147.257	28.0021	0.359896	1000.84	1.1375	27.9983	9.9294	8.596	18.5254	26.3692	694.38	23.0801	30.4625	23.7375	19.7942								
2016/09/03 03:15:00		0.86401	136.065	27.9859	0.361458	1000.85	1.13021	27.9948	9.3487	9.3217	18.6705	26.4026	701.04	22.2051	29.8142	23.1825	20.065								
2016/09/03 03:20:00		0.86022	155.727	27.8974	0.357812	1000.82	1.11563	27.9948	8.8909	9.0171	17.908	26.3358	686.67	22.6158	32.5583	25.0225	20.6667								
2016/09/03 03:25:00		1.41529	160.877	27.9026	0.3625	1000.81	1.08646	27.9913	13.9338	10.674	24.6077	26.536	712.92	22.2586	32.3375	24.4842	20.445								
2016/09/03 03:30:00		1.69233	162.928	27.8609	0.359375	1000.85	1.12292	27.9865	11.8523	9.4689	21.3212	26.312	724.17	22.7765	28.6717	23.3642	19.8825								
2016/09/03 03:35:00		2.66648	166.068	27.8042	0.365104	1000.9	1.1375	27.9822	11.658	8.62	20.278	26.2453	696.04	22.13	27.4242	23.1108	20.0742								
2016/09/03 03:40:00		2.75556	161.453	27.787	0.360938	1000.91	1.10833	27.9819	10.4207	8.2502	18.671	26.25	646.25	21.9229	25.9883	23.04	20.6658								
2016/09/03 03:45:00		1.84971	174.237	27.7026	0.363542	1000.95	1.11563	27.9698	8.8998	7.7402	16.64	26.3692	603.54	22.7301	27.0858	23.0217	20.3292								
2016/09/03 03:50:00		1.53531	170.606	27.6354	0.361458	1001.0	1.1375	27.9652	9.3934	7.8155	17.2089	26.2405	632.92	23.0337	27.1608	22.6483	20.1083								
2016/09/03 03:55:00		2.13915	158.837	27.6016	0.361458	1001.05	1.08646	27.9459	8.7167	7.2849	16.0016	26.1642	616.04	22.9515	27.2533	22.5958	20.0133								
2016/09/03 04:00:00		1.49156	165.868	27.6042	0.358333	1001.07	1.14479	27.9389	10.3671	8.9862	19.3534	26.1976	635.0	22.2765	27.1975	22.7042	20.0892								
2016/09/03 04:05:00		1.78333	165.909	27.6	0.365104	1001.08	1.15208	27.9301	9.9004	8.3906	18.291	26.3358	684.58	22.3372	26.7008	22.915	19.9567								
2016/09/03 04:10:00		1.69355	155.404	27.6026	0.358854	1001.07	1.13021	27.9191	10.088	8.7363	18.8243	26.2882	683.75	21.7907	26.2817	22.3467	19.7883								
2016/09/03 04:15:00		1.81338	153.434	27.601	0.363021	1001.08	1.10104	27.9003	9.3331	7.0966	16.4297	26.3072	684.58	22.0408	23.9467	21.2483	19.1283								
2016/09/03 04:20:00		1.24583	167.598	27.5901	0.395833	1001.11	1.16667	27.8853	7.9417	6.7132	14.6549	26.2119	660.83	22.3515	25.6483	21.5283	18.9667								
2016/09/03 04:25:00		1.56595	160.468	27.5911	0.360417	1001.1	1.17396	27.8799	8.547	6.7508	15.2978	26.2643	683.96	22.5479	25.3533	20.8067	18.3767								
2016/09/03 04:30:00		1.56931	157.593	27.512	0.358333	1001.13	1.15208	27.8842	9.1008	8.2982	17.399	26.4121	680.63	22.4051	25.66	20.9917	18.47								
2016/09/03 04:35:00		1.79563	161.452	27.513	0.358333	1001.21	1.14479	27.8783	8.4107	6.6892	15.0999	26.4407	752.71	22.6408	24.4617	20.83	18.5083								
2016/09/03 04:40:00		1.4475	165.21	27.5427	0.356771	1001.25	1.1375	27.8716	9.7887	7.7607	17.5494	26.2786	740.21	22.8694	25.175	20.8442	18.1625								
2016/09/03 04:45:00		1.24972	158.205	27.6005	0.359375	1001.27	1.13021	27.8576	10.385	8.4419	18.8269	26.5074	761.25	21.4157	25.78	20.3317	17.6858								
2016/09/03 04:50:00		1.26646	166.865	27.6026	0.364583	1001.33	1.11563	27.8351	9.8133	8.2537	18.0669	26.2786	834.38	22.2515	29.3475	21.9133	17.8683								
2016/09/03 04:55:00		1.46929	162.32	27.6031	0.361979	1001.37	1.14479	27.8286	9.5564	8.0311	17.5876	26.1928	824.17	22.6408	24.465	20.145	17.5908								
2016/09/03 05:00:00		1.29232	161.715	27.6	0.359896	1001.34	1.11563	27.8173	11.5061	8.2331	19.7393	26.2643	846.25	22.2872	27.2267	21.0233	17.8192								
2016/09/03 05:05:00		1.34641	161.233	27.6031	0.355208	1001.31	1.10104	27.7961	10.2153	9.2259	19.4412	26.3025	901.88	22.6765	26.0725	20.6217	17.875								
2016/09/03 05:10:00		1.20561	161.033	27.6	0.360417	1001.32	1.07917	27.7832	11.3766	7.634	19.0106	26.393	978.75	22.1693	27.6142	21.55	18.2667								
2016/09/03 05:15:00		1.35549	160.132	27.6005	0.361458	1001.3	1.09375	27.7706	13.4402	8.0517	21.4919	26.1499	1039.17	22.5586	27.33	21.2508	18.5392								
2016/09/03 05:20:00		1.84523	153.18	27.6005	0.360938	1001.35	1.10833	27.758	15.0035	8.6542	23.6577	26.2596	1108.75	23.1337	28.3983	21.9608	18.5517								
2016/09/03 05:25:00		1.69951	164.722	27.5984	0.361979	1001.41	1.10104	27.7432	18.6215	8.7192	27.3408	26.3025	1082.5	23.3051	31.1942	22.9067	19.0925								
2016/09/03 05:30:00		1.2021	160.936	27.6	0.3625	1001.45	1.07187	27.7317	22.349	10.3042	32.6532	26.3692	1180.21	21.5586	32.3692	23.21	18.695								
2016/09/03 05:35:00		1.33183	169.245	27.6021	0.360417	1001.5	1.01354	27.7344	31.3158	10.6876	42.0034	26.4455	1371.67	22.3658	33.2167	23.0575	18.4933								
2016/09/03 05:40:00		0.89862	161.607	27.6156	0.363021	1001.55	1.13021	27.7653	40.5886	11.5777	52.166	26.9412	1468.13	21.5514	32.4275	23.27	18.2475								
2016/09/03 05:45:00		1.12623	147.8	27.6984	0.365104	1001.55	1.14479	27.5875	41.3077	12.6629	53.971	26.4979	1718.75	23.3194	52.683	35.6917	21.1958								
2016/09/03 05:50:00		0.84157	153.655	27.7031	0.363021	1001.58	1.09375	27.3988	51.682	11.8139	63.495	26.7839	1897.92	22.8587	41.7217	27.8908	19.285								
2016/09/03 05:55:00		1.03906	141.65	27.7	0.365625	1001.63	1.1375	27.1792	56.016	13.2791	69.296	26.6409	1853.75	22.9408	33.59	23.0983	17.2808								
2016/09/03 06:00:00		0.83265	157.386	27.6995	0.363542	1001.67	1.12292	26.9692	64.677	12.4267	77.104	26.4979	1971.67	22.5086	33.4333	22.55	16.8675								
2016/09/03 06:05:00		0.96095	161.129	27.6995	0.363021	1001.74	1.10833	26.9709	58.862	11.9064	70.768	26.4693	2034.38	23.698	31.6408	21.5092	15.9125								
2016/09/03 06:10:00		0.79508	161.094	27.6979	0.365625	1001.82	2.84375	27.2283	55.903	11.7626	67.665	26.5217	2103.54	23.8944	29.5867	20.1508	15.6								
2016/09/03 06:15:00		1.22623	152.179	27.701	0.363021	1001.91	6.6135	27.4713	54.828	10.1057	64.934	26.2596	2188.13	23.4873	34.1758	22.8717	16.2225								
2016/09/03 06:20:00		1.1804	147.776	27.749	0.366146	1002.01	12.3885	27.7059	58.944	12.4883	71.433	26.4121	2195.0	22.7944	31.8242	21.605	15.6575								
2016/09/03 06:25:00		1.15508	147.984	27.8026	0.3625	1002.07	21.8604	27.9287	60.215	11.944	72.159	26.6457	2189.38	23.098	35.5783	23.8	16.4358								
2016/09/03 06:30:00		1.18678	167.699	27.8021	0.363542	1002.15	29.1958	28.1685	69.334	13.3955	82.729	26.965	2243.13	24.0052	30.5525	20.5333	14.9775								
2016/09/03 06:35:00		1.41398	163.705	27.838	0.360417	1002.23	32.324	28.2764	66.623	12.4644	79.087	26.9698	2419.79	23.1944	28.3325	19.7808	14.9167								
2016/09/03 06:40:00		1.24632	161.193	27.9021	0.3625	1002.29	41.6427	28.1908	70.614	12.8512	83.465	27.1033	2448.54	22.6301	30.9892	20.6917	15.0333								
2016/09/03 06:45:00		0.94679	160.021	27.9026	0.366667	1002.29	58.486	27.9932	74.678	12.3822	87.06	27.1605	2410.0	22.18	30.3125	20.985	15.5792								
2016/09/03 06:50:00		0.87633	158.298	27.9786	0.364583	1002.3	70.795	27.7921	68.548	10.2734	78.821	26.8649	2467.71	22.5479	33.2317	22.5575	16.3358								
2016/09/03 06:55:00		0.87249	148.102	28.0568	0.358854	1002.33	78.728	27.5677	67.04	11.1601	78.2	26.7839	2610.63	22.998	36.375	24.6117	17.91								
2016/09/03 07:00:00		0.94073	144.641	28.1573	0.363021	1002.38	80.806	27.3996	77.394	12.2487	89.643	26.9317	2783.33	22.1086	38.2775	26.0108	19.1125								
2016/09/03 07:05:00		0.81689	147.469	28.262	0.360417	1002.34	80.456	27.206	77.702	12.4335	90.136	27.0508	2832.5	22.0622	40.0242	27.1575	19.8817								
2016/09/03 07:10:00		1.11706	158.254	28.3349	0.359375	1002.32	80.959	27.0476	76.699	12.8067	89.506	26.6123	2753.75	22.4408	38.9917	26.7033	20.4433								
2016/09/03 07:15:00		1.35416	164.436	28.4021	0.360938	1002.34	81.9	26.9397	79.268	12.906	92.174	26.9412	2867.08	22.9051	45.695	30.79	22.9117								
2016/09/03 07:20:00		0.70243	144.638	28.4823	0.363542	1002.4	94.573	26.8626	91.339	14.4602	105.799	26.7744	3108.33	22.4229	43.315	29.1683	21.7433								
2016/09/03 07:25:00		1.17891	181.763	28.5	0.359896	1002.48	114.968	26.7915	76.603	13.3955	89.999	26.9555	2717.08	22.6729	38.1217	26.78	21.7383								
2016/09/03 07:30:00		0.85929	173.541	28.4969	0.359896	1002.53	148.451	26.7338	61.727	10.294	72.021	26.2357	2463.13	23.6373	41.1475	28.6783	22.6567								
2016/09/03 07:35:00		1.17748	205.751	28.5604	0.365104	1002.63	159.753	26.6637	58.808	10.9581	69.766	26.1166	2656.67	22.9301	39.38	28.1917	22.4167								
2016/09/03 07:40:00		0.69704	202.838	28.6016	0.359375	1002.74	145.053	26.6106	54.895	11.3929	66.288	26.1833	2415.42	23.4694	41.8825	29.2108	22.875								
2016/09/03 07:45:00		0.97935	215.228	28.7	0.365104	1002.86	142.603	26.5703	50.715	12.7382	63.453	26.0451	2507.08	22.9122	42.11	29.6483	23.705								
2016/09/03 07:50:00		0.79869	190.627	28.7875	0.366667	1002.9	163.486	26.5281	48.4075	12.9299	61.337	26.2167	2729.79	22.7837	49.2483	35.2583	28.2308								
2016/09/03 07:55:00		0.64688	159.413	28.8589	0.361458	1002.95	163.29	26.4972	51.771	14.5663	66.337	26.1928	3100.83	23.048	54.532	37.5442	29.3942								
2016/09/03 08:00:00		0.69637	326.265	28.8964	0.358333	1003.0	168.685	26.4785	45.8816	15.8363	61.718	26.25	3070.63	21.6514	49.3133	35.1442	29.4158								
2016/09/03 08:05:00		0.73779	339.685	28.9484	0.360938	1003.03	178.762	26.4535	46.2747	15.7336	62.008	26.0403	3319.17	23.5158	53.656	37.4183	30.1017								
2016/09/03 08:10:00		0.73747	281.155	29.0031	0.358333	1003.05	174.803	26.4393	42.507	17.6131	60.12	26.1499	3127.08	20.8514	51.769	36.6133	30.1358								
2016/09/03 08:15:00		0.56848	295.246	29.1005	0.360938	1003.1	188.264	26.4229	37.2252	17.394	54.619	25.9497	3005.83	25.6981	43.2908	33.8308	29.2767								
2016/09/03 08:20:00		0.92436	296.565	29.1688	0.359896	1003.16	203.736	26.4197	31.0165	16.1718	47.1884	26.0022	2866.46	25.9874	43.4808	32.8417	28.4375								
2016/09/03 08:25:00		0.89225	299.474	29.2094	0.360417	1003.26	216.985	26.4213	26.0541	15.9698	42.0239	25.6542	2629.17	36.9739	44.2133	31.9958	27.9092								
2016/09/03 08:30:00		0.72421	309.802	29.3005	0.371875	1003.33	249.74	26.4207	26.7598	17.0105	43.7703	25.8782	2738.75	30.8449	52.586	36.0733	29.2275								
2016/09/03 08:35:00		0.87748	337.639	29.4115	0.358854	1003.38	293.038	26.4339	35.0812	21.074	56.155	26.0165	3109.58	51.196	50.608	34.8592	27.8167								
2016/09/03 08:40:00		0.9553	306.192	29.5453	0.3625	1003.46	228.178	26.4484	29.6944	22.1764	51.871	25.9068	3106.04	25.9232	44.0167	31.4475	26.2225								
2016/09/03 08:45:00		0.99406	301.013	29.5953	0.366667	1003.52	226.355	26.4699	24.1044	19.4137	43.5181	25.8306	2576.25	45.8566	36.3558	28.1508	24.55								
2016/09/03 08:50:00		0.55606	302.154	29.5214	0.360417	1003.5	246.473	26.4817	19.1888	16.966	36.1548	25.7448	2233.96	27.8447	41.0833	30.3075	25.4558								
2016/09/03 08:55:00		0.9632	313.43	29.6443	0.363021	1003.51	259.897	26.5139	23.7068	21.2418	44.9486	25.9211	2857.08	44.5423	43.3825	31.1308	25.7958								
2016/09/03 09:00:00		0.86848	302.537	29.7604	0.365104	1003.56	261.078	26.5504	18.6305	19.9238	38.5543	25.9879	2472.92	25.2302	40.7567	30.2717	25.4625								
2016/09/03 09:05:00		0.88995	305.558	29.8052	0.369792	1003.6	265.745	26.5735	15.7696	18.2224	33.992	26.0069	2167.08	41.4313	38.925	30.7442	26.2717								
2016/09/03 09:10:00		0.70748	297.851	29.8057	0.36875	1003.63	288.597	26.5979	12.6853	18.0615	30.7468	25.6923	2002.08	35.0809	44.9225	32.7833	27.8583								
2016/09/03 09:15:00		0.72353	304.293	29.8344	0.366146	1003.59	297.143	26.628	12.1471	18.5168	30.6639	25.9879	2015.42	24.6338	49.1592	35.9692	29.3933								
2016/09/03 09:20:00		1.41861	284.699	29.9536	0.365104	1003.62	290.719	26.6771	14.4854	20.6393	35.1247	26.0165	2215.0	20.6692	45.9458	34.6708	29.9567								
2016/09/03 09:25:00		1.27243	290.104	30.0464	0.36875	1003.61	310.734	26.7123	13.2638	20.9919	34.2556	25.802	2196.88	22.1622	52.557	37.72	31.3975								
2016/09/03 09:30:00		1.18668	313.153	30.1266	0.367188	1003.55	371.459	26.7373	12.3414	22.2517	34.5931	25.9736	2131.67	22.4729	48.0408	34.7608	29.2883								
2016/09/03 09:35:00		1.27639	319.133	30.2125	0.367708	1003.51	437.456	26.7786	12.4955	22.7207	35.2162	25.9879	2205.83	23.3194	46.25	33.3983	28.2392								
2016/09/03 09:40:00		1.56179	309.433	30.2599	0.368229	1003.51	463.75	26.8267	10.5056	21.68	32.1856	25.7781	1968.75	22.2801	45.1808	32.9	27.78								
2016/09/03 09:45:00		1.30936	309.833	30.3104	0.365625	1003.53	390.622	26.8809	8.9959	19.3521	28.348	25.9307	1806.25	22.3051	44.565	32.8767	27.8175								
2016/09/03 09:50:00		1.1181	288.217	30.3734	0.364062	1003.5	394.88	26.948	8.3929	19.4616	27.8545	25.7448	1837.92	22.0015	44.8492	33.6875	28.2133								
2016/09/03 09:55:00		1.83955	311.277	30.4755	0.365104	1003.5	472.536	27.0009	8.4107	21.5396	29.9503	25.9497	1918.33	21.9479	46.7208	34.1	28.5667								
2016/09/03 10:00:00		1.54612	323.62	30.5031	0.367188	1003.52	533.95	27.0476	5.8178	20.4544	26.2722	25.8353	1634.79	22.2943	42.4942	32.225	27.885								
2016/09/03 10:05:00		1.35422	318.947	30.551	0.365104	1003.53	468.548	27.0995	6.6777	18.9584	25.6361	25.7924	1621.25	23.0373	48.4242	34.7192	28.7608								
2016/09/03 10:10:00		1.25791	313.092	30.6849	0.366667	1003.53	601.04	27.1443	7.8323	21.1939	29.0262	25.8973	1668.54	22.3729	44.5017	32.52	27.6158								
2016/09/03 10:15:00		1.29643	318.068	30.7885	0.368229	1003.51	658.53	27.2092	6.3762	20.3278	26.7039	25.7924	1548.75	22.0336	46.81	33.115	27.6083								
2016/09/03 10:20:00		1.27465	293.092	30.8651	0.366667	1003.46	739.13	27.2699	4.79943	18.9139	23.7134	25.8925	1435.42	22.9015	43.51	31.7267	27.035								
2016/09/03 10:25:00		1.28828	303.083	30.9703	0.363021	1003.43	600.42	27.3217	4.8843	19.4651	24.3494	25.9831	1611.04	22.5658	44.4	32.3183	27.3467								
2016/09/03 10:30:00		1.32255	307.125	31.1005	0.366146	1003.42	680.81	27.365	3.6984	17.3152	21.0136	25.7972	1364.79	22.6229	42.9033	32.0617	27.6817								
2016/09/03 10:35:00		1.53658	303.343	31.213	0.363542	1003.42	394.669	27.438	2.6197	17.7568	20.3765	25.8163	1360.83	23.198	46.7783	32.905	28.02								
2016/09/03 10:40:00		0.87863	317.092	31.2833	0.363542	1003.43	363.883	27.4777	1.74647	18.2464	19.9928	26.0403	1386.04	24.1981	48.23	33.285	28.3333								
2016/09/03 10:45:00		1.46893	305.002	31.2833	0.364583	1003.45	298.04	27.5319	2.16857	18.5065	20.6751	26.0641	1512.71	24.2195	46.3783	33.27	28.0233								
2016/09/03 10:50:00		1.15139	299.684	31.3479	0.363021	1003.45	287.401	27.5808	1.96757	18.6127	20.5802	26.0308	1460.0	23.4408	45.0508	32.3417	27.4317								
2016/09/03 10:55:00		1.39367	284.878	31.35	0.365104	1003.44	397.965	27.6278	3.99097	20.5331	24.5241	25.8639	1589.58	24.3588	46.6483	32.195	27.0067								
2016/09/03 11:00:00		1.13489	292.825	31.4849	0.364062	1003.39	523.55	27.6686	2.42093	21.163	23.584	25.8544	1510.21	23.873	48.2842	33.3883	27.7333								
2016/09/03 11:05:00		0.5512	260.228	31.7083	0.361458	1003.33	425.593	27.7236	4.15847	28.5403	32.6988	25.9926	1943.75	23.0122	46.7558	32.57	27.22								
2016/09/03 11:10:00		1.36867	299.871	31.8828	0.369271	1003.31	408.785	27.7747	2.6867	25.7332	28.4199	25.8163	1765.83	23.5373	39.76	29.3458	24.8983								
2016/09/03 11:15:00		0.80405	314.976	31.8781	0.363542	1003.33	329.758	27.8144	2.43433	22.2996	24.7339	25.7638	1574.79	24.123	38.4125	27.9458	24.2708								
2016/09/03 11:20:00		0.455174	232.298	31.837	0.367188	1003.3	206.93	27.8659	2.17973	19.667	21.8468	25.9497	1465.0	23.8016	39.2217	28.9992	24.8933								
2016/09/03 11:25:00		1.46331	201.603	31.7875	0.360417	1003.28	191.421	27.9008	2.11943	19.9786	22.098	25.8878	1635.63	23.3516	43.6867	30.5075	25.1025								
2016/09/03 11:30:00		1.37155	184.668	31.8286	0.364062	1003.24	231.095	27.9419	4.01107	31.4604	35.4715	25.7448	2284.38	23.8016	43.4433	30.0625	24.625								
2016/09/03 11:35:00		1.37404	171.081	31.9297	0.364062	1003.19	308.941	27.9564	7.3432	37.2459	44.5891	26.0451	2551.67	23.0908	48.0725	32.3	25.3133								
2016/09/03 11:40:00		1.25924	174.639	32.0922	0.358854	1003.15	302.436	28.1532	6.8005	37.4102	44.2107	25.9068	2491.88	23.9266	45.3483	30.6892	24.8475								
2016/09/03 11:45:00		1.55184	210.463	32.1901	0.363542	1003.09	233.53	28.6528	6.5571	37.2287	43.7858	26.3883	2139.79	23.8159	40.3733	27.1083	22.6392								
2016/09/03 11:50:00		2.15805	180.688	32.1703	0.367708	1003.01	184.887	28.9702	6.3516	38.1736	44.5252	26.3978	2148.33	23.1873	38.6725	26.875	22.0467								
2016/09/03 11:55:00		2.03711	203.36	32.0948	0.355729	1002.95	257.44	29.1884	6.0233	42.1583	48.1817	26.4598	2162.29	22.4051	37.2125	25.5083	20.0975								
2016/09/03 12:00:00		2.23551	195.099	32.0943	0.365104	1002.85	206.544	29.3065	5.9608	45.3489	51.31	26.7648	2083.75	22.3479	30.505	21.2275	17.0617								
2016/09/03 12:05:00		1.6821	196.445	32.0948	0.361979	1002.76	187.746	29.3466	5.2528	44.0617	49.3145	26.6647	1796.04	22.2658	28.2642	19.1083	14.5175								
2016/09/03 12:10:00		2.22423	192.581	32.0359	0.360417	1002.7	189.43	29.367	7.2449	52.692	59.937	26.7458	1941.46	23.3837	27.6767	18.5808	14.0458								
2016/09/03 12:15:00		2.00446	210.673	31.9776	0.360417	1002.66	173.819	29.3715	8.1226	55.564	63.687	26.6695	1817.92	22.3586	25.1	16.9625	13.1067								
2016/09/03 12:20:00		1.97591	220.119	31.8469	0.363542	1002.7	128.858	29.379	6.9211	26.7328	33.6539	26.7219	1635.42	22.205	23.2075	16.1033	13.0333								
2016/09/03 12:25:00		1.76812	203.488	31.6969	0.360938	1002.64	104.22	29.396	6.9457	24.5795	31.5252	26.7124	1570.0	22.5158	26.2533	18.2517	14.39								
2016/09/03 12:30:00		2.60413	217.151	31.5719	0.358854	1002.59	82.804	29.6241	8.777	28.2083	36.9853	27.1462	1731.04	23.9659	26.9192	18.2608	14.1958								
2016/09/03 12:35:00		1.72479	196.17	31.3609	0.360938	1002.54	76.439	29.9127	6.4499	23.8538	30.3037	26.8935	1557.92	23.1622	29.4867	19.9033	15.3792								
2016/09/03 12:40:00		1.56445	192.282	30.8698	0.361979	1002.5	78.509	30.0846	13.3129	27.9447	41.2576	27.2081	1693.13	23.0694	28.2317	19.7742	15.885								
2016/09/03 12:45:00		1.98684	290.992	30.3865	0.364062	1002.46	101.5	30.1428	14.0678	29.7248	43.7926	27.3464	1652.92	23.248	27.4842	19.8933	16.3367								
2016/09/03 12:50:00		1.67624	316.928	30.0182	0.4125	1002.4	130.12	30.1149	16.4753	26.6096	43.0849	27.3511	1588.33	23.0944	34.45	25.1775	21.7908								
2016/09/03 12:55:00		3.28826	298.325	29.2745	0.3625	1002.39	132.825	30.0153	12.9064	20.8755	33.7819	27.232	1346.67	22.898	30.12	24.4417	21.7983								
2016/09/03 13:00:00		2.60418	293.766	28.137	0.366667	1002.15	149.589	29.8736	9.6636	17.6507	27.3143	27.2844	1124.79	23.4587	24.8158	22.9992	21.5317								
2016/09/03 13:05:00		1.4762	297.035	27.5625	0.364583	1002.02	169.983	29.7525	8.404	20.7933	29.1974	27.3178	1170.83	22.7337	29.6367	25.8292	24.2825								
2016/09/03 13:10:00		0.57138	326.119	27.3953	0.3625	1001.91	201.33	29.8073	25.0245	33.268	58.292	27.3035	1782.29	24.7909	34.8842	30.1783	27.7567								
2016/09/03 13:15:00		1.00661	327.505	27.2583	0.363021	1001.83	232.874	29.9221	26.1724	38.0743	64.247	27.6466	1697.08	24.1337	30.8092	27.5625	25.5142								
2016/09/03 13:20:00		0.0	502.0	27.1396	0.363542	1001.67	258.373	30.0279	17.3173	32.5319	49.8492	27.5847	1494.79	23.2873	30.0267	27.1992	25.4942								
2016/09/03 13:25:00		0.0	502.0	27.0792	0.364062	1001.57	278.009	29.9968	19.3384	35.3699	54.708	27.4465	1652.08	22.8694	30.5717	27.2258	25.4592								
2016/09/03 13:30:00		0.61486	147.227	27.0021	0.363542	1001.49	315.525	29.9015	15.5239	34.004	49.5279	27.6133	1492.29	22.3622	27.9958	26.0825	24.6792								
2016/09/03 13:35:00		0.71018	151.977	27.0667	0.3625	1001.46	319.681	29.7509	13.1767	26.411	39.5877	27.5799	1352.71	22.5694	31.7367	27.8542	25.8658								
2016/09/03 13:40:00		0.5871	101.722	27.3875	0.363021	1001.37	321.329	29.6231	15.7093	30.9298	46.6391	27.1557	1472.71	22.0229	30.8242	27.1467	25.0058								
2016/09/03 13:45:00		0.72513	88.814	27.6688	0.360938	1001.26	327.461	29.698	13.4	28.2528	41.6528	27.4274	1437.08	23.7052	35.2	28.5483	25.75								
2016/09/03 13:50:00		0.85858	77.981	27.9667	0.365625	1001.16	526.28	29.8553	24.9664	36.5543	61.521	27.4369	1946.25	23.548	36.7433	29.7167	26.8617								
2016/09/03 13:55:00		1.13048	86.98	28.3505	0.365104	1001.07	723.54	30.0046	33.6653	40.8438	74.509	27.9565	2091.88	24.023	36.6583	28.4967	25.4358								
2016/09/03 14:00:00		0.94771	86.31	28.7542	0.3625	1001.0	782.92	30.0515	26.6325	40.6452	67.278	27.7086	2307.29	22.6836	43.1658	30.3725	25.6325								
2016/09/03 14:05:00		1.06802	91.004	29.3318	0.360938	1000.95	811.24	30.0529	28.4884	40.118	68.606	27.7849	2277.92	22.5086	43.3192	30.3367	24.735								
2016/09/03 14:10:00		0.60064	70.522	29.8542	0.365104	1000.85	806.08	30.0043	27.4566	39.8407	67.297	27.6562	2238.54	22.5444	34.5917	25.41	21.0417								
2016/09/03 14:15:00		1.06465	73.541	30.3245	0.364583	1000.75	773.35	29.9264	24.2406	40.7103	64.951	27.3893	2019.17	22.23	46.6983	31.1292	20.5933								
2016/09/03 14:20:00		1.04473	72.108	30.7172	0.407292	1000.71	746.44	29.8628	22.6594	39.1047	61.764	27.6228	2083.96	22.1908	40.545	27.0325	19.17								
2016/09/03 14:25:00		1.02015	80.822	31.0005	0.369792	1000.68	701.28	29.8081	20.8951	38.8548	59.75	27.4941	2057.29	21.6622	46.0925	23.1742	17.0592								
2016/09/03 14:30:00		1.00069	140.665	31.3266	0.358333	1000.63	418.585	29.7705	21.9179	41.2135	63.131	27.4989	2121.67	21.705	75.535	28.4267	18.2292								
2016/09/03 14:35:00		1.40297	135.782	31.5839	0.365625	1000.62	301.984	29.7442	18.023	40.0051	58.028	27.4179	2153.96	22.4872	56.916	25.5725	18.1083								
2016/09/03 14:40:00		1.57635	146.154	31.5891	0.361979	1000.62	240.392	29.909	17.1855	38.4338	55.619	27.2939	2084.38	24.5802	49.555	23.3808	17.6325								
2016/09/03 14:45:00		1.43339	168.409	31.4922	0.358854	1000.55	248.989	30.1971	21.0492	39.875	60.924	27.4846	2095.42	23.2123	60.363	26.7242	18.465								
2016/09/03 14:50:00		1.20484	155.484	31.4953	0.356771	1000.52	407.692	30.3979	18.856	42.8944	61.75	27.7372	2031.67	23.1658	44.9892	23.87	17.8058								
2016/09/03 14:55:00		0.73681	88.441	31.7141	0.358854	1000.48	616.81	30.4878	14.4899	38.3653	52.855	27.5656	1956.88	22.8479	47.9917	23.575	17.6892								
2016/09/03 15:00:00		0.64196	62.606	32.1536	0.359375	1000.44	553.27	30.4983	12.1181	34.1717	46.2898	27.3321	1704.79	22.6194	33.8317	20.4767	17.0925								
2016/09/03 15:05:00		1.28442	73.194	32.5479	0.35625	1000.4	281.757	30.4457	10.6552	34.6476	45.3028	27.5466	1868.33	22.6765	44.3408	22.6567	17.7167								
2016/09/03 15:10:00		0.85127	59.931	32.7776	0.361458	1000.39	223.847	30.3997	10.9232	38.4269	49.3502	27.5513	1942.08	22.973	61.613	26.3867	19.14								
2016/09/03 15:15:00		0.53201	143.799	32.8021	0.357292	1000.36	245.117	30.3501	18.5791	49.1796	67.759	27.7753	2143.54	22.7479	48.6534	24.2208	18.3975								
2016/09/03 15:20:00		1.35591	155.794	32.8005	0.35625	1000.33	252.933	30.3042	10.1996	39.4163	49.6159	27.7229	1935.0	22.5086	45.585	23.4058	18.2125								
2016/09/03 15:25:00		0.85948	125.249	32.749	0.357812	1000.32	270.878	30.2637	9.0562	36.4962	45.5523	27.5847	1788.75	23.048	44.3225	22.8442	17.7467								
2016/09/03 15:30:00		0.80696	193.01	32.7062	0.355208	1000.3	203.518	30.2634	9.38	41.5113	50.891	27.3035	1853.96	22.3765	42.3025	24.1192	18.2242								
2016/09/03 15:35:00		1.11359	150.937	32.7052	0.361458	1000.25	196.875	30.2634	5.9228	34.3874	40.3102	27.5609	1767.92	23.0908	38.7125	22.9342	18.1858								
2016/09/03 15:40:00		1.47482	130.078	32.6443	0.358333	1000.19	171.194	30.2693	7.5375	39.0431	46.5806	27.3559	1798.75	23.0551	42.7333	23.7042	18.7108								
2016/09/03 15:45:00		1.30398	181.308	32.5094	0.357292	1000.13	165.339	30.2789	5.5655	37.2664	42.8319	27.4131	1739.79	23.998	39.0075	23.7625	19.0708								
2016/09/03 15:50:00		1.9905	179.392	32.4073	0.358333	1000.1	163.931	30.2765	13.3352	42.7403	56.076	27.4655	1796.88	22.9837	44.1342	22.96	17.2875								
2016/09/03 15:55:00		1.57146	166.914	32.3714	0.360417	1000.06	168.474	30.2733	9.5922	41.1142	50.706	27.6324	1851.25	23.2801	49.0367	23.485	17.7525								
2016/09/03 16:00:00		0.75018	183.783	32.2974	0.358333	1000.07	156.056	30.2741	10.6485	45.746	56.395	27.2939	1922.92	24.1587	45.7092	22.3667	17.2983								
2016/09/03 16:05:00		1.75742	205.27	32.2953	0.360417	1000.08	171.806	30.2647	10.4274	40.7822	51.21	27.4941	1799.79	23.1372	45.2458	23.6642	17.6842								
2016/09/03 16:10:00		2.05287	202.207	32.2974	0.366146	1000.11	265.665	30.2693	7.2315	38.4372	45.6687	27.3511	1619.58	22.973	37.0008	21.5058	16.8642								
2016/09/03 16:15:00		1.46664	171.622	32.326	0.359375	1000.18	320.994	30.2623	4.623	30.252	34.875	27.5275	1499.17	23.0265	36.4	21.2083	17.1483								
2016/09/03 16:20:00		2.25981	158.422	32.4214	0.360938	1000.21	285.673	30.2704	4.1942	33.9355	38.1297	27.3178	1530.21	23.0872	41.7042	21.4475	16.5675								
2016/09/03 16:25:00		2.18371	171.928	32.5	0.358333	1000.24	162.167	30.2698	4.4756	33.7677	38.2434	27.4274	1534.38	22.0943	46.2858	21.0508	15.9642								
2016/09/03 16:30:00		2.18466	163.996	32.5031	0.360938	1000.28	155.83	30.2792	7.7921	39.4984	47.2905	27.4846	1710.83	22.7194	46.4675	22.6542	16.6225								
2016/09/03 16:35:00		2.01171	180.668	32.4365	0.361458	1000.3	125.949	30.2795	7.2784	39.6799	46.9583	27.5084	1726.67	23.6694	45.3892	22.8317	16.7967								
2016/09/03 16:40:00		1.39837	176.164	32.3953	0.359896	1000.3	121.501	30.2682	7.609	39.8989	47.5079	27.2987	1833.96	22.7872	43.2892	21.7325	16.6333								
2016/09/03 16:45:00		1.28999	162.255	32.326	0.361458	1000.31	95.689	30.2636	5.0585	32.7921	37.8506	27.4465	1486.04	22.8372	34.1183	20.485	16.6017								
2016/09/03 16:50:00		0.92215	172.513	32.2552	0.360417	1000.31	93.1	30.2524	5.0362	34.4285	39.4646	27.4846	1547.71	23.3837	41.1025	22.6133	17.4625								
2016/09/03 16:55:00		1.19046	146.381	32.176	0.358333	1000.32	74.04	30.2435	5.1568	35.743	40.8998	27.4989	1530.42	23.4123	35.9517	20.32	16.4417								
2016/09/03 17:00:00		0.96654	136.067	32.0729	0.360417	1000.31	51.333	30.233	3.50857	27.664	31.1725	27.4655	1425.21	22.7229	33.9583	19.9733	16.62								
2016/09/03 17:05:00		1.02297	135.771	31.9896	0.359375	1000.3	44.975	30.1944	2.52143	24.4392	26.9606	27.5132	1293.33	23.5694	39.1683	21.895	17.325								
2016/09/03 17:10:00		0.98055	145.947	31.8943	0.360417	1000.31	46.8781	30.1769	2.3651	27.6263	29.9914	27.2892	1416.25	22.33	32.5033	22.1083	17.62								
2016/09/03 17:15:00		0.94694	151.596	31.8281	0.366146	1000.31	46.7031	30.1557	2.36063	28.0131	30.3738	27.3464	1342.92	24.3873	34.3517	23.055	18.0425								
2016/09/03 17:20:00		0.84054	155.871	31.799	0.3625	1000.37	50.444	30.1436	2.88323	30.9606	33.8439	27.394	1514.38	22.6694	39.125	26.2567	19.3117								
2016/09/03 17:25:00		0.90082	162.394	31.7776	0.358854	1000.42	58.873	30.1243	4.37287	38.5262	42.8991	27.3368	1827.92	23.4623	37.9942	25.4292	19.1767								
2016/09/03 17:30:00		1.11686	205.191	31.6995	0.365104	1000.5	65.902	30.1095	2.13507	31.6693	33.8043	27.4036	1519.79	23.148	34.0542	23.0492	18.335								
2016/09/03 17:35:00		0.76806	175.733	31.6984	0.363021	1000.56	56.124	30.0969	1.9497	23.508	25.4577	27.3511	1318.96	23.8945	32.4992	22.1258	18.0558								
2016/09/03 17:40:00		1.35329	189.709	31.7047	0.358854	1000.62	39.4552	30.0599	1.50527	22.2277	23.733	27.5895	1261.46	24.5123	33.33	22.6258	18.145								
2016/09/03 17:45:00		1.40796	180.531	31.6891	0.361979	1000.63	34.1906	29.7412	2.91673	25.6168	28.5335	27.3082	1353.54	24.5695	34.7592	23.6375	18.5642								
2016/09/03 17:50:00		1.29317	176.329	31.6031	0.356771	1000.7	25.5135	29.3253	6.4566	30.1733	36.6298	27.1557	1591.04	22.5372	40.9108	27.3558	20.3283								
2016/09/03 17:55:00		1.62547	183.872	31.601	0.363021	1000.79	16.5229	28.8201	9.4894	35.3014	44.7908	26.8316	1839.38	22.4515	38.7567	26.0858	20.1017								
2016/09/03 18:00:00		1.11394	172.381	31.5599	0.360417	1000.78	4.56458	28.3261	8.7904	33.6034	42.3938	26.803	1833.33	21.9836	38.1942	25.5417	19.595								
2016/09/03 18:05:00		1.23422	178.706	31.4687	0.353646	1000.87	1.10833	27.9143	6.298	27.9036	34.2016	26.455	1776.88	22.873	39.475	26.6142	20.8267								
2016/09/03 18:10:00		1.49811	180.076	31.3781	0.363021	1000.93	1.16667	27.5518	6.4744	30.5738	37.0482	26.2643	1732.92	22.6515	38.7908	26.3567	21.2933								
2016/09/03 18:15:00		1.65167	172.736	31.2859	0.360938	1000.97	1.09375	27.2812	10.2689	26.702	36.9709	25.8449	1867.29	23.0801	42.92	28.6433	21.3258								
2016/09/03 18:20:00		1.24116	177.638	31.1938	0.355208	1001.0	1.18125	27.0425	14.3916	34.1991	48.5907	26.0498	1986.25	23.448	39.8583	26.95	20.9508								
2016/09/03 18:25:00		1.41434	181.433	31.1135	0.357812	1001.11	1.16667	26.8651	10.2465	30.0226	40.2692	25.8449	1891.04	21.9336	39.4617	26.9058	21.1617								
2016/09/03 18:30:00		1.23863	169.894	31.0187	0.357812	1001.19	1.15937	26.7225	12.4732	28.7252	41.1984	25.5827	1922.71	37.1489	41.5342	28.1342	22.5742								
2016/09/03 18:35:00		1.18858	168.52	30.9609	0.358854	1001.23	1.11563	26.5842	12.2498	30.8579	43.1078	25.8163	2186.25	25.4767	41.5859	28.155	22.6758								
2016/09/03 18:40:00		1.18917	177.58	30.9036	0.361979	1001.24	1.16667	26.4868	13.9963	28.3555	42.3518	25.7638	2195.83	22.7765	47.48	32.1808	26.0033								
2016/09/03 18:45:00		1.51328	165.157	30.8307	0.35625	1001.28	1.15937	26.4387	26.5208	32.1143	58.635	25.9354	2424.17	22.6872	42.2292	28.7958	24.205								
2016/09/03 18:50:00		1.98364	169.025	30.7807	0.358854	1001.33	1.11563	26.3966	12.7456	27.6811	40.4267	25.6018	2154.17	22.4586	41.475	28.2483	23.4917								
2016/09/03 18:55:00		2.08504	167.747	30.6922	0.359896	1001.4	1.12292	26.3515	12.2699	24.4186	36.6886	25.4588	2037.71	22.8872	39.8492	27.0542	21.9908								
2016/09/03 19:00:00		1.86684	168.702	30.6193	0.355729	1001.43	1.13021	26.3287	15.0772	25.9283	41.0056	25.5541	1952.29	22.973	37.7642	25.6192	21.0708								
2016/09/03 19:05:00		2.00949	188.339	30.5448	0.357812	1001.48	1.09375	26.2908	12.3436	24.6549	36.9985	25.5541	2170.21	23.4301	39.3067	26.58	21.2875								
2016/09/03 19:10:00		1.76211	184.839	30.5047	0.360938	1001.58	1.1375	26.2436	10.6195	24.6822	35.3017	25.4445	2047.92	22.4872	38.2933	26.0508	21.0767								
2016/09/03 19:15:00		2.01104	185.917	30.5047	0.361979	1001.7	1.10833	26.2111	16.8259	24.6103	41.4363	25.7352	2081.88	22.7051	42.1633	28.4575	22.0808								
2016/09/03 19:20:00		1.73155	187.42	30.5047	0.363021	1001.81	1.15937	26.2618	16.2363	24.3159	40.5523	25.6828	1947.08	22.8301	34.9983	24.5258	20.2267								
2016/09/03 19:25:00		1.48037	177.366	30.5057	0.366667	1001.88	1.14479	26.3142	16.5512	23.5765	40.1277	25.3968	2192.92	23.0051	36.4817	25.0267	20.5558								
2016/09/03 19:30:00		1.31788	167.11	30.4609	0.368229	1001.99	1.08646	26.3483	15.41	22.3372	37.7473	25.6161	1852.08	23.2444	33.7692	23.5583	19.6983								
2016/09/03 19:35:00		1.47586	168.81	30.3891	0.360938	1002.03	1.13021	26.3789	12.7367	19.6362	32.3729	25.6542	1775.0	22.5158	33.495	23.0692	18.9967								
2016/09/03 19:40:00		1.55255	167.48	30.3042	0.360938	1002.07	1.14479	26.3625	11.7027	18.8934	30.596	25.4635	1644.79	22.5158	35.285	24.3	20.1192								
2016/09/03 19:45:00		1.12549	163.069	30.212	0.363021	1002.14	1.14479	26.315	15.1286	19.3761	34.5047	25.74	1573.54	22.7444	40.0533	27.04	21.7725								
2016/09/03 19:50:00		1.12864	170.577	30.1286	0.363021	1002.2	1.11563	26.3155	17.8711	20.2319	38.103	25.7257	1629.79	23.3873	39.7317	27.5117	22.055								
2016/09/03 19:55:00		1.48661	176.156	30.0464	0.364062	1002.3	1.12292	26.3432	22.9832	21.2007	44.1839	26.0069	1659.79	24.2623	40.725	27.7533	22.2083								
2016/09/03 20:00:00		1.17147	163.747	29.9937	0.364062	1002.35	1.16667	26.3284	16.6004	19.5883	36.1887	25.8687	1511.25	23.3158	35.0208	24.2008	20.275								
2016/09/03 20:05:00		0.79783	161.981	29.9052	0.361979	1002.39	1.15208	26.272	13.2526	18.1026	31.3552	25.6828	1410.42	22.7122	36.17	24.62	20.2883								
2016/09/03 20:10:00		1.06964	162.574	29.8573	0.366667	1002.47	1.14479	26.1987	14.2822	16.8394	31.1215	25.5493	1357.08	22.8801	37.64	25.4133	21.0867								
2016/09/03 20:15:00		1.23661	155.561	29.8052	0.361979	1002.55	1.12292	26.1031	14.5703	17.4076	31.9779	25.7114	1334.79	22.4443	36.2783	24.8667	20.7017								
2016/09/03 20:20:00		1.1024	146.117	29.7146	0.365104	1002.62	1.20313	26.0156	10.3962	15.4803	25.8765	25.6733	1290.63	22.9872	39.9358	27.1767	21.7792								
2016/09/03 20:25:00		1.21612	145.428	29.7141	0.359896	1002.68	1.20313	25.9386	20.5333	18.0889	38.6222	25.7829	1659.79	22.4729	40.7225	27.7633	22.5425								
2016/09/03 20:30:00		0.93949	172.75	29.6802	0.360938	1002.74	1.12292	25.8672	16.0845	18.1984	34.2829	25.9116	1564.38	22.4729	40.2217	27.9933	23.02								
2016/09/03 20:35:00		0.90615	157.282	29.6104	0.361458	1002.83	1.16667	25.8333	13.0963	17.3358	30.432	25.6971	1408.33	22.3301	38.0642	27.2533	23.4067								
2016/09/03 20:40:00		0.77214	146.372	29.6099	0.358854	1002.8	1.17396	25.8661	13.4916	16.9797	30.4713	25.5112	1474.38	22.8444	42.3892	29.0117	23.945								
2016/09/03 20:45:00		1.06666	161.563	29.526	0.359896	1002.82	1.19583	25.89	19.8119	19.02	38.8319	25.6971	1484.79	22.0443	43.1225	29.3158	24.2492								
2016/09/03 20:50:00		1.01857	170.321	29.4937	0.353125	1002.88	1.18854	25.9214	12.7166	16.4183	29.1349	25.6113	1313.96	23.1872	41.6175	28.3883	23.9925								
2016/09/03 20:55:00		1.13955	157.774	29.4479	0.361458	1002.98	1.12292	25.9386	11.0349	14.8744	25.9093	25.6065	1288.54	22.5872	39.2333	27.5283	23.3733								
2016/09/03 21:00:00		1.11683	162.841	29.3995	0.360938	1003.1	1.12292	25.9662	9.5229	15.4906	25.0135	25.6494	1267.92	22.5301	41.1608	28.0208	23.1825								
2016/09/03 21:05:00		0.86622	164.732	29.4005	0.355729	1003.15	1.11563	25.9823	9.5922	14.9189	24.5111	25.6304	1275.42	23.273	41.2108	27.9333	23.1658								
2016/09/03 21:10:00		0.98183	166.378	29.3979	0.360938	1003.19	1.17396	25.985	7.81	14.556	22.366	25.5112	1209.17	22.6158	39.95	27.5642	22.825								
2016/09/03 21:15:00		1.0961	170.507	29.3365	0.360417	1003.3	1.18854	25.9949	8.0199	15.2304	23.2503	25.678	1237.29	22.6158	44.7233	30.1325	23.5233								
2016/09/03 21:20:00		0.9706	180.626	29.3052	0.363021	1003.37	1.15937	26.003	10.8294	16.788	27.6175	25.659	1443.96	22.6158	42.6275	29.1533	23.5217								
2016/09/03 21:25:00		1.21773	177.361	29.2995	0.359896	1003.44	1.21771	26.0059	9.8825	17.5206	27.4031	25.8115	1415.63	22.6158	44.6283	30.2208	23.9367								
2016/09/03 21:30:00		1.16447	188.054	29.3016	0.359375	1003.51	1.1375	26.0119	10.8428	17.4556	28.2984	25.7591	1373.13	22.7872	46.6	31.4192	24.0225								
2016/09/03 21:35:00		1.0558	185.306	29.3026	0.361458	1003.52	1.10833	25.9987	20.7186	19.7389	40.4576	25.9307	1525.83	23.0444	44.4133	30.175	24.2742								
2016/09/03 21:40:00		0.87904	178.637	29.3536	0.361458	1003.57	1.07917	25.9928	14.6038	19.1262	33.7299	25.7209	1485.0	22.7301	45.8283	31.0525	24.7458								
2016/09/03 21:45:00		1.33217	172.586	29.3958	0.358333	1003.66	1.11563	26.0041	12.9779	18.979	31.9569	25.4683	1617.71	22.1586	43.4809	29.7492	24.4292								
2016/09/03 21:50:00		0.86704	157.395	29.401	0.361979	1003.7	1.02813	26.0041	12.1583	18.4415	30.5998	25.597	1544.79	22.6729	45.6342	30.8183	24.905								
2016/09/03 21:55:00		1.34122	168.709	29.401	0.360417	1003.65	1.12292	26.003	12.0332	18.8318	30.865	25.7066	1616.04	22.2158	45.5592	31.0067	25.2442								
2016/09/03 22:00:00		1.18006	158.013	29.4026	0.357812	1003.68	1.15208	26.0016	10.3292	18.4175	28.7467	25.821	1572.08	22.7015	45.9292	31.38	25.8875								
2016/09/03 22:05:00		1.09791	148.941	29.3964	0.357812	1003.75	1.10104	25.9949	8.9088	17.4693	26.378	25.7209	1516.04	22.6444	46.3783	31.265	25.8817								
2016/09/03 22:10:00		1.09701	169.258	29.3943	0.358333	1003.75	1.12292	25.9904	10.682	18.0273	28.7093	25.6971	1594.38	21.9014	48.0083	32.2742	25.8333								
2016/09/03 22:15:00		1.08259	168.763	29.3099	0.360938	1003.72	1.14479	25.9764	10.1773	18.4552	28.6325	25.8782	1620.21	22.1015	50.237	33.7333	25.7258								
2016/09/03 22:20:00		1.39526	164.893	29.3	0.355208	1003.71	1.15937	25.9834	9.6346	17.3152	26.9498	25.6018	1577.92	22.1872	47.705	31.9717	24.6858								
2016/09/03 22:25:00		1.04874	165.405	29.3073	0.361979	1003.68	1.14479	25.9772	9.4381	17.9143	27.3524	25.7066	1549.38	22.5586	46.1592	30.8175	23.8625								
2016/09/03 22:30:00		1.27261	152.389	29.3005	0.358854	1003.65	1.16667	25.9729	9.1589	17.0414	26.2003	25.6208	1446.04	22.5301	47.7958	32.1217	24.9392								
2016/09/03 22:35:00		1.2246	148.471	29.3016	0.358854	1003.65	1.13021	25.9799	11.0304	17.5104	28.5408	25.7019	1454.58	22.3872	48.3883	32.6333	24.8258								
2016/09/03 22:40:00		1.16066	146.309	29.3026	0.361458	1003.67	1.1375	25.9697	11.2917	16.2643	27.556	25.6304	1577.5	22.3872	51.965	35.0117	26.1142								
2016/09/03 22:45:00		0.90854	149.804	29.3854	0.355729	1003.64	1.15208	25.9657	11.9707	17.2125	29.1832	25.5922	1745.0	22.5015	56.695	37.7925	26.7733								
2016/09/03 22:50:00		0.98176	147.727	29.3984	0.3625	1003.53	1.12292	25.9619	15.1576	17.5891	32.7467	25.945	1783.96	21.7586	60.614	40.42	27.4625								
2016/09/03 22:55:00		0.95382	149.995	29.4005	0.361458	1003.46	1.15937	25.9555	13.199	19.2802	32.4792	26.0451	1717.08	22.0157	62.562	41.7125	27.7592								
2016/09/03 23:00:00		0.66165	144.281	29.4016	0.361979	1003.45	1.13021	25.9442	12.2811	17.928	30.2091	25.8878	1587.5	22.4443	66.112	44.085	28.6217								
2016/09/03 23:05:00		0.94146	132.223	29.3995	0.357292	1003.5	1.20313	25.9338	14.4787	18.5784	33.0571	25.945	1756.67	22.8158	69.408	46.2783	29.1567								
2016/09/03 23:10:00		1.08554	140.219	29.3974	0.356771	1003.53	1.15208	25.9254	14.8561	18.8899	33.7461	25.5779	1704.79	22.2729	72.818	48.5333	29.7967								
2016/09/03 23:15:00		1.27401	135.216	29.3052	0.360417	1003.52	1.14479	25.9217	17.7215	19.5027	37.2242	26.1595	1698.96	22.2229	69.407	46.265	28.7933								
2016/09/03 23:20:00		1.63627	134.35	29.3057	0.360938	1003.52	1.19583	25.9155	16.3525	19.5301	35.8826	26.1833	1645.21	22.3979	62.715	41.8067	27.5317								
2016/09/03 23:25:00		1.4411	130.963	29.3062	0.358333	1003.45	1.21042	25.9082	16.6227	19.2699	35.8926	25.8353	1611.46	22.6944	57.445	38.4233	27.3067								
2016/09/03 23:30:00		0.99105	137.693	29.3125	0.358854	1003.41	1.15937	25.9072	18.4808	18.5168	36.9976	25.7877	1759.58	22.0158	55.647	37.1967	26.9167								
2016/09/03 23:35:00		1.08727	127.468	29.3031	0.359375	1003.42	1.15208	25.9058	17.6947	18.6435	36.3382	25.8258	1661.88	21.7479	50.675	33.9983	26.2								
2016/09/03 23:40:00		1.09407	133.506	29.2771	0.361458	1003.37	1.14479	26.0548	16.4686	17.0379	33.5065	25.8401	1549.58	22.6086	50.652	34.1983	26.805								
2016/09/03 23:45:00		0.96575	128.699	29.2052	0.364062	1003.35	1.15208	26.3985	16.1314	17.1851	33.3165	25.9116	1506.46	22.7301	54.628	37.0183	28.4333								
2016/09/03 23:50:00		1.37908	127.45	29.1969	0.358333	1003.42	1.14479	26.6259	18.4518	17.4693	35.9211	25.9593	1543.54	23.2444	57.716	39.1583	30.3358								
2016/09/03 23:55:00		1.35598	126.44	29.2068	0.357812	1003.49	1.20313	26.7746	19.7494	16.877	36.6264	26.0832	1536.04	21.5443	54.897	37.645	30.3375								
2016/09/04 00:00:00		1.08656	126.67	29.2068	0.363021	1003.41	1.08646	26.8275	20.4886	15.987	36.4756	26.2453	1440.21	21.555	60.392	40.6442	31.92								
