-- 1st mean values --
Format: XTAB(V:1;HEAD:2;COL:TCFFFFFFFFFFFFFFFFFFFFFFFF)
StartTime: 2016/09/22 00:00:00
EndTime: 2016/09/23 00:00:00
Period: 24 h
Station: Gia Lam

Time	MeasPt	Wind Spd.	Wind Dir.	Temp	RH	Barometer	Radiation	InnerTemp	NO	NO2	NOx	SO2	CO	O3	PM-10	PM-2.5	PM-1	CH4	NMHC	THC	BENZEN	TOLUEN	ETHYL BENZEN	MP-XYLEN	O-XYLEN
		m/s	degree	°C	%	hPa	W/m²	°C	µg/m3	µg/m3	µg/m3	µg/m3	µg/m3	µg/m3	µg/m3	µg/m3	µg/m3	ppm	ppmC	ppmC	ug/m3	ug/m3	ug/m3	ug/m3	ug/m3
2016/09/22 00:05:00		0.6286	11.6395	27.8953	0.367188	1012.73	1.1375	26.9204	27.4544	17.7705	45.2249	39.0009	1237.5	54.45	57.086	46.1225	42.5517				3.85017	0.0	2.40501	4.90858	0.219844
2016/09/22 00:10:00		0.287189	6.3967	27.8062	0.361458	1012.73	1.14479	26.9765	26.092	17.2741	43.3662	39.1057	1194.38	54.086	54.053	44.7092	40.8725				4.43198	0.0	2.65156	5.1276	0.220364
2016/09/22 00:15:00		0.71054	10.8901	27.7969	0.360938	1012.71	1.09375	26.9837	25.757	17.1098	42.8669	38.7149	1163.13	53.229	56.9	46.2292	41.2625				4.43198	0.0	2.65156	5.1276	0.220364
2016/09/22 00:20:00		0.431225	341.6	27.7344	0.360417	1012.66	1.10104	26.991	25.1853	17.3152	42.5005	38.3907	1126.67	52.857	56.935	45.8625	41.8742				4.88529	0.0	2.71359	5.3258	0.225282
2016/09/22 00:25:00		0.457126	337.526	27.6969	0.366667	1012.6	1.08646	27.0565	25.4064	17.394	42.8004	38.0952	1107.92	52.936	58.881	45.8883	42.1208				6.5242	0.0	2.93785	6.0422	0.243063
2016/09/22 00:30:00		0.444853	0.59995	27.6958	0.363021	1012.52	1.15937	27.1021	25.2947	17.4145	42.7092	37.9427	1099.79	53.325	57.222	47.6208	43.3467				6.5242	0.0	2.93785	6.0422	0.243063
2016/09/22 00:35:00		0.75059	344.315	27.6026	0.3625	1012.46	1.15208	27.177	25.5404	17.5343	43.0747	38.0666	1080.63	53.45	56.713	47.8925	44.2875				6.0134	0.0	2.73728	5.6349	0.235773
2016/09/22 00:40:00		0.290141	350.694	27.5964	0.367708	1012.43	1.13021	27.2806	24.6984	17.8321	42.5306	38.7006	1073.13	54.132	56.298	47.75	44.1258				4.16696	0.0	2.01213	4.16226	0.209416
2016/09/22 00:45:00		0.61465	332.178	27.4896	0.365625	1012.38	1.15937	27.3051	24.8659	17.2536	42.1195	38.6863	1086.88	54.504	56.469	47.4692	43.5292				4.16696	0.0	2.01213	4.16226	0.209416
2016/09/22 00:50:00		0.6785	328.275	27.4865	0.361458	1012.37	1.16667	27.3456	25.623	17.7911	43.4141	39.0009	1096.88	54.064	55.383	45.8608	42.3408				4.11785	0.0	1.98029	4.03155	0.208462
2016/09/22 00:55:00		1.17979	330.844	27.4375	0.360938	1012.36	1.10104	27.3985	25.3126	16.4491	41.7617	39.5633	1098.75	53.443	57.02	45.7133	41.6192				3.94031	0.0	1.86519	3.55899	0.205009
2016/09/22 01:00:00		0.82258	316.967	27.3969	0.3625	1012.34	1.15937	27.424	25.3059	16.254	41.5599	40.1687	1071.88	53.143	53.947	45.0175	41.3842				3.94031	0.0	1.86519	3.55899	0.205009
2016/09/22 01:05:00		0.80741	327.721	27.3922	0.365104	1012.33	1.16667	27.4383	24.9128	16.1547	41.0676	41.0934	1061.25	53.082	57.737	49.0167	44.6267				3.89196	0.0	1.89466	3.61618	0.208408
2016/09/22 01:10:00		1.04433	329.042	27.3057	0.364583	1012.33	1.09375	27.4971	26.8826	16.3943	43.277	42.0563	1078.54	53.564	71.152	60.591	55.337				3.71714	0.0	2.00123	3.82295	0.220695
2016/09/22 01:15:00		0.88267	329.142	27.3	0.359896	1012.29	1.08646	27.5032	25.4935	16.3909	41.8844	42.7999	1069.58	56.354	73.645	62.482	56.977				3.71714	0.0	2.00123	3.82295	0.220695
2016/09/22 01:20:00		0.75925	326.495	27.2708	0.360417	1012.32	1.13021	27.5183	25.6588	16.4833	42.1421	42.7379	1065.83	58.072	68.553	55.968	50.875				3.67106	0.0	1.96929	3.71042	0.214452
2016/09/22 01:25:00		0.80796	331.159	27.1943	0.365625	1012.33	1.11563	27.5703	25.5337	15.5556	41.0893	43.6007	1061.67	58.043	60.874	50.052	45.2475				3.50444	0.0	1.85381	3.30356	0.191882
2016/09/22 01:30:00		0.81551	323.916	27.1958	0.358854	1012.31	1.15937	27.5832	25.4935	15.6926	41.1861	43.2718	1047.08	57.04	65.852	52.424	47.135				3.50444	0.0	1.85381	3.30356	0.191882
2016/09/22 01:35:00		0.59628	333.8	27.1953	0.363542	1012.27	1.13021	27.5961	27.8966	16.8907	44.7873	43.3624	1070.83	56.532	72.668	56.299	50.44				3.60567	0.0	1.7811	3.217	0.202899
2016/09/22 01:40:00		0.72352	330.106	27.1896	0.360938	1012.22	1.18854	27.6313	27.47	15.9938	43.4638	42.6045	1086.46	56.85	62.282	53.858	49.8092				3.97169	0.0	1.51822	2.90406	0.242731
2016/09/22 01:45:00		0.96651	327.035	27.1922	0.363021	1012.17	1.1375	27.6195	27.5325	15.5522	43.0847	41.5129	1055.21	56.404	58.868	49.2875	44.745				3.97169	0.0	1.51822	2.90406	0.242731
2016/09/22 01:50:00		0.68773	335.762	27.1641	0.363021	1012.11	1.11563	27.6133	27.3092	15.5454	42.8546	41.3556	1054.17	55.457	57.71	46.4417	41.9008				4.0004	0.0	1.5479	3.03498	0.245134
2016/09/22 01:55:00		0.7287	344.756	27.0938	0.366146	1012.09	1.15937	27.6428	30.0227	15.4221	45.4448	40.7264	1054.38	54.046	54.634	45.0683	41.2167				4.1042	0.0	1.65521	3.50828	0.253821
2016/09/22 02:00:00		0.84072	329.105	27.0906	0.364062	1012.1	1.17396	27.6321	29.2611	16.2061	45.4672	40.0829	1057.08	52.854	52.401	43.9242	40.1958				4.1042	0.0	1.65521	3.50828	0.253821
2016/09/22 02:05:00		0.99425	329.608	26.9932	0.366146	1012.06	1.15208	27.6273	28.8792	13.2688	42.1481	39.673	1009.17	51.121	53.9	44.0008	39.6475				3.96118	0.0	1.69485	3.58241	0.244754
2016/09/22 02:10:00		1.04252	338.669	26.951	0.364583	1012.03	1.18125	27.6745	27.9926	13.0155	41.0081	39.6396	982.5	49.5855	52.477	42.8583	38.485				3.44411	0.0	1.83817	3.85044	0.211975
2016/09/22 02:15:00		0.80195	331.249	26.8953	0.363542	1012.01	1.12292	27.6471	28.1936	13.5701	41.7637	39.9065	953.75	48.6139	55.267	42.7892	38.0483				3.44411	0.0	1.83817	3.85044	0.211975
2016/09/22 02:20:00		0.8004	323.056	26.9922	0.363021	1011.99	1.1375	27.6538	28.1958	15.3605	43.5563	40.102	941.46	47.7067	54.357	43.0233	38.2683				3.2512	0.0	1.74516	3.64255	0.203295
2016/09/22 02:25:00		0.7642	330.224	26.9932	0.361458	1011.98	1.12292	27.6925	28.5978	14.645	43.2429	39.7302	938.96	47.096	54.121	43.2692	38.6233				2.61734	0.0	1.43954	2.9595	0.174774
2016/09/22 02:30:00		0.70714	331.813	26.9953	0.368229	1011.97	1.14479	27.7011	29.107	14.7238	43.8308	39.5156	905.0	46.8781	52.785	43.5433	38.595				2.61734	0.0	1.43954	2.9595	0.174774
2016/09/22 02:35:00		0.51711	339.655	26.9969	0.363021	1011.97	1.11563	27.6957	27.1998	14.1555	41.3552	39.53	878.33	46.3781	54.053	43.4383	38.5433				2.65096	0.0	1.46901	3.13211	0.432518
2016/09/22 02:40:00		0.89723	328.26	26.9234	0.368229	1011.94	1.18125	27.7107	28.8234	15.9253	44.7488	39.5538	874.58	46.1566	52.507	43.3133	38.7467				2.77251	0.0	1.57558	3.75613	1.36436
2016/09/22 02:45:00		0.78363	332.991	26.9005	0.367708	1011.91	1.18854	27.6936	28.6179	15.3981	44.0161	39.263	868.33	45.9924	54.423	44.3533	39.5633				2.77251	0.0	1.57558	3.75613	1.36436
2016/09/22 02:50:00		0.81549	332.31	26.8984	0.363021	1011.89	1.1375	27.6911	28.5688	15.2201	43.7889	39.0295	880.83	45.8352	56.26	45.2817	40.37				2.74932	0.0	1.52833	3.61136	1.30409
2016/09/22 02:55:00		0.95747	329.964	26.8406	0.363021	1011.86	1.15208	27.7325	29.116	17.0824	46.1984	38.9294	870.42	46.4531	56.139	46.3608	41.315				2.66546	0.0	1.35754	3.08793	1.08618
2016/09/22 03:00:00		0.79018	337.291	26.799	0.3625	1011.85	1.15208	27.7019	28.2204	15.7028	43.9232	38.4813	873.33	46.9281	55.856	46.1675	41.8117				2.66546	0.0	1.35754	3.08793	1.08618
2016/09/22 03:05:00		0.67054	328.881	26.8031	0.365104	1011.86	1.14479	27.6834	31.4855	15.963	47.4485	38.4193	893.54	47.7746	56.908	47.9758	43.5942				2.66042	0.0	1.34404	3.00832	0.87317
2016/09/22 03:10:00		0.484786	337.864	26.7297	0.364062	1011.86	1.13021	27.7075	29.585	14.8401	44.4251	38.405	905.0	48.3175	60.845	50.633	45.7192				2.64384	0.0	1.29971	2.74672	0.173305
2016/09/22 03:15:00		0.59054	25.0011	26.6922	0.363542	1011.88	1.13021	27.6804	28.58	14.9497	43.5297	37.9665	897.5	49.0104	64.733	53.196	48.3542				2.64384	0.0	1.29971	2.74672	0.173305
2016/09/22 03:20:00		0.60291	354.558	26.6911	0.364062	1011.84	1.11563	27.6581	28.0127	13.5051	41.5178	37.7139	909.79	50.668	71.995	59.581	54.335				2.67606	0.0	1.28356	2.75159	0.184606
2016/09/22 03:25:00		0.517	4.33714	26.5891	0.360938	1011.84	1.1375	27.6536	27.6665	13.7618	41.4283	37.8426	942.29	53.236	74.902	63.113	58.004				2.78193	0.0	1.2305	2.76758	0.221738
2016/09/22 03:30:00		0.485098	359.499	26.5964	0.363021	1011.84	1.09375	27.645	27.4655	13.4332	40.8987	37.3897	959.79	55.761	71.815	61.728	56.44				2.78193	0.0	1.2305	2.76758	0.221738
2016/09/22 03:35:00		0.433622	5.3716	26.5922	0.361979	1011.81	1.17396	27.6299	27.0479	12.7656	39.8135	37.2896	966.25	56.975	65.897	56.526	52.349				3.10469	0.0	1.23194	2.8415	0.218524
2016/09/22 03:40:00		0.64548	326.245	26.4937	0.366146	1011.75	1.16667	27.6315	26.6727	12.8238	39.4965	36.8988	952.29	57.272	59.134	51.286	47.4992				4.27158	0.0	1.23714	3.10878	0.206905
2016/09/22 03:45:00		0.52099	330.742	26.4901	0.364583	1011.72	1.15208	27.6001	26.5342	12.0809	38.6152	36.3363	951.25	56.286	57.972	49.3708	45.6792				4.27158	0.0	1.23714	3.10878	0.206905
2016/09/22 03:50:00		0.83982	317.961	26.4427	0.360417	1011.67	1.15208	27.5786	26.3042	12.8204	39.1246	35.9454	945.21	55.118	56.494	48.9308	45.3042				4.46197	0.0	1.20938	2.98781	0.233521
2016/09/22 03:55:00		0.87165	328.055	26.4063	0.365625	1011.65	1.15937	27.5792	28.3343	13.8268	42.1611	35.9883	969.79	54.093	58.36	49.4392	45.8967				5.0875	0.0	1.11816	2.59034	0.320972
2016/09/22 04:00:00		0.63409	304.674	26.3917	0.364583	1011.7	1.15208	27.5389	28.9998	14.7443	43.7441	35.526	975.63	53.204	51.931	46.515	43.3567				5.0875	0.0	1.11816	2.59034	0.320972
2016/09/22 04:05:00		0.5583	340.657	26.3203	0.3625	1011.77	1.17396	27.5462	27.8809	13.1696	41.0505	35.7643	948.75	51.889	50.838	44.1667	41.105				4.82717	0.0	1.18884	2.68322	0.29753
2016/09/22 04:10:00		0.91856	319.533	26.3198	0.365625	1011.78	1.18854	27.5625	27.5035	12.971	40.4745	35.4259	924.38	50.264	53.488	44.1392	40.5067				3.97169	0.0	1.42105	2.98841	0.220506
2016/09/22 04:15:00		0.67754	344.504	26.2661	0.365104	1011.78	1.15208	27.5236	26.2707	13.5838	39.8545	35.3687	915.21	48.6997	51.478	43.7825	40.5933				3.97169	0.0	1.42105	2.98841	0.220506
2016/09/22 04:20:00		0.50371	325.375	26.2224	0.365625	1011.78	1.10104	27.4933	25.7727	12.7451	38.5177	35.197	898.96	47.9925	53.948	45.7383	42.1683				3.81538	0.0	1.36303	2.91202	0.210946
2016/09/22 04:25:00		0.59213	16.5371	26.2203	0.365104	1011.82	1.1375	27.4957	26.101	13.4229	39.5239	34.9778	887.29	47.5924	68.4	51.232	44.1075				3.25023	0.0	1.15324	2.63583	0.176386
2016/09/22 04:30:00		0.57882	344.265	26.1823	0.363542	1011.85	1.1375	27.4769	26.0943	14.402	40.4962	34.4773	901.04	47.4031	61.056	49.7417	44.6967				3.25023	0.0	1.15324	2.63583	0.176386
2016/09/22 04:35:00		0.84566	331.233	26.1208	0.360938	1011.92	1.10833	27.4726	27.5571	15.5796	43.1367	34.4105	948.33	47.8246	63.983	51.341	45.9883				3.17464	0.0	1.14815	2.67597	0.357267
2016/09/22 04:40:00		0.86597	335.034	26.1203	0.365625	1011.93	1.12292	27.5035	31.7803	17.8493	49.6296	34.3629	998.13	47.8211	62.692	51.301	46.445				2.92629	0.0	1.13144	2.80786	0.95159
2016/09/22 04:45:00		0.82222	328.664	26.1198	0.364062	1011.94	1.16667	27.4614	31.3739	16.1068	47.4807	34.115	1050.42	48.6175	60.185	50.257	45.8967				2.92629	0.0	1.13144	2.80786	0.95159
2016/09/22 04:50:00		0.81044	324.408	26.1203	0.368229	1012.0	1.10104	27.4383	32.9729	15.3331	48.306	33.6479	1089.79	49.1354	68.996	53.181	46.23				2.92629	0.0	1.13144	2.80786	0.95159
2016/09/22 04:55:00		0.77609	316.792	26.1172	0.3625	1012.1	1.10833	27.4501	34.1387	17.2707	51.409	33.7194	1150.83	49.3533	67.438	54.173	47.315				2.92629	0.0	1.13144	2.80786	0.95159
2016/09/22 05:00:00		0.92504	330.033	26.1219	0.363542	1012.17	1.18854	27.4227	33.7725	17.9759	51.748	33.3715	1235.42	49.5211	80.788	61.149	52.273				2.92629	0.0	1.13144	2.80786	0.95159
2016/09/22 05:05:00		0.79204	343.863	26.1229	0.364583	1012.21	1.15208	27.3993	44.2066	20.4202	64.627	33.9148	1354.17	51.453	87.925	68.492	60.815				3.17773	0.0	1.19665	3.00294	0.78432
2016/09/22 05:10:00		0.482269	333.027	26.1219	0.360938	1012.25	1.15937	27.4125	40.8097	19.8553	60.665	33.4048	1379.58	54.904	79.725	69.644	63.628				4.08676	0.0	1.43243	3.70827	0.179561
2016/09/22 05:15:00		1.04963	332.651	26.1224	0.363021	1012.27	1.1375	27.3808	41.5087	18.6127	60.121	33.2856	1470.21	58.447	79.213	67.568	62.167				4.08676	0.0	1.43243	3.70827	0.179561
2016/09/22 05:20:00		0.53152	336.972	26.0484	0.363542	1012.27	1.21042	27.3596	41.7857	19.3863	61.172	33.4525	1542.92	60.618	78.752	66.012	60.332				4.74255	0.0	1.56625	4.24622	0.208742
2016/09/22 05:25:00		0.335197	45.3	26.0214	0.365104	1012.31	1.1375	27.3663	43.0743	19.9683	63.043	33.7051	1577.29	62.093	81.512	65.65	59.08				6.8973	0.0	2.00597	6.0138	0.304623
2016/09/22 05:30:00		0.72736	27.6696	26.0083	0.365625	1012.32	1.15937	27.329	45.1781	20.0333	65.211	34.0483	1597.92	63.026	76.953	64.383	58.763				6.8973	0.0	2.00597	6.0138	0.304623
2016/09/22 05:35:00		0.71642	13.7923	25.9167	0.365625	1012.34	1.10104	27.3362	43.9743	19.6534	63.628	33.9196	1666.25	63.879	77.898	63.162	56.447				6.859	0.0	1.94834	5.8468	0.313867
2016/09/22 05:40:00		0.499741	29.3648	25.925	0.364062	1012.37	1.11563	27.3862	53.013	20.9508	73.963	34.9015	1739.38	70.24	73.368	58.512	51.843				6.7334	0.0	1.75901	5.2982	0.344241
2016/09/22 05:45:00		0.215023	332.692	25.8802	0.366146	1012.37	1.11563	27.496	48.8787	19.4308	68.31	35.1494	1749.17	69.926	73.158	56.092	50.124				6.7334	0.0	1.75901	5.2982	0.344241
2016/09/22 05:50:00		0.5241	329.906	25.8198	0.365625	1012.4	1.13021	27.6909	51.849	22.0257	73.875	35.9311	1748.13	69.097	72.912	56.39	49.8533				7.2706	0.0	1.77021	5.292	0.368124
2016/09/22 05:55:00		0.62312	358.365	25.7984	0.365625	1012.4	1.10833	27.9448	54.86	21.478	76.338	36.6223	1792.71	69.183	69.288	54.798	49.8408				9.2127	0.0	1.81068	5.2698	0.45447
2016/09/22 06:00:00		1.02438	340.473	25.7177	0.36875	1012.42	1.16667	28.1425	55.119	21.7758	76.894	36.9703	1868.75	68.89	75.76	58.495	50.58				9.2127	0.0	1.81068	5.2698	0.45447
2016/09/22 06:05:00		1.07238	337.291	25.7203	0.363021	1012.45	1.24688	28.3454	56.644	22.7583	79.402	36.7701	1958.54	68.89	71.752	56.804	50.716				8.4889	0.0	1.85032	5.4043	0.413963
2016/09/22 06:10:00		0.88946	337.842	25.6797	0.367188	1012.47	5.5344	28.5567	54.795	22.0155	76.81	36.9703	1911.25	67.969	69.793	56.467	50.863				5.8721	0.0	1.99364	5.8906	0.267516
2016/09/22 06:15:00		0.69723	326.34	25.6234	0.363542	1012.5	18.8198	28.7551	62.489	22.5906	85.079	37.2467	2007.5	67.608	77.611	59.583	51.423				5.8721	0.0	1.99364	5.8906	0.267516
2016/09/22 06:20:00		0.65826	334.381	25.6964	0.371354	1012.54	36.6406	28.8423	72.485	23.6997	96.185	37.4755	2263.54	64.933	72.795	56.688	49.7983				5.8608	0.0	2.01829	6.0117	0.274273
2016/09/22 06:25:00		0.97002	330.788	25.7193	0.366667	1012.56	49.2188	28.5763	69.423	20.9131	90.336	35.9073	2338.13	62.086	67.488	55.763	49.78				5.8198	0.0	2.1074	6.4498	0.298699
2016/09/22 06:30:00		0.93577	325.761	25.7214	0.371354	1012.57	61.52	28.2472	68.284	20.6256	88.91	34.9444	2322.29	59.372	69.563	55.601	50.088				5.8198	0.0	2.1074	6.4498	0.298699
2016/09/22 06:35:00		0.82571	336.227	25.7953	0.369792	1012.59	75.943	27.9497	70.348	18.6127	88.96	34.115	2460.21	58.15	75.551	58.434	50.909				6.7449	0.031862	2.32484	7.2703	0.398185
2016/09/22 06:40:00		0.56185	355.671	25.8214	0.369271	1012.65	92.028	27.6812	72.514	19.6979	92.212	33.3381	2605.63	58.465	69.066	54.891	49.6367				9.7845	0.136552	3.03929	9.9661	0.72507
2016/09/22 06:45:00		0.60211	352.034	25.8182	0.367708	1012.74	108.733	27.4452	69.265	18.7975	88.062	32.9138	2508.13	60.272	78.968	61.44	48.3175				9.7845	0.136552	3.03929	9.9661	0.72507
2016/09/22 06:50:00		0.67619	327.597	25.8943	0.368229	1012.81	118.92	27.496	69.064	20.2387	89.302	33.5001	2433.54	72.601	63.22	51.689	45.9608				9.6923	0.134734	3.06281	9.8953	0.65173
2016/09/22 06:55:00		0.78267	323.761	25.9286	0.367188	1012.89	112.219	27.6839	68.208	19.9341	88.142	34.6823	2373.96	81.302	60.091	48.95	44.0767				9.3591	0.128161	3.14783	9.6391	0.386608
2016/09/22 07:00:00		0.82773	340.551	26.0432	0.366146	1012.93	115.741	27.8584	75.605	24.3159	99.921	35.464	2462.5	83.152	64.662	50.022	44.0475				9.3591	0.128161	3.14783	9.6391	0.386608
2016/09/22 07:05:00		0.53964	12.9893	26.1698	0.368229	1012.99	149.858	28.0909	69.818	26.8013	96.62	36.2267	2456.04	75.266	58.508	45.565	40.5658				8.4442	0.100393	2.95075	8.9738	0.37713
2016/09/22 07:10:00		0.62182	18.0307	26.2245	0.369271	1013.05	149.968	28.3937	65.327	25.74	91.067	37.0036	2372.92	68.99	55.597	44.3042	39.5842				5.1364	0.0	2.23823	6.5683	0.342867
2016/09/22 07:15:00		0.400893	5.0968	26.3172	0.367188	1013.15	162.546	28.6332	61.05	25.5004	86.551	37.3278	2278.75	63.058	58.348	44.7342	39.8025				5.1364	0.0	2.23823	6.5683	0.342867
2016/09/22 07:20:00		0.6552	346.251	26.3234	0.369792	1013.23	180.731	28.5379	59.442	25.3532	84.796	36.465	2348.54	54.389	59.683	45.1075	39.9992				5.6107	0.036334	2.38024	7.3235	0.399869
2016/09/22 07:25:00		0.69605	356.848	26.3818	0.366667	1013.25	198.53	28.3022	56.64	22.8987	79.538	35.1923	2403.13	52.096	62.89	46.8975	40.6358				7.1693	0.155718	2.84685	9.805	0.58716
2016/09/22 07:30:00		0.74342	315.342	26.4443	0.370833	1013.25	224.43	28.0345	59.681	23.6381	83.319	34.4153	2582.5	50.046	59.438	44.7567	39.6933				7.1693	0.155718	2.84685	9.805	0.58716
2016/09/22 07:35:00		0.71919	345.03	26.5182	0.369271	1013.26	264.513	27.8104	55.956	23.7956	79.752	34.0816	2563.75	49.6283	60.727	45.3917	39.7392				7.3759	0.157398	2.8558	9.8437	0.56615
2016/09/22 07:40:00		0.96751	15.0295	26.6229	0.365104	1013.27	295.991	27.6117	54.46	25.0896	79.549	33.7861	2624.79	48.8604	56.149	44.445	39.4117				8.055	0.162916	2.88524	9.9709	0.497121
2016/09/22 07:45:00		1.10911	32.9527	26.6974	0.372917	1013.28	297.106	27.4399	50.4	22.3989	72.798	33.8815	2476.04	48.9104	56.041	43.9942	39.7392				8.055	0.162916	2.88524	9.9709	0.497121
2016/09/22 07:50:00		0.83408	29.1694	26.7911	0.363021	1013.29	256.725	27.2669	48.211	22.9877	71.199	33.9196	2469.38	49.1497	54.819	43.7267	39.2758				8.2907	0.15813	2.93556	10.2645	0.50749
2016/09/22 07:55:00		1.49814	20.4262	26.9031	0.366667	1013.39	275.727	27.1191	44.7426	22.2003	66.943	34.2818	2455.63	49.6176	54.372	42.9183	38.7958				9.1429	0.140829	3.1175	11.3262	0.54498
2016/09/22 08:00:00		0.86009	341.076	27.0182	0.364583	1013.44	290.434	26.995	41.9465	24.244	66.19	34.0721	2453.54	49.4604	54.538	43.03	38.73				9.1429	0.140829	3.1175	11.3262	0.54498
2016/09/22 08:05:00		0.96565	16.5696	27.1526	0.364583	1013.51	313.943	26.9325	39.9566	27.1847	67.141	34.2342	2481.04	52.957	57.241	42.4383	38.0742				8.7507	0.139553	2.95956	10.7202	0.478938
2016/09/22 08:10:00		1.13339	341.575	27.2625	0.367708	1013.6	341.09	27.1797	36.5798	24.8534	61.433	36.2457	2392.5	67.565	52.783	41.0142	36.7842				7.4622	0.135359	2.44063	8.7292	0.261925
2016/09/22 08:15:00		1.03497	4.34432	27.3432	0.363021	1013.67	297.033	27.4444	37.8528	26.6986	64.551	37.9331	2390.21	78.705	56.953	42.7325	37.025				7.4622	0.135359	2.44063	8.7292	0.261925
2016/09/22 08:20:00		1.11514	20.0626	27.4052	0.358333	1013.75	355.782	27.671	37.2877	25.4867	62.774	39.0819	2297.5	87.284	55.585	41.1908	36.3925				7.6405	0.154554	2.53336	8.9089	0.250661
2016/09/22 08:25:00		1.31795	13.8925	27.5172	0.361979	1013.77	412.038	27.969	38.7238	30.7963	69.52	40.1735	2247.29	88.845	54.694	41.34	36.7883				8.2851	0.223953	2.86865	9.5586	0.209938
2016/09/22 08:30:00		1.74255	11.4576	27.6276	0.367708	1013.81	450.1	28.2082	37.0264	30.0671	67.094	41.5606	2154.17	79.748	52.378	38.7908	34.2				8.2851	0.223953	2.86865	9.5586	0.209938
2016/09/22 08:35:00		1.21005	26.0843	27.749	0.364583	1013.82	448.788	28.3451	34.5251	29.9371	64.462	41.8561	2023.13	56.007	47.7133	37.2767	33.4375				7.6773	0.19759	2.82231	9.2899	0.203756
2016/09/22 08:40:00		1.18359	16.1564	27.8896	0.3625	1013.83	418.768	28.2807	33.7122	30.786	64.498	40.7645	1961.46	50.085	53.559	38.0158	33.095				5.6803	0.110969	2.67004	8.407	0.183447
2016/09/22 08:45:00		0.98291	17.9913	28.0396	0.369271	1013.83	482.701	28.1196	31.9143	29.0709	60.985	39.387	1881.04	47.4318	47.205	36.14	32.675				5.6803	0.110969	2.67004	8.407	0.183447
2016/09/22 08:50:00		0.52785	2.77124	28.1339	0.368229	1013.84	489.001	27.9478	29.4577	26.8013	56.259	38.2715	1771.46	46.6281	47.3942	36.33	32.3033				5.3646	0.085076	2.55767	8.0907	0.18045
2016/09/22 08:55:00		1.16292	50.864	28.2578	0.364583	1013.88	503.39	27.813	29.4644	29.9987	59.463	37.7329	1779.17	46.3102	53.982	35.67	31.0333				4.32736	0.0	2.18846	7.0516	0.170604
2016/09/22 09:00:00		0.267542	47.6589	28.3792	0.365104	1013.88	570.48	27.6503	28.3611	28.8655	57.227	38.1619	1771.88	46.1317	60.188	34.9533	30.375				4.32736	0.0	2.18846	7.0516	0.170604
2016/09/22 09:05:00		0.99418	27.0054	28.4984	0.365104	1013.91	611.91	27.5083	27.0546	28.554	55.609	37.118	1777.08	45.7995	42.0217	32.4567	29.465				4.38839	0.02549	2.18536	6.9189	0.168735
2016/09/22 09:10:00		0.456116	345.368	28.575	0.367188	1013.93	637.11	27.412	25.8441	28.7937	54.638	36.465	1731.25	45.0315	48.515	34.4383	30.4333				4.58889	0.109241	2.17519	6.4829	0.162595
2016/09/22 09:15:00		0.68555	47.2011	28.7828	0.369271	1013.9	657.93	27.304	24.6538	31.2379	55.892	36.0217	1760.63	45.8888	50.22	35.8233	30.8033				4.58889	0.109241	2.17519	6.4829	0.162595
2016/09/22 09:20:00		1.18586	41.1612	28.9688	0.365625	1013.92	659.78	27.2288	27.0546	33.8396	60.894	35.974	1835.63	45.8459	43.3342	32.8758	29.4308				4.44163	0.083752	2.1378	6.4199	0.68705
2016/09/22 09:25:00		0.98543	34.95	29.0495	0.366146	1013.94	592.34	27.2184	25.4153	31.3748	56.79	36.1266	1724.58	45.8388	47.7117	33.795	29.6992				3.95775	0.0	2.01497	6.2128	2.41025
2016/09/22 09:30:00		1.33608	28.3339	29.1005	0.367188	1013.96	477.313	27.1588	24.8012	34.3189	59.12	35.9264	1720.42	45.4316	51.022	32.5575	29.235				3.95775	0.0	2.01497	6.2128	2.41025
2016/09/22 09:35:00		0.66322	30.2796	29.013	0.365625	1013.96	461.22	27.1242	22.9028	30.5567	53.46	35.0302	1601.46	45.4602	39.3642	32.4583	29.7258				4.15139	0.0	2.13851	6.4694	2.51298
2016/09/22 09:40:00		0.324613	64.976	28.9948	0.361458	1013.96	495.374	27.1322	21.3842	29.2524	50.637	34.3438	1538.96	45.2602	42.0358	33.6958	30.5092				4.78766	0.0	2.54443	7.3123	2.85051
2016/09/22 09:45:00		0.7788	55.582	29.037	0.359896	1013.93	563.34	27.1003	20.8102	32.0253	52.835	34.525	1542.08	45.8459	45.6225	34.3542	31.0367				4.78766	0.0	2.54443	7.3123	2.85051
2016/09/22 09:50:00		0.65687	40.1432	29.1495	0.364583	1013.87	583.95	27.0691	23.0324	36.3558	59.388	35.0255	1627.5	46.3709	56.541	36.4958	31.4833				4.46082	0.0	2.52309	6.8987	2.67381
2016/09/22 09:55:00		0.91557	16.7441	29.3021	0.366667	1013.82	600.1	27.0756	22.9788	37.0781	60.057	35.1875	1740.42	46.2281	46.4283	34.3167	30.7675				3.38692	0.0	2.45295	5.5399	2.09322
2016/09/22 10:00:00		1.03564	45.5674	29.388	0.367188	1013.73	637.23	27.0691	21.4802	32.4703	53.951	35.3734	1671.88	47.1352	45.3308	34.0125	30.2042				3.38692	0.0	2.45295	5.5399	2.09322
2016/09/22 10:05:00		0.52628	323.279	29.4068	0.367708	1013.72	652.95	27.0511	20.8571	31.8062	52.663	34.9778	1612.92	46.8888	48.6233	34.8475	30.8633				3.86267	0.0	2.5195	6.1775	2.35474
2016/09/22 10:10:00		0.484484	340.796	29.5542	0.361458	1013.67	675.33	27.0898	20.3122	35.6643	55.976	35.2733	1628.75	47.1103	54.024	33.9858	31.0375				5.5827	0.0	2.7601	8.4828	3.30024
2016/09/22 10:15:00		0.72146	2.45378	29.7083	0.369792	1013.59	702.84	27.0933	19.2379	32.7099	51.948	35.6022	1601.04	47.5532	69.444	34.4533	30.7883				5.5827	0.0	2.7601	8.4828	3.30024
2016/09/22 10:20:00		0.97597	48.898	29.8151	0.366667	1013.51	733.54	27.1008	18.4496	32.9667	51.416	35.4354	1608.13	47.8782	52.4	34.6267	30.7942				5.1751	0.0	2.69009	7.9697	3.08738
2016/09/22 10:25:00		1.00227	351.383	29.9521	0.365625	1013.47	741.61	27.1555	18.7555	37.4684	56.224	36.0026	1675.21	47.6246	55.255	34.1058	29.8283				3.8357	0.0	2.46006	6.2839	2.38798
2016/09/22 10:30:00		0.6624	346.658	30.1635	0.365104	1013.38	770.39	27.188	19.1464	36.4243	55.571	35.3162	1758.75	47.5317	59.487	35.1033	28.6292				3.8357	0.0	2.46006	6.2839	2.38798
2016/09/22 10:35:00		1.27244	52.549	30.2672	0.365625	1013.37	801.92	27.2108	18.1235	33.9047	52.028	34.9396	1671.88	47.6746	42.4558	31.3233	28.1542				4.2417	0.027255	2.45276	6.672	2.55296
2016/09/22 10:40:00		0.84566	27.7728	30.2453	0.366667	1013.32	803.22	27.2809	17.7126	35.1405	52.853	34.7442	1610.83	46.9817	45.4308	31.295	28.3975				5.5757	0.116809	2.42877	7.9473	3.09504
2016/09/22 10:45:00		1.90549	2.1067	30.4214	0.369271	1013.23	833.56	27.3301	18.6975	37.8792	56.577	34.7871	1636.04	46.4567	47.2317	32.54	27.9992				5.5757	0.116809	2.42877	7.9473	3.09504
2016/09/22 10:50:00		0.91959	351.591	30.5099	0.365625	1013.18	847.81	27.3634	18.4697	34.3052	52.775	34.9635	1514.79	46.5424	43.7542	31.545	27.6175				5.2177	0.089554	2.34693	7.6244	2.96622
2016/09/22 10:55:00		0.81919	5.0882	30.6771	0.369271	1013.1	856.71	27.4463	20.5422	39.697	60.239	34.5583	1540.21	46.1995	51.51	31.895	27.4675				4.04143	0.0	2.07802	6.5635	2.54295
2016/09/22 11:00:00		1.43904	4.02647	30.8385	0.365625	1013.07	859.27	27.4874	19.5082	35.8457	55.354	34.5106	1482.29	46.6317	65.073	31.1992	27.4883				4.04143	0.0	2.07802	6.5635	2.54295
2016/09/22 11:05:00		1.49687	32.6195	30.8365	0.372396	1013.09	844.85	27.624	10.1058	35.452	45.5579	34.4391	1249.17	106.118	42.39	31.0442	27.0175				3.95437	0.0	2.08321	6.4751	2.50944
2016/09/22 11:10:00		0.58145	19.4121	30.8401	0.365104	1012.94	868.49	27.7508	2.97703	36.9549	39.9319	34.8538	1187.29	89.27	41.6342	28.6983	25.7867				3.66832	0.0	2.10029	6.1844	2.39935
2016/09/22 11:15:00		1.36462	19.2572	30.9052	0.367708	1012.88	865.66	27.8015	4.31703	35.0378	39.3548	34.5964	1136.67	66.979	47.7867	29.9233	26.6067				3.66832	0.0	2.10029	6.1844	2.39935
2016/09/22 11:20:00		0.76465	34.9189	30.9052	0.36875	1012.81	868.98	27.8512	5.6727	33.4152	39.0878	34.32	1122.5	57.586	38.6092	29.0958	26.3717				3.47435	0.0	2.01524	5.7969	2.23515
2016/09/22 11:25:00		1.18391	346.681	31.0219	0.366146	1012.76	880.81	27.9585	9.3487	37.0233	46.3721	34.5392	1192.92	53.571	44.3925	30.995	26.975				2.83702	0.0	1.73579	4.52385	1.69562
2016/09/22 11:30:00		1.15304	38.6635	31.263	0.366146	1012.73	855.6	28.0157	10.6284	38.1907	48.8191	34.6155	1260.21	50.575	59.191	29.7358	26.2875				2.83702	0.0	1.73579	4.52385	1.69562
2016/09/22 11:35:00		0.91029	34.2924	31.3568	0.367188	1012.65	872.68	28.071	11.6379	35.6095	47.2474	34.463	1257.5	49.7212	41.4592	30.4133	26.2125				2.82278	0.0	1.68159	4.41803	1.66863
2016/09/22 11:40:00		0.71268	0.72083	31.3813	0.364583	1012.61	894.27	28.4915	12.8059	33.4494	46.2553	35.3591	1239.17	53.025	41.8817	28.6175	25.4975				2.776	0.0	1.50353	4.07033	1.57998
2016/09/22 11:45:00		0.92137	23.2775	31.3859	0.366146	1012.53	896.93	28.9387	13.6814	35.8389	49.5203	36.2934	1229.79	48.1925	35.9525	28.2133	25.5283				2.776	0.0	1.50353	4.07033	1.57998
2016/09/22 11:50:00		0.88154	19.3207	31.4328	0.367708	1012.41	863.27	29.2631	14.5725	34.4832	49.0557	36.3983	1240.63	47.1924	40.8017	29.0567	25.225				2.776	0.0	1.51127	4.15547	1.21132
2016/09/22 11:55:00		1.30561	33.904	31.4885	0.365625	1012.28	884.46	29.4757	15.3475	32.7681	48.1156	35.9645	1185.21	46.3174	40.0267	28.4183	24.8683				2.776	0.0	1.53671	4.43523	0.0
2016/09/22 12:00:00		1.17435	32.377	31.4271	0.364583	1012.21	805.63	29.5814	15.18	32.7305	47.9104	35.2495	1132.29	46.0031	34.8033	27.2833	24.8633				2.776	0.0	1.53671	4.43523	0.0
2016/09/22 12:05:00		0.7365	20.3904	31.4323	0.367188	1012.09	851.94	29.6558	14.1549	33.4836	47.6385	35.0254	1081.46	45.9602	38.3067	27.4783	24.9283				2.776	0.0	1.53671	4.43523	0.0
2016/09/22 12:10:00		0.50234	292.267	31.363	0.365625	1012.01	888.11	29.7576	14.1884	32.0458	46.2342	34.4153	1030.83	45.6745	39.4383	27.6517	25.3508				2.776	0.0	1.53671	4.43523	0.0
2016/09/22 12:15:00		0.7255	341.693	31.3406	0.36875	1011.92	793.86	29.8437	14.5211	31.926	46.4471	34.0435	997.29	46.1066	37.0883	27.79	24.8717				2.776	0.0	1.53671	4.43523	0.0
2016/09/22 12:20:00		0.65806	329.902	31.5724	0.367708	1011.85	708.89	29.9251	14.7824	33.9629	48.7453	34.0578	990.62	45.5066	39.2883	27.8667	24.4833				2.90285	0.0	1.51591	4.37607	0.371759
2016/09/22 12:25:00		0.55592	329.647	31.8188	0.365625	1011.8	555.08	30.0368	15.573	34.4832	50.056	34.4058	1001.46	45.8709	38.8717	27.8783	24.3417				3.31963	0.0	1.4476	4.18169	1.59325
2016/09/22 12:30:00		0.68952	307.075	32.0109	0.364583	1011.7	611.89	30.1372	18.0766	38.6015	56.678	34.6775	1111.88	45.7781	39.3142	29.3333	25.0267				3.31963	0.0	1.4476	4.18169	1.59325
2016/09/22 12:35:00		0.220243	82.351	32.2438	0.368229	1011.61	743.04	30.3052	17.5138	37.4547	54.968	34.606	1114.17	45.8352	38.5175	27.0558	24.0692				3.28334	0.0	1.47082	4.23466	1.61747
2016/09/22 12:40:00		0.341262	345.604	32.4281	0.3625	1011.53	575.14	30.5026	19.9772	40.9876	60.965	34.7633	1162.08	45.7637	40.8133	26.7667	23.6408				3.1641	0.0	1.54713	4.40869	1.69704
2016/09/22 12:45:00		0.183783	106.149	32.4219	0.367708	1011.46	779.9	30.6652	19.9325	38.8719	58.804	34.6822	1111.67	45.8852	43.5283	26.5617	23.3625				3.1641	0.0	1.54713	4.40869	1.69704
2016/09/22 12:50:00		0.89917	318.723	32.5031	0.36875	1011.43	829.89	30.8121	20.5668	37.4752	58.042	34.5631	1066.88	45.6173	35.0917	26.3333	23.2908				3.30779	0.0	1.61239	4.65605	1.78937
2016/09/22 12:55:00		0.91819	22.4013	32.5021	0.367708	1011.34	850.03	30.9703	19.0838	34.4798	53.564	34.6108	1030.21	45.4459	36.3875	25.7442	23.1017				3.77991	0.0	1.8268	5.4688	2.09274
2016/09/22 13:00:00		0.282099	334.207	32.4151	0.363021	1011.26	676.84	31.0575	18.4317	35.1919	53.624	34.4725	953.13	44.9709	33.61	25.5083	22.9908				3.77991	0.0	1.8268	5.4688	2.09274
2016/09/22 13:05:00		0.285367	319.6	32.4521	0.365104	1011.15	720.59	31.1209	20.4149	40.4501	60.865	34.1007	963.75	44.5851	35.5933	25.9308	22.9725				3.46568	0.0	1.71133	5.1084	1.95231
2016/09/22 13:10:00		1.11807	33.233	32.6995	0.364062	1011.12	853.09	31.1993	20.3792	38.8856	59.265	34.2628	951.25	44.7244	34.4567	25.5067	22.8483				2.43323	0.0	1.33194	3.92436	1.49089
2016/09/22 13:15:00		0.80513	57.36	32.8089	0.361979	1011.06	819.11	31.2777	20.0375	36.7289	56.766	34.2723	907.5	44.7887	35.1742	25.0842	22.705				2.43323	0.0	1.33194	3.92436	1.49089
2016/09/22 13:20:00		0.83735	60.273	32.8031	0.361979	1010.99	715.44	31.3579	19.3876	34.4798	53.867	34.4487	874.79	45.003	34.4833	25.45	22.9275				2.51907	0.0	1.34079	3.97445	1.51334
2016/09/22 13:25:00		0.79655	65.271	32.6984	0.359375	1010.92	630.71	31.4543	17.8443	33.1584	51.003	34.3772	852.29	44.9387	38.55	25.4617	22.8592				2.80111	0.0	1.36986	4.13904	1.58709
2016/09/22 13:30:00		0.89787	24.8259	32.5615	0.359896	1010.86	558.01	31.5509	17.3284	32.7134	50.042	34.0149	828.13	44.7887	34.5408	25.9542	23.1442				2.80111	0.0	1.36986	4.13904	1.58709
2016/09/22 13:35:00		0.476857	299.316	32.4974	0.359896	1010.78	471.239	31.6154	17.3709	34.9591	52.33	34.0626	855.21	44.9637	38.6125	26.1325	23.2175				2.71421	0.0	1.31124	3.98479	1.51931
2016/09/22 13:40:00		0.59405	329.806	32.5042	0.363542	1010.73	472.478	31.6839	19.9057	36.5954	56.501	34.0817	876.25	44.8173	38.4958	25.4425	22.7608				2.4287	0.0	1.11864	3.47795	1.29659
2016/09/22 13:45:00		1.93427	318.784	32.5245	0.365625	1010.63	503.66	31.7204	19.2446	37.9476	57.192	33.5335	870.83	44.5601	41.1383	26.2967	23.0442				2.4287	0.0	1.11864	3.47795	1.29659
2016/09/22 13:50:00		1.61572	322.936	32.5932	0.3625	1010.56	389.411	31.7287	19.1285	38.1976	57.326	33.543	930.63	44.7173	40.9208	26.0458	23.0333				2.43545	0.0	1.09862	3.46313	1.29161
2016/09/22 13:55:00		1.19561	7.4594	32.4505	0.361458	1010.5	448.416	31.7405	19.1173	36.77	55.887	33.3714	953.96	44.0494	37.8933	26.6408	23.1875				2.45764	0.0	1.03285	3.41445	1.27527
2016/09/22 14:00:00		1.08572	335.327	32.4854	0.360417	1010.41	487.317	31.7252	20.2206	39.3033	59.524	33.5907	1051.04	44.4744	40.2242	26.0733	22.8967				2.45764	0.0	1.03285	3.41445	1.27527
2016/09/22 14:05:00		0.96043	349.997	32.5719	0.364062	1010.36	478.195	31.7096	19.9414	39.7483	59.69	33.6717	1121.04	44.4744	35.9617	25.6417	22.7583				2.50369	0.0	1.08228	3.55234	1.32436
2016/09/22 14:10:00		0.82332	356.829	32.5536	0.355729	1010.3	512.4	31.8068	19.7762	37.2527	57.029	33.7671	1130.63	45.2173	33.2892	26.0208	23.0425				2.655	0.0	1.24472	4.0054	1.48568
2016/09/22 14:15:00		0.88775	307.429	32.4276	0.361979	1010.28	592.62	31.8683	19.2335	38.468	57.701	34.2056	1137.29	44.9387	37.6883	26.4533	23.35				2.655	0.0	1.24472	4.0054	1.48568
2016/09/22 14:20:00		0.58455	8.4937	32.5276	0.361979	1010.2	651.2	31.8785	18.9163	37.0336	55.95	34.3247	1118.96	44.8887	35.5567	26.2967	22.8633				2.81944	0.0	1.30235	4.2197	1.57259
2016/09/22 14:25:00		0.8288	328.619	32.7422	0.359375	1010.15	645.39	31.8602	19.8342	38.8993	58.734	34.2103	1120.83	44.3958	48.8942	32.3692	22.9142				3.35973	0.0	1.49168	4.92383	1.85816
2016/09/22 14:30:00		0.68068	335.149	32.8568	0.360417	1010.02	620.89	31.8334	19.7873	38.0812	57.868	33.8624	1196.88	44.803	34.4683	24.9992	22.1583				3.35973	0.0	1.49168	4.92383	1.85816
2016/09/22 14:35:00		0.77898	311.906	32.8719	0.3625	1009.94	597.68	31.8613	18.5903	37.417	56.007	33.9387	1207.29	45.2173	41.9233	26.035	22.5917				3.17641	0.0	1.44467	4.69405	1.76727
2016/09/22 14:40:00		1.83122	308.553	33.062	0.358333	1009.93	600.42	31.9612	20.4171	39.6901	60.107	34.1579	1202.29	45.2173	40.9558	26.7092	22.7567				2.5741	0.0	1.29023	3.93906	1.46862
2016/09/22 14:45:00		0.86247	26.6333	33.0771	0.364062	1009.87	565.62	32.0294	19.0727	37.5642	56.637	34.0816	1154.38	45.0601	32.4075	24.9875	22.3575				2.5741	0.0	1.29023	3.93906	1.46862
2016/09/22 14:50:00		0.61482	67.218	32.8469	0.363021	1009.8	576.61	32.0087	18.4451	36.9275	55.373	33.4906	1062.92	44.9744	36.2408	25.0	22.0083				2.67678	0.0	1.50059	4.25066	1.59313
2016/09/22 14:55:00		0.87761	25.7383	32.8495	0.359375	1009.74	550.4	31.9902	21.9269	44.2534	66.18	34.2818	1123.96	44.6923	35.6342	24.505	22.0217				3.01416	0.0	2.19177	5.2745	2.00223
2016/09/22 15:00:00		1.29966	38.8877	32.7344	0.360417	1009.75	540.34	31.9775	20.3501	40.2515	60.602	33.91	1070.42	45.103	34.5058	24.9133	22.46				3.01416	0.0	2.19177	5.2745	2.00223
2016/09/22 15:05:00		1.3417	66.916	32.6146	0.358333	1009.79	531.01	32.0044	20.3032	39.5327	59.836	33.8338	1097.92	45.3744	34.4717	24.9858	22.3733				3.09658	0.02525	2.06282	5.3353	2.02711
2016/09/22 15:10:00		0.466744	65.72	32.6125	0.357292	1009.81	517.15	32.0976	19.4233	41.4566	60.88	33.8529	1127.08	45.2744	33.9067	25.6567	22.43				3.3674	0.108213	1.63909	5.5352	2.10886
2016/09/22 15:15:00		0.62495	323.3	32.6927	0.361979	1009.76	509.53	32.1075	19.8566	43.4763	63.333	33.8481	1240.42	45.0173	36.2917	25.1933	21.9817				3.3674	0.108213	1.63909	5.5352	2.10886
2016/09/22 15:20:00		0.73424	317.98	32.7927	0.359375	1009.68	512.76	32.0613	20.0576	42.4254	62.483	33.9339	1242.5	44.9494	38.42	25.8433	21.9367				3.37252	0.082963	1.75644	5.7088	2.16602
2016/09/22 15:25:00		1.41053	327.477	32.9031	0.365104	1009.68	484.954	32.009	21.1474	43.8118	64.959	34.0531	1284.38	44.8494	52.623	28.9933	22.3717				3.38936	0.0	2.14201	6.2792	2.35386
2016/09/22 15:30:00		1.13297	312.843	32.9198	0.363021	1009.63	466.528	31.9421	22.1212	47.0571	69.178	34.1436	1287.08	45.0173	49.2475	27.6258	22.6633				3.38936	0.0	2.14201	6.2792	2.35386
2016/09/22 15:35:00		0.8881	346.25	33.0083	0.360417	1009.58	435.619	31.9596	23.9882	50.648	74.636	33.9148	1401.04	45.2173	40.8283	26.0633	22.705				3.40433	0.0	2.09113	6.2018	2.33285
2016/09/22 15:40:00		0.52569	14.2022	32.9156	0.364062	1009.56	428.05	32.0063	22.2954	43.8837	66.179	33.5049	1400.42	45.1208	32.675	24.675	22.01				3.45352	0.0	1.92397	5.9474	2.26382
2016/09/22 15:45:00		0.95174	319.154	32.7198	0.364583	1009.53	429.29	31.9483	26.4516	47.3618	73.813	33.6431	1361.25	44.4387	46.3767	27.125	22.8233				3.45352	0.0	1.92397	5.9474	2.26382
2016/09/22 15:50:00		0.55417	312.567	32.7073	0.357292	1009.54	403.2	31.8567	26.159	47.5535	73.713	33.748	1421.46	43.9315	32.0633	24.7675	22.31				3.59233	0.0	2.36858	6.5048	2.48652
2016/09/22 15:55:00		0.59789	326.043	32.7036	0.360938	1009.5	382.776	31.809	25.0848	44.541	69.626	33.5764	1329.17	44.4351	38.5767	26.1442	22.5308				4.0484	0.0	3.82945	8.3359	3.21826
2016/09/22 16:00:00		0.65802	28.4586	32.6891	0.360938	1009.53	351.261	31.7792	24.3746	45.0511	69.426	33.4763	1314.38	45.053	38.54	24.8233	22.1517				4.0484	0.0	3.82945	8.3359	3.21826
2016/09/22 16:05:00		0.52255	16.4636	32.499	0.363021	1009.53	298.674	31.8278	22.1614	40.902	63.063	33.5478	1291.46	45.1601	32.7908	25.8667	22.4908				4.01505	0.0	3.41868	7.9555	3.05847
2016/09/22 16:10:00		0.107285	44.9839	32.3984	0.360938	1009.5	296.049	31.8492	20.5288	41.1074	61.636	33.1712	1392.5	44.6101	39.4925	25.6075	22.6683				3.90544	0.0	2.06901	6.7057	2.53347
2016/09/22 16:15:00		0.463422	52.09	32.3937	0.363021	1009.51	272.366	31.798	20.9062	49.5254	70.432	33.3095	1498.96	44.2208	32.9817	25.675	22.7575				3.90544	0.0	2.06901	6.7057	2.53347
2016/09/22 16:20:00		0.6966	42.3694	32.3245	0.358333	1009.5	271.87	31.7223	20.0241	41.4771	61.501	33.2618	1387.29	45.2744	31.9508	25.1725	22.665				3.76778	0.0	2.01758	6.542	2.49023
2016/09/22 16:25:00		0.474885	36.9647	32.199	0.360938	1009.45	267.094	31.7515	17.2614	44.0651	61.327	33.1855	1418.54	45.4459	35.9283	26.1842	23.0117				3.31544	0.0	1.8486	6.0043	2.34817
2016/09/22 16:30:00		0.84859	62.214	32.2146	0.358854	1009.48	219.136	31.813	17.6545	49.3165	66.971	33.3095	1497.5	45.1851	40.0533	27.4458	23.3383				3.31544	0.0	1.8486	6.0043	2.34817
2016/09/22 16:35:00		0.68789	17.437	32.2568	0.357812	1009.48	170.683	31.788	19.3541	50.785	70.139	33.6384	1678.75	44.7673	41.2792	29.0892	23.3908				3.5003	0.031469	1.88477	6.1259	2.384
2016/09/22 16:40:00		0.50963	346.509	32.1224	0.363021	1009.48	153.278	31.7316	18.329	44.1918	62.521	33.462	1560.42	45.2173	43.04	26.6242	23.2775				4.10768	0.134865	2.0036	6.5256	2.50172
2016/09/22 16:45:00		0.59514	19.9929	32.0979	0.35625	1009.47	130.754	31.654	17.6143	45.7289	63.343	33.0568	1650.21	45.0351	41.1425	27.6925	23.5008				4.10768	0.134865	2.0036	6.5256	2.50172
2016/09/22 16:50:00		0.72805	355.199	32.0391	0.358333	1009.45	127.458	31.5899	18.5322	48.7791	67.311	32.685	1721.67	45.1673	41.9983	28.4825	23.8008				4.23543	0.103397	2.13632	6.8739	2.67344
2016/09/22 16:55:00		0.51039	6.1742	32.026	0.359896	1009.47	123.39	31.6256	20.2027	52.076	72.278	32.6183	1867.71	45.1887	41.2075	27.9375	24.0042				4.65515	0.0	2.5724	8.0184	3.23769
2016/09/22 17:00:00		0.70957	22.1254	31.9953	0.357812	1009.5	129.405	31.646	20.8794	50.035	70.915	32.8757	1898.54	45.0994	35.5692	27.2733	24.0817				4.65515	0.0	2.5724	8.0184	3.23769
2016/09/22 17:05:00		1.02136	17.9304	31.8984	0.361979	1009.8	121.982	31.693	18.9253	46.5642	65.489	32.5373	1808.75	69.044	42.2042	29.5367	25.7608				4.71047	0.0	2.7321	8.3446	2.5213
2016/09/22 17:10:00		0.6993	12.2776	31.7964	0.353125	1010.01	101.894	31.8685	6.5772	70.572	77.149	32.666	1949.79	135.895	45.5842	28.7383	24.775				4.89226	0.0	3.25685	9.4164	0.167476
2016/09/22 17:15:00		0.83489	3.96466	31.7911	0.358333	1009.52	94.332	31.8573	6.1104	74.697	80.808	33.1093	1861.88	113.475	40.645	28.5433	25.3533				4.89226	0.0	3.25685	9.4164	0.167476
2016/09/22 17:20:00		0.85626	26.1795	31.7135	0.35625	1009.52	87.792	31.7561	5.0317	69.956	74.988	32.9138	1829.58	73.93	43.56	30.3525	26.5658				4.61806	0.0	3.02714	8.8137	0.73414
2016/09/22 17:25:00		1.19077	18.2455	31.6594	0.355208	1009.51	79.406	31.7298	7.3655	65.245	72.611	32.5992	1922.92	59.35	42.605	29.0667	25.2475				3.71714	0.0	2.27235	6.8336	2.59602
2016/09/22 17:30:00		0.69659	5.0794	31.6083	0.360938	1009.48	62.03	31.6444	15.1978	69.049	84.246	32.7994	2084.38	52.411	43.9175	30.2417	25.995				3.71714	0.0	2.27235	6.8336	2.59602
2016/09/22 17:35:00		0.53955	347.166	31.6453	0.358333	1009.45	48.074	31.5963	19.8141	65.862	85.676	32.8519	2353.96	49.3854	48.2333	31.115	26.3675				3.7863	0.0	1.74214	7.0083	2.03291
2016/09/22 17:40:00		0.8372	20.2824	31.7021	0.358854	1009.42	33.0313	31.4543	24.6247	66.45	91.075	32.8376	2728.13	49.3247	41.5717	30.44	26.7425				4.01354	0.0	0.0	7.5824	0.182688
2016/09/22 17:45:00		0.77563	337.992	31.6052	0.365625	1009.41	22.0646	30.937	24.3322	61.904	86.236	32.0129	2713.33	46.5745	48.0442	33.8567	28.55				4.01354	0.0	0.0	7.5824	0.182688
2016/09/22 17:50:00		0.66778	341.244	31.5292	0.361458	1009.41	10.099	30.3952	25.0803	56.793	81.873	31.1883	2849.17	46.9424	40.7392	30.35	26.655				5.4561	0.049549	1.2166	9.6458	0.318753
2016/09/22 17:55:00		1.04625	330.85	31.4573	0.363542	1009.4	1.77917	29.9423	24.3835	52.925	77.308	30.9547	2816.46	46.6317	48.7375	33.405	28.5667				10.196	0.212354	5.214	16.4254	0.76582
2016/09/22 18:00:00		0.97655	329.147	31.3672	0.361458	1009.42	1.20313	29.5162	25.6543	54.421	80.075	30.6544	2900.0	46.2673	48.2633	35.4417	31.29				10.196	0.212354	5.214	16.4254	0.76582
2016/09/22 18:05:00		0.62416	331.519	31.2687	0.364583	1009.43	1.23229	29.1294	27.1596	54.777	81.936	30.2826	2880.42	46.971	56.082	37.4767	32.365				9.4458	0.201087	4.98174	15.5585	0.75178
2016/09/22 18:10:00		0.87943	325.941	31.1724	0.365625	1009.46	1.20313	28.8617	27.5817	53.832	81.414	30.3732	2896.67	47.8496	55.925	38.5033	33.7533				6.981	0.164068	4.2186	12.71	0.70564
2016/09/22 18:15:00		0.6853	331.642	31.0927	0.361979	1009.54	1.16667	28.6139	28.9641	53.873	82.837	30.2064	2901.46	49.3068	57.875	39.415	34.2517				6.981	0.164068	4.2186	12.71	0.70564
2016/09/22 18:20:00		0.53328	341.131	31.0922	0.365104	1009.57	1.17396	28.372	47.2819	59.792	107.074	30.5543	3090.0	50.253	64.658	42.26	36.4733				7.26	0.125785	4.17624	12.532	0.68098
2016/09/22 18:25:00		0.56704	329.734	31.0453	0.367708	1009.65	1.18854	28.187	44.8431	59.1	103.944	30.3732	3259.17	51.928	66.922	46.1717	39.8567				8.177	0.0	4.03706	11.947	0.59996
2016/09/22 18:30:00		0.385762	7.6516	31.0766	0.363542	1009.67	1.19583	28.0058	52.081	60.398	112.479	30.4209	3792.71	55.057	89.693	61.145	42.6883				8.177	0.0	4.03706	11.947	0.59996
2016/09/22 18:35:00		0.52145	7.4738	30.9781	0.363542	1009.75	1.16667	27.8326	53.194	59.172	112.366	30.1825	3888.75	57.818	70.63	47.4683	40.9083				8.7872	0.050077	4.21214	12.6392	0.6192
2016/09/22 18:40:00		0.462768	29.7415	30.9557	0.361458	1009.87	1.14479	27.7518	57.75	60.114	117.863	30.7831	4079.58	60.333	78.057	46.2333	36.915				10.7923	0.214616	4.7874	14.9136	0.68242
2016/09/22 18:45:00		0.50426	353.75	30.9021	0.364583	1009.99	1.18125	27.6807	57.819	57.847	115.666	30.6163	4137.92	59.715	89.493	43.005	35.1083				10.7923	0.214616	4.7874	14.9136	0.68242
2016/09/22 18:50:00		0.59348	340.016	30.9042	0.363542	1010.04	1.23229	27.5988	62.837	59.498	122.335	31.2312	4161.25	58.161	92.729	45.4867	36.4958				11.4196	0.263292	5.0827	15.9807	0.74688
2016/09/22 18:55:00		0.408612	346.998	30.901	0.361458	1010.1	1.20313	27.587	60.807	57.016	117.823	32.1464	4437.08	58.14	76.138	46.5717	37.0875				13.4807	0.423227	6.053	19.4868	0.9587
2016/09/22 19:00:00		0.328211	358.807	30.9052	0.359375	1010.13	1.18125	27.5341	80.853	61.055	141.909	33.2999	4836.25	58.915	79.19	45.3525	36.7483				13.4807	0.423227	6.053	19.4868	0.9587
2016/09/22 19:05:00		0.26212	344.897	30.9052	0.361458	1010.17	1.17396	27.4734	69.966	57.509	127.474	33.2237	4783.13	59.261	73.422	45.8117	36.4883				13.2798	0.412085	6.1016	19.4049	0.94985
2016/09/22 19:10:00		0.271917	13.6501	30.901	0.365104	1010.22	1.18854	27.4597	75.509	58.943	134.452	35.3734	4874.17	58.836	59.532	39.1842	33.4533				12.6194	0.375476	6.2615	19.1361	0.92079
2016/09/22 19:15:00		0.35446	31.1515	30.8026	0.364062	1010.26	1.1375	27.4283	65.18	53.39	118.57	36.1361	4389.79	57.804	60.422	40.7333	34.81				12.6194	0.375476	6.2615	19.1361	0.92079
2016/09/22 19:20:00		0.59717	5.6643	30.7167	0.364062	1010.28	1.14479	27.3851	60.021	52.613	112.634	36.1599	4199.38	57.054	60.637	41.8508	35.5975				12.6194	0.375476	6.2615	19.1361	0.92079
2016/09/22 19:25:00		0.275415	41.7762	30.6271	0.363021	1010.31	1.19583	27.3886	56.262	48.8749	105.137	35.6213	3916.25	56.443	76.9	47.3958	38.3817				12.6194	0.375476	6.2615	19.1361	0.92079
2016/09/22 19:30:00		0.436372	20.1262	30.6172	0.365625	1010.37	1.18125	27.3521	67.246	56.591	123.837	36.098	4122.29	58.193	82.432	48.2867	39.2217				12.6194	0.375476	6.2615	19.1361	0.92079
2016/09/22 19:35:00		0.349359	7.8546	30.6198	0.361458	1010.45	1.17396	27.326	67.679	54.558	122.237	36.7034	4168.54	57.329	79.496	49.34	39.9758				11.8384	0.324583	5.7181	17.4022	0.85975
2016/09/22 19:40:00		0.59825	7.7035	30.5562	0.3625	1010.5	1.1375	27.2874	64.628	52.387	117.015	37.2897	3973.54	57.532	83.752	49.4258	40.5108				9.2719	0.157363	3.9323	11.7053	0.65919
2016/09/22 19:45:00		0.52932	331.354	30.5089	0.361458	1010.55	1.12292	27.2173	69.061	53.377	122.438	37.3611	4063.75	58.0	87.417	51.532	41.6492				9.2719	0.157363	3.9323	11.7053	0.65919
2016/09/22 19:50:00		0.61779	338.568	30.6172	0.363542	1010.6	1.18125	27.1572	71.373	53.736	125.109	37.6614	4373.54	59.64	106.868	54.494	41.7067				9.7805	0.165934	4.22473	12.7569	0.69436
2016/09/22 19:55:00		0.81106	27.03	30.576	0.3625	1010.66	1.16667	27.1325	66.656	51.949	118.605	37.5851	4327.71	59.558	87.128	48.3042	39.05				11.4513	0.194092	5.1856	16.2121	0.80989
2016/09/22 20:00:00		0.58933	9.2243	30.4927	0.361979	1010.71	1.17396	27.0941	59.061	48.6285	107.689	38.2668	3999.58	59.325	75.11	43.4158	36.1975				11.4513	0.194092	5.1856	16.2121	0.80989
2016/09/22 20:05:00		0.62038	7.0525	30.4068	0.361458	1010.72	1.17396	27.0482	59.342	50.607	109.949	38.6481	3803.54	57.9	62.472	43.5467	37.0033				11.8907	0.240667	5.6888	17.1531	0.8256
2016/09/22 20:10:00		0.415485	17.0872	30.401	0.361979	1010.81	1.20313	27.0511	56.284	49.361	105.646	39.0914	3583.54	57.132	64.365	44.3825	38.1425				13.3343	0.393696	7.3423	20.245	0.87719
2016/09/22 20:15:00		0.57682	16.6623	30.3089	0.364583	1010.86	1.12292	27.0031	65.309	52.089	117.399	39.9828	3546.67	57.236	60.468	44.2067	38.8758				13.3343	0.393696	7.3423	20.245	0.87719
2016/09/22 20:20:00		0.69898	25.5956	30.301	0.364583	1010.92	1.15208	26.9692	55.226	46.2287	101.455	40.979	3319.17	57.557	60.792	45.5308	39.3283				11.7835	0.328101	6.9496	18.5664	0.73991
2016/09/22 20:25:00		0.75255	18.8806	30.2078	0.361979	1010.94	1.18125	26.9427	54.813	47.7623	102.575	42.2088	3199.58	57.197	63.21	46.245	40.3992				6.6881	0.112573	5.6596	13.0512	0.288842
2016/09/22 20:30:00		0.77569	14.3405	30.1828	0.3625	1010.98	1.14479	26.864	53.243	46.9031	100.146	42.0849	3017.5	57.297	62.522	47.1808	41.2175				6.6881	0.112573	5.6596	13.0512	0.288842
2016/09/22 20:35:00		0.63743	354.584	30.1089	0.3625	1011.05	1.1375	26.8103	48.5192	44.8628	93.382	41.8942	2950.63	58.182	66.381	49.5458	43.0292				6.6572	0.119128	5.6927	12.8964	0.355354
2016/09/22 20:40:00		0.63434	83.054	30.1161	0.364583	1011.07	1.12292	26.7896	61.517	48.7654	110.283	42.9095	3075.21	59.629	72.855	51.821	43.8775				6.5556	0.140665	5.8018	12.3878	0.57389
2016/09/22 20:45:00		1.32867	114.15	30.0958	0.359896	1011.11	1.15937	26.8181	61.54	50.22	111.76	43.6102	3183.13	62.704	75.926	51.773	44.1092				6.5556	0.140665	5.8018	12.3878	0.57389
2016/09/22 20:50:00		1.75143	135.071	30.0052	0.360938	1011.16	1.17396	26.8293	62.846	49.5356	112.382	42.8142	3238.33	61.783	81.55	52.911	43.93				6.7687	0.107843	5.6845	12.2595	0.50935
2016/09/22 20:55:00		0.86557	130.806	30.038	0.363021	1011.17	1.15208	26.8143	62.745	46.749	109.495	40.4261	3327.5	61.061	90.834	54.077	44.3067				7.4692	0.0	5.2993	11.838	0.297277
2016/09/22 21:00:00		1.51016	127.197	30.1161	0.366667	1011.18	1.21042	26.7555	65.832	46.0644	111.896	38.3859	3418.54	63.122	88.794	54.421	45.2025				7.4692	0.0	5.2993	11.838	0.297277
2016/09/22 21:05:00		1.65423	128.794	30.101	0.363021	1011.18	1.1375	26.7593	81.992	45.7939	127.786	37.3659	3608.75	62.972	85.396	54.776	45.5583				8.2852	0.028916	5.8556	12.873	0.399638
2016/09/22 21:10:00		1.09057	136.554	30.0109	0.366146	1011.21	1.17396	26.7765	79.56	46.1636	125.724	36.7272	3704.58	62.601	85.018	56.672	46.4083				10.9666	0.123925	7.6835	16.2737	0.73597
2016/09/22 21:15:00		1.31508	132.872	29.9714	0.364583	1011.23	1.21042	26.7099	81.293	43.9967	125.29	35.2352	3710.21	61.861	96.818	65.473	47.0017				10.9666	0.123925	7.6835	16.2737	0.73597
2016/09/22 21:20:00		1.284	136.296	29.8714	0.370313	1011.24	1.1375	26.6315	77.008	43.6304	120.638	34.7537	3643.13	61.647	74.192	52.852	45.205				11.2766	0.132629	7.7742	16.9405	0.81868
2016/09/22 21:25:00		1.00344	138.103	29.763	0.36875	1011.25	1.15208	26.5754	77.217	44.0925	121.31	34.0578	3602.29	60.479	79.923	55.062	46.1983				12.2952	0.16123	8.0722	19.1313	1.09044
2016/09/22 21:30:00		1.2138	139.208	29.7078	0.364583	1011.27	1.1375	26.4328	85.735	45.2017	130.937	34.2771	3670.42	59.736	75.128	54.323	46.3983				12.2952	0.16123	8.0722	19.1313	1.09044
2016/09/22 21:35:00		1.15018	139.038	29.613	0.363542	1011.31	1.18854	26.2779	83.368	44.7087	128.077	33.667	3626.88	58.94	86.288	55.427	47.9017				11.8607	0.16409	7.7924	18.7067	1.06335
2016/09/22 21:40:00		1.19314	147.235	29.6016	0.366146	1011.32	1.16667	26.1705	77.398	42.1241	119.523	33.1617	3610.63	59.179	76.286	55.265	47.7075				10.4331	0.173486	6.873	17.3116	0.97434
2016/09/22 21:45:00		0.94484	120.091	29.5005	0.360417	1011.32	1.18125	26.0207	73.7	40.4604	114.16	33.033	3647.5	58.45	79.377	57.378	49.3633				10.4331	0.173486	6.873	17.3116	0.97434
2016/09/22 21:50:00		0.75217	130.687	29.501	0.361458	1011.29	1.1375	25.9474	83.81	43.2538	127.064	33.7623	3571.25	59.583	80.105	58.135	49.7967				10.2598	0.174331	6.9117	17.1181	0.95244
2016/09/22 21:55:00		0.64948	63.96	29.4901	0.364583	1011.25	1.11563	26.0033	76.612	41.1519	117.764	34.4392	3536.88	61.079	113.718	63.426	50.692				9.6904	0.177106	7.0389	16.4822	0.88051
2016/09/22 22:00:00		0.71981	87.931	29.401	0.359375	1011.2	1.14479	26.0288	85.336	42.3603	127.696	36.0265	3501.46	61.676	114.027	62.648	49.1183				9.6904	0.177106	7.0389	16.4822	0.88051
2016/09/22 22:05:00		0.9883	85.953	29.4021	0.3625	1011.15	1.18854	26.0731	90.553	42.4459	132.999	37.0465	3510.21	62.526	137.805	66.368	50.25				9.6562	0.180465	6.9637	16.2257	0.88028
2016/09/22 22:10:00		0.67303	79.008	29.3792	0.359375	1011.1	1.17396	26.1547	96.654	43.2196	139.874	37.7472	3442.29	63.129	111.786	69.863	56.069				9.5439	0.191501	6.7166	15.3828	0.87956
2016/09/22 22:15:00		0.87108	78.085	29.3057	0.358854	1011.1	1.15937	26.1936	93.398	44.0104	137.408	39.2154	3516.25	64.729	101.782	69.775	58.705				9.5439	0.191501	6.7166	15.3828	0.87956
2016/09/22 22:20:00		1.19843	80.946	29.3057	0.361458	1011.08	1.17396	26.2205	82.073	41.4258	123.499	39.8064	3432.92	65.894	90.871	67.059	58.065				9.4105	0.184592	6.6215	15.1583	0.87823
2016/09/22 22:25:00		1.07382	91.848	29.3052	0.361458	1011.07	1.19583	26.2761	76.28	40.4261	116.706	41.0028	3298.96	66.908	90.297	66.507	57.255				8.972	0.161888	6.3089	14.4208	0.87387
2016/09/22 22:30:00		0.81271	87.997	29.3089	0.359896	1011.07	1.15208	26.2908	81.045	42.7574	123.803	42.2517	3428.33	67.972	97.361	68.172	58.177				8.972	0.161888	6.3089	14.4208	0.87387
2016/09/22 22:35:00		0.58621	81.909	29.3062	0.360417	1011.05	1.15937	26.3069	75.377	40.3269	115.704	42.8476	3363.54	68.401	83.432	63.157	54.848				9.3406	0.156686	6.1497	13.8613	1.08098
2016/09/22 22:40:00		0.55621	79.623	29.3089	0.360938	1011.02	1.15937	26.3528	68.84	39.6011	108.441	43.9963	3294.17	67.987	79.418	60.606	53.245				10.5517	0.139595	5.6264	12.0228	1.76149
2016/09/22 22:45:00		0.74637	98.076	29.3073	0.361458	1010.99	1.11563	26.3601	69.093	40.4467	109.539	45.9078	3300.83	67.297	82.979	59.587	51.648				10.5517	0.139595	5.6264	12.0228	1.76149
2016/09/22 22:50:00		0.63303	70.19	29.3432	0.358854	1011.0	1.10833	26.3668	74.466	42.1036	116.57	47.9479	3305.42	65.954	78.932	58.838	49.6908				10.7274	0.142292	5.4406	12.0085	1.79964
2016/09/22 22:55:00		0.56997	85.246	29.4021	0.365104	1011.01	1.14479	26.4258	75.589	42.9834	118.573	50.836	3283.13	65.494	67.414	53.73	47.39				11.3049	0.151153	4.83006	11.9612	1.92498
2016/09/22 23:00:00		0.51975	139.161	29.401	0.360417	1011.05	1.15208	26.4283	70.995	40.7719	111.767	54.678	3179.79	64.026	69.47	53.773	47.0358				11.3049	0.151153	4.83006	11.9612	1.92498
2016/09/22 23:05:00		0.68594	90.668	29.4016	0.361979	1011.04	1.16667	26.4433	68.351	40.8027	109.154	57.963	3144.17	62.697	67.69	51.153	45.375				11.0225	0.155481	4.69391	12.0486	1.82723
2016/09/22 23:10:00		0.57386	130.471	29.3995	0.360938	1011.06	1.15208	26.4819	62.241	38.0298	100.271	62.71	3052.08	61.408	64.181	48.645	43.235				10.0949	0.169702	4.24657	12.3356	1.50606
2016/09/22 23:15:00		0.85125	130.58	29.4057	0.356771	1011.07	1.14479	26.4895	57.942	37.7046	95.646	67.072	2882.92	59.254	59.642	48.4067	43.81				10.0949	0.169702	4.24657	12.3356	1.50606
2016/09/22 23:20:00		0.71223	135.407	29.4958	0.359896	1011.06	1.15208	26.4884	61.734	37.5368	99.271	68.573	2818.96	58.479	65.712	50.862	45.0467				9.4155	0.164904	4.08553	11.9895	1.43473
2016/09/22 23:25:00		0.77093	138.234	29.5031	0.3625	1011.05	1.12292	26.5279	72.284	47.5159	119.8	70.585	2638.54	57.532	71.732	51.137	45.4083				7.1832	0.149137	3.55642	10.8523	1.20039
2016/09/22 23:30:00		0.639	118.489	29.4234	0.360417	1010.96	1.15208	26.5198	60.718	38.9678	99.685	71.776	2568.13	57.4	71.289	54.573	47.9025				7.1832	0.149137	3.55642	10.8523	1.20039
2016/09/22 23:35:00		0.58498	130.901	29.399	0.361979	1010.91	1.15208	26.523	56.762	37.6977	94.46	73.254	2547.29	58.386	72.419	54.916	48.47				6.8366	0.114339	3.41375	10.2552	1.16124
2016/09/22 23:40:00		0.86908	143.774	29.4036	0.359896	1010.85	1.18854	26.8047	52.896	36.236	89.132	80.619	2519.58	57.822	72.707	55.024	48.9525				5.6978	0.0	2.94496	8.2932	1.03263
2016/09/22 23:45:00		0.93802	163.47	29.4021	0.359896	1010.82	1.16667	27.0659	51.132	35.9792	87.111	90.171	2417.5	58.261	69.294	56.218	49.5533				5.6978	0.0	2.94496	8.2932	1.03263
2016/09/22 23:50:00		0.430753	108.681	29.3984	0.357292	1010.78	1.16667	27.1955	50.333	35.3973	85.73	90.8	2323.75	58.747	69.153	54.946	48.7608				5.9475	0.026977	3.06154	8.542	1.07188
2016/09/22 23:55:00		0.51306	103.139	29.4026	0.355208	1010.71	1.09375	27.2957	49.6269	34.295	83.922	97.283	2268.54	59.093	71.942	55.037	48.0533				6.7683	0.115616	3.44456	9.3595	1.20086
2016/09/23 00:00:00		0.59673	90.154	29.3995	0.359375	1010.68	1.17396	27.3207	46.7079	33.4186	80.127	106.225	2164.17	59.558	71.928	55.527	48.1242				6.7683	0.115616	3.44456	9.3595	1.20086
