-- 1st mean values --
Format: XTAB(V:1;HEAD:2;COL:TCFFFFFFFFFFFFFFFFFFFFFFFF)
StartTime: 2016/09/23 00:00:00
EndTime: 2016/09/24 00:00:00
Period: 24 h
Station: Gia Lam

Time	MeasPt	Wind Spd.	Wind Dir.	Temp	RH	Barometer	Radiation	InnerTemp	NO	NO2	NOx	SO2	CO	O3	PM-10	PM-2.5	PM-1	CH4	NMHC	THC	BENZEN	TOLUEN	ETHYL BENZEN	MP-XYLEN	O-XYLEN
		m/s	degree	°C	%	hPa	W/m²	°C	µg/m3	µg/m3	µg/m3	µg/m3	µg/m3	µg/m3	µg/m3	µg/m3	µg/m3	ppm	ppmC	ppmC	ug/m3	ug/m3	ug/m3	ug/m3	ug/m3
2016/09/23 00:05:00		0.51784	41.4542	29.4021	0.358333	1010.62	1.10104	27.4412	45.589	33.0352	78.624	111.588	2173.33	60.6	70.717	54.907	47.8808				6.7666	0.117392	3.47409	9.2401	1.22818
2016/09/23 00:10:00		0.57078	78.129	29.4036	0.357292	1010.52	1.12292	27.577	50.585	34.1683	84.753	117.141	2143.33	60.372	68.586	53.135	46.7				6.7613	0.123226	3.57112	8.8477	1.31792
2016/09/23 00:15:00		0.60123	89.34	29.4063	0.35625	1010.45	1.17396	27.6839	46.8107	32.193	79.004	118.609	2056.46	60.029	66.702	51.571	45.4167				6.7613	0.123226	3.57112	8.8477	1.31792
2016/09/23 00:20:00		0.89696	81.137	29.3599	0.360417	1010.45	1.1375	27.7884	43.4138	29.8686	73.282	117.799	1962.71	59.436	62.743	49.5858	44.0375				6.6189	0.120759	3.53583	8.8134	1.31183
2016/09/23 00:25:00		0.74235	91.875	29.3089	0.358854	1010.42	1.16667	27.8812	40.7673	29.7008	70.468	114.653	1897.5	58.522	61.597	47.6083	42.1167				6.1511	0.112655	3.41991	8.7008	1.29185
2016/09/23 00:30:00		0.88612	84.073	29.3172	0.355208	1010.38	1.14479	27.9577	40.4122	32.128	72.54	106.826	1827.29	58.107	66.118	49.6633	43.595				6.1511	0.112655	3.41991	8.7008	1.29185
2016/09/23 00:35:00		0.72721	70.115	29.3146	0.361979	1010.32	1.12292	28.0168	39.8583	33.7164	73.575	99.252	1792.5	58.322	66.275	50.753	43.7225				5.8614	0.086369	3.24239	8.1689	1.19078
2016/09/23 00:40:00		0.61432	50.064	29.3719	0.357812	1010.25	1.15208	28.1003	39.367	32.2067	71.574	95.062	1742.5	58.279	65.388	50.437	43.5217				4.9097	0.0	2.65914	6.4213	0.85871
2016/09/23 00:45:00		0.81233	50.93	29.3849	0.359375	1010.23	1.11563	28.1277	37.0823	30.2999	67.382	92.102	1704.58	58.418	60.562	48.3667	42.3767				4.9097	0.0	2.65914	6.4213	0.85871
2016/09/23 00:50:00		0.62071	55.536	29.312	0.363021	1010.18	1.18854	28.1717	34.7551	27.8043	62.559	92.297	1578.96	57.961	62.415	48.8717	42.8933				4.86902	0.0	2.617	6.5131	0.7443
2016/09/23 00:55:00		0.79944	348.154	29.274	0.358333	1010.13	1.225	28.2375	33.4531	32.0732	65.526	99.156	1518.96	57.072	64.132	50.615	43.1467				4.73535	0.0	2.47855	6.8147	0.36841
2016/09/23 01:00:00		0.76731	19.1039	29.2089	0.357812	1010.11	1.13021	28.2638	31.9255	28.8758	60.801	114.767	1448.96	56.882	65.492	51.132	43.0167				4.73535	0.0	2.47855	6.8147	0.36841
2016/09/23 01:05:00		0.57049	359.494	29.1375	0.357812	1010.09	1.18125	28.299	29.8731	26.791	56.664	124.949	1384.38	56.907	65.902	52.238	43.7033				4.74999	0.032275	2.38277	6.5935	0.348064
2016/09/23 01:10:00		0.52419	3.49371	29.0292	0.361458	1010.08	1.14479	28.3475	28.2226	24.85	53.073	124.706	1333.75	57.047	65.418	51.549	43.4325				4.79811	0.13832	2.06806	5.8669	0.281212
2016/09/23 01:15:00		0.428938	18.8652	28.9453	0.3625	1010.05	1.11563	28.3475	27.4477	26.1988	53.646	117.708	1296.88	57.061	66.345	52.559	43.7333				4.79811	0.13832	2.06806	5.8669	0.281212
2016/09/23 01:20:00		0.77721	10.1491	28.8948	0.359375	1010.03	1.14479	28.3543	26.3243	25.0759	51.4	104.152	1264.79	57.425	71.372	55.886	47.3433				4.56785	0.106045	2.00458	5.4999	0.297821
2016/09/23 01:25:00		0.377434	26.9516	28.8432	0.360417	1010.0	1.13021	28.4141	25.7771	24.2406	50.018	92.674	1237.08	58.207	70.465	56.746	50.526				3.81129	0.0	1.79598	4.29401	0.352392
2016/09/23 01:30:00		0.7807	332.472	28.7849	0.363021	1009.95	1.15937	28.4225	25.7548	25.1718	50.927	83.269	1271.25	60.147	71.537	58.733	52.026				3.81129	0.0	1.79598	4.29401	0.352392
2016/09/23 01:35:00		0.61877	326.114	28.7057	0.363021	1009.94	1.11563	28.4343	26.7419	26.2741	53.016	77.044	1300.83	62.261	74.045	58.517	52.327				4.02284	0.0	1.77298	4.2333	0.3301
2016/09/23 01:40:00		0.7156	339.866	28.676	0.361979	1009.92	1.15937	28.4842	26.3913	26.6541	53.045	72.825	1343.33	63.661	75.614	61.09	54.952				4.71791	0.0	1.69739	4.03384	0.256854
2016/09/23 01:45:00		0.64886	331.097	28.6047	0.365104	1009.87	1.21771	28.481	27.2869	27.9481	55.235	67.968	1431.88	65.622	78.887	62.999	56.696				4.71791	0.0	1.69739	4.03384	0.256854
2016/09/23 01:50:00		0.64163	311.564	28.601	0.360417	1009.85	1.13021	28.4762	27.7536	27.2155	54.969	64.131	1472.08	67.622	82.98	69.06	61.057				5.115	0.0	1.81762	4.18223	0.259795
2016/09/23 01:55:00		0.74729	327.188	28.4974	0.364062	1009.8	1.15208	28.5129	29.0825	25.6305	54.713	61.547	1506.04	70.408	97.569	82.218	75.052				6.4196	0.0	2.21263	4.66981	0.26946
2016/09/23 02:00:00		0.7148	322.845	28.3937	0.359896	1009.79	1.10104	28.5068	29.1405	25.0965	54.237	59.002	1528.96	74.619	104.728	85.048	77.428				6.4196	0.0	2.21263	4.66981	0.26946
2016/09/23 02:05:00		0.73677	323.717	28.2854	0.3625	1009.82	1.12292	28.5027	31.2533	25.3532	56.606	56.652	1590.83	79.041	99.826	84.24	74.543				6.8565	0.0	2.34613	4.95355	0.304634
2016/09/23 02:10:00		0.90647	316.281	28.1766	0.366146	1009.81	1.16667	28.5248	36.3743	24.9801	61.354	54.574	1609.79	80.88	94.01	80.001	72.683				8.2921	0.0	2.78475	5.8858	0.420207
2016/09/23 02:15:00		0.89152	308.974	28.0745	0.361458	1009.83	1.21042	28.5019	36.6222	24.0386	60.661	52.243	1652.92	82.027	97.974	82.12	75.527				8.2921	0.0	2.78475	5.8858	0.420207
2016/09/23 02:20:00		0.81963	325.791	27.9495	0.360417	1009.83	1.17396	28.4966	35.2264	20.9166	56.143	50.984	1645.0	83.048	98.829	84.141	77.011				8.5923	0.0	2.98217	6.0816	0.456841
2016/09/23 02:25:00		0.95596	308.34	27.8292	0.365625	1009.81	1.17396	28.5194	35.1929	19.4377	54.631	49.7497	1631.67	83.845	101.227	85.343	78.388				9.5788	0.0	3.63084	6.7246	0.57721
2016/09/23 02:30:00		0.487666	312.147	27.7094	0.365104	1009.82	1.13021	28.5049	33.5849	17.394	50.979	47.6762	1611.88	84.884	106.036	87.439	80.029				9.5788	0.0	3.63084	6.7246	0.57721
2016/09/23 02:35:00		0.66363	17.4476	27.588	0.359896	1009.82	1.17396	28.4762	33.0712	17.1235	50.195	46.046	1616.88	86.227	107.213	92.255	84.326				9.5788	0.0	3.63084	6.7246	0.57721
2016/09/23 02:40:00		0.68186	29.5029	27.4432	0.3625	1009.77	1.11563	28.4968	32.0975	15.9664	48.0639	45.3024	1616.46	87.599	103.374	92.856	86.692				9.5788	0.0	3.63084	6.7246	0.57721
2016/09/23 02:45:00		0.455693	18.4609	27.2766	0.359375	1009.78	1.12292	28.4557	30.6726	14.4396	45.1122	45.2643	1614.79	90.045	103.412	90.144	83.668				9.5788	0.0	3.63084	6.7246	0.57721
2016/09/23 02:50:00		0.60466	356.729	27.1948	0.364062	1009.73	1.09375	28.4174	30.7843	14.3164	45.1006	44.5159	1588.13	91.006	95.843	85.012	78.948				9.1232	0.0	3.49956	6.4935	0.57765
2016/09/23 02:55:00		0.498541	8.6996	27.1323	0.363542	1009.72	1.09375	28.4243	29.7592	13.0018	42.761	43.9153	1549.38	90.152	91.873	81.534	75.99				7.6261	0.0	3.0682	5.7342	0.57911
2016/09/23 03:00:00		0.81081	345.171	27.0755	0.359896	1009.69	1.1375	28.3846	28.6872	13.3339	42.021	43.8105	1508.54	88.856	87.695	78.822	73.968				7.6261	0.0	3.0682	5.7342	0.57911
2016/09/23 03:05:00		0.88851	328.207	26.9911	0.363542	1009.68	1.1375	28.3671	28.3745	12.3137	40.6882	43.0335	1476.04	86.892	86.286	77.889	72.81				7.4275	0.0	2.90429	5.444	0.56141
2016/09/23 03:10:00		0.84117	343.509	26.9562	0.3625	1009.67	1.17396	28.3768	26.8849	12.1802	39.0651	42.5568	1440.0	85.156	87.169	76.44	71.445				6.7752	0.0	2.36573	4.49068	0.50328
2016/09/23 03:15:00		0.90411	356.485	26.8943	0.365104	1009.63	1.1375	28.3368	26.733	11.2936	38.0266	42.4376	1393.96	83.098	83.369	74.328	69.555				6.7752	0.0	2.36573	4.49068	0.50328
2016/09/23 03:20:00		1.10354	349.089	26.8964	0.367708	1009.65	1.11563	28.3132	26.7598	12.0912	38.851	41.961	1376.67	81.491	84.296	74.078	69.378				6.4034	0.0	2.30291	4.39768	0.467466
2016/09/23 03:25:00		0.99201	357.011	26.8948	0.357292	1009.65	1.15208	28.3092	26.2908	10.9547	37.2455	41.4414	1358.75	80.23	82.574	74.433	69.307				5.1817	0.0	2.0965	4.09213	0.349786
2016/09/23 03:30:00		0.937	359.225	26.8047	0.3625	1009.66	1.07917	28.2721	25.3014	12.9025	38.204	41.2269	1358.96	79.195	80.652	73.035	68.178				5.1817	0.0	2.0965	4.09213	0.349786
2016/09/23 03:35:00		0.81255	344.718	26.7964	0.361979	1009.67	1.12292	28.2429	25.0312	12.0125	37.0437	40.5166	1359.58	78.577	81.383	72.039	67.558				5.1508	0.0	2.00481	3.94141	0.355304
2016/09/23 03:40:00		0.75241	352.818	26.7979	0.361979	1009.66	1.14479	28.2383	24.5242	11.6085	36.1328	40.2497	1373.54	77.552	79.068	70.983	65.88				5.0492	0.0	1.70355	3.4462	0.373433
2016/09/23 03:45:00		0.97474	328.2	26.724	0.361979	1009.66	1.14479	28.2007	23.948	11.6701	35.6182	40.4976	1376.04	76.762	78.555	71.228	65.96				5.0492	0.0	1.70355	3.4462	0.373433
2016/09/23 03:50:00		0.60094	336.735	26.6995	0.367188	1009.65	1.14479	28.1766	24.1066	10.9239	35.0305	39.816	1382.08	75.876	86.025	76.772	71.267				5.2632	0.0	1.67303	3.42243	0.38752
2016/09/23 03:55:00		0.99569	332.278	26.6953	0.369271	1009.61	1.18125	28.1631	24.1267	11.0403	35.1669	39.5633	1390.42	76.423	93.298	82.05	75.688				5.9663	0.0	1.57273	3.34431	0.433808
2016/09/23 04:00:00		0.67741	324.187	26.7	0.364583	1009.64	1.15937	28.1212	25.4019	13.3887	38.7906	38.9818	1419.17	77.652	98.185	84.532	76.893				5.9663	0.0	1.57273	3.34431	0.433808
2016/09/23 04:05:00		0.7162	322.135	26.6938	0.367188	1009.65	1.13021	28.0987	28.3231	14.4978	42.8209	38.2573	1489.38	79.109	96.792	83.703	76.853				6.1567	0.0	1.56964	3.31678	0.443384
2016/09/23 04:10:00		1.03237	327.554	26.6948	0.363542	1009.65	1.17396	28.0944	29.719	15.292	45.011	38.0094	1496.67	80.12	92.582	81.878	75.525				6.7822	0.0	1.55946	3.22631	0.474848
2016/09/23 04:15:00		0.8787	322.14	26.6964	0.365625	1009.65	1.10833	28.0407	28.1958	11.1977	39.3936	37.2468	1498.75	80.487	90.165	81.312	75.593				6.7822	0.0	1.55946	3.22631	0.474848
2016/09/23 04:20:00		0.97745	319.949	26.612	0.366146	1009.68	1.18854	28.0176	27.8273	12.858	40.6854	36.6032	1497.71	80.53	123.587	98.81	78.795				6.9246	0.0	1.6621	3.52232	0.455541
2016/09/23 04:25:00		0.62877	324.3	26.5969	0.365104	1009.73	1.15937	28.0297	27.0524	12.68	39.7324	36.1552	1480.0	80.566	93.122	83.48	77.75				7.3924	0.0	1.99933	4.49494	0.392105
2016/09/23 04:30:00		0.5108	307.054	26.5943	0.364583	1009.77	1.15208	28.0093	28.5777	13.1319	41.7096	36.1313	1549.38	80.995	98.633	84.552	77.691				7.3924	0.0	1.99933	4.49494	0.392105
2016/09/23 04:35:00		0.79391	314.224	26.6354	0.367708	1009.75	1.11563	27.9972	33.5804	14.4225	48.0029	35.5307	1611.88	81.402	102.853	86.08	77.741				7.2517	0.0	2.02079	4.4067	0.386222
2016/09/23 04:40:00		0.58295	319.537	26.662	0.366146	1009.74	1.1375	28.009	33.8506	14.3335	48.1841	35.3115	1646.25	81.459	97.748	84.818	77.463				6.7892	0.0	2.09129	4.11677	0.366894
2016/09/23 04:45:00		0.79152	328.513	26.5964	0.367188	1009.77	1.15937	27.991	32.7809	13.0292	45.8101	35.3639	1626.88	81.248	97.077	82.111	75.773				6.7892	0.0	2.09129	4.11677	0.366894
2016/09/23 04:50:00		0.59636	319.316	26.5974	0.369271	1009.85	1.13021	27.9655	32.9729	12.4267	45.3996	34.6489	1631.67	80.627	94.364	82.56	76.341				6.8038	0.0	2.25221	4.48753	0.375806
2016/09/23 04:55:00		0.75177	333.159	26.5984	0.365104	1009.92	1.15937	27.9819	34.266	13.529	47.795	34.7919	1696.67	80.291	98.097	80.406	72.767				6.852	0.0	2.78096	5.7058	0.40509
2016/09/23 05:00:00		0.50625	7.65	26.5234	0.359375	1009.97	1.17396	27.9443	33.3749	14.669	48.0439	34.9301	1662.5	78.498	84.806	71.579	65.156				6.852	0.0	2.78096	5.7058	0.40509
2016/09/23 05:05:00		0.0	502.0	26.4911	0.363021	1010.02	1.08646	27.9212	32.5307	13.7481	46.2788	35.2066	1640.42	76.394	78.085	66.922	61.602				6.7267	0.0	3.04706	5.8219	0.394773
2016/09/23 05:10:00		0.82464	331.532	26.4927	0.365625	1010.04	1.12292	27.9475	33.4196	16.4388	49.8585	35.4116	1657.71	73.58	77.201	66.462	61.09				6.315	0.0	3.9214	6.2033	0.360875
2016/09/23 05:15:00		0.5019	333.565	26.4911	0.366146	1010.07	1.15937	27.8968	33.5536	15.874	49.4276	35.1017	1770.0	71.298	78.482	67.282	61.709				6.315	0.0	3.9214	6.2033	0.360875
2016/09/23 05:20:00		0.71538	325.595	26.4917	0.361458	1010.16	1.11563	27.8802	34.6033	16.2677	50.871	34.749	1817.5	69.823	83.942	68.806	62.152				6.1799	0.0	4.10776	6.2664	0.348523
2016/09/23 05:25:00		0.62233	338.059	26.4927	0.361458	1010.17	1.15208	27.878	40.6176	18.9858	59.603	35.0588	1911.04	69.315	86.963	69.085	61.684				5.7361	0.0	4.72009	6.4735	0.30794
2016/09/23 05:30:00		0.50951	323.316	26.5615	0.366146	1010.19	1.20313	27.8504	52.267	19.1296	71.396	35.321	1988.75	69.165	89.603	69.942	61.073				5.7361	0.0	4.72009	6.4735	0.30794
2016/09/23 05:35:00		0.70993	332.376	26.5938	0.3625	1010.16	1.19583	27.8573	51.545	20.3894	71.935	35.1446	2075.21	69.694	77.452	65.892	60.051				5.9216	0.0	4.73911	6.7167	0.314619
2016/09/23 05:40:00		0.96268	317.537	26.5906	0.361979	1010.08	1.15208	27.7097	51.391	18.7359	70.127	34.9492	2105.42	73.805	76.928	64.676	58.384				6.5312	0.0	4.80162	7.5161	0.336564
2016/09/23 05:45:00		0.88281	325.878	26.5958	0.363021	1010.03	1.21042	27.4783	50.462	19.0235	69.486	33.4239	2168.54	71.651	82.582	67.362	59.883				6.5312	0.0	4.80162	7.5161	0.336564
2016/09/23 05:50:00		0.84123	321.104	26.5911	0.360417	1010.04	1.225	27.2358	55.731	18.7188	74.449	32.8185	2322.08	67.955	82.942	67.871	60.454				6.6866	0.0	4.68726	7.5736	0.350154
2016/09/23 05:55:00		0.9211	326.359	26.5958	0.367188	1010.03	1.21042	27.184	64.146	20.3517	84.498	32.8137	2376.88	78.394	80.988	67.389	60.953				7.1972	0.0	4.31151	7.7625	0.394806
2016/09/23 06:00:00		1.08931	325.28	26.5766	0.366667	1009.96	1.15208	27.3722	57.109	21.4266	78.535	33.6622	2335.42	84.484	80.128	67.542	61.107				7.1972	0.0	4.31151	7.7625	0.394806
2016/09/23 06:05:00		0.79899	320.027	26.4865	0.36875	1009.96	1.225	27.6383	58.064	21.3068	79.371	34.6251	2385.0	83.438	79.844	64.861	58.863				7.1752	0.029722	4.22546	7.831	0.402038
2016/09/23 06:10:00		0.76211	321.898	26.4844	0.361979	1009.99	1.15208	27.9738	61.347	22.1113	83.459	35.7691	2346.04	82.023	79.993	65.998	58.971				7.103	0.12738	3.94273	8.0563	0.425799
2016/09/23 06:15:00		0.90178	330.084	26.4875	0.361979	1010.01	1.1375	28.2469	60.588	21.3171	81.905	35.9836	2432.71	80.695	79.105	62.919	56.179				7.103	0.12738	3.94273	8.0563	0.425799
2016/09/23 06:20:00		0.9514	324.61	26.4896	0.3625	1010.05	1.23229	28.4933	58.83	20.9645	79.795	36.5032	2460.0	79.395	79.436	62.143	54.904				6.9541	0.097658	3.80293	7.8926	0.412497
2016/09/23 06:25:00		0.7694	327.429	26.4875	0.365104	1010.1	3.28125	28.6518	61.236	22.0771	83.313	37.1133	2445.0	73.033	78.678	62.483	54.522				6.4649	0.0	3.3436	7.3549	0.368789
2016/09/23 06:30:00		0.949	330.236	26.4906	0.363542	1010.13	9.5156	28.4531	56.872	20.2524	77.124	36.0551	2387.92	66.747	84.773	63.852	54.782				6.4649	0.0	3.3436	7.3549	0.368789
2016/09/23 06:35:00		0.91396	316.389	26.4891	0.364583	1010.2	15.524	28.1795	57.006	18.3354	75.341	35.321	2338.96	63.276	87.772	67.667	57.273				6.5601	0.027313	3.39425	7.502	0.376153
2016/09/23 06:40:00		0.7204	321.997	26.4906	0.366667	1010.24	20.1833	27.9167	62.241	18.4312	80.672	34.8014	2376.46	62.168	85.852	66.973	56.817				6.8729	0.117056	3.56069	7.9852	0.400351
2016/09/23 06:45:00		1.04423	316.513	26.4896	0.366146	1010.31	21.5833	27.6946	58.652	17.7466	76.398	34.2294	2433.75	61.05	90.227	67.929	57.497				6.8729	0.117056	3.56069	7.9852	0.400351
2016/09/23 06:50:00		1.67858	318.868	26.5875	0.365104	1010.35	23.0052	27.4729	59.306	17.2057	76.512	33.9672	2373.33	60.768	89.201	66.801	57.737				6.6809	0.089743	3.59232	7.8879	0.389547
2016/09/23 06:55:00		1.25199	307.829	26.5693	0.366667	1010.39	28.7729	27.2855	56.834	16.2916	73.126	33.5955	2298.96	60.211	87.092	69.608	59.308				6.0499	0.0	3.69625	7.5682	0.354051
2016/09/23 07:00:00		1.01952	317.766	26.4943	0.363021	1010.42	33.6	27.1051	60.912	15.7371	76.649	33.5955	2360.83	59.747	99.717	77.595	61.905				6.0499	0.0	3.69625	7.5682	0.354051
2016/09/23 07:05:00		1.13273	317.711	26.4906	0.36875	1010.42	37.7854	27.0079	56.113	14.6211	70.734	32.6278	2417.71	66.794	86.082	68.223	60.712				5.9881	0.0	3.69371	7.6445	0.35457
2016/09/23 07:10:00		1.34318	321.181	26.4865	0.366667	1010.47	43.1958	27.231	58.755	15.874	74.629	34.0673	2531.67	82.963	87.378	68.165	60.003				5.7849	0.0	3.68535	7.8952	0.356278
2016/09/23 07:15:00		0.87845	315.816	26.4901	0.36875	1010.5	51.085	27.4844	59.366	16.8462	76.213	35.0064	2472.08	96.956	83.663	66.306	58.94				5.7849	0.0	3.68535	7.8952	0.356278
2016/09/23 07:20:00		1.59869	323.599	26.5589	0.366667	1010.54	57.415	27.7	66.75	19.6739	86.424	35.9693	2681.04	111.804	80.137	65.528	58.325				5.9525	0.0	3.54168	8.0721	0.354155
2016/09/23 07:25:00		1.38597	321.735	26.5938	0.369271	1010.58	64.079	27.9634	59.101	18.1882	77.289	36.2982	2603.96	121.326	86.479	65.877	58.486				6.5033	0.0	3.06963	8.6534	0.347179
2016/09/23 07:30:00		1.15014	313.072	26.5958	0.366667	1010.62	71.422	28.2088	62.437	20.6324	83.07	36.751	2763.54	107.429	85.543	66.773	58.263				6.5033	0.0	3.06963	8.6534	0.347179
2016/09/23 07:35:00		1.61116	320.721	26.6156	0.366146	1010.65	87.595	28.4732	59.407	21.4883	80.895	36.7319	2805.63	90.352	87.262	68.078	59.192				6.6098	0.028925	3.10126	8.9177	0.352421
2016/09/23 07:40:00		1.2968	323.39	26.6995	0.365104	1010.71	96.717	28.5167	58.049	20.5058	78.555	36.117	2802.29	66.39	91.721	68.745	57.737				6.9601	0.123966	3.20519	9.786	0.369642
2016/09/23 07:45:00		0.91271	314.902	26.6984	0.36875	1010.8	95.419	28.3607	57.202	17.9759	75.178	34.5678	2840.83	63.469	88.467	65.447	54.872				6.9601	0.123966	3.20519	9.786	0.369642
2016/09/23 07:50:00		1.69891	312.75	26.7062	0.369271	1010.82	106.539	28.1196	58.125	18.7393	76.864	34.1484	2996.67	59.736	86.195	63.197	50.093				7.1155	0.127968	3.30108	10.1122	0.447488
2016/09/23 07:55:00		2.09669	309.76	26.8042	0.368229	1010.83	116.324	27.9282	49.1825	15.7713	64.954	33.7861	2755.21	58.204	111.346	76.707	51.342				7.6261	0.141117	3.61615	11.184	0.70327
2016/09/23 08:00:00		1.13703	313.77	26.8036	0.365104	1010.87	129.792	27.7585	49.0775	17.5959	66.673	33.7909	2755.83	57.136	79.617	60.271	51.485				7.6261	0.141117	3.61615	11.184	0.70327
2016/09/23 08:05:00		0.8536	325.684	26.874	0.370833	1010.93	153.847	27.5811	51.545	19.8108	71.356	33.5859	2874.17	57.19	80.128	60.708	52.555				7.4699	0.10819	3.55631	11.0967	0.6764
2016/09/23 08:10:00		0.51252	324.272	26.9531	0.366667	1010.91	190.714	27.4297	49.2517	19.1809	68.433	33.3524	2919.79	56.729	82.784	61.42	52.073				6.9566	0.0	3.35971	10.8097	0.58811
2016/09/23 08:15:00		0.489676	315.248	27.0547	0.368229	1010.9	229.979	27.3045	49.0485	20.0094	69.058	33.4668	2934.17	56.747	86.222	62.142	52.611				6.9566	0.0	3.35971	10.8097	0.58811
2016/09/23 08:20:00		0.82686	313.506	27.199	0.365104	1010.93	287.489	27.2162	46.3417	18.979	65.321	34.034	2934.17	57.715	88.687	62.827	52.805				7.4407	0.045691	3.57627	11.2708	0.59762
2016/09/23 08:25:00		1.31045	332.512	27.3276	0.368229	1011.45	328.183	27.2519	36.0907	33.0694	69.16	34.606	2815.63	100.828	86.92	62.882	53.302				9.0313	0.19582	4.28781	12.7858	0.62886
2016/09/23 08:30:00		1.32068	308.673	27.4021	0.370313	1011.0	369.119	27.2653	18.7377	49.6144	68.352		2557.5	96.281	95.128	65.882	53.634				9.0313	0.19582	4.28781	12.7858	0.62886
2016/09/23 08:35:00		0.86938	301.947	27.512	0.365625	1010.99	243.629	27.2479	18.1056	45.9309	64.036		2557.92	76.159	92.709	64.388	53.883				8.7018	0.1832	4.52604	12.6343	0.61372
2016/09/23 08:40:00		0.72906	313.902	27.6536	0.365625	1010.97	224.314	27.2506	26.0407	44.7704	70.811		2788.54	70.276	87.6	63.413	53.335				7.6191	0.141734	5.3088	12.1366	0.56394
2016/09/23 08:45:00		1.57641	319.968	27.776	0.369271	1010.92	222.323	27.231	27.5817	39.7791	67.361		2870.0	67.062	79.813	59.452	51.357				7.6191	0.141734	5.3088	12.1366	0.56394
2016/09/23 08:50:00		0.90213	319.749	27.8182	0.370313	1010.92	285.425	27.1835	29.4063	35.767	65.173		2804.79	64.136	81.137	60.623	52.434				7.5638	0.138058	5.5145	12.1521	0.55189
2016/09/23 08:55:00		1.02026	323.529	27.8969	0.364062	1010.95	334.483	27.1644	29.4912	33.1207	62.612		2741.04	63.001	75.185	58.729	51.725				7.382	0.125981	6.1904	12.2029	0.51229
2016/09/23 09:00:00		1.86607	312.061	27.9781	0.367188	1010.94	358.342	27.1319	31.9523	33.1344	65.087		2716.04	62.197	74.922	56.815	49.96				7.382	0.125981	6.1904	12.2029	0.51229
2016/09/23 09:05:00		1.76565	320.451	28.1016	0.368229	1010.88	450.188	27.1046	28.6403	31.0907	59.731		2571.04	60.711	68.52	54.493	47.6725				7.2843	0.096586	6.2192	12.1786	0.462814
2016/09/23 09:10:00		1.82935	305.196	28.2005	0.369792	1010.9	383.257	27.1105	27.0077	29.0778	56.085		2405.21	60.172	68.517	53.982	47.9917				6.9635	0.0	6.3137	12.0987	0.300263
2016/09/23 09:15:00		1.30458	302.725	28.3109	0.366667	1010.93	326.652	27.0901	26.0585	29.8138	55.872		2377.92	59.333	71.539	54.207	47.4792				6.9635	0.0	6.3137	12.0987	0.300263
2016/09/23 09:20:00		0.497957	321.961	28.4464	0.3625	1010.94	386.553	27.0761	25.6029	31.4947	57.098		2360.21	58.975	66.73	53.399	47.2092				6.5234	0.0	6.254	11.3512	0.278015
2016/09/23 09:25:00		0.288566	338.467	28.5901	0.369271	1010.89	369.607	27.0844	37.2967	36.4448	73.741		2456.67	58.472	76.921	55.712	47.6792				5.0771	0.0	6.0577	8.8951	0.204914
2016/09/23 09:30:00		0.75068	315.655	28.8073	0.367188	1010.87	357.263	27.0887	38.9091	39.0363	77.945		2509.79	58.918	65.033	51.428	45.3467				5.0771	0.0	6.0577	8.8951	0.204914
2016/09/23 09:35:00		0.73504	322.658	28.901	0.364062	1010.86	292.833	27.0917	32.3186	33.3227	65.641		2368.33	58.518	67.087	51.963	45.5467				5.3513	0.0	6.3276	9.3153	0.214391
2016/09/23 09:40:00		0.42118	335.454	28.9266	0.367708	1010.8	368.608	27.1282	30.0875	34.2607	64.348		2357.92	58.243	75.204	52.775	46.1467				6.2522	0.0	7.2143	10.6959	0.245527
2016/09/23 09:45:00		0.82776	337.509	29.0703	0.364062	1010.7	553.41	27.1397	28.3008	37.1637	65.465		2389.58	58.447	66.02	52.708	45.6967				6.2522	0.0	7.2143	10.6959	0.245527
2016/09/23 09:50:00		0.85873	315.229	29.2115	0.366667	1010.61	748.07	27.159	27.6487	35.8971	63.546		2320.21	58.397	69.522	51.399	45.6583				6.2522	0.0	7.2143	10.6959	0.245527
2016/09/23 09:55:00		0.70174	33.5424	29.3099	0.363542	1010.56	725.46	27.2106	25.1898	33.0317	58.222		2237.71	58.7	66.248	50.026	43.7342				6.2522	0.0	7.2143	10.6959	0.245527
2016/09/23 10:00:00		1.0186	330.923	29.4172	0.363542	1010.67	677.7	27.2479	24.3947	38.2421	62.637		2280.21	62.783	63.359	48.3567	42.8317				6.2522	0.0	7.2143	10.6959	0.245527
2016/09/23 10:05:00		0.88445	354.186	29.5865	0.367188	1010.95	686.6	27.4334	9.7396	50.953	60.692		1956.88	170.44	55.021	40.9367	36.6775				6.1399	0.0	6.8703	10.1309	0.254341
2016/09/23 10:10:00		1.05179	33.1293	29.6016	0.369271	1010.51	714.77	27.5953	3.24727	43.8597	47.107		1516.88	154.135	52.115	38.56	34.0517				5.771	0.0	5.7401	8.2743	0.283297
2016/09/23 10:15:00		0.354579	331.18	29.5536	0.365104	1010.51	675.23	27.6315	3.72073	40.8951	44.6159		1518.96	99.707	50.397	37.38	33.465				5.771	0.0	5.7401	8.2743	0.283297
2016/09/23 10:20:00		0.302489	10.4845	29.6479	0.370833	1010.5	613.03	27.6522	5.3332	41.0731	46.4063		1573.54	74.394	51.477	38.9092	33.9567				5.8434	0.028167	5.7888	8.7653	0.275214
2016/09/23 10:25:00		1.35372	31.7099	29.713	0.367188	1010.44	679.42	27.6976	9.4604	41.6448	51.105		1590.83	62.458	49.4817	38.28	34.67				6.0813	0.120717	5.9487	10.3784	0.248655
2016/09/23 10:30:00		0.89255	0.13898	29.712	0.364583	1010.41	730.38	27.707	10.4587	37.1877	47.6464		1548.13	58.747	50.192	38.9333	34.7008				6.0813	0.120717	5.9487	10.3784	0.248655
2016/09/23 10:35:00		1.21561	30.5142	29.7948	0.368229	1010.42	764.6	27.7247	11.0237	36.6639	47.6876		1556.25	57.025	50.828	37.7333	34.0917				5.6216	0.092549	5.4101	9.7769	0.89932
2016/09/23 10:40:00		1.16134	23.4238	29.9057	0.370313	1010.36	858.75	27.7682	10.5123	34.8324	45.3447		1503.13	56.089	48.6483	38.0183	34.4083				4.11117	0.0	3.64032	7.8004	3.03723
2016/09/23 10:45:00		1.43401	11.8991	30.0719	0.369271	1010.35	801.83	27.7918	10.9054	34.9728	45.8781		1482.29	56.089	52.862	39.5467	34.4983				4.11117	0.0	3.64032	7.8004	3.03723
2016/09/23 10:50:00		0.7099	357.919	30.1797	0.366667	1010.29	677.98	27.8173	11.0304	36.4996	47.53		1489.38	55.547	61.275	38.4783	34.0767				4.09734	0.0	3.41613	7.451	2.32854
2016/09/23 10:55:00		0.81383	312.893	30.2125	0.368229	1010.27	478.727	27.8764	10.749	32.8024	43.5514		1419.79	55.011	56.27	37.9908	33.8892				4.05189	0.0	2.67952	6.3029	0.0
2016/09/23 11:00:00		1.15598	63.588	30.3062	0.368229	1010.21	647.21	27.9153	11.4682	37.9066	49.3747		1493.13	54.382	45.99	36.2833	32.7625				4.05189	0.0	2.67952	6.3029	0.0
2016/09/23 11:05:00		0.69048	351.515	30.3896	0.364062	1010.21	606.6	27.9642	11.6893	34.0656	45.7549		1461.25	55.197	48.6667	37.7025	33.7158				3.85532	0.0	2.69007	6.0268	0.51312
2016/09/23 11:10:00		1.07966	27.0276	30.3286	0.366667	1010.14	595.09	28.0361	10.7691	33.0557	43.8248		1381.04	55.264	49.9117	36.7725	32.9892				3.26558	0.0	2.72171	5.1987	2.05246
2016/09/23 11:15:00		0.75958	357.877	30.3917	0.366146	1010.08	399.831	28.0885	11.0505	37.1021	48.1526		1455.0	53.689	44.2442	35.0075	31.6342				3.26558	0.0	2.72171	5.1987	2.05246
2016/09/23 11:20:00		0.71662	306.595	30.5115	0.359896	1009.96	427.467	28.128	10.6016	35.743	46.3447		1421.67	53.414	54.719	36.9725	32.5267				3.2953	0.0	2.64693	5.3124	1.53934
2016/09/23 11:25:00		0.89333	14.7884	30.7323	0.365625	1009.84	576.89	28.187	12.6853	44.1713	56.857		1755.63	52.089	56.701	37.7808	33.2842				3.38448	0.0	2.42261	5.6536	0.0
2016/09/23 11:30:00		0.394181	327.934	30.9432	0.370313	1009.72	691.86	28.2082	14.2107	42.2474	56.458		1763.96	51.775	49.5767	36.7775	32.0633				3.38448	0.0	2.42261	5.6536	0.0
2016/09/23 11:35:00		0.411108	344.105	31.1406	0.366667	1009.6	677.41	28.2093	13.7618	39.7346	53.496		1763.33	52.975	58.146	37.3092	32.9367				3.76396	0.0	2.57756	6.1645	0.72063
2016/09/23 11:40:00		0.54977	66.783	31.274	0.3625	1009.5	653.68	28.5516	12.6161	38.872	51.488		1808.75	58.979	51.386	36.3042	32.2733				5.0108	0.0	3.08669	7.843	3.08841
2016/09/23 11:45:00		1.18111	68.368	31.2948	0.360938	1009.45	727.86	28.9916	12.6384	42.7232	55.362		1757.71	54.954	55.572	34.3767	30.46				5.0108	0.0	3.08669	7.843	3.08841
2016/09/23 11:50:00		1.56257	58.82	31.3526	0.361979	1009.4	681.38	29.2835	13.1923	43.288	56.48		1834.58	53.704	46.8842	33.45	29.8258				4.92452	0.0	3.05777	7.7435	3.04268
2016/09/23 11:55:00		0.484697	11.8869	31.3818	0.363542	1009.31	559.0	29.4633	11.3922	38.1393	49.5316		1739.58	52.211	48.9492	33.545	30.1033				4.66561	0.0	2.97103	7.445	2.90548
2016/09/23 12:00:00		1.42231	71.817	31.4682	0.365625	1009.22	425.024	29.5691	11.3632	42.9389	54.302		1790.42	52.479	48.8742	34.5	30.8275				4.66561	0.0	2.97103	7.445	2.90548
2016/09/23 12:05:00		0.7782	75.983	31.426	0.361979	1009.16	422.384	29.6188	10.8183	37.2596	48.0778		1681.88	53.414	44.8425	34.6867	30.2367				4.65909	0.0	2.87403	7.4107	2.89409
2016/09/23 12:10:00		0.55045	49.6789	31.4214	0.359375	1009.09	458.952	29.676	14.9522	47.865	62.817		1723.33	52.561	52.352	35.5117	29.7708				4.63771	0.0	2.55533	7.2981	2.85667
2016/09/23 12:15:00		0.72062	75.306	31.4891	0.361458	1008.98	370.832	29.7157	14.0834	45.4927	59.576		1732.29	51.721	45.9883	31.3783	28.4175				4.63771	0.0	2.55533	7.2981	2.85667
2016/09/23 12:20:00		0.58219	43.025	31.399	0.358854	1008.87	343.722	29.7342	13.3754	45.4345	58.81		1716.46	51.139	43.8733	32.02	28.55				4.61853	0.0	2.5295	7.2602	2.84138
2016/09/23 12:25:00		0.656	41.3928	31.3203	0.361458	1008.76	338.319	29.7683	13.9427	42.5315	56.474		1656.04	51.189	45.0975	33.0983	29.2442				4.56099	0.0	2.452	7.1464	2.79553
2016/09/23 12:30:00		0.6479	37.0518	31.2885	0.358333	1008.66	348.622	29.8113	13.2213	42.4836	55.705		1612.08	52.003	42.2717	33.8783	29.9825				4.56099	0.0	2.452	7.1464	2.79553
2016/09/23 12:35:00		0.429519	29.2609	31.2932	0.359896	1008.56	387.26	29.8805	11.2984	39.4676	50.766		1533.33	52.625	44.6917	33.3575	29.7058				4.425	0.0	2.35626	6.8787	2.69009
2016/09/23 12:40:00		0.431087	355.095	31.326	0.363021	1008.48	445.856	29.9758	10.9433	40.7514	51.695		1546.25	52.832	43.7992	34.0408	29.99				4.01703	0.0	2.06901	6.0754	2.37376
2016/09/23 12:45:00		0.5114	2.26168	31.3859	0.361979	1008.4	401.632	30.0515	10.385	38.8548	49.2398		1484.17	53.043	42.6275	32.9633	29.7167				4.01703	0.0	2.06901	6.0754	2.37376
2016/09/23 12:50:00		0.60757	40.2867	31.3885	0.358333	1008.27	374.456	30.1222	10.8607	40.1112	50.972		1467.5	53.364	42.985	33.2958	29.8883				3.87635	0.0	2.0074	5.7625	2.234
2016/09/23 12:55:00		0.73603	30.2741	31.3865	0.359375	1008.22	374.391	30.1885	10.6418	40.0119	50.654		1464.58	52.918	44.1717	32.5558	29.0583				3.41412	0.0	1.80499	4.73426	1.77476
2016/09/23 13:00:00		0.84813	34.3408	31.3859	0.355208	1008.15	366.749	30.2792	10.8339	39.6456	50.48		1395.21	52.214	39.1625	30.0633	27.3875				3.41412	0.0	1.80499	4.73426	1.77476
2016/09/23 13:05:00		0.5597	5.6107	31.3833	0.357812	1008.04	353.646	30.3452	13.5764	46.2047	59.781		1383.96	50.928	43.1733	31.145	27.8067				3.46937	0.0	1.83098	4.72176	1.78128
2016/09/23 13:10:00		0.84885	34.558	31.3885	0.359375	1007.95	368.638	30.4161	13.4134	43.8289	57.242		1358.33	50.157	38.1383	29.9425	27.1808				3.65089	0.0	1.91638	4.68071	1.80272
2016/09/23 13:15:00		0.59885	339.261	31.425	0.358333	1007.89	397.148	30.4822	13.266	40.6726	53.939		1349.79	50.118	40.945	31.2758	27.3133				3.65089	0.0	1.91638	4.68071	1.80272
2016/09/23 13:20:00		0.7287	39.9408	31.6005	0.35625	1007.82	402.872	30.5364	15.2269	47.8034	63.03		1414.38	49.3711	40.1983	29.8992	26.7033				3.79996	0.0	1.88901	4.82442	1.35204
2016/09/23 13:25:00		0.205514	349.071	31.737	0.358854	1007.79	433.307	30.6014	13.237	41.7955	55.032		1386.46	50.371	43.2317	31.255	27.4267				4.24716	0.0	1.80689	5.2556	0.0
2016/09/23 13:30:00		0.74684	30.1313	31.9411	0.355729	1007.74	506.46	30.665	14.9991	47.1119	62.111		1409.17	50.06	41.5017	30.325	27.3367				4.24716	0.0	1.80689	5.2556	0.0
2016/09/23 13:35:00		0.77737	46.9983	31.9807	0.356771	1007.68	519.84	30.7367	12.9891	40.231	53.22		1365.42	50.5	38.6	30.3233	27.34				4.26198	0.0	1.88059	5.4238	0.0
2016/09/23 13:40:00		0.58822	327.934	32.0396	0.361458	1007.62	829.5	30.8196	12.5759	40.7582	53.334		1317.71	50.432	39.3233	30.07	26.945				4.30644	0.0	2.10172	5.9285	0.0
2016/09/23 13:45:00		0.81767	17.4538	32.274	0.360938	1007.61	550.67	30.9056	12.2878	39.9366	52.224		1274.17	50.578	41.045	30.7667	27.0383				4.30644	0.0	2.10172	5.9285	0.0
2016/09/23 13:50:00		0.208496	56.707	32.3146	0.358854	1007.54	740.15	31.0097	12.194	40.142	52.336		1321.25	50.789	41.3808	30.55	26.5775				4.1787	0.0	1.992	5.7416	0.458119
2016/09/23 13:55:00		0.90509	16.721	32.5687	0.357292	1007.49	620.75	31.0693	10.6396	35.5239	46.1635		1241.46	51.061	39.3533	28.0967	25.365				3.75899	0.0	1.63151	5.1276	1.96337
2016/09/23 14:00:00		0.77638	10.0168	32.6583	0.35625	1007.43	473.251	31.0725	12.5826	42.576	55.159		1301.04	49.5676	44.4883	29.5258	25.4333				3.75899	0.0	1.63151	5.1276	1.96337
2016/09/23 14:05:00		0.78921	35.2808	32.701	0.360938	1007.39	564.96	31.0658	12.2498	39.6764	51.926		1288.13	49.7783	39.9542	26.89	23.6383				3.69099	0.0	1.59963	4.96481	1.90046
2016/09/23 14:10:00		1.01796	1.37217	32.6359	0.361458	1007.4	431.834	31.1055	12.1493	39.584	51.733		1251.46	49.5033	37.13	26.35	23.2408				3.487	0.0	1.504	4.47646	1.71173
2016/09/23 14:15:00		1.06449	33.1837	32.6042	0.360938	1007.4	292.688	31.192	14.6038	45.1127	59.716		1360.42	48.3854	41.5625	28.3875	24.6108				3.487	0.0	1.504	4.47646	1.71173
2016/09/23 14:20:00		2.10755	87.605	32.6068	0.360417	1007.38	230.533	31.2812	19.5662	51.333	70.899		1545.42	47.4925	55.415	32.0308	26.8717				3.55151	0.0	1.56787	4.76127	1.82262
2016/09/23 14:25:00		1.73954	121.603	32.6755	0.35625	1007.4	154.795	31.3432	23.2981	55.123	78.421		1814.38	47.7032	56.861	32.2058	26.5125				3.74504	0.0	1.75949	5.6157	2.1553
2016/09/23 14:30:00		1.90403	105.481	32.7042	0.360417	1007.4	102.156	31.3319	25.4823	56.773	82.255		2059.17	47.271	56.142	32.3708	26.6167				3.74504	0.0	1.75949	5.6157	2.1553
2016/09/23 14:35:00		1.2861	98.286	32.7052	0.355208	1007.39	82.272	31.2704	26.5923	57.765	84.358		2330.0	47.7103	49.9458	32.505	26.485				4.43285	0.042498	2.11155	6.6583	1.66918
2016/09/23 14:40:00		0.78283	77.357	32.6214	0.356771	1007.36	109.266	31.2903	34.2281	62.038	96.266		2484.58	48.6747	54.817	33.9783	27.7833				6.4963	0.16999	3.16774	9.786	0.210838
2016/09/23 14:45:00		1.37857	106.97	32.5021	0.361979	1007.37	154.066	31.3206	43.5165	65.42	108.936		2732.92	49.1176	69.764	36.3908	28.3892				6.4963	0.16999	3.16774	9.786	0.210838
2016/09/23 14:50:00		1.64422	93.334	32.475	0.360417	1007.35	158.164	31.3359	41.7298	62.791	104.521		2784.38	50.614	72.268	37.0833	28.8892				7.2608	0.186463	3.49231	10.7895	0.297574
2016/09/23 14:55:00		2.35167	102.154	32.3682	0.359375	1007.31	145.892	31.3657	37.8684	60.785	98.653		2855.21	50.761	73.805	35.9608	29.9817				9.5544	0.235881	4.46603	13.8	0.55778
2016/09/23 15:00:00		2.06149	108.131	32.2401	0.357812	1007.27	130.637	31.3351	40.6333	64.523	105.156		2826.04	51.607	59.303	35.3375	29.3967				9.5544	0.235881	4.46603	13.8	0.55778
2016/09/23 15:05:00		1.53285	102.345	32.1229	0.357812	1007.25	118.752	31.2717	37.7634	62.133	99.897		2897.92	52.189	85.349	45.1342	31.7042				9.4665	0.225094	4.4198	13.8531	0.56066
2016/09/23 15:10:00		1.67025	99.554	32.0359	0.363021	1007.23	115.427	31.2205	37.4887	61.651	99.14		2957.5	52.546	46.9758	30.5708	26.4892				9.1778	0.189651	4.2679	14.0274	0.5701
2016/09/23 15:15:00		1.57694	119.309	31.8958	0.358854	1007.21	121.742	31.1552	37.8662	63.366	101.232		2936.04	50.686	53.247	31.6333	26.7767				9.1778	0.189651	4.2679	14.0274	0.5701
2016/09/23 15:20:00		1.7681	121.58	31.8948	0.35625	1007.21	129.427	31.1045	46.0335	66.693	112.727		3057.5	50.178	50.911	32.5733	27.4442				8.8003	0.188153	4.1406	13.8074	0.56955
2016/09/23 15:25:00		2.30016	136.505	31.8964	0.359375	1007.2	127.932	31.1023	45.0151	64.937	109.952		3291.88	50.271	49.6975	32.28	27.835				7.5598	0.183234	3.72232	13.0844	0.56773
2016/09/23 15:30:00		2.92709	142.253	31.8906	0.360938	1007.16	126.561	31.076	38.554	56.937	95.491		3198.54	50.228	57.729	33.5725	27.9467				7.5598	0.183234	3.72232	13.0844	0.56773
2016/09/23 15:35:00		2.98365	138.155	31.7552	0.360938	1007.12	116.74	31.0696	39.0007	59.285	98.286		3118.13	49.9176	61.603	34.5333	28.5742				8.204	0.192879	3.92353	13.9137	0.59415
2016/09/23 15:40:00		2.10616	127.171	31.5958	0.361979	1007.1	105.124	31.0583	37.4329	60.833	98.266		3156.46	49.5069	56.948	34.3617	28.845				10.1367	0.221814	4.52717	16.4017	0.67341
2016/09/23 15:45:00		1.71529	145.378	31.4479	0.35625	1007.08	98.941	31.043	36.6736	59.405	96.079		3210.83	49.7248	56.388	35.1892	28.5408				10.1367	0.221814	4.52717	16.4017	0.67341
2016/09/23 15:50:00		1.76573	138.986	31.3932	0.359375	1007.08	94.289	31.0119	41.6941	63.167	104.861		3387.71	49.4033	61.319	36.1292	29.6992				9.3382	0.207994	4.65859	15.4705	0.66156
2016/09/23 15:55:00		2.62884	159.886	31.3198	0.358854	1007.04	91.97	30.999	41.0107	61.326	102.336		3459.79	50.153	56.871	35.6625	29.3575				6.9426	0.166535	5.0528	12.6768	0.62602
2016/09/23 16:00:00		1.74983	163.968	31.2047	0.353125	1007.07	88.565	31.0003	46.3551	63.126	109.481		3458.13	50.025	67.111	36.34	28.9				6.9426	0.166535	5.0528	12.6768	0.62602
2016/09/23 16:05:00		2.10352	142.742	31.0792	0.357292	1007.14	83.453	30.9832	54.424	64.763	119.187		3501.25	49.9498	58.282	34.2758	28.7042				7.7937	0.177236	5.6412	13.8898	0.68938
2016/09/23 16:10:00		2.51617	128.065	30.9714	0.357292	1007.21	75.454	30.9998	43.8872	57.368	101.255		3554.38	49.7676	119.539	70.768	29.4217				10.59	0.212395	7.5745	17.8755	0.89757
2016/09/23 16:15:00		2.2589	134.61	30.8807	0.358333	1007.24	61.454	30.9775	44.4813	58.101	102.582		3433.33	48.9318	52.031	33.4392	27.2617				10.59	0.212395	7.5745	17.8755	0.89757
2016/09/23 16:20:00		2.16198	148.325	30.8281	0.358333	1007.26	49.5323	30.9547	42.9917	58.18	101.171		3506.25	47.9032	58.967	36.2667	29.2225				10.1402	0.205599	8.3981	17.9265	0.90586
2016/09/23 16:25:00		1.99592	142.4	30.8276	0.35625	1007.27	41.4531	30.9598	48.805	60.449	109.254		3710.42	48.5425	60.931	35.8992	29.5808				8.7907	0.185208	10.8688	18.0793	0.93074
2016/09/23 16:30:00		1.76073	141.774	30.824	0.363021	1007.26	36.3052	30.9418	50.161	60.925	111.086		3723.33	48.5925	59.18	38.1117	31.0633				8.7907	0.185208	10.8688	18.0793	0.93074
2016/09/23 16:35:00		1.5267	134.725	30.7661	0.359375	1007.27	32.2292	30.9203	50.047	60.175	110.222		3880.21	49.3569	56.28	37.7017	30.905				9.2475	0.193331	10.3356	18.1575	0.94673
2016/09/23 16:40:00		1.52662	142.806	30.7281	0.358333	1007.27	30.9969	30.897	47.3511	58.474	105.825		3829.79	49.4604	69.338	39.5617	31.4583				10.6179	0.217701	8.7358	18.3921	0.99472
2016/09/23 16:45:00		1.90861	139.122	30.7328	0.35625	1007.26	30.8656	30.8645	54.129	61.305	115.434		3966.88	49.8176	68.023	39.4583	31.745				10.6179	0.217701	8.7358	18.3921	0.99472
2016/09/23 16:50:00		1.44437	131.077	30.7245	0.357292	1007.28	30.1	30.84	51.467	57.93	109.397		4064.58	50.003	80.027	39.9617	32.325				10.7696	0.220724	8.8377	18.9205	1.02398
2016/09/23 16:55:00		1.48893	136.013	30.7297	0.358333	1007.26	30.0052	30.8194	57.87	59.932	117.802		4448.75	50.564	86.457	44.3967	33.345				11.2247	0.229793	9.1435	20.5057	1.11177
2016/09/23 17:00:00		1.92678	130.562	30.7255	0.358333	1007.26	28.8094	30.7828	64.056	61.36	125.416		4902.5	52.025	65.192	39.5417	31.7517				11.2247	0.229793	9.1435	20.5057	1.11177
2016/09/23 17:05:00		1.78382	125.526	30.725	0.361979	1007.25	24.6021	30.7482	68.818	64.02	132.838		5080.0	52.353	67.39	41.6967	33.3158				11.2247	0.229793	9.1435	20.5057	1.11177
2016/09/23 17:10:00		1.91253	133.526	30.7245	0.357812	1007.23	21.8896	30.7128	74.435	61.952	136.387		5149.2	53.739	68.956	41.3608	32.5342				11.2247	0.229793	9.1435	20.5057	1.11177
2016/09/23 17:15:00		2.23833	142.128	30.6484	0.357292	1007.26	20.5042	30.6849	79.408	61.565	140.974		5317.3	54.532	83.987	45.9633	37.2792				11.2247	0.229793	9.1435	20.5057	1.11177
2016/09/23 17:20:00		1.60295	142.024	30.5812	0.356771	1007.34	16.2823	30.661	74.149	60.079	134.228		5525.4	56.343	77.22	48.4675	39.3858				11.9463	0.304487	9.4454	21.7817	1.14704
2016/09/23 17:25:00		2.26204	135.975	30.524	0.358333	1007.41	8.3198	30.6454	74.024	59.994	134.018		5822.5	58.422	77.152	45.57	36.595				14.3176	0.54991	10.4375	25.9745	1.26294
2016/09/23 17:30:00		1.79345	138.09	30.499	0.358333	1007.43	2.72708	30.6062	79.069	57.704	136.773		6912.1	58.868	67.404	45.3225	37.9183				14.3176	0.54991	10.4375	25.9745	1.26294
2016/09/23 17:35:00		1.90152	135.907	30.4187	0.359375	1007.47	1.05	30.5952	78.294	57.002	135.296		7082.7	59.772	72.236	43.7517	35.0525				14.8465	0.51191	10.7748	26.6811	1.35328
2016/09/23 17:40:00		1.73654	143.717	30.3943	0.357812	1007.5	1.04271	30.4943	83.12	61.298	144.418		6892.7	60.143	73.087	44.1267	35.435				16.5842	0.387074	11.8832	29.0027	1.65012
2016/09/23 17:45:00		1.80392	129.747	30.3219	0.360417	1007.52	1.07187	30.1393	73.613	56.577	130.19		6593.8	57.325	68.886	43.855	35.7375				16.5842	0.387074	11.8832	29.0027	1.65012
2016/09/23 17:50:00		1.38648	133.502	30.2641	0.361979	1007.55	1.10833	29.7074	68.222	54.02	122.242		6303.1	54.736	65.06	42.8767	35.35				15.5276	0.392904	11.4187	27.5383	1.59989
2016/09/23 17:55:00		1.52062	131.632	30.2229	0.363021	1007.61	1.08646	29.2759	72.845	54.982	127.827		6134.4	53.807	67.667	46.7592	37.245				12.3579	0.410395	10.0251	23.1453	1.44919
2016/09/23 18:00:00		2.50795	140.343	30.1432	0.363021	1007.65	1.07917	28.8566	67.179	50.563	117.741		5857.9	53.018	66.084	46.0233	37.2358				12.3579	0.410395	10.0251	23.1453	1.44919
2016/09/23 18:05:00		1.96055	135.651	30.0661	0.364062	1007.67	1.10104	28.4423	78.415	52.018	130.432		5600.6	52.793	65.155	45.6875	37.5758				12.9586	0.434785	10.588	24.2222	1.48982
2016/09/23 18:10:00		1.62015	98.895	30.0125	0.366667	1007.66	1.06458	28.0597	68.141	50.587	118.728		5549.2	52.443	67.387	47.29	39.64				14.7605	0.50796	12.2766	27.453	1.61173
2016/09/23 18:15:00		1.47599	97.853	29.9896	0.366146	1007.65	1.09375	27.7217	73.209	51.542	124.75		5691.5	53.407	63.967	45.8658	38.0308				14.7605	0.50796	12.2766	27.453	1.61173
2016/09/23 18:20:00		1.25674	110.128	29.9104	0.364062	1007.65	1.12292	27.4227	63.972	47.9951	111.967		5425.6	53.225	60.388	44.0483	36.6908				14.3778	0.490681	12.0752	26.709	1.60178
2016/09/23 18:25:00		1.51961	92.581	29.9073	0.361458	1007.68	1.10833	27.1754	67.741	49.1282	116.87		5286.3	52.457	64.073	45.4025	37.06				13.2297	0.438857	11.4708	24.4769	1.57193
2016/09/23 18:30:00		1.1453	96.966	29.8328	0.3625	1007.7	1.06458	26.9703	71.726	49.2823	121.008		5250.2	51.878	61.13	44.8117	37.4625				13.2297	0.438857	11.4708	24.4769	1.57193
2016/09/23 18:35:00		1.52134	127.536	29.8073	0.367188	1007.73	1.06458	26.773	69.01	48.5394	117.549		5294.8	52.057	60.224	43.1358	35.3633				13.2288	0.450785	10.8534	24.0137	1.53247
2016/09/23 18:40:00		1.40694	112.625	29.7979	0.364062	1007.74	1.15208	26.6659	71.511	46.7661	118.277		5151.3	52.728	54.644	40.5692	34.4433				13.2262	0.486568	9.0013	22.624	1.41412
2016/09/23 18:45:00		2.06655	124.726	29.7172	0.364062	1007.8	1.12292	26.5998	80.985	47.5535	128.539		5024.4	52.111	59.03	42.4308	35.1125				13.2262	0.486568	9.0013	22.624	1.41412
2016/09/23 18:50:00		1.66605	125.067	29.7141	0.361979	1007.85	1.10104	26.5504	81.713	47.2078	128.921		5060.6	52.807	60.812	43.13	35.3258				13.0475	0.47536	8.7133	22.3823	1.35666
2016/09/23 18:55:00		1.32117	128.198	29.726	0.3625	1007.92	1.08646	26.566	85.892	47.0606	132.952		5051.5	53.371	63.66	44.4725	35.6892				12.5114	0.441736	7.8494	21.6572	1.18428
2016/09/23 19:00:00		1.41014	114.648	29.7229	0.364062	1008.01	1.10104	26.5644	79.562	45.0203	124.583		4796.67	51.946	60.582	43.4692	36.7617				12.5114	0.441736	7.8494	21.6572	1.18428
2016/09/23 19:05:00		1.39067	116.964	29.713	0.365625	1008.12	1.15937	26.5399	82.638	45.1503	127.788		4684.38	51.664	58.354	43.135	36.4175				12.5175	0.455412	7.7203	21.4807	1.13819
2016/09/23 19:10:00		1.48614	114.676	29.6411	0.367708	1008.26	1.10833	26.5405	72.427	40.878	113.305		4458.13	51.771	57.685	42.0467	35.1508				12.5358	0.496439	7.3328	20.9511	0.99993
2016/09/23 19:15:00		1.19158	122.528	29.6167	0.363542	1008.31	1.10104	26.5037	72.503	39.5532	112.056		4392.08	51.178	53.869	40.9242	34.4667				12.5358	0.496439	7.3328	20.9511	0.99993
2016/09/23 19:20:00		1.9001	99.59	29.6177	0.365625	1008.4	1.18125	26.4696	68.188	38.1565	106.345		4282.5	50.361	56.72	38.1058	31.6983				11.9744	0.423577	7.0531	20.0412	0.985
2016/09/23 19:25:00		1.89807	95.97	29.5146	0.359375	1008.44	1.18854	26.4564	69.463	35.8354	105.299		4152.71	49.0175	53.227	38.8792	32.0883				10.2901	0.204992	6.2141	17.3116	0.94022
2016/09/23 19:30:00		2.01628	120.487	29.5	0.358333	1008.49	1.15208	26.4191	79.964	37.5266	117.491		3928.54	48.7247	53.104	38.1542	32.4117				10.2901	0.204992	6.2141	17.3116	0.94022
2016/09/23 19:35:00		1.11478	118.706	29.4453	0.361979	1008.56	1.21771	26.362	68.208	34.1375	102.346		3794.17	48.3711	54.492	36.0783	29.7533				9.981	0.198447	6.0582	16.7919	0.93004
2016/09/23 19:40:00		1.98824	132.637	29.3964	0.358854	1008.58	1.15208	26.3311	68.398	32.3813	100.779		3646.46	47.3817	47.0433	34.0467	28.64				8.9651	0.176941	5.5458	15.0842	0.89662
2016/09/23 19:45:00		2.23922	123.459	29.3354	0.361458	1008.59	1.12292	26.2943	69.423	30.6217	100.045		3510.21	46.5781	45.4533	32.845	27.365				8.9651	0.176941	5.5458	15.0842	0.89662
2016/09/23 19:50:00		1.88368	104.608	29.2578	0.356771	1008.56	1.25417	26.257	67.0	28.6978	95.698		3370.0	45.8388	42.2983	30.2433	24.6				8.5318	0.172653	5.4237	14.4682	0.90302
2016/09/23 19:55:00		1.53777	112.204	29.151	0.363542	1008.55	1.20313	26.2309	66.669	28.3486	95.018		3176.04	44.6601	42.26	30.7467	24.7817				7.232	0.15979	5.0576	12.62	0.92221
2016/09/23 20:00:00		2.08987	127.577	29.101	0.359896	1008.55	1.19583	26.1963	63.369	27.9036	91.272		3109.17	43.9886	42.9317	30.7067	25.0233				7.232	0.15979	5.0576	12.62	0.92221
2016/09/23 20:05:00		1.82966	99.099	29.101	0.356771	1008.61	1.19583	26.138	66.138	27.0409	93.179		3099.58	42.9564	43.315	32.01	26.4717				6.8293	0.119843	4.78491	12.1259	0.81677
2016/09/23 20:10:00		1.43899	100.899	29.101	0.363021	1008.63	1.18125	26.116	63.639	27.0135	90.652		2987.08	43.2957	47.49	34.7433	28.5883				5.621	0.0	3.9669	10.6438	0.50044
2016/09/23 20:15:00		2.24976	86.689	29.0026	0.361458	1008.64	1.15937	26.0881	63.074	25.7537	88.828		2976.88	43.7493	46.2617	33.9283	27.85				5.621	0.0	3.9669	10.6438	0.50044
2016/09/23 20:20:00		2.21499	96.029	28.9198	0.360938	1008.7	1.16667	26.1037	61.412	24.6754	86.088		2874.79	46.0816	40.8217	30.64	25.6517				5.9689	0.0	4.00234	10.6237	0.58681
2016/09/23 20:25:00		1.78103	108.971	28.8031	0.359896	1008.77	1.19583	26.2124	65.986	23.3266	89.313		2841.04	46.5567	43.6167	31.5792	26.1492				7.0124	0.0	4.10863	10.5632	0.84591
2016/09/23 20:30:00		1.61192	94.127	28.7068	0.363542	1008.77	1.15208	26.294	72.121	25.7195	97.841		2815.21	45.3351	45.6533	33.105	26.6817				7.0124	0.0	4.10863	10.5632	0.84591
2016/09/23 20:35:00		1.07979	82.564	28.7052	0.365625	1008.81	1.18854	26.3257	84.478	25.7263	110.204		2863.33	43.9993	44.2758	31.605	25.3583				7.4927	0.030004	4.00909	10.3666	0.9074
2016/09/23 20:40:00		1.18037	91.026	28.7073	0.366146	1008.8	1.20313	26.3381	83.708	26.1782	109.886		2958.75	42.1171	44.8158	32.1292	25.0975				8.9337	0.120017	3.71047	9.7766	1.09187
2016/09/23 20:45:00		1.10369	83.194	28.7073	0.361979	1008.83	1.17396	26.2895	82.352	24.0455	106.397		3119.17	41.7242	43.8783	30.7192	24.9617				8.9337	0.120017	3.71047	9.7766	1.09187
2016/09/23 20:50:00		1.46801	91.453	28.7073	0.365625	1008.85	1.20313	26.1904	82.008	23.9223	105.93		3031.04	40.7277	39.7225	28.9675	23.2967				9.1935	0.129693	3.79875	10.395	1.06426
2016/09/23 20:55:00		1.4609	100.338	28.6214	0.360938	1008.92	1.20313	26.087	74.002	21.8956	95.897		2927.92	40.2205	39.525	28.9192	23.675				9.9728	0.158721	4.0636	12.2503	0.98145
2016/09/23 21:00:00		1.12601	121.754	28.6031	0.361458	1008.97	1.15937	25.9896	78.327	22.8439	101.171		2978.75	39.3455	46.37	32.5983	25.2125				9.9728	0.158721	4.0636	12.2503	0.98145
2016/09/23 21:05:00		1.16914	113.687	28.6021	0.3625	1009.01	1.18125	25.8521	83.527	24.1448	107.671		2971.25	39.3883	46.6025	32.2392	24.6942				9.0662	0.154309	3.93633	12.0916	0.8539
2016/09/23 21:10:00		1.37693	128.777	28.6	0.35625	1009.05	1.20313	25.771	86.015	23.4156	109.43		2979.38	39.1455	48.0533	33.4875	25.5175				6.3463	0.141076	3.55452	11.6153	0.471246
2016/09/23 21:15:00		1.16247	101.039	28.601	0.363021	1009.08	1.26146	25.6996	84.688	23.7203	108.408		3078.96	39.9705	43.8525	31.3383	25.3108				6.3463	0.141076	3.55452	11.6153	0.471246
2016/09/23 21:20:00		1.11385	128.188	28.5391	0.360938	1009.14	1.18854	25.6151	80.706	22.2756	102.982		3104.38	40.9635	45.62	32.29	26.385				6.4422	0.143996	3.5422	11.6165	0.464422
2016/09/23 21:25:00		1.64457	130.381	28.4979	0.363021	1009.2	1.14479	25.6172	86.868	23.6552	110.523		3196.25	42.4707	47.8208	33.3717	25.9358				6.7299	0.152757	3.50523	11.62	0.443949
2016/09/23 21:30:00		0.80487	123.67	28.4948	0.364062	1009.25	1.18854	25.6137	91.111	23.3711	114.482		3270.0	43.3314	51.379	35.3508	26.2642				6.7299	0.152757	3.50523	11.62	0.443949
2016/09/23 21:35:00		0.95866	120.727	28.4932	0.365104	1009.32	1.19583	25.6145	83.067	22.8918	105.958		3231.25	43.9458	89.066	59.607	28.6242				7.1248	0.16271	3.6242	12.1567	0.52074
2016/09/23 21:40:00		1.24963	124.776	28.4953	0.364062	1009.35	1.20313	25.6596	81.235	22.9295	104.165		3201.46	44.1565	51.777	35.3333	26.4075				8.3095	0.192571	3.98113	13.7668	0.75113
2016/09/23 21:45:00		1.44785	134.687	28.4953	0.363542	1009.36	1.18854	25.6763	81.677	22.2585	103.936		3253.54	43.6851	48.2783	33.6125	25.4967				8.3095	0.192571	3.98113	13.7668	0.75113
2016/09/23 21:50:00		0.99738	126.538	28.5245	0.3625	1009.42	1.21771	25.6937	78.734	22.0052	100.739		3257.08	43.0028	59.005	39.7517	25.7567				7.8004	0.189198	3.85374	13.2206	0.66566
2016/09/23 21:55:00		0.81067	105.953	28.6005	0.361979	1009.44	1.19583	25.7267	80.217	22.3304	102.547		3369.58	42.5064	47.4408	32.5292	25.2567				6.2731	0.17908	3.47157	11.5821	0.40926
2016/09/23 22:00:00		1.45206	124.664	28.5984	0.3625	1009.42	1.17396	25.7415	74.564	21.3376	95.902		3272.08	42.9207	48.6767	33.6842	26.09				6.2731	0.17908	3.47157	11.5821	0.40926
2016/09/23 22:05:00		1.08933	130.137	28.601	0.363021	1009.4	1.225	25.7461	84.322	22.1113	106.433		3252.92	43.3707	49.3567	34.505	26.7175				6.7639	0.183018	3.67231	12.3238	0.50444
2016/09/23 22:10:00		0.8224	124.469	28.6021	0.360417	1009.35	1.225	25.785	80.565	22.2619	102.827		3107.08	43.8601	47.6867	33.0967	26.2317				8.2363	0.194833	4.27453	14.5487	0.78999
2016/09/23 22:15:00		0.63727	94.636	28.599	0.363542	1009.27	1.26146	25.7979	78.892	22.3475	101.24		3200.63	43.8601	48.6592	34.0858	26.9042				8.2363	0.194833	4.27453	14.5487	0.78999
2016/09/23 22:20:00		0.93432	59.262	28.6016	0.360417	1009.25	1.18854	25.8116	86.363	22.5872	108.95		3207.5	44.2029	47.9258	33.9525	26.38				7.7664	0.192005	4.07628	13.8521	0.70641
2016/09/23 22:25:00		0.60247	55.321	28.5578	0.360417	1009.23	1.21042	25.8433	77.168	21.4335	98.602		3087.08	43.6743	40.0592	29.5433	24.8825				6.3568	0.183522	3.48153	11.7622	0.455655
2016/09/23 22:30:00		0.72795	96.044	28.4573	0.360938	1009.21	1.19583	25.8409	73.349	19.5986	92.948		2941.67	43.3457	45.94	33.4842	27.0208				6.3568	0.183522	3.48153	11.7622	0.455655
2016/09/23 22:35:00		0.92194	90.208	28.3984	0.3625	1009.21	1.14479	25.8401	75.953	21.1185	97.072		3037.71	43.46	43.0417	32.2342	26.4433				6.3917	0.182535	3.50144	11.8736	0.53687
2016/09/23 22:40:00		0.60807	92.713	28.3943	0.3625	1009.24	1.20313	25.8674	78.26	21.2863	99.547		3047.5	43.4457	42.8425	31.5958	26.1367				6.4963	0.179574	3.56116	12.2077	0.78051
2016/09/23 22:45:00		0.81754	135.006	28.3755	0.364062	1009.33	1.21042	25.8763	67.619	20.7112	88.33		2770.0	43.1779	43.2258	30.8608	25.7742				6.4963	0.179574	3.56116	12.2077	0.78051
2016/09/23 22:50:00		1.08707	138.016	28.301	0.360417	1009.37	1.18125	25.8857	64.829	20.7865	85.616		2721.88	43.11	47.775	34.4442	26.5917				6.5338	0.187543	3.5326	12.1224	0.78916
2016/09/23 22:55:00		1.24806	141.679	28.3047	0.360417	1009.37	1.23958	25.9005	60.751	19.9409	80.692		2677.08	43.6172	43.98	31.8667	26.2217				6.6462	0.211449	3.44693	11.8665	0.81511
2016/09/23 23:00:00		0.61028	177.756	28.3953	0.360417	1009.33	1.20313	25.89	56.427	20.0881	76.516		2691.46	43.1207	42.1017	32.07	26.42				6.6462	0.211449	3.44693	11.8665	0.81511
2016/09/23 23:05:00		0.95878	160.834	28.3526	0.361458	1009.28	1.17396	25.879	51.181	18.9858	70.167		2574.38	42.7957	41.4817	31.2833	26.2867				6.2069	0.196591	3.23706	11.0679	0.70849
2016/09/23 23:10:00		0.65917	132.688	28.3974	0.363542	1009.25	1.21042	25.9182	50.306	19.2836	69.589		2586.67	42.7314	44.985	32.7283	26.555				4.88877	0.152017	2.60747	8.6724	0.388645
2016/09/23 23:15:00		0.53348	140.949	28.3995	0.363542	1009.19	1.12292	25.9139	53.826	19.9341	73.76		2645.83	42.6278	44.63	31.8933	26.4667				4.88877	0.152017	2.60747	8.6724	0.388645
2016/09/23 23:20:00		0.63326	180.183	28.3578	0.363542	1009.15	1.18854	25.9101	48.1283	19.9272	68.056		2483.96	42.5743	39.475	29.8867	25.2783				4.79114	0.142474	2.54941	8.542	0.389463
2016/09/23 23:25:00		0.89882	158.458	28.3	0.360417	1009.11	1.14479	25.9254	45.8034	19.0817	64.885		2336.46	42.0992	41.1383	30.4917	24.9917				4.49823	0.113848	2.37521	8.1511	0.391915
2016/09/23 23:30:00		0.53438	117.45	28.2969	0.358333	1009.08	1.12292	25.9235	50.152	19.9512	70.103		2350.42	42.1028	41.9067	30.7567	25.4233				4.49823	0.113848	2.37521	8.1511	0.391915
2016/09/23 23:35:00		0.58906	56.346	28.2974	0.361458	1009.08	1.13021	25.9286	43.3423	19.2152	62.557		2218.54	42.4814	35.5358	26.7875	22.2125				4.43634	0.085386	2.40022	8.093	0.385944
2016/09/23 23:40:00		0.6304	67.593	28.2073	0.359896	1009.09	1.18125	26.2044	41.6718	19.5917	61.264		2131.04	40.7492	39.7033	28.7275	22.7025				4.25066	0.0	2.47523	7.9189	0.368031
2016/09/23 23:45:00		0.62263	68.555	28.1938	0.360938	1009.08	1.10104	26.5373	40.3921	21.4403	61.832		2066.46	39.6669	33.13	25.2758	21.6317				4.25066	0.0	2.47523	7.9189	0.368031
2016/09/23 23:50:00		0.56464	41.9515	28.1958	0.358854	1009.06	1.05	26.733	36.7071	18.5237	55.231		1866.46	37.8454	29.7333	23.9133	20.74				4.0641	0.0	2.37332	7.5978	0.350247
2016/09/23 23:55:00		0.56132	35.7787	28.1599	0.361979	1009.05	1.14479	26.7781	32.6603	17.8664	50.527		1730.63	36.6132	30.75	24.1425	20.6				3.50444	0.0	2.06759	6.6346	0.296898
2016/09/24 00:00:00		0.71242	15.632	28.0984	0.360417	1009.06	1.15208	26.8036	29.3527	17.661	47.0137		1573.33	35.9738	31.5717	23.8083	20.5858				3.50444	0.0	2.06759	6.6346	0.296898
