-- 1st mean values --
Format: XTAB(V:1;HEAD:2;COL:TCFFFFFFFFFFFFFFFFFFFFFFFF)
StartTime: 2016/09/26 00:00:00
EndTime: 2016/09/27 00:00:00
Period: 24 h
Station: Gia Lam

Time	MeasPt	Wind Spd.	Wind Dir.	Temp	RH	Barometer	Radiation	InnerTemp	NO	NO2	NOx	SO2	CO	O3	PM-10	PM-2.5	PM-1	CH4	NMHC	THC	BENZEN	TOLUEN	ETHYL BENZEN	MP-XYLEN	O-XYLEN
		m/s	degree	°C	%	hPa	W/m²	°C	µg/m3	µg/m3	µg/m3	µg/m3	µg/m3	µg/m3	µg/m3	µg/m3	µg/m3	ppm	ppmC	ppmC	ug/m3	ug/m3	ug/m3	ug/m3	ug/m3
2016/09/26 00:05:00		0.87794	194.18	26.9932	0.361979	1008.19	1.09375	26.6876	63.534	9.1403	72.674		1040.0	28.0304	24.3083	16.3808	9.4183				4.25641	0.0	2.66886	7.984	0.313394
2016/09/26 00:10:00		0.90006	215.66	26.9937	0.360417	1008.16	1.09375	26.6621	59.594	10.2084	69.803		1004.58	28.3305	21.7817	14.6592	9.925				3.27429	0.0	2.3937	6.9379	0.283676
2016/09/26 00:15:00		0.82019	206.056	26.9917	0.364062	1008.09	1.06458	26.6377	56.063	9.7223	65.786		967.92	28.2162	22.75	15.5125	10.7242				3.27429	0.0	2.3937	6.9379	0.283676
2016/09/26 00:20:00		0.90157	192.311	26.9943	0.356771	1008.13	1.11563	26.7351	51.525	9.0513	60.577		938.96	35.3345	20.4717	13.8767	9.385				3.37658	0.0	2.35553	6.8595	0.273162
2016/09/26 00:25:00		1.09362	188.576	27.0099	0.3625	1008.07	1.02813	27.005	52.85	9.3457	62.195		984.38	42.5957	23.3933	15.6358	9.0283				3.65786	0.0	2.25055	6.6441	0.244248
2016/09/26 00:30:00		0.73342	173.897	27.0719	0.364583	1008.07	0.97708	27.1743	49.4348	8.6542	58.089		997.29	32.7986	17.4383	11.7217	7.9183				3.65786	0.0	2.25055	6.6441	0.244248
2016/09/26 00:35:00		0.8376	168.353	26.9964	0.3625	1008.11	1.05729	27.2299	45.5578	9.5682	55.126		929.58	30.1913	17.7425	12.0067	8.0567				3.74899	0.032027	2.26547	6.7553	0.242871
2016/09/26 00:40:00		0.8219	163.703	26.9964	0.360417	1008.12	1.05	27.2006	46.2456	9.6024	55.848		923.33	28.7091	19.755	13.2892	8.6675				3.99959	0.1201	2.30648	7.0611	0.239082
2016/09/26 00:45:00		0.76405	168.754	27.0792	0.363021	1008.1	1.02083	27.1024	47.3176	9.9619	57.28		944.79	28.3019	19.5892	13.3025	9.0525				3.99959	0.1201	2.30648	7.0611	0.239082
2016/09/26 00:50:00		0.74166	168.471	26.9927	0.360938	1008.07	1.00625	27.0235	45.4104	9.7668	55.177		946.46	28.5448	17.6708	11.9058	8.2242				3.8629	0.088073	2.20132	6.7717	0.239904
2016/09/26 00:55:00		0.99119	176.565	26.9948	0.363021	1008.07	1.05729	26.9676	42.1609	8.7637	50.925		880.42	28.2019	16.4708	11.2492	7.3792				3.487	0.0	1.91212	5.9759	0.242163
2016/09/26 01:00:00		0.86267	189.851	26.9922	0.360938	1008.03	1.01354	26.8906	40.238	9.4587	49.6966		838.13	27.7447	17.0842	11.4967	7.2825				3.487	0.0	1.91212	5.9759	0.242163
2016/09/26 01:05:00		0.85968	166.307	26.9911	0.357812	1007.99	1.06458	26.8605	40.5908	9.8147	50.406		824.17	28.1304	20.0908	13.47	8.2133				3.5772	0.0	2.00439	6.2842	0.238586
2016/09/26 01:10:00		0.83269	156.711	26.9922	0.360938	1007.97	1.02813	27.0721	37.1805	9.4655	46.6461		868.75	38.149	15.0233	10.2125	6.715				3.82524	0.0	2.25813	7.1322	0.228751
2016/09/26 01:15:00		1.15462	163.873	26.9911	0.35625	1007.89	0.99896	27.3032	37.2118	9.0581	46.2699		873.75	35.8202	14.2225	9.6333	6.2775				3.82524	0.0	2.25813	7.1322	0.228751
2016/09/26 01:20:00		1.2231	170.732	26.9948	0.363021	1007.78	1.05	27.394	36.9862	9.4107	46.397		849.79	29.4912	14.9133	10.2808	6.7683				3.60728	0.0	2.17383	6.8466	0.222635
2016/09/26 01:25:00		1.27255	177.059	26.9714	0.360938	1007.75	1.04271	27.4028	34.132	8.5104	42.6424		858.33	27.5411	14.6575	10.305	7.8475				3.00789	0.0	1.94198	6.0612	0.205815
2016/09/26 01:30:00		1.20325	195.339	26.9078	0.360938	1007.74	1.08646	27.3327	32.8881	8.1407	41.0288		912.08	27.3197	20.1133	14.0075	10.63				3.00789	0.0	1.94198	6.0612	0.205815
2016/09/26 01:35:00		1.27192	205.055	26.8979	0.360938	1007.71	1.04271	27.2407	28.2383	8.2263	36.4645		1046.25	28.5769	21.5608	15.6208	12.2083				2.98288	0.0	1.91885	6.0473	0.72138
2016/09/26 01:40:00		0.99745	184.611	26.9005	0.3625	1007.68	1.10104	27.166	26.1635	9.1129	35.2764		1180.63	29.0876	22.3908	15.6892	12.5692				2.91409	0.0	1.85523	6.0091	2.13918
2016/09/26 01:45:00		1.23933	201.091	26.8984	0.361979	1007.54	1.05	27.0734	27.5258	9.0992	36.6251		1311.04	29.8663	18.8108	14.8533	12.3792				2.91409	0.0	1.85523	6.0091	2.13918
2016/09/26 01:50:00		0.86554	180.283	26.8974	0.361458	1007.47	1.07917	27.0049	24.7945	8.127	32.9215		1340.63	30.2127	19.2392	14.5867	12.0408				2.76847	0.0	1.81706	5.8738	1.56873
2016/09/26 01:55:00		1.15945	187.115	26.8885	0.363542	1007.4	1.05729	26.9684	23.89	9.1163	33.0063		1362.29	30.6163	18.2267	13.64	11.2567				2.36802	0.0	1.71209	5.502	0.0
2016/09/26 02:00:00		1.18431	190.195	26.8005	0.363021	1007.33	1.07187	26.9284	23.4254	9.0068	32.4322		1373.96	31.2735	17.97	13.5642	11.2408				2.36802	0.0	1.71209	5.502	0.0
2016/09/26 02:05:00		0.82206	188.091	26.8031	0.361979	1007.29	1.1375	26.9367	22.5276	8.6781	31.2058		1434.17	31.4735	20.0108	14.6275	11.7033				2.26606	0.0	1.57134	5.0511	0.391268
2016/09/26 02:10:00		0.83186	186.995	26.8417	0.361458	1007.21	1.05	26.9542	24.1446	9.1095	33.254		1486.88	32.345	19.6108	14.5358	11.4383				2.00816	0.0	1.21534	3.91063	1.38094
2016/09/26 02:15:00		1.1918	196.18	26.799	0.3625	1007.18	1.07917	26.97	20.2764	9.0753	29.3517		1524.58	32.2593	15.9092	12.5183	10.5283				2.00816	0.0	1.21534	3.91063	1.38094
2016/09/26 02:20:00		1.25453	202.936	26.8	0.361458	1007.16	1.10833	26.9875	17.7863	8.1783	25.9646		1496.67	32.045	14.3933	11.1942	9.315				2.09777	0.0	1.19492	3.89115	0.98968
2016/09/26 02:25:00		0.90719	194.093	26.799	0.363021	1007.08	1.07917	27.0049	15.2336	7.6991	22.9326		1435.0	31.2592	12.8633	9.9983	8.115				2.32443	0.0	1.14329	3.8419	0.0
2016/09/26 02:30:00		0.94454	199.722	26.8026	0.363542	1006.99	1.06458	27.0117	15.917	8.0962	24.0131		1359.38	30.4342	16.6692	11.54	8.2992				2.32443	0.0	1.14329	3.8419	0.0
2016/09/26 02:35:00		0.64483	187.766	26.7974	0.363542	1006.98	1.01354	26.9998	18.2865	8.7124	26.9989		1331.04	30.3342	14.5333	10.3783	8.0				2.0809	0.0	1.06972	3.57286	0.0
2016/09/26 02:40:00		0.58158	174.605	26.801	0.357292	1007.01	1.03542	27.0071	16.3994	8.9862	25.3856		1304.38	29.6413	17.4408	11.8467	8.4442				1.41119	0.0	0.86742	2.83298	0.0
2016/09/26 02:45:00		0.5997	162.779	26.8	0.3625	1007.06	1.05729	27.0152	19.2915	8.0654	27.3569		1295.83	29.5805	17.6608	11.97	8.585				1.41119	0.0	0.86742	2.83298	0.0
2016/09/26 02:50:00		0.58782	141.908	26.7604	0.360417	1007.11	1.05	27.0184	18.5635	8.6131	27.1766		1305.63	28.9162	16.6067	11.3125	8.0708				1.484	0.0	0.93376	2.95127	0.0
2016/09/26 02:55:00		0.70303	161.454	26.6958	0.357292	1007.11	1.05	27.0305	20.1692	9.2533	29.4225		1291.25	29.0162	19.5642	13.2067	8.3008				1.66818	0.0	1.10158	3.25048	0.0
2016/09/26 03:00:00		0.69863	171.264	26.6984	0.361458	1007.14	1.03542	27.0178	22.2574	8.3906	30.648		1254.58	29.1377	17.0708	11.4517	6.7667				1.66818	0.0	1.10158	3.25048	0.0
2016/09/26 03:05:00		0.5625	172.8	26.612	0.356771	1007.15	1.07187	27.0186	22.1122	7.6512	29.7634		1189.58	28.8162	17.3783	11.64	6.9058				1.66818	0.0	1.10158	3.25048	0.0
2016/09/26 03:10:00		0.53414	200.138	26.5953	0.359896	1007.15	1.04271	27.0213	20.7052	8.8699	29.5751		1105.42	28.3162	16.3142	10.9525	7.2433				1.66818	0.0	1.10158	3.25048	0.0
2016/09/26 03:15:00		0.56214	216.287	26.5943	0.360417	1007.12	1.07187	27.0055	25.5203	8.9246	34.4449		1097.08	28.1019	15.57	10.665	7.5408				1.66818	0.0	1.10158	3.25048	0.0
2016/09/26 03:20:00		0.53357	172.95	26.5672	0.357292	1007.18	1.08646	26.9918	23.7649	7.8565	31.6214		1069.58	27.6447	13.875	9.9133	7.3358				1.99846	0.0	1.10574	3.36569	0.0
2016/09/26 03:25:00		0.66567	174.421	26.4932	0.360938	1007.22	1.07187	26.9942	20.3568	7.4012	27.7581		1029.58	27.7733	14.1983	10.1183	7.4392				2.83388	0.0	1.11627	3.65709	0.0
2016/09/26 03:30:00		0.7466	183.425	26.4943	0.360417	1007.2	1.04271	26.9647	21.1854	7.2164	28.4018		1058.13	27.7876	18.2358	12.3608	8.6783				2.83388	0.0	1.11627	3.65709	0.0
2016/09/26 03:35:00		0.75386	185.206	26.4849	0.356771	1007.18	1.05729	26.9394	24.0217	8.0996	32.1213		1118.13	28.7269	18.9483	13.11	9.3308				2.63579	0.0	1.14152	3.67669	0.0
2016/09/26 03:40:00		0.60337	183.633	26.4906	0.361458	1007.23	1.12292	26.9351	25.9737	8.394	34.3677		1193.54	29.0448	19.6183	13.4058	9.8925				2.13474	0.0	1.20538	3.72627	0.0
2016/09/26 03:45:00		0.66528	167.949	26.4922	0.355729	1007.23	1.03542	26.9075	26.2484	7.7573	34.0056		1212.5	29.5091	18.545	12.6883	9.2733				2.13474	0.0	1.20538	3.72627	0.0
2016/09/26 03:50:00		0.86308	198.491	26.487	0.358333	1007.23	1.03542	26.8943	27.3382	8.4796	35.8178		1272.5	29.3019	19.4583	13.4717	9.6033				2.3439	0.0	1.33565	4.13674	0.052353
2016/09/26 03:55:00		0.83612	186.733	26.488	0.355208	1007.22	1.00625	26.8779	27.2355	7.4286	34.6641		1280.63	29.3591	19.1625	13.5717	10.37				2.87294	0.0	1.66516	5.175	0.184774
2016/09/26 04:00:00		0.81714	194.129	26.4896	0.364583	1007.27	1.04271	26.8704	26.4695	7.5827	34.0522		1316.25	29.802	20.3208	14.2967	10.9808				2.87294	0.0	1.66516	5.175	0.184774
2016/09/26 04:05:00		0.65517	172.921	26.4865	0.356771	1007.34	1.03542	26.8828	23.6376	7.8326	31.4702		1324.79	29.8341	19.045	13.4217	10.4933				2.93227	0.0	1.67363	5.2129	0.188565
2016/09/26 04:10:00		0.60113	204.868	26.4885	0.356771	1007.4	0.96979	26.9043	22.3333	8.1407	30.474		1369.17	29.7627	19.5558	13.7933	10.6667				3.09541	0.0	1.69692	5.3172	0.198991
2016/09/26 04:15:00		0.65552	187.182	26.487	0.360417	1007.44	1.02083	26.908	21.0737	7.1753	28.249		1386.88	29.9984	20.5367	14.24	10.8367				3.09541	0.0	1.69692	5.3172	0.198991
2016/09/26 04:20:00		0.5742	169.031	26.4865	0.357292	1007.42	1.05	26.9163	20.6137	7.5587	28.1724		1403.96	30.0056	23.2692	15.9242	11.2992				3.16595	0.0	1.69101	5.3104	0.199058
2016/09/26 04:25:00		0.0	502.0	26.4885	0.360938	1007.42	1.02813	26.9128	24.8927	7.8257	32.7185		1468.13	29.8377	24.1058	16.7675	13.1692				3.34438	0.0	1.67606	5.2935	0.199227
2016/09/26 04:30:00		0.0	502.0	26.488	0.359896	1007.36	1.00625	26.9131	25.1295	7.2232	32.3527		1567.71	31.0306	25.81	17.5383	12.745				3.34438	0.0	1.67606	5.2935	0.199227
2016/09/26 04:35:00		0.0	502.0	26.4896	0.361979	1007.41	0.99896	26.9188	28.3321	7.3499	35.682		1682.29	31.5735	24.005	16.4442	12.2408				3.48098	0.035152	1.75633	5.6498	0.203196
2016/09/26 04:40:00		0.0	502.0	26.4865	0.357812	1007.49	1.05729	26.9169	30.8691	7.9627	38.8318		1796.67	31.545	27.8733	18.6667	12.2533				3.85662	0.131822	1.97705	6.6299	0.214108
2016/09/26 04:45:00		0.0	502.0	26.4911	0.359896	1007.5	1.02083	26.9182	36.1108	7.4081	43.5189		2044.79	31.4878	32.4683	21.6542	12.8933				3.85662	0.131822	1.97705	6.6299	0.214108
2016/09/26 04:50:00		0.0	502.0	26.4885	0.359375	1007.52	1.06458	26.9209	41.4306	8.572	50.003		2269.58	31.8235	42.6258	28.4158	15.7592				4.23787	0.147802	2.11824	7.2036	0.247761
2016/09/26 04:55:00		0.0	502.0	26.4927	0.357292	1007.5	1.02813	26.9295	46.1027	7.5724	53.675		2438.13	32.3593	37.29	24.8708	14.93				5.2863	0.191748	2.50651	8.7814	0.340307
2016/09/26 05:00:00		0.0	502.0	26.488	0.359375	1007.54	1.03542	26.9182	55.257	7.7915	63.049		2643.96	32.6379	37.915	25.2833	14.6658				5.2863	0.191748	2.50651	8.7814	0.340307
2016/09/26 05:05:00		0.0	502.0	26.4813	0.361458	1007.57	0.97708	26.9273	65.43	8.4009	73.831		2797.92	33.0308	46.725	31.3058	16.2475				6.8029	0.368969	3.08138	10.8413	0.459339
2016/09/26 05:10:00		0.0	502.0	26.4865	0.360417	1007.58	1.04271	26.9273	57.16	6.3126	63.473		2652.92	33.5022	27.05	18.0983	13.2175				10.9736	0.85633	4.66226	16.5059	0.78667
2016/09/26 05:15:00		0.0	502.0	26.488	0.358333	1007.58	1.09375	26.9214	59.827	7.0521	66.879		2511.04	33.7594	35.6617	23.8217	14.7967				10.9736	0.85633	4.66226	16.5059	0.78667
2016/09/26 05:20:00		0.0	502.0	26.487	0.359375	1007.62	1.04271	26.9112	66.58	7.4321	74.012		2541.04	34.0558	32.4617	21.66	14.7417				11.925	1.0027	5.0523	17.8742	0.81447
2016/09/26 05:25:00		0.0	502.0	26.4813	0.355208	1007.65	0.99896	26.9188	65.595	6.9459	72.541		2405.63	35.2452	32.9867	22.3533	16.0033				14.3316	1.37292	6.0388	21.335	0.88477
2016/09/26 05:30:00		0.0	502.0	26.4885	0.360938	1007.64	1.05	26.9206	70.725	7.0829	77.808		2360.83	35.8381	33.7183	22.8667	16.2417				14.3316	1.37292	6.0388	21.335	0.88477
2016/09/26 05:35:00		0.0	502.0	26.4859	0.361458	1007.62	1.11563	26.9652	68.74	6.2681	75.008		2290.83	37.7132	27.8783	18.8833	12.855				12.2245	1.11371	5.4191	19.04	0.76211
2016/09/26 05:40:00		0.0	502.0	26.4859	0.359375	1007.61	1.00625	27.0949	76.387	7.5724	83.959		2443.54	50.414	32.1483	21.5833	13.6717				6.43	0.400894	3.71521	12.7289	0.424804
2016/09/26 05:45:00		0.0	502.0	26.4917	0.361979	1007.67	1.08646	27.2562	81.258	7.9319	89.189		2559.38	56.122	39.77	26.68	15.8467				6.43	0.400894	3.71521	12.7289	0.424804
2016/09/26 05:50:00		0.0	502.0	26.4875	0.361979	1007.71	1.06458	27.4163	100.172	9.2807	109.452		2808.33	58.858	39.64	26.4367	15.44				6.3547	0.412444	3.5648	12.135	0.417942
2016/09/26 05:55:00		0.0	502.0	26.4859	0.361979	1007.73	1.01354	27.6705	131.916	10.383	142.299		3270.42	60.954	54.723	36.4833	19.225				6.1476	0.444204	3.15115	10.5016	0.399071
2016/09/26 06:00:00		0.0	502.0	26.4901	0.359375	1007.72	1.00625	27.8721	141.265	10.4959	151.761		3668.33	62.576	39.385	26.2833	15.4225				6.1476	0.444204	3.15115	10.5016	0.399071
2016/09/26 06:05:00		0.0	502.0	26.4854	0.360938	1007.78	1.10104	28.0632	138.887	8.2537	147.14		3557.71	62.151	36.0875	24.0983	14.7208				7.8716	0.61761	3.73411	12.5135	0.51343
2016/09/26 06:10:00		0.0	502.0	26.4917	0.364062	1007.88	5.1479	28.3271	151.771	9.3457	161.116		3608.13	62.147	33.2492	22.1808	14.555				12.6125	1.09447	5.3372	18.0461	0.8279
2016/09/26 06:15:00		0.69992	63.229	26.4901	0.357812	1007.91	4.88542	28.4923	147.313	7.723	155.036		3552.29	62.208	41.4883	27.6833	17.0017				12.6125	1.09447	5.3372	18.0461	0.8279
2016/09/26 06:20:00		0.74737	85.11	26.4937	0.365625	1007.98	9.6979	28.6472	158.261	9.6333	167.894		3610.0	62.504	36.2408	24.455	17.4142				12.3596	1.03393	5.3372	18.333	0.83902
2016/09/26 06:25:00		1.01628	81.228	26.4932	0.360938	1008.06	24.6531	28.8585	147.916	7.6717	155.588		3470.83	62.358	49.3233	32.8942	20.53				11.664	0.86743	5.3372	19.1219	0.86961
2016/09/26 06:30:00		0.65793	89.639	26.5995	0.361458	1008.16	51.537	28.8823	149.515	9.3594	158.874		3653.54	50.346	59.235	39.4875	23.2192				11.664	0.86743	5.3372	19.1219	0.86961
2016/09/26 06:35:00		0.69457	91.573	26.6786	0.365104	1008.26	68.41	28.6375	137.781	6.5796	144.361		3786.25	45.3852	59.461	39.6483	23.6783				11.7816	0.86953	5.3104	19.0668	0.86732
2016/09/26 06:40:00		0.89711	75.764	26.7276	0.361458	1008.4	83.577	28.3629	144.727	7.0076	151.734		3836.25	44.8316	63.877	42.6033	25.2267				12.079	0.87484	5.2424	18.9276	0.86155
2016/09/26 06:45:00		0.8005	82.028	26.8057	0.364062	1008.52	95.754	28.0885	153.95	7.6546	161.605		4071.46	45.0316	54.483	36.5183	23.915				12.079	0.87484	5.2424	18.9276	0.86155
2016/09/26 06:50:00		0.65556	108.397	26.8901	0.358854	1008.65	114.195	27.8353	153.242	7.9627	161.205		4074.17	45.1637	65.371	43.6333	27.5267				12.6815	0.83392	5.3575	19.1803	0.92448
2016/09/26 06:55:00		0.76166	86.753	26.9521	0.364583	1008.7	130.069	27.6042	163.424	9.1745	172.599		4220.21	46.1316	61.288	40.9067	27.9158				14.3385	0.72142	5.6738	19.8754	1.09755
2016/09/26 07:00:00		0.92449	87.121	27.0068	0.3625	1008.79	149.209	27.3945	162.879	9.1745	172.054		4315.63	47.5068	65.093	43.4258	26.885				14.3385	0.72142	5.6738	19.8754	1.09755
2016/09/26 07:05:00		1.47286	78.61	27.1078	0.364062	1008.87	169.553	27.3357	161.834	9.1506	170.985		4490.0	62.354	65.937	44.0292	26.7017				14.5757	0.72899	5.8432	20.3846	1.13648
2016/09/26 07:10:00		0.99192	69.342	27.1917	0.363021	1008.89	189.868	27.5113	156.074	8.0414	164.116		4368.75	84.888	66.104	44.0775	27.4592				15.2277	0.7498	6.3089	21.7852	1.24351
2016/09/26 07:15:00		0.89196	60.838	27.2979	0.3625	1008.94	206.063	27.7298	175.996	10.2803	186.276		4578.13	118.644	67.233	44.8442	27.6167				15.2277	0.7498	6.3089	21.7852	1.24351
2016/09/26 07:20:00		1.49289	69.87	27.3755	0.360938	1009.07	220.23	27.9559	159.945	10.8006	170.745		4511.25	154.564	54.255	36.3358	25.4142				15.4046	0.77346	6.5856	22.4028	1.25775
2016/09/26 07:25:00		1.37148	75.76	27.424	0.364062	1009.2	239.94	28.1916	150.989	10.9684	161.957		4438.75	173.022	63.961	42.6567	27.5192				15.8519	0.83329	7.2854	23.9651	1.29375
2016/09/26 07:30:00		1.53344	82.652	27.5401	0.364583	1009.23	258.067	28.3749	151.386	13.4914	164.878		4733.96	171.033	56.968	38.0025	24.3692				15.8519	0.83329	7.2854	23.9651	1.29375
2016/09/26 07:35:00		1.42743	73.454	27.662	0.364583	1009.24	277.419	28.4182	142.391	13.5735	155.964		4704.17	93.76	57.089	38.0633	22.2625				15.2186	0.79857	6.9778	23.2508	1.25817
2016/09/26 07:40:00		1.19184	66.272	27.7714	0.365625	1009.29	304.143	28.3406	136.595	13.9432	150.538		4895.63	51.239	56.999	38.0817	22.1583				13.6167	0.71073	6.1999	21.444	1.16816
2016/09/26 07:45:00		0.65535	72.56	27.8729	0.360938	1009.31	323.196	28.1521	142.998	13.4811	156.479		5106.0	45.8745	50.841	33.885	19.1117				13.6167	0.71073	6.1999	21.444	1.16816
2016/09/26 07:50:00		1.25911	109.618	27.9802	0.361979	1009.36	338.479	27.9787	131.887	13.1456	145.033		5132.5	44.953	47.9492	31.9692	18.3692				14.2332	0.74604	6.5008	22.6242	1.19099
2016/09/26 07:55:00		1.16549	91.032	28.1344	0.361458	1009.4	360.675	27.8262	118.195	12.7416	130.936		4946.25	43.6029	53.023	35.42	21.3542				15.7926	0.83535	7.2617	25.6095	1.24873
2016/09/26 08:00:00		0.93691	115.446	28.2943	0.363542	1009.41	378.066	27.6903	125.897	14.823	140.721		5195.8	43.5636	55.576	37.0517	21.7942				15.7926	0.83535	7.2617	25.6095	1.24873
2016/09/26 08:05:00		1.052	103.963	28.4047	0.3625	1009.38	397.877	27.5218	118.134	15.8637	133.998		5277.7	42.8171	48.6233	32.6133	22.2017				15.9814	0.83612	7.2604	25.6677	1.22926
2016/09/26 08:10:00		1.00618	116.66	28.5057	0.361458	1009.35	411.483	27.3977	116.109	16.1616	132.27		5106.0	42.7243	57.083	38.0467	20.745				16.5005	0.83823	7.2569	25.8275	1.17575
2016/09/26 08:15:00		1.21429	150.825	28.6609	0.366146	1009.42	428.407	27.2763	130.462	18.1129	148.575		5481.5	43.5457	56.919	37.9475	19.9633				16.5005	0.83823	7.2569	25.8275	1.17575
2016/09/26 08:20:00		1.11856	104.792	28.7505	0.367188	1009.46	445.995	27.1784	109.214	15.1996	124.414		5233.1	43.0171	49.9625	33.32	19.7058				16.6204	0.83318	7.2291	25.8427	1.17461
2016/09/26 08:25:00		0.87123	131.098	28.8062	0.361458	1009.49	455.868	27.1113	107.702	15.5419	123.244		5467.1	43.685	55.635	37.0867	23.91				16.9503	0.81931	7.1527	25.8844	1.17148
2016/09/26 08:30:00		1.25116	149.26	28.85	0.363542	1009.53	461.125	27.0624	109.663	18.842	128.505		5766.5	44.3636	45.8483	30.57	19.6417				16.9503	0.81931	7.1527	25.8844	1.17148
2016/09/26 08:35:00		0.98722	127.521	28.9005	0.361979	1009.53	128.151	27.0103	90.26	16.1889	106.449		5259.4	43.0314	45.9858	30.6833	19.4817				15.909	0.76757	6.8303	24.7431	1.12502
2016/09/26 08:40:00		1.05209	162.025	28.963	0.364062	1009.54	174.679	26.9644	99.345	18.0752	117.421		5108.1	42.1171	50.547	33.6983	20.0117				13.275	0.63669	6.0151	21.8563	1.00751
2016/09/26 08:45:00		0.82213	213.888	28.9979	0.361979	1009.52	495.95	26.923	91.812	18.7017	110.514		5283.3	41.3921	29.895	20.4025	13.9975				13.275	0.63669	6.0151	21.8563	1.00751
2016/09/26 08:50:00		1.08362	146.259	29.0609	0.366667	1009.47	579.99	26.8557	72.561	14.3814	86.942		4517.29	39.3276	31.4167	21.4583	14.7517				12.9095	0.456296	4.31079	15.6637	0.72205
2016/09/26 08:55:00		0.80697	142.279	29.1859	0.366667	1009.48	642.96	26.8388	66.649	16.7059	83.355		4045.83	38.174	40.515	27.4017	18.9367				11.9848	0.0	0.0	0.0	0.0
2016/09/26 09:00:00		0.361101	77.816	29.3031	0.367188	1009.47	659.7	26.8159	57.935	16.3156	74.25		3604.17	37.5918	36.025	24.795	17.7117				11.9848	0.0	0.0	0.0	0.0
2016/09/26 09:05:00		1.59349	121.909	29.4344	0.369792	1009.49	684.48	26.8138	70.839	19.4445	90.284		3597.29	37.6704	39.1775	26.1792	16.2925				10.5947	0.075981	1.35509	3.88582	0.286804
2016/09/26 09:10:00		1.75761	117.417	29.7026	0.366667	1009.47	677.31	26.8447	80.329	22.2654	102.594		3664.38	38.5026	29.6375	19.7817	11.4558				7.0786	0.268168	4.78266	13.7147	1.01225
2016/09/26 09:15:00		1.60581	141.618	29.9302	0.368229	1009.45	700.01	26.8409	80.643	20.7591	101.403		3460.63	37.6739	32.445	21.6275	12.4658				7.0786	0.268168	4.78266	13.7147	1.01225
2016/09/26 09:20:00		1.44748	142.946	30.2172	0.364062	1009.42	525.82	26.8487	86.463	22.0668	108.53		3458.96	37.7454	32.9683	21.9717	12.4633				8.4193	0.367222	5.0526	14.9902	0.96781
2016/09/26 09:25:00		1.19578	143.242	30.3995	0.365104	1009.42	228.484	26.8973	75.149	20.0676	95.217		3221.04	37.6311	31.3117	20.9592	13.1833				11.8105	0.61777	5.7354	18.2167	0.85539
2016/09/26 09:30:00		1.03593	209.345	30.4068	0.369271	1009.44	590.86	26.9064	83.35	22.7617	106.112		3267.08	37.7025	29.8558	20.0833	12.6883				11.8105	0.61777	5.7354	18.2167	0.85539
2016/09/26 09:35:00		1.11369	200.954	30.3656	0.365104	1009.41	590.84	26.9134	69.064	21.5396	90.603		3062.92	36.8596	27.5725	18.5133	11.945				11.3471	0.61066	5.5366	18.0341	0.83283
2016/09/26 09:40:00		0.77613	168.716	30.2854	0.36875	1009.42	709.15	26.9451	63.976	21.0877	85.064		3123.33	36.631	23.0375	16.05	11.1117				10.1751	0.59268	5.0339	17.5722	0.77577
2016/09/26 09:45:00		0.92413	140.049	30.2776	0.369792	1009.42	754.33	26.9512	60.204	20.2935	80.497		3102.08	36.1667	29.08	19.4858	14.0983				10.1751	0.59268	5.0339	17.5722	0.77577
2016/09/26 09:50:00		0.88186	95.234	30.4016	0.368229	1009.41	768.26	26.9692	58.808	21.163	79.971		3038.13	36.056	24.7433	17.0083	12.4533				9.5645	0.497777	4.94282	16.9854	0.75187
2016/09/26 09:55:00		0.90174	113.459	30.4125	0.364583	1009.39	809.19	27.02	52.099	19.7218	71.821		2798.75	35.2845	25.9858	17.87	12.8425				8.0201	0.257721	4.71251	15.5013	0.69142
2016/09/26 10:00:00		1.39532	132.672	30.5333	0.368229	1009.32	821.31	27.0498	54.623	25.3258	79.949		2785.42	35.1309	27.4683	18.4583	13.3858				8.0201	0.257721	4.71251	15.5013	0.69142
2016/09/26 10:05:00		0.98771	98.211	30.7115	0.368229	1009.29	839.77	27.0812	63.873	25.1992	89.072		2842.71	36.0667	26.7425	18.4417	14.2483				7.4975	0.233878	4.53161	14.5855	0.57425
2016/09/26 10:10:00		1.60822	145.331	30.8417	0.364062	1009.26	782.72	27.1448	54.563	23.0698	77.632		2992.5	37.3632	29.7733	19.9533	13.7633				6.1755	0.173569	4.07403	12.2693	0.277895
2016/09/26 10:15:00		1.93148	170.125	31.0833	0.370833	1009.22	842.37	27.2028	58.761	26.6644	85.426		3052.08	38.0775	26.7158	18.0358	12.4292				6.1755	0.173569	4.07403	12.2693	0.277895
2016/09/26 10:20:00		2.17159	176.587	31.3193	0.364062	1009.18	801.14	27.26	45.053	21.4711	66.524		2771.67	37.5561	22.17	15.3258	11.8258				6.1755	0.173569	4.07403	12.2693	0.277895
2016/09/26 10:25:00		1.73358	168.628	31.4896	0.364062	1009.11	629.45	27.3354	41.3859	19.9683	61.354		2683.13	37.999	22.2017	15.115	11.8367				6.1755	0.173569	4.07403	12.2693	0.277895
2016/09/26 10:30:00		0.79855	202.092	31.4786	0.358333	1009.03	453.024	27.3795	36.5373	19.5575	56.095		2583.13	37.3168	30.5367	15.1792	12.105				6.1755	0.173569	4.07403	12.2693	0.277895
2016/09/26 10:35:00		0.78109	319.586	31.3427	0.364583	1008.91	501.46	27.4302	37.922	22.6317	60.554		2466.25	36.5382	25.3567	14.97	12.0442				6.38	0.188602	4.00849	12.1363	0.287603
2016/09/26 10:40:00		1.59965	149.28	31.2734	0.363542	1008.82	927.06	27.4906	29.9892	18.4826	48.4718		2167.71	35.9345	27.3383	15.4608	12.165				6.8973	0.226626	3.84272	11.8001	0.312158
2016/09/26 10:45:00		1.62463	111.903	31.3984	0.364583	1008.76	910.98	27.544	35.5256	24.268	59.794		2296.88	36.3024	33.6317	16.1692	12.2775				6.8973	0.226626	3.84272	11.8001	0.312158
2016/09/26 10:50:00		1.14849	140.221	31.6844	0.367708	1008.69	894.38	27.5827	47.1591	27.8659	75.025		2413.13	37.1882	42.0842	17.4067	13.0475				6.1494	0.162416	3.75059	11.2214	0.284484
2016/09/26 10:55:00		2.15222	138.272	31.9703	0.365625	1008.67	896.33	27.6565	51.047	29.7488	80.796		2535.0	37.9668	48.2942	20.875	14.1975				4.25763	0.0	3.51755	9.7576	0.214487
2016/09/26 11:00:00		1.55927	137.446	32.3063	0.366667	1008.57	906.72	27.7201	51.97	30.2657	82.235		2746.88	38.399	55.752	19.605	12.6442				4.25763	0.0	3.51755	9.7576	0.214487
2016/09/26 11:05:00		1.66102	131.009	32.5203	0.366667	1008.49	912.79	27.7806	46.594	28.0097	74.604		2832.92	39.0705	37.9508	16.9233	12.1058				5.3088	0.081912	3.69523	10.8439	0.219831
2016/09/26 11:10:00		1.0665	131.152	32.6724	0.366146	1008.42	921.24	27.856	53.531	29.2592	82.79		2907.29	39.5455	35.7858	13.275	9.5333				7.9678	0.289103	4.14465	13.5914	0.233348
2016/09/26 11:15:00		1.14472	125.191	32.6964	0.363021	1008.27	919.29	27.907	43.9855	26.6301	70.616		2660.63	39.2098	25.3958	11.2225	8.3583				7.9678	0.289103	4.14465	13.5914	0.233348
2016/09/26 11:20:00		1.19401	129.381	32.8151	0.364583	1008.21	886.02	27.973	47.4784	30.2246	77.703		2571.25	37.0025	33.8667	13.7725	9.505				8.6238	0.383974	4.40063	14.5918	0.345009
2016/09/26 11:25:00		1.685	127.149	32.8964	0.360417	1008.11	911.07	28.034	38.1185	27.2566	65.375		2410.21	35.2774	31.9008	13.4275	9.3417				10.2832	0.62394	5.0481	17.122	0.62744
2016/09/26 11:30:00		0.75094	182.6	32.9729	0.358333	1007.99	587.73	28.0401	41.368	29.3037	70.672		2386.25	33.9308	35.2208	12.4142	9.23				10.2832	0.62394	5.0481	17.122	0.62744
2016/09/26 11:35:00		0.74842	253.426	32.9974	0.365625	1007.96	922.61	27.9956	37.5959	27.6948	65.291		2153.13	34.0987	28.0033	11.7317	8.4042				9.1786	0.50784	4.60088	15.6356	0.51558
2016/09/26 11:40:00		1.13147	323.573	32.9047	0.364062	1007.89	974.85	28.354	34.0918	28.0782	62.17		2038.96	43.3136	20.955	10.0675	7.7567				6.3847	0.214164	3.46968	11.8759	0.232637
2016/09/26 11:45:00		0.89433	137.152	32.8214	0.369271	1007.77	961.45	28.7956	27.0099	26.079	53.089		1917.5	36.0238	21.165	11.3558	8.815				6.3847	0.214164	3.46968	11.8759	0.232637
2016/09/26 11:50:00		0.468757	355.42	32.9396	0.365625	1007.69	991.63	29.0907	23.7716	27.6708	51.442		1935.42	34.7452	30.3767	13.3567	10.085				5.9075	0.153484	3.31228	11.1777	0.227025
2016/09/26 11:55:00		0.90165	317.903	33.0891	0.358854	1007.62	384.964	29.2824	20.8705	28.3486	49.2191		2020.83	32.8415	32.1792	15.3533	11.2433				4.70047	0.0	2.91415	9.4117	0.212829
2016/09/26 12:00:00		1.25727	304.307	32.8943	0.361458	1007.55	273.715	29.3941	17.8711	27.1162	44.9874		1777.29	33.0593	23.3933	13.6283	10.8233				4.70047	0.0	2.91415	9.4117	0.212829
2016/09/26 12:05:00		0.80777	37.4437	32.5932	0.365104	1007.45	258.453	29.4488	13.7819	28.8416	42.6235		1612.71	33.0629	22.8192	13.2058	10.55				4.8625	0.046929	3.07343	9.7366	0.152527
2016/09/26 12:10:00		1.00646	44.6136	32.3828	0.363542	1007.35	267.721	29.5157	11.6915	27.4414	39.1329		1415.63	33.4022	29.8	13.5533	10.5917				5.2723	0.16563	3.47632	10.5585	0.0
2016/09/26 12:15:00		0.83626	32.9397	32.2922	0.361979	1007.2	509.58	29.5495	9.4693	30.0295	39.4988		1332.08	33.4272	30.6183	14.5883	11.3417				5.2723	0.16563	3.47632	10.5585	0.0
2016/09/26 12:20:00		0.69592	357.711	32.4214	0.359375	1007.09	246.101	29.5782	12.1583	35.8663	48.0245		1383.33	33.8058	32.8433	15.895	11.55				4.81293	0.15541	3.2155	9.5179	0.0
2016/09/26 12:25:00		0.94037	328.701	32.4391	0.359896	1007.0	233.18	29.6357	9.5654	29.9918	39.5572		1370.42	34.4594	22.9317	13.2233	10.4167				3.65089	0.12956	2.55581	6.8858	0.0
2016/09/26 12:30:00		0.87334	297.603	32.3922	0.360938	1006.87	669.46	29.6902	6.6174	25.3977	32.0151		1172.92	36.2024	24.5592	13.9392	10.7617				3.65089	0.12956	2.55581	6.8858	0.0
2016/09/26 12:35:00		0.69801	287.424	32.6849	0.361979	1006.74	694.2	29.7895	5.791	27.3798	33.1708		1138.54	37.1453	23.4442	13.3425	10.8233				4.11524	0.139605	2.75632	7.7585	0.0
2016/09/26 12:40:00		1.05912	293.388	33.0833	0.363021	1006.6	772.73	29.9205	4.75923	25.182	29.9413		1048.13	38.2954	19.8708	11.81	9.4717				5.2898	0.165013	3.26349	9.9661	0.0
2016/09/26 12:45:00		0.436915	359.06	33.4688	0.358333	1006.5	337.327	30.0875	4.01777	24.3228	28.3405		984.58	38.2311	25.4133	13.1775	9.9683				5.2898	0.165013	3.26349	9.9661	0.0
2016/09/26 12:50:00		0.428937	262.791	33.5057	0.360417	1006.45	509.64	30.2612	5.0138	26.5959	31.6097		996.67	37.9132	24.3008	12.72	10.1517				4.61637	0.11826	2.92828	8.6597	0.0
2016/09/26 12:55:00		1.00502	109.092	33.7177	0.363021	1006.36	858.12	30.4693	5.8781	30.1493	36.0274		1029.79	37.9847	43.295	13.9058	10.6225				2.91304	0.0	2.08038	5.3551	0.0
2016/09/26 13:00:00		1.13936	122.819	34.1422	0.3625	1006.26	470.116	30.6559	6.4566	30.8648	37.3213		1058.75	37.9311	37.2283	14.5408	10.2867				2.91304	0.0	2.08038	5.3551	0.0
2016/09/26 13:05:00		1.08422	159.903	34.3807	0.361458	1006.19	254.523	30.8065	6.6375	34.3976	41.0351		1125.63	36.5203	34.7983	14.9758	10.7775				3.00878	0.0	2.06655	5.304	0.57656
2016/09/26 13:10:00		1.32827	107.65	34.2583	0.358333	1006.21	225.429	30.8819	10.1795	33.2714	43.4509		1116.25	35.981	34.7725	13.29	9.5542				3.25093	0.0	2.03156	5.175	2.03493
2016/09/26 13:15:00		1.37732	94.233	34.1073	0.359375	1006.2	219.443	30.9072	14.6216	40.4946	55.116		1241.88	35.1595	32.0675	15.0692	10.87				3.25093	0.0	2.03156	5.175	2.03493
2016/09/26 13:20:00		0.6648	318.704	33.9745	0.354167	1006.16	183.91	30.9303	14.8182	41.5421	56.36		1370.83	35.2238	26.8158	12.8108	9.7383				3.81477	0.050763	2.24738	6.0316	1.45836
2016/09/26 13:25:00		0.89392	295.449	33.7755	0.361458	1006.07	507.15	31.0247	17.1475	34.4421	51.59		1343.75	37.0632	23.9508	12.5333	9.4967				5.241	0.179162	2.79328	8.1985	0.0
2016/09/26 13:30:00		0.92494	297.109	33.8083	0.361979	1005.98	508.0	31.1461	33.3772	34.8975	68.275		1523.54	35.3952	21.5917	11.8125	9.5025				5.241	0.179162	2.79328	8.1985	0.0
2016/09/26 13:35:00		0.78398	309.552	34.0958	0.358333	1005.89	819.44	31.2068	23.9056	32.8161	56.722		1381.67	33.888	24.57	12.0558	9.685				5.3645	0.182414	2.88877	8.6469	1.08935
2016/09/26 13:40:00		0.85182	309.255	34.5729	0.357292	1005.84	383.367	31.2677	20.0285	35.4007	55.429		1341.46	33.3165	39.4558	13.9167	10.47				5.6768	0.190638	3.1303	9.7813	3.84475
2016/09/26 13:45:00		0.53416	41.2585	34.5448	0.354167	1005.75	311.58	31.2766	14.769	32.8777	47.6467		1260.83	34.7309	33.3958	14.8425	10.6517				5.6768	0.190638	3.1303	9.7813	3.84475
2016/09/26 13:50:00		0.57235	53.126	34.437	0.357292	1005.65	383.257	31.286	16.4351	43.0313	59.466		1453.33	35.0595	37.9833	15.0442	10.4575				4.95373	0.136624	2.87445	8.7393	2.75541
2016/09/26 13:55:00		1.7995	115.643	34.4437	0.3625	1005.56	581.57	31.3367	24.0217	45.3797	69.401		1668.33	35.2452	38.3758	14.9608	9.8608				3.1247	0.0	2.22733	6.1038	0.0
2016/09/26 14:00:00		2.28009	96.91	34.8495	0.359375	1005.49	802.05	31.3574	29.0624	50.087	79.149		1871.88	35.6452	41.9725	13.9942	8.6325				3.1247	0.0	2.22733	6.1038	0.0
2016/09/26 14:05:00		1.21704	120.504	35.3724	0.3625	1005.4	761.87	31.4028	21.7705	43.0313	64.802		1872.08	34.9595	26.9167	9.8958	7.105				4.2351	0.050937	2.68489	7.797	0.125625
2016/09/26 14:10:00		1.23579	112.612	35.6375	0.360938	1005.32	734.19	31.4521	18.0096	40.0496	58.059		1814.38	33.8737	33.4233	10.8317	7.7267				7.0437	0.179779	3.84224	12.0797	0.443381
2016/09/26 14:15:00		1.34438	149.317	36.0214	0.360417	1005.23	707.06	31.5668	25.8084	46.7182	72.527		1881.88	34.1165	39.795	12.545	8.3817				7.0437	0.179779	3.84224	12.0797	0.443381
2016/09/26 14:20:00		2.08596	187.864	36.4604	0.358854	1005.14	686.45	31.6632	18.9342	39.9195	58.854		1728.54	34.2308	31.91	13.4067	6.115				6.7543	0.17133	3.71587	11.8139	0.38218
2016/09/26 14:25:00		2.60194	185.218	36.6953	0.361458	1005.08	677.38	31.8181	15.2224	31.1797	46.4021		1532.71	33.2451	20.7225	7.3417	5.3575				6.0221	0.14996	3.39621	11.1414	0.227377
2016/09/26 14:30:00		1.96987	160.81	36.6953	0.35625	1005.01	651.49	31.9378	16.3234	34.8119	51.135		1526.88	32.5557	31.87	9.7933	6.6125				6.0221	0.14996	3.39621	11.1414	0.227377
2016/09/26 14:35:00		2.33912	191.872	36.5031	0.356771	1004.96	642.85	32.0586	14.7043	34.5483	49.2526		1532.08	32.9272	34.545	9.6483	5.4708				5.6209	0.142851	3.18912	10.3962	0.223027
2016/09/26 14:40:00		1.66968	194.618	36.1344	0.358854	1004.91	636.07	32.2106	10.6351	25.2539	35.8891		1315.63	33.1379	20.6925	7.0275	5.0533				4.60633	0.124871	2.6653	8.5112	0.212023
2016/09/26 14:45:00		2.08144	165.681	35.9068	0.360938	1004.87	630.39	32.2986	10.1996	28.8484	39.0481		1256.67	32.5736	26.0167	8.5858	5.6033				4.60633	0.124871	2.6653	8.5112	0.212023
2016/09/26 14:50:00		1.46799	172.024	35.887	0.356771	1004.85	610.9	32.3561	13.3576	33.1516	46.5091		1402.92	31.4307	31.2417	8.4358	5.6733				4.49271	0.089491	2.56753	8.3085	0.215957
2016/09/26 14:55:00		1.82235	174.758	35.8969	0.359375	1004.82	595.87	32.4114	14.8338	33.6616	48.4954		1402.29	31.1164	24.6325	9.5792	5.805				4.20532	0.0	2.32023	7.7957	0.225908
2016/09/26 15:00:00		1.75075	157.445	35.999	0.361979	1004.79	591.99	32.4584	15.8924	30.1733	46.0657		1276.67	31.0306	23.3792	8.9342	5.8742				4.20532	0.0	2.32023	7.7957	0.225908
2016/09/26 15:05:00		1.88695	158.607	36.0182	0.357812	1004.71	586.54	32.4589	17.0828	32.6209	49.7037		1403.13	31.0164	32.72	10.1717	6.6033				4.79317	0.056741	2.53404	8.6537	0.226539
2016/09/26 15:10:00		1.51726	176.716	35.999	0.357812	1004.7	561.24	32.4675	30.0875	36.9035	66.991		1527.5	31.0592	45.83	11.775	7.0217				6.2801	0.200262	3.07484	10.8239	0.228135
2016/09/26 15:15:00		2.05672	165.409	35.9578	0.359375	1004.87	549.74	32.4697	63.461	37.3292	100.79		1572.71	37.5704	33.575	9.9183	6.3067				6.2801	0.200262	3.07484	10.8239	0.228135
2016/09/26 15:20:00		1.91747	146.096	35.8219	0.361458	1005.1	531.18	32.747					1881.25	84.127	39.5942	12.7667	7.315				6.4915	0.206869	3.1064	10.7836	0.232942
2016/09/26 15:25:00		1.45714	165.132	35.7047	0.363542	1005.05	503.81	33.1084				30.7092	1453.75	106.225	36.345	11.4533	8.01				7.0263	0.223583	3.18623	10.6817	0.245101
2016/09/26 15:30:00		2.66998	159.663	35.6099	0.366667	1004.6	503.74	33.1564				25.3873	1590.21	117.447	29.3083	11.385	8.2283				7.0263	0.223583	3.18623	10.6817	0.245101
2016/09/26 15:35:00		1.69409	179.563	35.5109	0.363021	1004.52	506.12	32.8823				25.9021	1606.67	81.113	36.2492	11.6033	7.7967				6.1243	0.160234	2.91749	9.723	0.236387
2016/09/26 15:40:00		1.89344	168.061	35.4182	0.358333	1004.47	485.822	32.6163				25.5207	1461.88	60.333	34.055	13.0342	9.5092				3.84267	0.0	2.23775	7.2981	0.214345
2016/09/26 15:45:00		2.22881	179.419	35.4177	0.361979	1004.45	476.445	32.3421				25.6828	1462.5	49.5997	29.4092	11.8492	8.9375				3.84267	0.0	2.23775	7.2981	0.214345
2016/09/26 15:50:00		2.6623	158.506	35.4182	0.363542	1004.45	477.035	32.0919				25.6065	1422.29	45.3959	34.8808	14.125	10.5175				4.11832	0.044668	2.32545	7.7331	0.21362
2016/09/26 15:55:00		1.81894	100.715	35.451	0.355729	1004.39	447.468	31.9692				25.5255	1435.42	43.1743	35.2367	12.8092	9.4392				4.81555	0.157651	2.54728	8.8335	0.211786
2016/09/26 16:00:00		1.4879	149.845	35.4406	0.3625	1004.36	449.349	31.9064				25.7019	1591.04	40.2777	34.6842	15.6583	11.2742				4.81555	0.157651	2.54728	8.8335	0.211786
2016/09/26 16:05:00		2.37357	170.906	35.4177	0.360938	1004.36	410.82	31.8079				25.535	1638.33	39.2848	41.4875	15.8875	11.1808				5.0527	0.163105	2.71153	9.2833	0.233202
2016/09/26 16:10:00		2.60203	144.362	35.4182	0.360417	1004.33	372.225	31.7762				25.6256	1676.67	38.6811	51.273	17.9708	13.0125				5.6524	0.1769	3.12698	10.4211	0.287373
2016/09/26 16:15:00		2.26244	129.803	35.4083	0.357292	1004.33	243.17	31.7096				25.7162	1762.5	36.9025	42.195	17.4167	12.475				5.6524	0.1769	3.12698	10.4211	0.287373
2016/09/26 16:20:00		1.965	126.477	35.2422	0.357812	1004.39	112.277	31.6336				25.535	1838.13	37.5168	36.3642	16.3767	12.2533				6.1474	0.201151	3.54559	11.4496	0.363854
2016/09/26 16:25:00		1.289	137.023	34.9703	0.355729	1004.43	166.578	31.6146				25.9402	2102.29	37.7168	45.4042	16.7833	12.2392				7.3994	0.262491	4.60443	14.0511	0.55731
2016/09/26 16:30:00		1.26504	118.841	34.7349	0.360417	1004.4	166.257	31.5528				25.7066	2247.71	37.2311	33.1008	15.5033	11.4842				7.3994	0.262491	4.60443	14.0511	0.55731
2016/09/26 16:35:00		2.09052	97.899	34.5016	0.356771	1004.43	91.999	31.504				25.9068	2354.38	37.2453	47.0175	18.3842	12.9175				8.091	0.360008	4.65896	14.6285	0.57449
2016/09/26 16:40:00		1.89735	82.409	34.3193	0.353125	1004.43	147.036	31.4811				26.3168	2506.25	37.0025	39.2333	15.9458	10.9083				9.8403	0.60667	4.79688	16.0889	0.61797
2016/09/26 16:45:00		2.14123	101.155	34.1984	0.361458	1004.44	175.948	31.4393				25.6494	2873.54	36.1453	46.91	16.2517	10.4225				9.8403	0.60667	4.79688	16.0889	0.61797
2016/09/26 16:50:00		1.61255	110.088	34.151	0.359375	1004.42	160.541	31.4017				26.1404	2919.17	35.1881	37.3383	16.2417	10.9633				10.0448	0.63032	4.90969	16.5347	0.63368
2016/09/26 16:55:00		2.20663	125.894	34.1229	0.364062	1004.43	125.242	31.3612				25.8353	2978.75	35.3666	44.2283	16.6983	11.5075				10.5621	0.69016	5.195	17.6622	0.67341
2016/09/26 17:00:00		2.09419	128.612	34.1208	0.364583	1004.4	99.67	31.3045				25.6923	3032.92	35.5024	58.043	18.37	11.34				10.5621	0.69016	5.195	17.6622	0.67341
2016/09/26 17:05:00		2.0992	129.269	34.0969	0.3625	1004.33	70.109	31.2291				25.7019	2923.96	35.2023	52.765	16.1825	10.8658				11.0393	0.73176	5.4905	18.4571	0.70322
2016/09/26 17:10:00		1.5202	140.453	34.0151	0.359896	1004.25	40.0167	31.1904				25.7924	3135.42	35.2202	50.102	17.7492	12.0083				12.2463	0.837	6.2378	20.4677	0.77862
2016/09/26 17:15:00		1.87607	145.718	33.9234	0.358333	1004.27	32.5792	31.1311				26.3072	3371.04	35.1595	55.327	20.0942	12.6542				12.2463	0.837	6.2378	20.4677	0.77862
2016/09/26 17:20:00		1.70489	162.57	33.8479	0.361979	1004.28	27.4677	31.0843				26.2691	3749.38	35.8595	47.1983	17.5958	10.4142				11.9559	0.79271	6.0888	20.2005	0.76868
2016/09/26 17:25:00		2.33399	145.243	33.7062	0.361458	1004.24	31.0552	31.109				26.3311	3978.96	37.7097	42.7208	13.2958	8.9958				11.2212	0.6807	5.7117	19.5247	0.74355
2016/09/26 17:30:00		2.29578	162.074	33.5568	0.358333	1004.22	22.4073	31.1464				26.4455	4021.88	37.8239	37.75	14.4458	9.5842				11.2212	0.6807	5.7117	19.5247	0.74355
2016/09/26 17:35:00		1.66121	153.541	33.3771	0.354688	1004.26	14.3281	31.2076				25.6685	3710.0	37.8847	30.14	11.5108	8.1				11.2212	0.6807	5.7117	19.5247	0.74355
2016/09/26 17:40:00		1.8199	141.997	33.2328	0.358854	1004.35	8.5604	31.2511				26.0641	3597.08	37.0168	48.8567	16.1783	10.0592				11.2212	0.6807	5.7117	19.5247	0.74355
2016/09/26 17:45:00		1.84414	145.035	33.1089	0.359896	1004.45	2.01979	30.9327				26.0927	3638.33	33.4451	45.1767	14.82	9.3208				11.2212	0.6807	5.7117	19.5247	0.74355
2016/09/26 17:50:00		2.33782	142.219	33.0104	0.355729	1004.49	1.05729	30.5087				25.7972	3689.38	34.0737	55.853	17.0767	10.5317				10.8635	0.64213	5.5479	18.9433	0.77161
2016/09/26 17:55:00		1.39112	144.122	32.8849	0.359375	1004.45	1.08646	30.1267				24.9487	3733.54	33.9058	58.255	19.7592	11.2142				9.9589	0.54456	5.1334	17.4727	0.84259
2016/09/26 18:00:00		1.52258	153.209	32.799	0.357812	1004.43	1.10104	29.7772				24.5054	3878.54	33.5022	55.797	19.2667	11.6767				9.9589	0.54456	5.1334	17.4727	0.84259
2016/09/26 18:05:00		1.78758	164.502	32.7036	0.360938	1004.47	1.11563	29.4641				24.248	4000.42	33.5594	56.34	17.7217	12.3867				10.1891	0.56798	5.167	17.9144	0.8536
2016/09/26 18:10:00		1.37454	158.254	32.6307	0.360938	1004.53	1.10833	29.2322				24.0431	4013.13	33.7165	72.14	20.9	12.0367				10.7713	0.62723	5.2519	19.0318	0.88145
2016/09/26 18:15:00		1.56322	162.713	32.5438	0.359896	1004.6	1.17396	28.9989				24.0526	4065.0	33.5165	50.772	19.135	12.6267				10.7713	0.62723	5.2519	19.0318	0.88145
2016/09/26 18:20:00		1.15362	149.53	32.4505	0.360417	1004.64	1.07187	28.7825				23.6236	4261.67	34.213	49.4033	18.5833	12.185				11.7485	0.68818	5.871	20.5907	0.91663
2016/09/26 18:25:00		1.15611	158.822	32.3448	0.364583	1004.66	1.15208	28.6268				23.6236	4137.5	34.6702	99.317	29.4483	13.92				14.22	0.84234	7.4371	24.5338	1.00562
2016/09/26 18:30:00		2.89456	150.64	32.2865	0.363021	1004.73	1.10104	28.449				24.0288	4384.58	34.9559	45.8117	18.4183	12.6367				14.22	0.84234	7.4371	24.5338	1.00562
2016/09/26 18:35:00		2.46599	158.91	32.1911	0.361979	1004.79	1.12292	28.2716				23.2089	3939.58	34.788	33.4733	16.29	11.585				14.0827	0.8484	7.284	24.3915	0.99205
2016/09/26 18:40:00		2.01375	153.225	32.0094	0.360417	1004.86	1.10104	28.187				22.8657	3721.25	35.1595	26.79	18.0833	12.925				13.7353	0.86373	6.8967	24.0315	0.95775
2016/09/26 18:45:00		1.63273	160.054	31.8536	0.366667	1004.88	1.16667	28.1				23.4663	3730.42	34.7595	32.3242	21.5717	15.2142				13.7353	0.86373	6.8967	24.0315	0.95775
2016/09/26 18:50:00		1.86629	157.169	31.7422	0.364583	1004.88	1.11563	28.0146				23.3614	3632.71	35.7309	31.0083	20.665	14.635				12.2049	0.67898	6.3232	22.098	0.8925
2016/09/26 18:55:00		2.54145	153.122	31.6031	0.364583	1004.95	1.09375	28.0004				23.4091	3535.0	36.2774	29.9767	20.08	14.6792				8.3339	0.211655	4.87272	17.2073	0.72744
2016/09/26 19:00:00		2.65944	146.426	31.4422	0.357812	1005.04	1.11563	27.9202				22.8705	3260.21	36.7917	33.2058	22.4742	14.9283				8.3339	0.211655	4.87272	17.2073	0.72744
2016/09/26 19:05:00		2.29007	142.297	31.2828	0.361458	1005.12	1.1375	27.8482				22.6607	3053.96	36.0881	26.0292	17.6008	13.3058				8.4811	0.220419	4.84989	16.9482	0.71481
2016/09/26 19:10:00		2.80584	141.029	31.1318	0.361979	1005.14	1.11563	27.8219				22.6274	2803.54	35.5738	24.4292	16.6908	13.1458				8.8535	0.242585	4.79214	16.2927	0.68289
2016/09/26 19:15:00		2.11761	150.865	30.9818	0.359375	1005.15	1.14479	27.7371				22.2842	2586.88	34.788	25.8442	17.7092	13.5192				8.8535	0.242585	4.79214	16.2927	0.68289
2016/09/26 19:20:00		2.39809	148.415	30.8958	0.360417	1005.29	1.18125	27.6401				22.3843	2551.46	34.388	26.015	17.8192	14.0433				7.8161	0.221399	4.4161	14.9204	0.58764
2016/09/26 19:25:00		2.05456	137.112	30.8219	0.365625	1005.36	1.14479	27.6197				22.3747	2460.21	34.5023	32.4833	21.9958	16.6667				5.1921	0.16781	3.46494	11.4494	0.346705
2016/09/26 19:30:00		2.0631	140.669	30.7375	0.360417	1005.47	1.1375	27.54				22.6321	2413.75	36.0203	33.17	22.795	17.3775				5.1921	0.16781	3.46494	11.4494	0.346705
2016/09/26 19:35:00		1.75439	157.313	30.6719	0.363021	1005.54	1.15208	27.4656				22.6464	2455.63	35.5845	30.6267	21.0642	16.5758				5.1704	0.171167	3.39389	11.2077	0.334943
2016/09/26 19:40:00		2.21535	148.229	30.5901	0.364583	1005.6	1.15208	27.4562				22.451	2370.0	35.5202	29.7183	21.2467	16.4				5.1154	0.179656	3.21419	10.5964	0.305192
2016/09/26 19:45:00		2.15386	145.463	30.4875	0.3625	1005.66	1.13021	27.3701				22.5416	2249.38	36.256	29.2008	20.3008	16.5158				5.1154	0.179656	3.21419	10.5964	0.305192
2016/09/26 19:50:00		2.94672	152.168	30.4063	0.363542	1005.78	1.15937	27.3048				22.3557	2210.83	35.8595	29.2892	20.9758	16.72				5.1204	0.175484	3.54189	10.7844	0.304856
2016/09/26 19:55:00		2.32512	149.358	30.3104	0.364583	1005.9	1.11563	27.2876				22.2079	2092.29	35.2559	30.9783	21.4475	16.8758				5.1329	0.164931	4.37076	11.2599	0.304007
2016/09/26 20:00:00		2.56259	168.141	30.2479	0.361979	1006.02	1.1375	27.2275				22.4319	2046.25	36.0881	31.9117	22.8992	18.3942				5.1329	0.164931	4.37076	11.2599	0.304007
2016/09/26 20:05:00		2.01966	157.34	30.2167	0.363542	1006.1	1.16667	27.1252				22.4653	1996.46	35.5702	33.15	23.2308	18.5367				4.83745	0.118201	3.93374	10.6046	0.302194
2016/09/26 20:10:00		1.96093	150.027	30.1651	0.360938	1006.18	1.11563	27.089				22.7322	1932.5	36.0345	34.1858	24.1133	19.1408				4.09025	0.0	2.82836	8.9472	0.297609
2016/09/26 20:15:00		2.13587	157.706	30.1167	0.361458	1006.26	1.18125	26.9896				22.4701	2003.33	35.5738	30.5875	21.6983	17.6133				4.09025	0.0	2.82836	8.9472	0.297609
2016/09/26 20:20:00		1.98877	141.308	30.0661	0.366146	1006.33	1.10104	26.8804				22.227	1918.33	34.6916	27.4875	19.3992	15.285				4.13965	0.0	2.77518	8.8452	0.294065
2016/09/26 20:25:00		2.18205	138.165	29.9844	0.359896	1006.35	1.13021	26.8342				21.9886	1797.92	33.1879	25.8483	18.425	14.415				4.2646	0.0	2.64066	8.5871	0.285098
2016/09/26 20:30:00		2.11003	143.211	29.9016	0.365104	1006.42	1.16667	26.6863				21.8981	1699.58	32.545	25.7933	17.9833	14.0842				4.2646	0.0	2.64066	8.5871	0.285098
2016/09/26 20:35:00		1.92294	149.479	29.8104	0.364583	1006.48	1.13021	26.5187				22.165	1635.83	32.1057	25.9983	18.3792	14.4317				4.17272	0.033807	2.59607	8.5132	0.278049
2016/09/26 20:40:00		2.22475	167.881	29.8083	0.367188	1006.5	1.18125	26.4325				22.2174	1689.38	31.2449	25.6983	18.1458	14.0117				3.94031	0.119318	2.48329	8.3264	0.260219
2016/09/26 20:45:00		2.22726	162.246	29.7391	0.360938	1006.51	1.09375	26.2948				22.0077	1631.67	31.1628	25.2325	17.4733	13.0283				3.94031	0.119318	2.48329	8.3264	0.260219
2016/09/26 20:50:00		2.42403	155.633	29.7109	0.367708	1006.51	1.11563	26.1609				21.7837	1563.54	31.1342	24.4917	17.3658	12.9858				3.89388	0.119633	2.5041	8.2244	0.259037
2016/09/26 20:55:00		2.11067	158.103	29.626	0.364583	1006.56	1.13021	26.1252				21.7455	1492.92	31.4092	23.7983	16.5242	12.505				3.77642	0.120429	2.55676	7.9663	0.256048
2016/09/26 21:00:00		2.58143	161.72	29.6109	0.365104	1006.63	1.16667	26.0924				21.941	1464.17	32.6593	26.7967	18.5067	13.3783				3.77642	0.120429	2.55676	7.9663	0.256048
2016/09/26 21:05:00		2.33158	163.059	29.5818	0.360417	1006.67	1.05729	26.1413				22.0029	1491.67	33.5308	25.0842	17.5875	13.1775				3.58505	0.086307	2.37397	7.5111	0.244528
2016/09/26 21:10:00		1.90836	153.068	29.4932	0.359375	1006.7	1.08646	26.2465				21.7265	1419.38	32.6736	25.6808	18.0317	13.5458				3.10099	0.0	1.91164	6.3597	0.215387
2016/09/26 21:15:00		1.57777	155.348	29.4755	0.360417	1006.75	1.10104	26.2578				21.8313	1409.79	32.4593	30.3	21.36	15.75				3.10099	0.0	1.91164	6.3597	0.215387
2016/09/26 21:20:00		1.61575	149.373	29.3953	0.3625	1006.79	1.05729	26.2742				22.1888	1458.75	33.3308	31.255	21.55	15.695				3.00614	0.0	1.90251	6.4094	0.230345
2016/09/26 21:25:00		1.74732	160.818	29.3974	0.363542	1006.8	1.12292	26.3426				22.0363	1487.5	34.2166	34.7375	24.4517	18.7633				2.76624	0.0	1.87941	6.5351	0.26818
2016/09/26 21:30:00		2.11775	143.168	29.3896	0.357292	1006.78	1.08646	26.341				22.0935	1503.96	35.0452	44.6467	32.11	24.95				2.76624	0.0	1.87941	6.5351	0.26818
2016/09/26 21:35:00		3.06455	147.623	29.3026	0.361979	1006.77	1.18854	26.3491				21.7503	1451.04	35.1595	43.6833	33.085	26.4				2.6622	0.031919	1.8962	6.5821	0.293692
2016/09/26 21:40:00		2.16635	162.531	29.2536	0.360417	1006.81	1.18854	26.4154				21.8695	1389.58	35.9167	65.573	44.77	25.2567				2.39906	0.112655	1.93866	6.7009	0.358221
2016/09/26 21:45:00		2.27102	161.94	29.2026	0.365625	1006.95	1.13021	26.4011				22.1411	1388.96	35.7309	40.1	28.2533	22.0467				2.39906	0.112655	1.93866	6.7009	0.358221
2016/09/26 21:50:00		1.75686	166.445	29.2047	0.361979	1007.02	1.1375	26.3907				22.1936	1509.79	36.1453	38.8217	27.4617	20.9833				2.3457	0.080736	1.86829	6.4539	0.351467
2016/09/26 21:55:00		2.11126	153.441	29.138	0.361979	1007.1	1.13021	26.4444				22.246	1518.33	36.3203	35.135	25.5825	20.5392				2.21076	0.0	1.69028	5.829	0.334384
2016/09/26 22:00:00		1.86254	162.077	29.1016	0.359375	1007.1	1.10104	26.4301				21.9362	1501.46	36.181	37.6575	27.095	21.4875				2.21076	0.0	1.69028	5.829	0.334384
2016/09/26 22:05:00		2.28431	159.518	29.0797	0.363021	1007.19	1.15937	26.4105				21.96	1510.42	36.8774	35.815	26.695	21.2908				2.78774	0.071226	1.87146	6.5111	0.33625
2016/09/26 22:10:00		2.0063	149.927	28.9964	0.363021	1007.21	1.15937	26.4661				21.9648	1485.21	36.5417	34.7617	26.1583	21.385				4.24716	0.251387	2.32971	8.2364	0.340971
2016/09/26 22:15:00		1.72272	166.168	28.999	0.360938	1007.3	1.14479	26.4309				22.1221	1506.04	36.7739	41.115	29.9217	23.7458				4.24716	0.251387	2.32971	8.2364	0.340971
2016/09/26 22:20:00		1.88244	173.178	28.9932	0.359375	1007.33	1.10104	26.4132				22.1173	1597.5	38.2454	40.7942	28.9783	23.0117				3.78805	0.219409	2.18372	7.6604	0.335171
2016/09/26 22:25:00		1.95585	153.423	28.949	0.363021	1007.33	1.1375	26.4543				22.0887	1597.5	39.0562	37.76	27.765	22.63				2.62676	0.138526	1.81447	6.2033	0.320499
2016/09/26 22:30:00		1.87002	155.569	28.9026	0.359896	1007.3	1.16667	26.4172				22.022	1586.25	38.9883	40.175	28.9517	23.3692				2.62676	0.138526	1.81447	6.2033	0.320499
2016/09/26 22:35:00		1.9113	161.13	28.9005	0.361458	1007.32	1.07917	26.3872				22.0744	1560.63	39.2026	39.4775	28.9567	23.2042				2.74512	0.143723	1.92325	6.633	0.324097
2016/09/26 22:40:00		2.03544	157.137	28.9	0.363021	1007.3	1.12292	26.4323				22.1888	1602.92	39.3848	36.725	27.2683	23.0725				3.0445	0.15687	2.19841	7.7198	0.333199
2016/09/26 22:45:00		1.98661	165.508	28.8125	0.359896	1007.28	1.1375	26.3896				21.8885	1558.75	39.842	37.2858	27.66	23.0225				3.0445	0.15687	2.19841	7.7198	0.333199
2016/09/26 22:50:00		2.19067	158.189	28.8005	0.363021	1007.34	1.14479	26.3507				22.0649	1542.29	39.3884	37.3458	27.52	23.2558				2.95064	0.14954	2.16457	7.5587	0.324713
2016/09/26 22:55:00		1.87369	153.445	28.7214	0.360938	1007.28	1.10833	26.3939				21.655	1470.42	38.6597	35.4608	27.0733	23.1592				2.71324	0.130999	2.07896	7.1512	0.303249
2016/09/26 23:00:00		1.86919	152.589	28.7073	0.363542	1007.29	1.13021	26.3542				21.9267	1409.38	38.4025	36.3175	27.2842	23.3942				2.71324	0.130999	2.07896	7.1512	0.303249
2016/09/26 23:05:00		1.65981	147.817	28.6531	0.3625	1007.3	1.04271	26.3193				21.9076	1353.13	38.2883	36.8375	27.5908	23.3858				2.60416	0.093883	2.00349	6.8638	0.292117
2016/09/26 23:10:00		2.18952	145.392	28.6005	0.361979	1007.33	1.10833	26.3622				21.9219	1305.83	38.374	38.0867	28.1867	23.3425				2.32827	0.0	1.81258	6.137	0.263963
2016/09/26 23:15:00		1.82196	147.661	28.6	0.363542	1007.33	1.08646	26.323				21.7646	1285.0	37.9882	34.0192	26.4008	22.6733				2.32827	0.0	1.81258	6.137	0.263963
2016/09/26 23:20:00		2.00595	169.203	28.5531	0.360417	1007.37	1.11563	26.2846				21.8075	1201.04	37.5596	35.6958	27.385	22.47				2.17563	0.0	1.72434	5.7212	0.248803
2016/09/26 23:25:00		2.01993	148.089	28.499	0.364583	1007.38	1.10833	26.3134				21.798	1151.25	37.8596	36.1258	26.4392	22.0625				1.78953	0.0	1.50116	4.66934	0.210459
2016/09/26 23:30:00		1.78196	149.791	28.4964	0.363021	1007.42	1.15208	26.2701				21.8742	1119.58	37.2167	37.32	26.6908	22.2108				1.78953	0.0	1.50116	4.66934	0.210459
2016/09/26 23:35:00		1.44145	158.272	28.4927	0.360417	1007.42	1.11563	26.2326				21.9124	1105.63	37.5418	36.2625	26.6175	21.875				1.69616	0.0	1.45375	4.50606	0.200523
2016/09/26 23:40:00		2.05024	160.862	28.4969	0.358333	1007.42	1.12292	26.4272				21.9648	1063.96	37.0453	36.5108	25.9342	21.8358				1.46001	0.0	1.33384	4.09308	0.17539
2016/09/26 23:45:00		1.5858	166.491	28.4979	0.357292	1007.41	1.10833	26.6224				21.8933	1029.58	36.806	34.5083	25.27	20.895				1.46001	0.0	1.33384	4.09308	0.17539
2016/09/26 23:50:00		1.50315	165.016	28.4932	0.363021	1007.42	1.14479	26.7542				21.9839	999.38	35.5024	30.0192	23.8167	20.1492				1.53173	0.0	1.34632	4.13174	0.176357
2016/09/26 23:55:00		1.75084	158.667	28.4036	0.3625	1007.44	1.10833	26.8342				21.9934	967.29	34.2987	29.8642	23.1683	19.7425				1.71316	0.0	1.37792	4.22956	0.178802
2016/09/27 00:00:00		1.79908	156.058	28.3995	0.360938	1007.48	1.07187	26.8425				22.0363	923.96	34.0737	29.8083	22.6633	19.3867				1.71316	0.0	1.37792	4.22956	0.178802
