-- 1st mean values --
Format: XTAB(V:1;HEAD:2;COL:TCFFFFFFFFFFFFFFFFFFFFFFFF)
StartTime: 2016/09/27 00:00:00
EndTime: 2016/09/28 00:00:00
Period: 24 h
Station: Gia Lam

Time	MeasPt	Wind Spd.	Wind Dir.	Temp	RH	Barometer	Radiation	InnerTemp	NO	NO2	NOx	SO2	CO	O3	PM-10	PM-2.5	PM-1	CH4	NMHC	THC	BENZEN	TOLUEN	ETHYL BENZEN	MP-XYLEN	O-XYLEN
		m/s	degree	°C	%	hPa	W/m²	°C	µg/m3	µg/m3	µg/m3	µg/m3	µg/m3	µg/m3	µg/m3	µg/m3	µg/m3	ppm	ppmC	ppmC	ug/m3	ug/m3	ug/m3	ug/m3	ug/m3
2016/09/27 00:05:00		1.40491	162.654	28.3604	0.363021	1007.5	1.09375	26.8379				22.1126	873.54	33.8451	28.5992	22.2592	18.9917				1.72818	0.0	1.37469	4.19989	0.177285
2016/09/27 00:10:00		1.67391	160.076	28.3031	0.358333	1007.46	1.09375	26.868				22.2698	820.42	32.6736	27.2425	21.9542	18.6933				1.76617	0.0	1.36654	4.12483	0.173448
2016/09/27 00:15:00		1.90793	157.672	28.3042	0.363542	1007.44	1.02813	26.853				22.0172	778.33	32.3307	27.4392	21.1467	17.9758				1.76617	0.0	1.36654	4.12483	0.173448
2016/09/27 00:20:00		1.36928	157.509	28.3052	0.367188	1007.42	1.10833	26.8482				22.1888	754.17	31.9879	27.0242	20.9917	17.4708				1.72843	0.0	1.30423	3.94987	0.124304
2016/09/27 00:25:00		1.32616	158.47	28.2062	0.360938	1007.39	1.07917	26.8932				22.1888	731.87	32.245	26.6067	20.2992	17.32				1.63296	0.0	1.14661	3.50734	0.0
2016/09/27 00:30:00		1.36481	158.357	28.2021	0.361458	1007.38	1.10833	26.9483				22.2746	748.96	32.3307	26.32	19.6033	17.075				1.63296	0.0	1.14661	3.50734	0.0
2016/09/27 00:35:00		1.35217	165.384	28.2047	0.364062	1007.35	1.05729	26.9931				22.1698	727.71	32.0736	25.01	19.46	16.8667				1.85506	0.0	1.20247	3.72123	0.0
2016/09/27 00:40:00		1.10762	155.543	28.2026	0.358854	1007.33	1.02813	27.0737				22.3366	700.42	32.045	24.815	19.5	16.595				2.41684	0.0	1.34379	4.26225	0.0
2016/09/27 00:45:00		0.9839	158.511	28.1995	0.364062	1007.29	1.06458	27.1032				22.3271	667.5	31.8986	29.155	21.4517	16.8167				2.41684	0.0	1.34379	4.26225	0.0
2016/09/27 00:50:00		1.05618	150.654	28.138	0.361979	1007.24	1.13021	27.1359				22.2651	657.71	31.7414	24.6283	19.0833	16.035				2.41684	0.0	1.34379	4.26225	0.0
2016/09/27 00:55:00		1.4896	154.946	28.1036	0.3625	1007.13	1.07187	27.2095				22.4033	629.17	31.4878	23.9233	18.96	15.9967				2.41684	0.0	1.34379	4.26225	0.0
2016/09/27 01:00:00		1.48514	152.033	28.1016	0.359896	1007.1	1.07187	27.2288				22.1507	620.21	31.4485	24.5367	18.73	16.055				2.41684	0.0	1.34379	4.26225	0.0
2016/09/27 01:05:00		1.4616	149.778	28.1052	0.364583	1007.02	1.16667	27.2425				22.2889	598.54	31.5485	25.9	19.39	16.14				2.40686	0.0	1.30041	4.07871	0.0
2016/09/27 01:10:00		1.24661	150.477	28.1047	0.365104	1006.96	1.14479	27.2954				22.4033	618.54	31.2735	24.4417	18.7533	15.7133				2.38162	0.0	1.19069	3.61444	0.0
2016/09/27 01:15:00		1.10645	131.231	28.1031	0.363021	1006.94	1.12292	27.3177				22.3366	590.63	30.9735	24.0742	18.6325	15.7533				2.38162	0.0	1.19069	3.61444	0.0
2016/09/27 01:20:00		1.61154	141.069	28.0604	0.3625	1006.9	1.11563	27.3284				22.2699	556.46	30.502	23.9433	18.4083	15.8958				2.12652	0.0	1.1461	3.43182	0.0
2016/09/27 01:25:00		0.89124	136.651	28.0026	0.364583	1006.88	1.11563	27.362				22.2317	526.88	30.1306	23.3733	18.1758	15.36				1.48128	0.0	1.03332	2.96993	0.0
2016/09/27 01:30:00		0.97668	146.477	27.9995	0.364062	1006.78	1.09375	27.3534				22.3128	551.04	30.0877	23.9142	18.2383	15.1025				1.48128	0.0	1.03332	2.96993	0.0
2016/09/27 01:35:00		1.11088	136.623	27.9979	0.358333	1006.72	1.10104	27.358				22.3604	552.29	30.1306	24.595	17.8583	14.8817				1.4468	0.0	1.0305	2.92388	0.28197
2016/09/27 01:40:00		1.16739	133.527	28.001	0.356771	1006.65	1.13021	27.3975				22.4319	537.5	30.3735	23.4542	18.0158	14.6983				1.35958	0.0	1.02337	2.80738	0.99519
2016/09/27 01:45:00		1.17942	136.011	27.9995	0.359375	1006.63	1.02083	27.3886				22.4129	528.75	30.2306	22.6292	17.3242	14.8417				1.35958	0.0	1.02337	2.80738	0.99519
2016/09/27 01:50:00		1.25173	132.949	27.9432	0.3625	1006.58	1.15937	27.387				22.1888	507.08	30.1449	22.625	18.1533	15.6858				1.37746	0.0	1.01665	2.77919	0.97988
2016/09/27 01:55:00		1.33304	143.456	27.8984	0.365104	1006.55	1.08646	27.4109				22.1698	494.792	30.202	23.3783	18.5758	15.6733				1.4227	0.0	0.99967	2.70786	0.94117
2016/09/27 02:00:00		1.25319	135.896	27.901	0.361458	1006.57	1.08646	27.4141				22.4415	513.13	30.5449	22.8233	18.6358	15.8758				1.4227	0.0	0.99967	2.70786	0.94117
2016/09/27 02:05:00		1.28381	136.758	27.8198	0.3625	1006.5	1.14479	27.4082				22.4462	513.75	30.5449	24.715	19.1458	16.0517				1.34336	0.0	0.9865	2.54593	0.8931
2016/09/27 02:10:00		1.41387	131.043	27.8083	0.358854	1006.43	1.05	27.4273				22.451	511.25	30.0877	25.5233	19.4208	15.7433				1.14269	0.0	0.95321	2.13634	0.77151
2016/09/27 02:15:00		1.27401	129.968	27.8026	0.363542	1006.42	1.11563	27.4195				22.4701	500.21	30.0877	22.4792	17.6167	15.2067				1.14269	0.0	0.95321	2.13634	0.77151
2016/09/27 02:20:00		1.73994	127.325	27.8042	0.360417	1006.4	1.09375	27.409				22.4272	495.208	30.0592	21.7975	17.285	14.4942				1.25463	0.0	0.99189	2.39011	0.85973
2016/09/27 02:25:00		1.44127	131.94	27.7807	0.3625	1006.36	1.14479	27.4297				22.3175	484.583	29.702	21.3525	16.4108	13.8633				1.53777	0.0	1.08973	3.03201	1.08286
2016/09/27 02:30:00		1.53428	131.746	27.7062	0.361979	1006.29	1.10104	27.4254				22.1888	465.833	29.4877	20.2775	15.7125	13.0717				1.53777	0.0	1.08973	3.03201	1.08286
2016/09/27 02:35:00		1.19016	137.115	27.7021	0.364062	1006.27	1.12292	27.4179				22.1936	448.958	29.2912	22.275	16.7858	13.135				1.44984	0.0	1.04702	2.93359	0.77605
2016/09/27 02:40:00		1.36642	126.72	27.7036	0.363542	1006.22	1.15937	27.4246				22.6131	475.625	29.1305	20.3633	15.6717	12.9083				1.22742	0.0	0.93899	2.68465	0.0
2016/09/27 02:45:00		1.01541	131.299	27.7036	0.364062	1006.16	1.10833	27.4106				22.4605	498.958	28.8698	23.1867	17.1592	13.7692				1.22742	0.0	0.93899	2.68465	0.0
2016/09/27 02:50:00		1.11541	129.009	27.7052	0.364062	1006.14	1.04271	27.4109				22.6464	514.79	28.9019	29.485	20.5058	14.7208				1.32751	0.0	0.97673	2.75849	0.0
2016/09/27 02:55:00		0.7868	143.99	27.7052	0.361979	1006.1	1.14479	27.4257				22.5273	512.08	29.3662	26.1633	18.3375	14.1708				1.58066	0.0	1.07219	2.94529	0.0
2016/09/27 03:00:00		1.32087	131.617	27.7021	0.361979	1006.05	1.12292	27.4117				22.4129	498.125	29.5627	24.015	17.48	13.5458				1.58066	0.0	1.07219	2.94529	0.0
2016/09/27 03:05:00		1.54641	137.354	27.6974	0.366146	1006.02	1.07187	27.3977				22.5702	503.33	29.4698	25.4117	17.8483	12.9892				1.59113	0.0	1.20877	3.07271	0.34293
2016/09/27 03:10:00		1.15821	128.827	27.7052	0.363021	1005.99	1.04271	27.4171				22.4939	495.625	29.1627	25.1942	17.1867	12.3758				1.61762	0.0	1.55425	3.39502	1.21034
2016/09/27 03:15:00		1.18383	147.241	27.7021	0.365625	1005.98	1.07187	27.4082				22.6083	500.63	29.527	30.5267	20.4758	13.4208				1.61762	0.0	1.55425	3.39502	1.21034
2016/09/27 03:20:00		0.79515	152.757	27.7042	0.360938	1006.01	1.02813	27.3961				22.6131	489.792	29.3234	28.0792	18.9492	13.0392				1.54322	0.0	1.58097	3.31701	0.86741
2016/09/27 03:25:00		0.82827	156.581	27.7026	0.366146	1006.01	1.10104	27.4138				22.5511	524.17	29.2555	28.0692	19.165	13.0375				1.35505	0.0	1.64857	3.11968	0.0
2016/09/27 03:30:00		0.9811	137.996	27.7016	0.364062	1006.1	1.10833	27.4157				22.308	532.92	29.0519	27.9675	18.8783	13.0925				1.35505	0.0	1.64857	3.11968	0.0
2016/09/27 03:35:00		1.12207	124.514	27.6948	0.358333	1006.2	1.06458	27.3999				22.6703	538.96	29.302	26.7058	18.0817	13.0125				1.46886	0.0	1.66254	3.07403	0.058489
2016/09/27 03:40:00		0.79942	127.844	27.7036	0.361979	1006.25	1.13021	27.4101				22.5797	585.42	29.3698	31.0817	21.1017	14.5417				1.75675	0.0	1.69787	2.95856	0.206431
2016/09/27 03:45:00		0.81748	122.527	27.7026	0.3625	1006.29	1.08646	27.3977				22.7751	618.54	30.0163	39.835	26.6817	18.0883				1.75675	0.0	1.69787	2.95856	0.206431
2016/09/27 03:50:00		0.68626	137.583	27.6891	0.360938	1006.35	1.05729	27.3741				22.6035	661.04	31.2021	37.58	26.2717	20.13				1.85397	0.0	1.73399	3.06087	0.216246
2016/09/27 03:55:00		1.05314	127.053	27.6026	0.360938	1006.37	1.07917	27.3838				22.4605	730.63	31.9021	38.0317	26.92	20.8233				2.09987	0.0	1.82537	3.31967	0.241073
2016/09/27 04:00:00		1.10685	133.405	27.6026	0.365104	1006.39	1.06458	27.3682				22.5892	769.58	32.5843	36.9083	26.4408	21.2292				2.09987	0.0	1.82537	3.31967	0.241073
2016/09/27 04:05:00		1.20572	130.233	27.601	0.360417	1006.38	1.08646	27.3529				22.5082	851.46	33.1451	38.985	28.1	22.635				2.47195	0.0	2.26239	3.94471	0.27691
2016/09/27 04:10:00		0.67065	124.069	27.5979	0.360938	1006.35	1.05	27.366				22.8085	943.13	34.5166	38.7567	28.5667	23.7417				3.41307	0.0	3.36777	5.5257	0.367557
2016/09/27 04:15:00		0.81494	130.738	27.6005	0.361458	1006.35	1.08646	27.3601				22.7513	969.38	35.5309	40.915	29.6167	24.4217				3.41307	0.0	3.36777	5.5257	0.367557
2016/09/27 04:20:00		0.53995	86.408	27.6021	0.364062	1006.3	0.99167	27.3564				22.6035	1014.79	36.3238	39.175	29.6775	25.2017				3.58123	0.0	3.50663	5.7889	0.379883
2016/09/27 04:25:00		0.91004	83.875	27.5531	0.361458	1006.31	1.05	27.376				22.7322	1075.63	37.5203	37.82	28.9442	25.2225				4.00656	0.0	3.85788	6.4545	0.41106
2016/09/27 04:30:00		1.03561	91.011	27.4984	0.359896	1006.36	1.15208	27.3617				22.6274	1106.88	38.474	39.2142	29.415	25.3758				4.00656	0.0	3.85788	6.4545	0.41106
2016/09/27 04:35:00		1.25536	91.054	27.4974	0.361979	1006.36	1.10104	27.358				22.675	1161.04	38.5311	36.6475	29.1308	25.0833				3.98483	0.0	3.74078	6.3659	0.424555
2016/09/27 04:40:00		1.2911	93.034	27.4422	0.357812	1006.36	1.10833	27.3749				22.6941	1211.25	38.674	36.4117	29.6233	25.8258				3.92985	0.0	3.44456	6.1417	0.458688
2016/09/27 04:45:00		1.18149	94.364	27.3969	0.357812	1006.38	1.07917	27.354				22.8037	1277.92	38.6597	40.4717	32.1617	27.4258				3.92985	0.0	3.44456	6.1417	0.458688
2016/09/27 04:50:00		1.11824	96.435	27.3953	0.360938	1006.4	1.10104	27.3376				22.9134	1305.0	39.5812	41.9033	32.2467	27.4742				3.93775	0.0	3.42884	6.1404	0.5257
2016/09/27 04:55:00		0.85322	108.567	27.3964	0.367188	1006.43	1.09375	27.3405				22.5797	1335.42	39.6348	42.1183	32.5925	27.5042				3.95775	0.0	3.3891	6.137	0.69521
2016/09/27 05:00:00		1.02134	95.58	27.4005	0.359375	1006.46	1.07187	27.3319				22.5845	1383.96	40.0991	42.535	32.7733	27.795				3.95775	0.0	3.3891	6.137	0.69521
2016/09/27 05:05:00		1.18151	89.627	27.3276	0.358333	1006.54	1.07917	27.3271				22.7179	1495.63	40.1634	48.2258	34.3367	28.6125				4.09113	0.0	3.28058	6.235	0.86386
2016/09/27 05:10:00		1.00114	105.061	27.3016	0.361458	1006.6	1.04271	27.3357				22.7847	1653.96	40.3956	48.1592	34.9025	28.9325				4.42849	0.0	3.00611	6.4829	1.29043
2016/09/27 05:15:00		0.62647	135.371	27.3	0.359896	1006.68	1.10833	27.3166				22.9849	1753.54	41.4528	48.1583	34.2333	28.3783				4.42849	0.0	3.00611	6.4829	1.29043
2016/09/27 05:20:00		0.92803	102.272	27.3036	0.3625	1006.76	1.11563	27.3037				22.8943	1779.58	41.9028	47.995	34.4975	28.9808				4.70611	0.036219	3.21763	7.0321	1.32198
2016/09/27 05:25:00		0.80841	102.808	27.2995	0.361979	1006.79	1.09375	27.3169				23.1755	1887.08	41.8885	53.882	37.825	30.0858				5.4083	0.127832	3.75266	8.4212	1.4018
2016/09/27 05:30:00		0.945	108.878	27.3068	0.363542	1006.79	1.09375	27.304				22.9849	2019.79	42.7743	47.9075	35.5817	29.2217				5.4083	0.127832	3.75266	8.4212	1.4018
2016/09/27 05:35:00		0.82155	109.773	27.3005	0.364062	1006.82	1.1375	27.3086				22.8943	2016.67	44.1672	52.904	37.0483	29.6617				5.434	0.133181	3.84747	8.6078	1.41616
2016/09/27 05:40:00		1.38894	86.838	27.299	0.361979	1006.84	1.10104	27.3035				23.3424	2159.58	47.1889	55.191	38.7842	30.4775				5.499	0.146711	4.0873	9.0799	1.4525
2016/09/27 05:45:00		1.31485	89.532	27.301	0.360417	1006.83	1.10104	27.1644				23.2423	2297.29	46.0495	54.908	38.3425	30.8933				5.499	0.146711	4.0873	9.0799	1.4525
2016/09/27 05:50:00		0.98832	100.25	27.3031	0.363021	1006.86	1.15937	27.1647				23.4377	2403.96	60.579	54.552	38.6475	30.965				5.5543	0.148202	4.13524	9.229	1.44915
2016/09/27 05:55:00		0.91801	98.647	27.2984	0.360938	1006.83	1.10104	27.3636				23.5855	2521.46	80.623	59.64	40.7992	31.165				5.6943	0.151975	4.25652	9.606	1.44066
2016/09/27 06:00:00		0.59152	28.29	27.2995	0.361979	1006.79	1.04271	27.5456				23.4997	2613.13	88.849	60.39	41.2342	31.5375				5.6943	0.151975	4.25652	9.606	1.44066
2016/09/27 06:05:00		0.0	502.0	27.3	0.357292	1006.82	1.07187	27.758				23.5855	2812.92	88.749	65.053	44.4692	33.7267				5.9432	0.161927	4.31736	9.9645	1.40816
2016/09/27 06:10:00		0.50625	172.575	27.3031	0.363021	1006.85	4.025	28.023				23.8143	3012.08	87.449	63.494	43.8658	33.7667				6.573	0.1871	4.47124	10.8713	1.32597
2016/09/27 06:15:00		0.55359	57.646	27.2995	0.360938	1006.88	12.7677	28.2353				23.7666	3297.29	85.077	66.984	45.2967	33.7833				6.573	0.1871	4.47124	10.8713	1.32597
2016/09/27 06:20:00		0.0	502.0	27.301	0.360417	1006.92	24.026	28.4321				23.6808	3318.54	84.181	58.472	41.7692	33.32				6.8526	0.202355	4.41363	11.4043	1.35981
2016/09/27 06:25:00		0.56568	78.47	27.2979	0.360938	1006.95	34.6208	28.6343				23.9573	3114.58	70.123	60.448	42.0125	31.9458				7.5598	0.240939	4.2679	12.7526	1.4454
2016/09/27 06:30:00		0.0	502.0	27.299	0.359896	1007.03	48.1833	28.5395				24.167	3376.25	50.2	53.336	37.5358	29.6175				7.5598	0.240939	4.2679	12.7526	1.4454
2016/09/27 06:35:00		0.62671	54.749	27.3125	0.361458	1007.1	61.833	28.3191				23.8047	3219.17	46.5031	58.875	39.805	29.3708				7.7732	0.245834	4.3701	13.2562	1.47762
2016/09/27 06:40:00		0.0	502.0	27.3974	0.363542	1007.15	75.447	28.1838				24.2814	3471.04	45.7459	51.377	36.195	27.0742				8.313	0.258214	4.62861	14.5298	1.55913
2016/09/27 06:45:00		0.81717	70.642	27.3927	0.363021	1007.19	91.839	27.9484				24.0478	3511.67	45.1316	46.2	32.5267	24.7517				8.313	0.258214	4.62861	14.5298	1.55913
2016/09/27 06:50:00		1.06749	78.255	27.399	0.363021	1007.27	110.097	27.7322				23.5426	3426.04	44.103	42.5417	29.6383	22.6933				9.219	0.376287	4.86297	15.3931	1.58545
2016/09/27 06:55:00		0.95692	81.815	27.4521	0.364583	1007.28	129.923	27.5508				24.0431	3453.96	43.8743	46.31	32.9525	25.1642				11.5106	0.67494	5.4557	17.577	1.65202
2016/09/27 07:00:00		0.58655	100.219	27.575	0.364062	1007.3	138.841	27.3792				24.0431	3590.0	48.1282	51.542	34.5708	24.0083				11.5106	0.67494	5.4557	17.577	1.65202
2016/09/27 07:05:00		0.61444	46.645	27.6641	0.360417	1007.36	158.499	27.4485				24.1861	3816.04	68.24	51.718	34.9883	25.4317				10.9909	0.64779	5.2758	17.0184	1.4776
2016/09/27 07:10:00		0.9205	92.342	27.6953	0.359896	1007.42	182.022	27.6659				23.7666	3668.33	95.342	44.4733	30.37	23.6883				9.6764	0.57911	4.82058	15.6055	1.03642
2016/09/27 07:15:00		0.77768	78.473	27.7026	0.360417	1007.49	199.901	27.9019				23.8047	3368.13	136.563	51.975	34.8267	24.1033				9.6764	0.57911	4.82058	15.6055	1.03642
2016/09/27 07:20:00		0.81085	47.7713	27.799	0.363021	1007.56	210.882	28.1172				24.4101	3663.33	165.043	45.4533	30.6633	22.0667				9.9511	0.59694	4.84073	15.8888	1.03964
2016/09/27 07:25:00		0.0	502.0	27.8406	0.360417	1007.63	241.595	28.3524				24.1098	3355.63	173.872	42.5	28.7383	21.4067				10.6458	0.64204	4.89168	16.6055	1.04779
2016/09/27 07:30:00		0.0	502.0	27.9026	0.357812	1007.62	261.953	28.3672				24.6389	3230.21	75.994	41.725	28.0717	20.3083				10.6458	0.64204	4.89168	16.6055	1.04779
2016/09/27 07:35:00		0.50625	326.25	27.9766	0.364583	1007.6	275.129	28.2764				24.6675	3353.54	45.5566	42.4267	28.5375	19.1983				10.5589	0.53739	4.93331	16.7035	1.0482
2016/09/27 07:40:00		0.56953	299.386	28.0792	0.365104	1007.63	294.948	28.18				24.5769	3409.17	39.8598	36.4417	24.3817	16.6425				10.339	0.272692	5.0386	16.9514	1.04921
2016/09/27 07:45:00		0.5625	300.938	28.1953	0.367708	1007.69	313.855	28.0195				24.3481	3238.33	39.4883	35.8192	24.035	17.3475				10.339	0.272692	5.0386	16.9514	1.04921
2016/09/27 07:50:00		0.55974	294.356	28.2938	0.364583	1007.73	331.545	27.856				24.0192	3082.29	38.6597	40.945	27.44	18.8375				10.6778	0.386547	5.142	17.3703	1.03256
2016/09/27 07:55:00		1.03653	34.0316	28.3682	0.363021	1007.75	342.876	27.7454				23.8619	3185.63	38.999	36.605	24.6083	17.3658				11.535	0.67453	5.4036	18.43	0.99045
2016/09/27 08:00:00		0.64212	336.359	28.4474	0.367708	1007.82	343.853	27.5312				23.9239	3341.04	39.5812	56.387	37.6358	22.9733				11.535	0.67453	5.4036	18.43	0.99045
2016/09/27 08:05:00		0.61959	308.362	28.5849	0.368229	1007.88	356.898	27.3784				23.5903	3594.58	40.6027	44.9242	30.615	23.21				11.535	0.67453	5.4036	18.43	0.99045
2016/09/27 08:10:00		0.88325	334.877	28.5995	0.363542	1007.94	368.557	27.3236				23.0373	3131.46	41.9849	47.4517	32.4583	24.7017				11.535	0.67453	5.4036	18.43	0.99045
2016/09/27 08:15:00		0.62253	334.13	28.6609	0.367188	1007.99	362.571	27.2122				23.2184	3107.29	42.8743	51.047	34.7375	24.5958				11.535	0.67453	5.4036	18.43	0.99045
2016/09/27 08:20:00		0.92385	337.216	28.7042	0.364583	1008.0	306.979	27.1113				23.1326	3209.38	44.0029	50.354	34.355	25.0217				10.8958	0.55668	5.0911	17.4565	0.9264
2016/09/27 08:25:00		0.62844	31.876	28.7813	0.363542	1008.01	444.916	27.0898				22.9372	3118.54	43.8172	44.8092	31.3	23.8067				9.2789	0.258584	4.3006	14.9942	0.7644
2016/09/27 08:30:00		0.59413	38.9633	28.8068	0.361458	1008.01	499.246	27.0194				22.9467	3016.04	43.0743	47.0875	31.9142	23.5108				9.2789	0.258584	4.3006	14.9942	0.7644
2016/09/27 08:35:00		1.33794	285.888	28.8589	0.361458	1008.04	506.3	26.9534				22.7608	2837.08	43.1743	42.1467	29.9733	23.6308				8.7918	0.249984	4.14468	14.2517	0.66031
2016/09/27 08:40:00		1.0807	291.813	28.9661	0.369792	1008.06	500.68	26.9545				22.4176	2512.92	43.1314	38.8175	26.675	21.4508				7.5598	0.22823	3.75029	12.3735	0.397034
2016/09/27 08:45:00		1.06544	300.604	29.0625	0.365104	1008.1	506.17	26.9042				22.4272	2330.0	42.4743	33.6033	24.6283	19.7167				7.5598	0.22823	3.75029	12.3735	0.397034
2016/09/27 08:50:00		0.91797	313.492	29.1974	0.364583	1008.14	528.56	26.8573				22.6464	2180.0	42.0885	42.2442	30.3433	25.2825				6.9621	0.212906	3.48088	11.3544	0.370743
2016/09/27 08:55:00		0.7403	64.05	29.3193	0.364583	1008.15	563.54	26.886				22.6369	2102.29	43.1029	36.1583	25.9008	21.8725				5.4502	0.174144	2.79944	8.7766	0.304244
2016/09/27 09:00:00		1.19794	307.835	29.4453	0.363021	1008.16	562.65	26.8404				22.4701	2005.21	42.86	40.4608	30.34	25.5058				5.4502	0.174144	2.79944	8.7766	0.304244
2016/09/27 09:05:00		1.2631	293.202	29.5078	0.364583	1008.18	548.01	26.8208				22.2985	1913.13	43.6707	37.7625	29.1	24.52				5.3059	0.1591	2.719	8.4356	0.290897
2016/09/27 09:10:00		1.0724	312.435	29.6167	0.369271	1008.19	567.12	26.8511				22.513	1947.08	44.0493	39.6283	29.4892	23.985				4.94108	0.121046	2.51552	7.5729	0.257138
2016/09/27 09:15:00		1.70599	319.069	29.7234	0.364062	1008.23	597.7	26.8272				22.5416	1908.75	44.2208	34.3142	25.2192	21.0833				4.94108	0.121046	2.51552	7.5729	0.257138
2016/09/27 09:20:00		1.60937	310.007	29.8464	0.368229	1008.28	623.88	26.8138				22.3128	1786.67	43.2172	29.0517	22.9217	19.3167				4.95294	0.086749	2.54896	7.3191	0.264402
2016/09/27 09:25:00		0.7361	257.454	29.9068	0.367708	1008.3	633.89	26.861				22.3128	1546.46	42.4171	33.6117	25.7442	22.4483				4.98292	0.0	2.63354	6.6772	0.282776
2016/09/27 09:30:00		1.54337	308.697	29.9589	0.371354	1008.32	640.21	26.8404				22.4415	1418.13	42.6171	37.5942	29.4492	25.5483				4.98292	0.0	2.63354	6.6772	0.282776
2016/09/27 09:35:00		1.43072	312.493	30.0661	0.36875	1008.33	639.35	26.8334				22.4367	1323.75	42.96	37.04	29.0642	25.1083				4.63353	0.0	3.092	6.8095	0.264294
2016/09/27 09:40:00		0.91095	315.295	30.1812	0.364583	1008.35	622.63	26.8838				22.3652	1268.75	43.9243	38.5467	28.9633	24.4583				3.81827	0.0	4.16172	7.118	0.221169
2016/09/27 09:45:00		0.9516	334.69	30.3089	0.366667	1008.32	693.12	26.883				22.6893	1411.67	43.8279	38.8167	28.5875	23.9658				3.81827	0.0	4.16172	7.118	0.221169
2016/09/27 09:50:00		0.298998	327.747	30.5026	0.367708	1008.24	701.99	26.8946				22.4319	1383.96	43.7743	35.665	27.7558	24.1908				3.79211	0.0	4.77176	7.1265	0.214061
2016/09/27 09:55:00		1.2891	302.58	30.6969	0.366667	1008.17	684.07	26.9682				22.513	1421.04	44.2422	42.865	30.51	25.9875				3.73109	0.0	6.1952	7.1464	0.197474
2016/09/27 10:00:00		0.75645	297.025	30.8583	0.368229	1008.09	676.5	26.9719				22.5416	1417.5	44.7851	42.4967	29.8867	24.5433				3.73109	0.0	6.1952	7.1464	0.197474
2016/09/27 10:05:00		0.65506	316.135	30.9661	0.363542	1008.06	712.39	26.9851				22.5702	1592.71	44.9423	35.035	25.7433	21.7367				4.23002	0.036126	5.5552	7.5922	0.210364
2016/09/27 10:10:00		1.21877	324.446	31.0594	0.365625	1008.0	723.51	27.071				22.6941	1618.54	44.8887	40.0433	28.06	22.7433				5.492	0.127503	3.93657	8.7198	0.242969
2016/09/27 10:15:00		1.402	297.419	31.2469	0.363542	1007.91	716.24	27.0807				22.5606	1801.04	44.9744	31.1283	22.58	18.96				5.492	0.127503	3.93657	8.7198	0.242969
2016/09/27 10:20:00		1.84107	283.994	31.3703	0.363021	1007.86	740.37	27.1038				22.5892	1691.46	44.2458	32.1367	23.9167	19.7067				5.7222	0.152616	3.90971	9.1105	0.270991
2016/09/27 10:25:00		0.98039	290.14	31.375	0.364583	1007.8	768.14	27.1996				22.3938	1526.04	44.0886	30.5117	22.82	19.1033				6.3045	0.216138	3.84177	10.0988	0.341871
2016/09/27 10:30:00		1.43126	277.973	31.5193	0.364583	1007.77	764.68	27.2342				22.8991	1776.04	43.6315	28.6233	20.32	16.665				6.3045	0.216138	3.84177	10.0988	0.341871
2016/09/27 10:35:00		1.64349	287.257	31.5943	0.365104	1007.75	803.79	27.2696				22.7179	1620.63	43.1029	20.655	15.595	13.8025				5.6852	0.151297	3.61723	9.3865	0.318299
2016/09/27 10:40:00		1.40917	276.618	31.5958	0.363021	1007.72	818.31	27.3424				22.9038	1432.08	41.8992	24.0933	17.3692	15.4733				4.24019	0.0	3.09332	7.7246	0.263299
2016/09/27 10:45:00		0.89469	333.672	31.5927	0.366146	1007.61	799.58	27.369				23.0039	1473.13	41.4349	27.3017	18.5933	15.0767				4.24019	0.0	3.09332	7.7246	0.263299
2016/09/27 10:50:00		1.15994	326.038	31.737	0.369271	1007.51	813.05	27.3932				23.2756	1406.46	40.217	31.0592	16.1992	12.4617				3.77614	0.0	2.91671	7.0493	0.241874
2016/09/27 10:55:00		2.25489	304.763	32.0016	0.367708	1007.46	831.53	27.4785				22.9849	1455.21	40.1027	22.2167	13.46	10.9492				2.69336	0.0	2.50461	5.4735	0.191882
2016/09/27 11:00:00		1.22109	304.849	32.1437	0.361458	1007.37	842.58	27.5035				23.2184	1309.79	39.8026	24.4725	14.4375	11.49				2.69336	0.0	2.50461	5.4735	0.191882
2016/09/27 11:05:00		2.063	295.455	32.2521	0.367188	1007.23	840.98	27.5271				23.0278	1276.46	38.5561	21.8842	13.7683	11.8975				3.22154	0.04278	2.678	6.2563	1.03942
2016/09/27 11:10:00		2.18558	294.584	32.2896	0.365104	1007.12	863.18	27.6224				23.2041	1155.0	38.6669	21.15	9.6825	7.9525				4.55751	0.150988	3.11655	8.2364	3.18319
2016/09/27 11:15:00		2.16771	300.818	32.287	0.369792	1007.03	863.87	27.6348				23.2756	1057.29	36.9882	13.19	9.9	8.6358				4.55751	0.150988	3.11655	8.2364	3.18319
2016/09/27 11:20:00		1.57981	310.009	32.3385	0.367708	1006.9	858.51	27.6503				23.1517	1001.88	36.6453	24.43	12.8008	11.2833				3.98352	0.105692	3.86097	7.7431	2.95145
2016/09/27 11:25:00		1.43558	317.216	32.4391	0.372917	1006.81	848.76	27.7328				23.2804	982.71	36.4167	21.0433	10.9858	9.4933				2.64419	0.0	5.5979	6.5919	2.41073
2016/09/27 11:30:00		1.71748	327.218	32.5062	0.367708	1006.7	862.74	27.7282				23.4043	901.67	35.3023	15.7533	10.7283	8.9883				2.64419	0.0	5.5979	6.5919	2.41073
2016/09/27 11:35:00		1.25197	317.39	32.6396	0.365625	1006.59	859.61	27.7156				23.1279	876.25	35.8524	15.07	11.1842	9.3275				2.4582	0.0	4.70706	5.871	2.15624
2016/09/27 11:40:00		1.37158	322.749	32.8021	0.369792	1006.46	853.53	28.0761				23.3805	880.83	46.5103	19.6275	13.5808	11.605				2.0242	0.0	2.62833	4.1888	1.56245
2016/09/27 11:45:00		0.54862	340.504	32.9474	0.3625	1006.34	856.34	28.4856				23.4997	896.25	44.2744	24.3792	15.4825	12.9542				2.0242	0.0	2.62833	4.1888	1.56245
2016/09/27 11:50:00		1.29474	328.962	33.1125	0.366667	1006.24	845.0	28.729				23.8	988.75	39.7919	24.1667	15.39	13.1917				2.0196	0.0	2.51869	4.13947	1.55321
2016/09/27 11:55:00		1.13744	300.241	33.2557	0.365104	1006.13	854.24	28.9632				23.9048	1031.04	38.5883	26.8408	15.7192	13.3983				2.00886	0.0	2.26288	4.02436	1.53164
2016/09/27 12:00:00		1.15831	306.843	33.4604	0.364583	1006.03	851.76	29.0824				23.8858	1061.67	38.0775	25.3575	15.6875	13.0908				2.00886	0.0	2.26288	4.02436	1.53164
2016/09/27 12:05:00		1.66396	326.113	33.5229	0.370313	1005.97	850.53	29.1334				24.1241	1040.0	38.6883	21.5325	13.9133	12.1367				2.76718	0.045876	2.48172	5.1629	1.12929
2016/09/27 12:10:00		1.65677	322.338	33.5062	0.3625	1005.89	839.43	29.226				23.943	937.29	40.3884	27.0358	15.6108	13.0083				4.53659	0.152921	2.99236	7.8193	0.19046
2016/09/27 12:15:00		1.99443	310.244	33.6505	0.369792	1005.8	840.48	29.2904				24.1622	914.17	41.267	104.348	16.3658	12.3675				4.53659	0.152921	2.99236	7.8193	0.19046
2016/09/27 12:20:00		2.66474	306.323	34.0014	0.363636	1005.52	867.68	29.5462				24.024	738.64	40.8534	17.1455	12.4091	10.7909				2.43532	0.0	2.31028	4.83378	0.0
2016/09/27 12:25:00		1.1197	308.373	34.0859	0.367708	1005.43	868.74	29.648				24.2242	696.67	43.0029	21.3867	14.2733	12.5333				2.43532	0.0	2.31027	4.83378	0.0
2016/09/27 12:30:00		2.35003	325.107	34.4224	0.359896	1005.31	839.56	29.8483				24.0764	696.25	44.3458	20.8367	14.5133	12.5833				2.2319	0.0	2.1845	4.38026	0.70159
2016/09/27 12:35:00		0.90379	323.203	34.649	0.366667	1005.17	818.96	30.1447				24.3148	665.42	44.9458	27.3817	14.5633	11.8867				2.01444	0.0	2.05005	3.89546	1.45156
2016/09/27 12:40:00		1.78982	306.593	34.938	0.3625	1005.1	832.64	30.4231				24.596	675.42	44.953	28.0842	12.9792	10.9458				2.01444	0.0	2.05005	3.89546	1.45156
2016/09/27 12:45:00		2.13584	323.687	35.2271	0.363542	1004.99	841.39	30.6736				24.4387	626.88	43.9922	20.5008	12.3342	10.0417				1.83899	0.0	1.90503	3.41331	1.27885
2016/09/27 12:50:00		1.42729	325.024	35.488	0.361979	1004.9	835.63	30.8656				24.8439	586.88	41.6028	16.8433	10.1017	8.1433				1.65144	0.0	1.75001	2.8979	1.09423
2016/09/27 12:55:00		1.36319	329.571	35.6917	0.3625	1004.81	829.39	31.0336				25.2872	598.33	40.2098	11.8992	7.6208	5.7325				1.65144	0.0	1.75001	2.8979	1.09423
2016/09/27 13:00:00		1.25383	327.291	35.8458	0.361458	1004.7	827.27	31.1885				25.2395	547.92	37.4168	17.8375	8.7758	6.3917				1.67049	0.0	1.65012	2.89813	1.08095
2016/09/27 13:05:00		1.81897	318.865	35.9948	0.364583	1004.64	816.72	31.3901				25.1728	543.13	36.0953	14.1492	8.1817	6.5433				1.69085	0.0	1.54334	2.89837	1.06675
2016/09/27 13:10:00		1.91053	318.192	36.037	0.361458	1004.56	789.78	31.5821				24.9916	482.917	36.2453	14.8617	8.7992	7.1533				1.69085	0.0	1.54334	2.89837	1.06675
2016/09/27 13:15:00		1.3244	352.223	35.9854	0.359375	1004.49	783.1	31.7327				25.2729	431.875	37.6775	19.2042	10.1642	8.0658				1.74865	0.0	1.42078	3.15377	1.1712
2016/09/27 13:20:00		1.16299	320.812	35.8641	0.358854	1004.39	776.88	31.8586				25.311	445.417	37.4739	17.8825	10.4508	8.2775				1.81045	0.0	1.28975	3.42677	1.28285
2016/09/27 13:25:00		1.90999	313.789	36.1792	0.3625	1004.3	769.1	31.9244				25.3253	478.542	36.6989	20.57	10.7442	8.5925				1.81045	0.0	1.28975	3.42677	1.28285
2016/09/27 13:30:00		1.89195	326.753	36.1927	0.366146	1004.21	747.15	31.9985				25.3348	430.208	38.5169	27.4825	13.2342	10.2617				1.48922	0.0	1.1177	2.78222	1.01348
2016/09/27 13:35:00		1.80037	289.932	36.1974	0.366146	1004.07	717.14	32.1145				25.2585	458.125	39.7741	21.6458	12.6942	10.5567				1.14583	0.0	0.93378	2.09322	0.72554
2016/09/27 13:40:00		2.19877	313.572	36.1948	0.365104	1003.99	735.15	32.1668				25.1108	490.417	40.4455	21.8983	12.3675	10.0983				1.14583	0.0	0.93378	2.09322	0.72554
2016/09/27 13:45:00		2.05073	314.064	36.2901	0.367188	1003.92	723.89	32.2138				25.3777	458.333	41.3885	20.72	11.8233	9.2192				1.29414	0.0	0.956	2.24256	0.78006
2016/09/27 13:50:00		0.79512	325.954	36.287	0.360938	1003.85	714.5	32.3322				25.1632	448.125	41.1599	19.8508	9.9833	7.9142				1.45268	0.0	0.97976	2.4022	0.83833
2016/09/27 13:55:00		1.77332	329.397	36.2901	0.359375	1003.75	711.87	32.3666				25.3158	521.04	38.6883	24.8258	11.2175	8.6708				1.45268	0.0	0.97976	2.4022	0.83833
2016/09/27 14:00:00		1.5474	324.246	36.3693	0.363542	1003.67	729.77	32.4012				25.6018	568.75	38.424	17.2742	8.1742	6.6325				1.5201	0.0	0.99098	2.47412	0.87841
2016/09/27 14:05:00		1.04721	306.07	36.5094	0.365625	1003.58	706.81	32.4842				25.0822	642.5	37.7954	18.0167	8.495	6.485				1.59216	0.0	1.00298	2.551	0.92126
2016/09/27 14:10:00		2.05915	303.127	36.7568	0.363542	1003.48	697.79	32.5065				25.2872	655.21	36.6596	28.0558	10.6983	6.0383				1.59216	0.0	1.00298	2.551	0.92126
2016/09/27 14:15:00		1.44701	299.431	36.751	0.358854	1003.4	685.43	32.5577				25.2156	599.79	35.7167	16.3142	7.4833	5.4075				1.87362	0.0	1.09989	3.13234	1.15673
2016/09/27 14:20:00		0.88627	298.906	36.9005	0.35625	1003.65	677.02	32.7757				24.9773	626.72	35.3166	26.2767	7.9667	5.2875				2.17449	0.0	1.20349	3.75376	1.40843
2016/09/27 14:25:00		1.66163	295.671	37.0995	0.358854	1003.74	658.98	33.3051				24.8915			16.355	6.7292	4.275				2.17449	0.0	1.20349	3.75376	1.40843
2016/09/27 14:30:00		0.83758	310.839	37.1036	0.360417	1003.73	640.18	33.8244	2006.81	5.4377	2012.25	24.9154			18.5558	7.7567	5.3833				2.19758	0.0	1.30635	3.70795	1.38186
2016/09/27 14:35:00		1.04927	310.003	37.0693	0.359896	1003.28	617.19	34.1205	5.4471	22.4091	27.8562	25.6542			17.125	7.7983	5.8183				2.22227	0.0	1.41631	3.65898	1.35346
2016/09/27 14:40:00		1.53517	303.769	36.9344	0.364062	1003.23	601.24	33.9513	9.1098	19.5575	28.6673	26.1595			17.8167	8.5408	6.3408				2.22227	0.0	1.41631	3.65898	1.35346
2016/09/27 14:45:00		1.65501	298.593	36.7464	0.361458	1003.2	590.27	33.7884	6.059	19.7698	25.8288	26.0594			22.7083	10.8667	8.3342				2.50507	0.0	1.97944	4.61619	1.72383
2016/09/27 14:50:00		0.80906	311.861	36.6089	0.355729	1003.09	570.15	33.7293	9.045	19.8382	28.8832	26.1404			26.6667	11.8892	8.1933				2.80738	0.0	2.58141	5.6394	2.11975
2016/09/27 14:55:00		1.01482	283.62	36.5484	0.365104	1003.02	559.15	33.586	7.8033	19.4343	27.2375	26.312			20.6808	11.3017	8.5875				2.80738	0.0	2.58141	5.6394	2.11975
2016/09/27 15:00:00		2.10634	296.515	36.4974	0.360938	1003.0	545.63	33.4227	7.2963	21.3753	28.6716	26.2977			23.7125	11.7525	8.9375				2.55559	0.0	2.45311	5.1646	1.97751
2016/09/27 15:05:00		2.43219	290.437	36.3167	0.3625	1002.98	534.31	33.3344	9.8981	18.7359	28.634	26.1595			28.175	12.6483	9.5658				2.28642	0.0	2.31596	4.65701	1.82546
2016/09/27 15:10:00		1.35912	292.427	36.1036	0.358333	1002.92	509.64	33.1494	11.8635	18.1847	30.0482	26.4693			24.3875	13.0267	9.9208				2.28642	0.0	2.31596	4.65701	1.82546
2016/09/27 15:15:00		1.35227	308.488	35.9984	0.361458	1002.85	480.594	32.9486	25.7325	12.2487	37.9812	26.3692			35.6017	14.4942	11.1642				2.28642	0.0	2.31596	4.65701	1.82546
2016/09/27 15:20:00		1.65261	317.092	35.9948	0.363021	1002.79	456.385	32.8157	21.0894	15.381	36.4704	26.0165			31.7542	15.3267	12.0333				2.28642	0.0	2.31596	4.65701	1.82546
2016/09/27 15:25:00		1.29366	316.213	35.9297	0.3625	1002.75	433.548	32.5714	18.7667	11.944	30.7107	25.9259			29.4483	15.6067	12.7167				2.28642	0.0	2.31596	4.65701	1.82546
2016/09/27 15:30:00		1.57201	298.404	35.8865	0.3625	1002.72	411.636	32.3875	21.7839	19.9751	41.7591	26.0975			37.1517	19.7633	14.48				3.62344	0.078047	2.83327	6.3527	1.0471
2016/09/27 15:35:00		1.99049	307.055	35.8859	0.360417	1002.68	409.938	32.2707	16.5356	27.349	43.8846	26.0069			45.2367	20.04	15.13				5.0527	0.161476	3.38626	8.1653	0.215056
2016/09/27 15:40:00		1.12755	297.8	35.8214	0.363021	1002.63	404.126	32.0098	12.6362	21.0193	33.6555	25.7209			34.9333	18.0083	14.5917				5.0527	0.161476	3.38626	8.1653	0.215056
2016/09/27 15:45:00		1.11764	293.137	35.6969	0.367188	1002.61	395.901	31.9671	9.7373	24.9938	34.7311	25.6256			32.755	18.2867	14.7217				4.76615	0.153783	3.38488	7.8263	0.328917
2016/09/27 15:50:00		1.31734	323.376	35.6948	0.359896	1002.58	381.099	32.0296	10.4207	25.5278	35.9485	25.7734			29.615	16.3533	13.365				4.45987	0.145559	3.38341	7.4639	0.450632
2016/09/27 15:55:00		1.28161	313.886	35.6917	0.364062	1002.53	357.226	31.9996	10.7088	26.6541	37.3629	25.4492			33.62	16.0217	12.2108				4.45987	0.145559	3.38341	7.4639	0.450632
2016/09/27 16:00:00		1.16074	297.879	35.6286	0.366146	1002.52	327.498	31.9746	10.012	24.9938	35.0058	25.7257			30.01	14.8575	11.2967				3.77072	0.075206	3.21915	6.6966	1.32036
2016/09/27 16:05:00		1.46067	309.279	35.6229	0.361458	1002.51	297.434	31.962	7.4906	23.7579	31.2485	25.3253			27.505	14.735	11.6317				3.03404	0.0	3.04355	5.8764	2.25008
2016/09/27 16:10:00		1.9257	293.503	35.626	0.360417	1002.51	276.099	31.893	9.5765	27.4243	37.0009	25.6304			33.5633	15.6383	12.6583				3.03404	0.0	3.04355	5.8764	2.25008
2016/09/27 16:15:00		1.82167	296.927	35.5318	0.365625	1002.53	261.618	31.8675	10.2331	25.1683	35.4015	25.4826			28.1592	14.0225	11.6542				3.36758	0.0	3.18514	6.3688	1.24264
2016/09/27 16:20:00		1.66527	287.402	35.4146	0.360417	1002.52	241.93	31.8895	7.5777	31.4912	39.069	25.4492			24.0008	14.0642	11.01				3.72412	0.0	3.33649	6.8952	0.165723
2016/09/27 16:25:00		1.8292	322.24	35.3401	0.3625	1002.48	221.813	31.8404	5.8156	27.6913	33.5069	25.5541			28.1017	16.2892	12.67				3.72412	0.0	3.33649	6.8952	0.165723
2016/09/27 16:30:00		1.06371	309.138	35.3182	0.355729	1002.5	202.65	31.8229	15.1822	31.0873	46.2695	25.4731			34.9967	18.4533	14.7542				3.38569	0.0	3.09708	6.3753	1.1246
2016/09/27 16:35:00		0.85085	320.278	35.3198	0.360938	1002.51	186.514	31.8248	15.0795	32.104	47.1835	25.6113			49.6975	21.4108	16.4533				3.02393	0.0	2.84116	5.8195	2.14961
2016/09/27 16:40:00		1.87959	281.514	35.2969	0.364062	1002.49	168.926	31.7429	12.7099	29.9576	42.6675	25.5064			33.2842	14.235	11.0983				3.02393	0.0	2.84116	5.8195	2.14961
2016/09/27 16:45:00		1.00159	301.062	35.2188	0.360417	1002.48	136.93	31.7196	12.6496	31.9363	44.5859	25.7781			41.02	16.3042	11.865				3.37584	0.0	2.9832	6.3692	2.40294
2016/09/27 16:50:00		0.96102	302.683	35.2448	0.360938	1002.45	76.708	31.737	32.3454	26.5171	58.863	25.8163			37.9983	17.2717	12.235				3.75201	0.0	3.13504	6.9568	2.67374
2016/09/27 16:55:00		0.819	301.405	35.3146	0.363542	1002.44	57.334	31.6699	20.1134	37.7354	57.849	25.597			34.6408	15.88	11.0183				3.75201	0.0	3.13504	6.9568	2.67374
2016/09/27 17:00:00		1.35465	294.102	35.3177	0.357292	1002.4	45.0625	31.6575	16.2609	36.1607	52.422	25.4731			26.2192	14.3267	10.6675				3.99134	0.071964	3.15497	7.4241	2.86889
2016/09/27 17:05:00		0.87223	301.045	35.2333	0.363542	1002.39	38.3469	31.6557	31.0277	26.9827	58.01	25.5493			123.147	29.9025	13.0967				4.24716	0.148891	3.17627	7.9236	3.0775
2016/09/27 17:10:00		1.13644	321.672	35.2182	0.360417	1002.38	34.4021	31.5872	41.3636	26.8081	68.172	25.5589			43.2383	18.04	11.6125				4.24716	0.148891	3.17627	7.9236	3.0775
2016/09/27 17:15:00		0.61002	315.242	35.1125	0.360938	1002.33	29.0573	31.5469	36.9058	32.9975	69.903	25.454			53.188	19.6542	12.2625				4.46626	0.143185	3.34764	8.6978	1.68726
2016/09/27 17:20:00		0.83777	286.305	34.9979	0.358854	1002.28	28.5688	31.5582	27.6219	34.0998	61.722	25.3062			32.185	15.3375	11.4683				4.70047	0.137086	3.53082	9.5254	0.201123
2016/09/27 17:25:00		0.348194	309.17	34.8896	0.359375	1002.3	27.3438	31.5058	50.871	16.3601	67.231	25.7305			51.917	20.7025	13.4708				4.70047	0.137086	3.53082	9.5254	0.201123
2016/09/27 17:30:00		0.91285	304.115	34.8198	0.356771	1002.33	17.2667	31.5308	72.708	15.1722	87.881	25.7829			43.4742	17.9575	12.1917				6.9184	0.185712	4.63074	13.1696	0.412675
2016/09/27 17:35:00		0.89151	323.759	34.7495	0.363542	1002.35	8.7135	31.461	51.952	23.2615	75.213	25.5446			38.0517	18.44	12.6933				9.2894	0.23769	5.8065	17.0651	0.63882
2016/09/27 17:40:00		0.86586	316.122	34.6573	0.3625	1002.36	2.33333	31.0323	48.2981	27.5852	75.883	25.4397			49.9325	21.995	14.7542				9.2894	0.23769	5.8065	17.0651	0.63882
2016/09/27 17:45:00		0.86372	313.173	34.6026	0.361458	1002.37	1.11563	30.5735	65.457	16.4799	81.937	25.249			57.737	25.845	16.815				10.8568	0.434915	7.4904	20.0863	0.72265
2016/09/27 17:50:00		0.88116	307.845	34.513	0.365104	1002.41	1.15208	30.2242	107.946	0.0	107.946	24.8343			56.023	26.4842	17.8367				12.5323	0.64574	9.2904	23.3159	0.81226
2016/09/27 17:55:00		0.356696	299.524	34.5094	0.360938	1002.44	1.11563	29.8792	124.18	0.0	124.18	24.5865			61.642	27.4775	18.5208				12.5323	0.64574	9.2904	23.3159	0.81226
2016/09/27 18:00:00		0.73054	325.48	34.4125	0.363542	1002.47	1.11563	29.6118	120.102	0.0	120.102	24.3004			55.327	26.56	17.6333				14.3778	0.79941	11.0568	27.0563	0.97489
2016/09/27 18:05:00		0.65722	317.789	34.3688	0.365625	1002.46	1.09375	29.4274	131.262	0.0	131.262	24.31			64.891	27.4492	18.14				16.3505	0.96368	12.9449	31.0547	1.14873
2016/09/27 18:10:00		0.68816	326.187	34.3063	0.359896	1002.49	1.13021	29.2171	106.117	0.0	106.117	24.0145			56.909	26.06	18.4158				16.3505	0.96368	12.9449	31.0547	1.14873
2016/09/27 18:15:00		0.66358	316.074	34.2177	0.361979	1002.48	1.13021	29.0523	127.385	0.0	127.385	24.1813			79.658	31.6342	20.3683				17.1747	1.06804	15.213	34.7951	1.34824
2016/09/27 18:20:00		0.70984	317.115	34.1276	0.367188	1002.5	1.15208	28.9693	124.093	0.0	124.093	23.8667			80.423	33.465	21.3833				18.0557	1.17961	17.6375	38.7935	1.5615
2016/09/27 18:25:00		0.0	502.0	34.025	0.364583	1002.54	1.20313	28.8268	145.323	0.0	145.323	24.0764			68.012	32.4667	22.4525				18.0557	1.17961	17.6375	38.7935	1.5615
2016/09/27 18:30:00		0.85121	310.858	33.9943	0.365625	1002.61	1.16667	28.6918	205.514	0.0	205.514	24.6437			77.96	34.4383	23.825				17.7877	0.84603	18.6983	39.208	1.42796
2016/09/27 18:35:00		0.80496	302.713	33.9984	0.358854	1002.72	1.14479	28.6722	175.395	0.0	175.395	23.9525			69.485	33.06	23.45				17.5013	0.489447	19.8322	39.6512	1.28522
2016/09/27 18:40:00		0.0	502.0	33.912	0.361979	1002.81	1.1375	28.6305	140.019	0.0	140.019	23.6427			66.013	30.54	21.5467				17.5013	0.489447	19.8322	39.6512	1.28522
2016/09/27 18:45:00		0.80202	319.033	33.8969	0.360417	1002.85	1.17396	28.593	188.156	0.0	188.156	24.1193			83.307	36.22	24.425				19.5304	0.95701	19.0028	40.5445	1.34019
2016/09/27 18:50:00		0.0	502.0	33.8906	0.3625	1002.91	1.15937	28.5999	171.116	0.0	171.116	23.8143			71.908	35.0533	25.085				21.6996	1.45683	18.1163	41.4994	1.39895
2016/09/27 18:55:00		0.61896	328.357	33.8932	0.361458	1003.02	1.15937	28.5529	215.785	0.0	215.785	23.9859			64.323	34.9417	25.4583				21.6996	1.45683	18.1163	41.4994	1.39895
2016/09/27 19:00:00		0.72947	323.182	33.887	0.359375	1003.1	1.16667	28.5046	214.983	0.0	214.983	23.7142			65.787	34.1225	25.1875				21.767	1.02862	20.279	43.0822	1.40124
2016/09/27 19:05:00		0.0	502.0	33.8026	0.3625	1003.15	1.07187	28.5035	189.355	0.0	189.355	23.5616			59.008	33.5992	24.7133				21.8391	0.57088	22.5908	44.7741	1.40369
2016/09/27 19:10:00		0.53199	300.466	33.7958	0.360938	1003.2	1.1375	28.4506	239.985	0.0	239.985	23.7952			61.447	32.5317	24.3442				21.8391	0.57088	22.5908	44.7741	1.40369
2016/09/27 19:15:00		0.0	502.0	33.7536	0.364583	1003.3	1.15208	28.4149	211.338	0.0	211.338	23.5426			60.17	32.1042	23.5758				22.102	0.57208	22.6504	45.5231	1.40804
2016/09/27 19:20:00		0.0	502.0	33.7005	0.361979	1003.41	1.11563	28.4224	190.749	0.0	190.749	23.4568			58.852	30.7342	22.2325				22.3831	0.57335	22.7141	46.3237	1.4127
2016/09/27 19:25:00		0.53438	351.337	33.6995	0.360938	1003.59	1.09375	28.3693	308.012	0.0	308.012	24.4339			60.05	33.1458	22.6717				22.3831	0.57335	22.7141	46.3237	1.4127
2016/09/27 19:30:00		0.57652	321.991	33.6266	0.360938	1003.59	1.14479	28.3331	239.047	0.0	239.047	23.6284			59.958	31.08	22.1417				21.7257	0.55387	22.0566	45.5862	1.38406
2016/09/27 19:35:00		0.60114	333.61	33.5583	0.361979	1003.63	1.07917	28.3569	239.268	0.0	239.268	23.8095			54.562	30.8233	21.7817				21.0231	0.53304	21.3537	44.7978	1.35346
2016/09/27 19:40:00		0.6009	329.061	33.4958	0.357812	1003.72	1.15937	28.2947	216.39	0.0	216.39	23.6475			52.553	27.7883	21.1067				21.0231	0.53304	21.3537	44.7978	1.35346
2016/09/27 19:45:00		0.76319	336.967	33.4172	0.356771	1003.75	1.10833	28.2311	191.225	0.0	191.225	23.4139			58.557	29.755	21.8558				19.9344	0.5233	20.4213	43.4945	1.3317
2016/09/27 19:50:00		0.53438	356.737	33.3453	0.3625	1003.83	1.1375	28.2257	228.055	0.0	228.055	24.0955			57.439	32.0125	22.8617				18.7705	0.51289	19.4245	42.1013	1.30844
2016/09/27 19:55:00		0.53348	323.894	33.2938	0.356771	1003.88	1.19583	28.1723	232.883	0.0	232.883	23.9716			56.137	30.9033	22.3333				18.7705	0.51289	19.4245	42.1013	1.30844
2016/09/27 20:00:00		1.01228	149.006	33.1594	0.359896	1003.97	1.14479	28.1126	182.499	0.0	182.499	23.5855			46.3708	26.8817	20.4633				17.3834	0.58903	16.6753	37.4447	1.23835
2016/09/27 20:05:00		1.18406	162.735	32.974	0.359896	1004.0	1.19583	28.1113	162.966	0.0	162.966	23.2899			56.956	29.97	22.6133				15.9007	0.67042	13.7365	32.4669	1.16342
2016/09/27 20:10:00		0.74708	150.955	32.8328	0.360938	1004.1	1.1375	28.0431	196.379	0.0	196.379	23.6617			76.777	38.3083	27.1608				15.9007	0.67042	13.7365	32.4669	1.16342
2016/09/27 20:15:00		0.72142	136.509	32.712	0.361979	1004.22	1.12292	27.9862	160.858	0.0	160.858	23.0516			83.992	49.2983	26.6642				15.5384	0.71634	12.7033	31.0078	1.08898
2016/09/27 20:20:00		0.84224	172.898	32.5552	0.363542	1004.26	1.13021	27.9827	150.406	0.0	150.406	23.0325			67.842	36.8175	27.4808				15.151	0.76543	11.5988	29.4481	1.00941
2016/09/27 20:25:00		0.91587	170.324	32.4292	0.361458	1004.29	1.21771	27.9129	175.504	0.0	175.504	23.0659			61.256	37.1575	29.3458				15.151	0.76543	11.5988	29.4481	1.00941
2016/09/27 20:30:00		0.84947	164.934	32.3135	0.3625	1004.36	1.10104	27.8928	152.7	0.0	152.7	23.1326			65.026	41.4067	32.7325				14.3353	0.51393	11.3193	26.853	1.12874
2016/09/27 20:35:00		0.65272	162.807	32.2172	0.361458	1004.43	1.1375	27.9065	137.104	0.0	137.104	23.0278			57.417	39.2208	32.0908				13.4633	0.245094	11.0205	24.0789	1.25631
2016/09/27 20:40:00		0.89458	164.322	32.1438	0.360417	1004.5	1.15208	27.83	97.079	0.0	97.079	22.594			59.513	40.1933	32.4992				13.4633	0.245094	11.0205	24.0789	1.25631
2016/09/27 20:45:00		0.88185	165.618	32.076	0.3625	1004.59	1.12292	27.7618	88.072	0.0	88.072	22.7561			60.543	40.4958	33.3258				12.9493	0.246008	10.3401	22.2235	1.36969
2016/09/27 20:50:00		0.87781	158.87	31.9844	0.361458	1004.69	1.15937	27.743	104.366	0.0	104.366	22.7179			65.04	40.7725	34.13				12.3998	0.246985	9.6127	20.2403	1.49089
2016/09/27 20:55:00		0.81156	154.836	31.9328	0.361979	1004.83	1.07187	27.6632	75.009	0.0	75.009	22.7418			63.504	43.715	35.56				12.3998	0.246985	9.6127	20.2403	1.49089
2016/09/27 21:00:00		0.8807	155.077	31.8849	0.364062	1004.94	1.14479	27.5848	100.719	0.0	100.719	22.8514			68.98	45.2267	36.9592				11.8992	0.231857	8.9896	18.0826	1.46592
2016/09/27 21:05:00		1.0321	148.295	31.8708	0.361979	1005.01	1.15937	27.5695	75.364	0.06162	75.425	22.6941			64.55	43.41	36.5867				11.3641	0.215686	8.3234	15.7761	1.43923
2016/09/27 21:10:00		1.0593	138.74	31.7896	0.364062	1005.07	1.11563	27.5376	85.153	0.352603	85.505	22.7704			70.512	48.275	39.125				11.3641	0.215686	8.3234	15.7761	1.43923
2016/09/27 21:15:00		0.87024	154.737	31.7859	0.3625	1005.08	1.1375	27.5494	116.636	0.0	116.636	22.9658			75.078	48.5442	40.1458				11.2714	0.210338	8.0394	15.3386	1.35242
2016/09/27 21:20:00		1.11945	154.261	31.787	0.359375	1005.13	1.15208	27.533	119.727	0.0	119.727	22.9467			77.625	53.302	43.75				11.1724	0.204622	7.7357	14.871	1.25963
2016/09/27 21:25:00		1.18686	157.101	31.7875	0.363021	1005.2	1.16667	27.4858	114.07	0.0	114.07	22.7942			85.918	58.733	46.7658				11.1724	0.204622	7.7357	14.871	1.25963
2016/09/27 21:30:00		1.70891	160.845	31.7865	0.363021	1005.26	1.18854	27.4511	97.724	0.0	97.724	22.9181			93.865	63.458	50.493				11.474	0.235017	8.2626	16.2476	1.2594
2016/09/27 21:35:00		1.65381	162.813	31.7859	0.361979	1005.27	1.14479	27.3859	89.329	0.0	89.329	22.594			111.773	74.847	56.517				11.7965	0.267509	8.8259	17.7191	1.25915
2016/09/27 21:40:00		2.19478	162.745	31.7458	0.358333	1005.29	1.07917	27.235	100.985	0.0	100.985	22.6083			112.783	75.655	60.175				11.7965	0.267509	8.8259	17.7191	1.25915
2016/09/27 21:45:00		2.34134	162.927	31.6948	0.363542	1005.36	1.15937	27.1263	109.299	0.0	109.299	22.4415			112.64	77.273	61.95				11.1308	0.221767	9.0344	17.0159	1.37436
2016/09/27 21:50:00		2.37284	165.376	31.6375	0.363542	1005.43	1.08646	27.0449	124.341	0.0	124.341	22.5273			108.692	75.352	62.427				10.4192	0.172869	9.2572	16.2642	1.49752
2016/09/27 21:55:00		2.281	162.34	31.5333	0.367708	1005.48	1.10104	26.8871	92.08	0.0	92.08	22.6178			103.16	72.902	62.393				10.4192	0.172869	9.2572	16.2642	1.49752
2016/09/27 22:00:00		2.43488	163.757	31.3885	0.361458	1005.46	1.16667	26.7008	120.274	0.0	120.274	22.6178			100.915	71.377	59.54				10.7596	0.155594	9.4817	16.5666	1.56189
2016/09/27 22:05:00		1.54093	171.837	31.2339	0.360938	1005.5	1.21042	26.6004	90.316	0.0	90.316	22.3414			103.282	69.412	56.383				11.1235	0.137127	9.7217	16.8898	1.63069
2016/09/27 22:10:00		2.02331	159.429	31.1224	0.360938	1005.55	1.11563	26.5088	101.434	0.0	101.434	22.4844			93.578	63.729	51.949				11.1235	0.137127	9.7217	16.8898	1.63069
2016/09/27 22:15:00		1.88833	159.949	31.0318	0.363021	1005.49	1.13021	26.5037	82.464	0.0	82.464	22.0506			86.154	58.491	46.8225				9.7499	0.125498	8.4388	14.8192	1.38606
2016/09/27 22:20:00		2.32205	167.396	30.9354	0.364062	1005.42	1.11563	26.5332	87.857	0.0	87.857	22.1888			78.216	53.451	42.4833				8.2816	0.113066	7.0673	12.6057	1.12457
2016/09/27 22:25:00		1.98713	161.462	30.85	0.361458	1005.43	1.15208	26.4637	87.446	0.0	87.446	22.2794			69.104	47.5025	37.8275				8.2816	0.113066	7.0673	12.6057	1.12457
2016/09/27 22:30:00		1.63132	165.692	30.7516	0.366667	1005.38	1.21771	26.3944	72.137	0.0	72.137	22.0744			62.581	42.4042	33.6025				8.2816	0.113066	7.0673	12.6057	1.12457
2016/09/27 22:35:00		1.98571	167.653	30.6651	0.365104	1005.33	1.08646	26.3818	72.684	0.0	72.684	21.8933			60.85	40.6808	30.1842				8.2816	0.113066	7.0673	12.6057	1.12457
2016/09/27 22:40:00		2.02502	179.922	30.5995	0.365104	1005.38	1.17396	26.2903	62.486	0.0	62.486	21.8838			58.258	38.8458	28.05				8.2816	0.113066	7.0673	12.6057	1.12457
2016/09/27 22:45:00		1.74757	167.924	30.5031	0.361458	1005.41	1.14479	26.2492	54.746	0.0	54.746	21.8123			58.487	39.0692	27.8875				7.3934	0.058418	6.0249	11.8132	0.92735
2016/09/27 22:50:00		1.84868	163.419	30.5068	0.358854	1005.38	1.10104	26.3432	61.807	0.0	61.807	22.2222			59.293	39.575	27.23				6.444	0.0	4.91064	10.966	0.71654
2016/09/27 22:55:00		1.60556	159.999	30.4786	0.3625	1005.34	1.08646	26.3587	69.166	0.0	69.166	22.0029			57.006	38.0025	25.8633				6.444	0.0	4.91064	10.966	0.71654
2016/09/27 23:00:00		1.78963	171.799	30.4057	0.365625	1005.31	1.17396	26.4103	56.718	0.0	56.718	21.817			55.111	36.7492	24.4892				5.453	0.058863	4.59517	10.2743	0.54715
2016/09/27 23:05:00		1.36243	168.519	30.3661	0.361458	1005.33	1.1375	26.5007	59.228	0.0	59.228	22.0649			52.518	35.0392	24.1933				4.39362	0.121786	4.25794	9.5349	0.366088
2016/09/27 23:10:00		1.53426	167.31	30.3135	0.363542	1005.35	1.18125	26.5091	63.529	0.0	63.529	22.084			51.435	34.335	23.9383				4.39362	0.121786	4.25794	9.5349	0.366088
2016/09/27 23:15:00		1.67361	175.831	30.3172	0.365104	1005.35	1.1375	26.5399	50.63	0.0	50.63	21.8599			48.8542	32.5842	23.6275				3.9502	0.13433	4.32461	9.812	0.368287
2016/09/27 23:20:00		1.34779	161.236	30.3125	0.360417	1005.41	1.20313	26.6022	56.528	0.0	56.528	22.0268			48.5017	32.6942	23.5483				3.47619	0.147739	4.39587	10.1083	0.370637
2016/09/27 23:25:00		1.08616	159.251	30.312	0.365625	1005.45	1.19583	26.5859	54.525	0.0	54.525	22.0125			43.895	30.4292	23.3233				3.47619	0.147739	4.39587	10.1083	0.370637
2016/09/27 23:30:00		1.24769	166.5	30.3099	0.367708	1005.45	1.10833	26.6296	59.86	0.0	59.86	21.9839			44.2825	29.8192	23.0083				3.37271	0.076332	4.093	9.1646	0.34228
2016/09/27 23:35:00		1.87099	167.603	30.3125	0.360417	1005.46	1.18125	26.9507	60.117	0.0	60.117	22.1078			41.0617	28.5442	22.14				3.26209	0.0	3.76925	8.1558	0.311968
2016/09/27 23:40:00		2.13911	172.841	30.3104	0.363021	1005.47	1.18854	27.1019	56.481	0.0	56.481	22.1316			39.3117	27.3583	21.8692				3.26209	0.0	3.76925	8.1558	0.311968
2016/09/27 23:45:00		1.59839	163.583	30.2474	0.364583	1005.43	1.14479	27.1408	54.893	0.0	54.893	22.1126			38.2125	26.8025	21.2383				3.06473	0.0	3.68059	8.1993	0.375507
2016/09/27 23:50:00		1.33936	167.599	30.2182	0.361979	1005.46	1.14479	27.2033	49.0261	0.0	49.0261	22.2127			39.9192	27.7533	20.9825				2.85376	0.0	3.58581	8.2459	0.443428
2016/09/27 23:55:00		1.41097	178.236	30.2167	0.364583	1005.4	1.12292	27.1861	56.532	0.0	56.532	22.2174			41.8092	28.5925	22.0675				2.85376	0.0	3.58581	8.2459	0.443428
2016/09/28 00:00:00		1.12434	176.576	30.2911	0.363542	1005.35	1.17396	27.2479	59.141	0.0	59.141	22.3175			38.62	27.5567	21.71				2.89926	0.0	3.29714	7.4831	0.452407
